"icd10cm","icd9cm","flags","approximate","no_map","combination","scenario","choice_list"
"A000","0010","00000",0,0,0,0,0
"A001","0011","00000",0,0,0,0,0
"A009","0019","00000",0,0,0,0,0
"A0100","0020","10000",1,0,0,0,0
"A0101","0020","10000",1,0,0,0,0
"A0102","0020","10000",1,0,0,0,0
"A0103","0020","10000",1,0,0,0,0
"A0104","0020","10000",1,0,0,0,0
"A0105","0020","10000",1,0,0,0,0
"A0109","0020","10000",1,0,0,0,0
"A011","0021","00000",0,0,0,0,0
"A012","0022","00000",0,0,0,0,0
"A013","0023","00000",0,0,0,0,0
"A014","0029","00000",0,0,0,0,0
"A020","0030","00000",0,0,0,0,0
"A021","0031","10111",1,0,1,1,1
"A021","99591","10112",1,0,1,1,2
"A0220","00320","00000",0,0,0,0,0
"A0221","00321","00000",0,0,0,0,0
"A0222","00322","00000",0,0,0,0,0
"A0223","00323","00000",0,0,0,0,0
"A0224","00324","00000",0,0,0,0,0
"A0225","00329","10000",1,0,0,0,0
"A0229","00329","10000",1,0,0,0,0
"A028","0038","00000",0,0,0,0,0
"A029","0039","00000",0,0,0,0,0
"A030","0040","00000",0,0,0,0,0
"A031","0041","00000",0,0,0,0,0
"A032","0042","00000",0,0,0,0,0
"A033","0043","00000",0,0,0,0,0
"A038","0048","00000",0,0,0,0,0
"A039","0049","00000",0,0,0,0,0
"A040","00801","00000",0,0,0,0,0
"A041","00802","00000",0,0,0,0,0
"A042","00803","00000",0,0,0,0,0
"A043","00804","00000",0,0,0,0,0
"A044","00800","10000",1,0,0,0,0
"A044","00809","10000",1,0,0,0,0
"A045","00843","00000",0,0,0,0,0
"A046","00844","00000",0,0,0,0,0
"A047","00845","00000",0,0,0,0,0
"A048","0082","10000",1,0,0,0,0
"A048","00841","10000",1,0,0,0,0
"A048","00849","10000",1,0,0,0,0
"A049","0085","00000",0,0,0,0,0
"A050","0050","00000",0,0,0,0,0
"A051","0051","00000",0,0,0,0,0
"A052","0052","00000",0,0,0,0,0
"A053","0054","00000",0,0,0,0,0
"A054","00589","10000",1,0,0,0,0
"A055","00581","00000",0,0,0,0,0
"A058","00589","10000",1,0,0,0,0
"A059","0059","00000",0,0,0,0,0
"A060","0060","00000",0,0,0,0,0
"A061","0061","00000",0,0,0,0,0
"A062","0062","00000",0,0,0,0,0
"A063","0068","10000",1,0,0,0,0
"A064","0063","00000",0,0,0,0,0
"A065","0064","00000",0,0,0,0,0
"A066","0065","00000",0,0,0,0,0
"A067","0066","00000",0,0,0,0,0
"A0681","0068","10000",1,0,0,0,0
"A0682","0068","10000",1,0,0,0,0
"A0689","0068","10000",1,0,0,0,0
"A069","0069","00000",0,0,0,0,0
"A070","0070","00000",0,0,0,0,0
"A071","0071","00000",0,0,0,0,0
"A072","0074","00000",0,0,0,0,0
"A073","0072","00000",0,0,0,0,0
"A074","0075","00000",0,0,0,0,0
"A078","0073","10000",1,0,0,0,0
"A078","0078","10000",1,0,0,0,0
"A078","1365","10000",1,0,0,0,0
"A079","0079","00000",0,0,0,0,0
"A080","00861","00000",0,0,0,0,0
"A0811","00863","10000",1,0,0,0,0
"A0819","00864","10000",1,0,0,0,0
"A082","00862","00000",0,0,0,0,0
"A0831","00865","00000",0,0,0,0,0
"A0832","00866","00000",0,0,0,0,0
"A0839","00867","10000",1,0,0,0,0
"A0839","00869","10000",1,0,0,0,0
"A084","0088","10000",1,0,0,0,0
"A088","0088","10000",1,0,0,0,0
"A09","0090","10000",1,0,0,0,0
"A150","01190","10000",1,0,0,0,0
"A154","01210","10000",1,0,0,0,0
"A155","01130","10000",1,0,0,0,0
"A155","01220","10000",1,0,0,0,0
"A155","01230","10000",1,0,0,0,0
"A156","01200","10000",1,0,0,0,0
"A157","01090","10000",1,0,0,0,0
"A158","01280","10000",1,0,0,0,0
"A159","01280","10000",1,0,0,0,0
"A170","01300","10000",1,0,0,0,0
"A171","01310","10000",1,0,0,0,0
"A1781","01320","10000",1,0,0,0,0
"A1781","01330","10000",1,0,0,0,0
"A1781","01340","10000",1,0,0,0,0
"A1781","01350","10000",1,0,0,0,0
"A1782","01360","10000",1,0,0,0,0
"A1783","01362","10000",1,0,0,0,0
"A1783","01790","10000",1,0,0,0,0
"A1789","01380","10000",1,0,0,0,0
"A179","01790","10000",1,0,0,0,0
"A1801","01500","10000",1,0,0,0,0
"A1801","01500","10111",1,0,1,1,1
"A1801","01500","10121",1,0,1,2,1
"A1801","01500","10131",1,0,1,3,1
"A1801","01500","10141",1,0,1,4,1
"A1801","71148","10122",1,0,1,2,2
"A1801","72081","10142",1,0,1,4,2
"A1801","73088","10132",1,0,1,3,2
"A1801","73740","10112",1,0,1,1,2
"A1802","01510","10000",1,0,0,0,0
"A1802","01510","10111",1,0,1,1,1
"A1802","01520","10000",1,0,0,0,0
"A1802","01520","10121",1,0,1,2,1
"A1802","01580","10000",1,0,0,0,0
"A1802","01580","10131",1,0,1,3,1
"A1802","01590","10000",1,0,0,0,0
"A1802","71145","10112",1,0,1,1,2
"A1802","71146","10122",1,0,1,2,2
"A1802","71148","10132",1,0,1,3,2
"A1803","01560","10000",1,0,0,0,0
"A1803","01570","10000",1,0,0,0,0
"A1803","01570","10111",1,0,1,1,1
"A1803","73088","10112",1,0,1,1,2
"A1809","01590","10000",1,0,0,0,0
"A1810","01690","10000",1,0,0,0,0
"A1811","01600","10000",1,0,0,0,0
"A1811","01620","10000",1,0,0,0,0
"A1812","01610","10000",1,0,0,0,0
"A1813","01630","10000",1,0,0,0,0
"A1814","01650","10000",1,0,0,0,0
"A1814","01650","10111",1,0,1,1,1
"A1814","6014","10112",1,0,1,1,2
"A1815","01650","10000",1,0,0,0,0
"A1816","01670","10000",1,0,0,0,0
"A1817","01660","10000",1,0,0,0,0
"A1817","01670","10000",1,0,0,0,0
"A1818","01670","10000",1,0,0,0,0
"A182","01720","10000",1,0,0,0,0
"A1831","01400","10000",1,0,0,0,0
"A1832","01480","10000",1,0,0,0,0
"A1839","01480","10000",1,0,0,0,0
"A184","01700","10000",1,0,0,0,0
"A184","01710","10000",1,0,0,0,0
"A1850","01730","10000",1,0,0,0,0
"A1851","01730","10000",1,0,0,0,0
"A1851","01730","10111",1,0,1,1,1
"A1851","37909","10112",1,0,1,1,2
"A1852","01730","10000",1,0,0,0,0
"A1852","01730","10111",1,0,1,1,1
"A1852","01730","10121",1,0,1,2,1
"A1852","37031","10122",1,0,1,2,2
"A1852","37059","10112",1,0,1,1,2
"A1853","01730","10000",1,0,0,0,0
"A1853","01730","10111",1,0,1,1,1
"A1853","36313","10112",1,0,1,1,2
"A1854","01730","10000",1,0,0,0,0
"A1854","01730","10111",1,0,1,1,1
"A1854","36411","10112",1,0,1,1,2
"A1859","01730","10000",1,0,0,0,0
"A186","01740","10000",1,0,0,0,0
"A187","01760","10000",1,0,0,0,0
"A1881","01750","10000",1,0,0,0,0
"A1882","01790","10000",1,0,0,0,0
"A1883","01480","10000",1,0,0,0,0
"A1884","01790","10000",1,0,0,0,0
"A1884","01790","10111",1,0,1,1,1
"A1884","4200","10112",1,0,1,1,2
"A1884","4220","10112",1,0,1,1,2
"A1884","42491","10112",1,0,1,1,2
"A1884","4258","10112",1,0,1,1,2
"A1885","01770","10000",1,0,0,0,0
"A1889","01780","10000",1,0,0,0,0
"A1889","01790","10000",1,0,0,0,0
"A190","01800","10000",1,0,0,0,0
"A191","01800","10000",1,0,0,0,0
"A192","01800","10000",1,0,0,0,0
"A198","01880","10000",1,0,0,0,0
"A199","01890","10000",1,0,0,0,0
"A200","0200","00000",0,0,0,0,0
"A201","0201","00000",0,0,0,0,0
"A202","0203","10000",1,0,0,0,0
"A202","0204","10000",1,0,0,0,0
"A202","0205","10000",1,0,0,0,0
"A203","0208","10000",1,0,0,0,0
"A207","0202","00000",0,0,0,0,0
"A208","0208","10000",1,0,0,0,0
"A209","0209","00000",0,0,0,0,0
"A210","0210","00000",0,0,0,0,0
"A211","0213","00000",0,0,0,0,0
"A212","0212","00000",0,0,0,0,0
"A213","0211","10000",1,0,0,0,0
"A217","0218","10000",1,0,0,0,0
"A218","0218","10000",1,0,0,0,0
"A219","0219","00000",0,0,0,0,0
"A220","0220","00000",0,0,0,0,0
"A221","0221","10000",1,0,0,0,0
"A221","0221","10111",1,0,1,1,1
"A221","4845","10112",1,0,1,1,2
"A222","0222","00000",0,0,0,0,0
"A227","0223","10111",1,0,1,1,1
"A227","99591","10112",1,0,1,1,2
"A228","0228","00000",0,0,0,0,0
"A229","0229","00000",0,0,0,0,0
"A230","0230","00000",0,0,0,0,0
"A231","0231","00000",0,0,0,0,0
"A232","0232","00000",0,0,0,0,0
"A233","0233","00000",0,0,0,0,0
"A238","0238","00000",0,0,0,0,0
"A239","0239","00000",0,0,0,0,0
"A240","024","00000",0,0,0,0,0
"A241","025","10000",1,0,0,0,0
"A242","025","10000",1,0,0,0,0
"A243","025","10000",1,0,0,0,0
"A249","025","10000",1,0,0,0,0
"A250","0260","00000",0,0,0,0,0
"A251","0261","00000",0,0,0,0,0
"A259","0269","00000",0,0,0,0,0
"A260","0271","10000",1,0,0,0,0
"A267","0271","10111",1,0,1,1,1
"A267","99591","10112",1,0,1,1,2
"A268","0271","10000",1,0,0,0,0
"A269","0271","10000",1,0,0,0,0
"A270","1000","00000",0,0,0,0,0
"A2781","10081","00000",0,0,0,0,0
"A2789","10089","10000",1,0,0,0,0
"A279","1009","00000",0,0,0,0,0
"A280","0272","00000",0,0,0,0,0
"A281","0783","00000",0,0,0,0,0
"A282","0278","10000",1,0,0,0,0
"A288","0278","10000",1,0,0,0,0
"A289","0279","00000",0,0,0,0,0
"A300","0302","00000",0,0,0,0,0
"A301","0301","00000",0,0,0,0,0
"A302","0303","10000",1,0,0,0,0
"A303","0303","10000",1,0,0,0,0
"A304","0303","10000",1,0,0,0,0
"A305","0300","00000",0,0,0,0,0
"A308","0308","00000",0,0,0,0,0
"A309","0309","00000",0,0,0,0,0
"A310","0310","00000",0,0,0,0,0
"A311","0311","00000",0,0,0,0,0
"A312","0312","00000",0,0,0,0,0
"A318","0318","00000",0,0,0,0,0
"A319","0319","00000",0,0,0,0,0
"A320","0270","10000",1,0,0,0,0
"A3211","0270","10000",1,0,0,0,0
"A3212","0270","10000",1,0,0,0,0
"A327","0270","10111",1,0,1,1,1
"A327","99591","10112",1,0,1,1,2
"A3281","0270","10000",1,0,0,0,0
"A3282","0270","10000",1,0,0,0,0
"A3289","0270","10000",1,0,0,0,0
"A329","0270","10000",1,0,0,0,0
"A33","7713","00000",0,0,0,0,0
"A34","6390","10000",1,0,0,0,0
"A35","037","00000",0,0,0,0,0
"A360","0320","00000",0,0,0,0,0
"A361","0321","00000",0,0,0,0,0
"A362","0323","00000",0,0,0,0,0
"A363","03285","00000",0,0,0,0,0
"A3681","03282","00000",0,0,0,0,0
"A3682","03289","10000",1,0,0,0,0
"A3683","03289","10000",1,0,0,0,0
"A3684","03289","10000",1,0,0,0,0
"A3685","03284","00000",0,0,0,0,0
"A3686","03281","00000",0,0,0,0,0
"A3689","0322","10000",1,0,0,0,0
"A3689","03283","10000",1,0,0,0,0
"A3689","03289","10000",1,0,0,0,0
"A369","0329","00000",0,0,0,0,0
"A3700","0330","10000",1,0,0,0,0
"A3701","0330","10111",1,0,1,1,1
"A3701","4843","10112",1,0,1,1,2
"A3710","0331","10000",1,0,0,0,0
"A3711","0331","10111",1,0,1,1,1
"A3711","4843","10112",1,0,1,1,2
"A3780","0338","10000",1,0,0,0,0
"A3781","0338","10111",1,0,1,1,1
"A3781","4843","10112",1,0,1,1,2
"A3790","0339","10000",1,0,0,0,0
"A3791","0339","10111",1,0,1,1,1
"A3791","4843","10112",1,0,1,1,2
"A380","0341","10000",1,0,0,0,0
"A381","0341","10000",1,0,0,0,0
"A388","0341","10000",1,0,0,0,0
"A389","0341","10000",1,0,0,0,0
"A390","0360","00000",0,0,0,0,0
"A391","0363","00000",0,0,0,0,0
"A392","0362","10000",1,0,0,0,0
"A393","0362","10000",1,0,0,0,0
"A394","0362","10000",1,0,0,0,0
"A3950","03640","00000",0,0,0,0,0
"A3951","03642","00000",0,0,0,0,0
"A3952","03643","00000",0,0,0,0,0
"A3953","03641","00000",0,0,0,0,0
"A3981","0361","00000",0,0,0,0,0
"A3982","03681","10000",1,0,0,0,0
"A3983","03682","10000",1,0,0,0,0
"A3984","03682","10000",1,0,0,0,0
"A3989","03689","00000",0,0,0,0,0
"A399","0369","00000",0,0,0,0,0
"A400","0380","10111",1,0,1,1,1
"A400","99591","10112",1,0,1,1,2
"A401","0380","10111",1,0,1,1,1
"A401","99591","10112",1,0,1,1,2
"A403","0380","10111",1,0,1,1,1
"A403","0382","10111",1,0,1,1,1
"A403","99591","10112",1,0,1,1,2
"A408","0380","10111",1,0,1,1,1
"A408","99591","10112",1,0,1,1,2
"A409","0380","10111",1,0,1,1,1
"A409","99591","10112",1,0,1,1,2
"A4101","03811","10111",1,0,1,1,1
"A4101","99591","10112",1,0,1,1,2
"A4102","03812","10111",1,0,1,1,1
"A4102","99591","10112",1,0,1,1,2
"A411","03819","10111",1,0,1,1,1
"A411","99591","10112",1,0,1,1,2
"A412","03810","10111",1,0,1,1,1
"A412","99591","10112",1,0,1,1,2
"A413","03841","10111",1,0,1,1,1
"A413","99591","10112",1,0,1,1,2
"A414","0383","10111",1,0,1,1,1
"A414","99591","10112",1,0,1,1,2
"A4150","03840","10111",1,0,1,1,1
"A4150","99591","10112",1,0,1,1,2
"A4151","03842","10111",1,0,1,1,1
"A4151","99591","10112",1,0,1,1,2
"A4152","03843","10111",1,0,1,1,1
"A4152","99591","10112",1,0,1,1,2
"A4153","03844","10111",1,0,1,1,1
"A4153","99591","10112",1,0,1,1,2
"A4159","03849","10111",1,0,1,1,1
"A4159","99591","10112",1,0,1,1,2
"A4181","0388","10111",1,0,1,1,1
"A4181","99591","10112",1,0,1,1,2
"A4189","0388","10111",1,0,1,1,1
"A4189","99591","10112",1,0,1,1,2
"A419","0389","10111",1,0,1,1,1
"A419","99591","10112",1,0,1,1,2
"A420","0391","10000",1,0,0,0,0
"A421","0392","00000",0,0,0,0,0
"A422","0393","00000",0,0,0,0,0
"A427","0388","10111",1,0,1,1,1
"A427","99591","10112",1,0,1,1,2
"A4281","0398","10000",1,0,0,0,0
"A4282","0398","10000",1,0,0,0,0
"A4289","0398","10000",1,0,0,0,0
"A429","0399","10000",1,0,0,0,0
"A430","0391","10000",1,0,0,0,0
"A431","0390","10000",1,0,0,0,0
"A438","0398","10000",1,0,0,0,0
"A439","0399","10000",1,0,0,0,0
"A440","0880","10000",1,0,0,0,0
"A441","0880","10000",1,0,0,0,0
"A448","0880","10000",1,0,0,0,0
"A449","0880","10000",1,0,0,0,0
"A46","035","00000",0,0,0,0,0
"A480","0400","00000",0,0,0,0,0
"A481","48284","00000",0,0,0,0,0
"A482","04089","10000",1,0,0,0,0
"A483","04082","00000",0,0,0,0,0
"A484","04089","10000",1,0,0,0,0
"A4851","04041","00000",0,0,0,0,0
"A4852","04042","00000",0,0,0,0,0
"A488","0401","10000",1,0,0,0,0
"A488","04089","10000",1,0,0,0,0
"A4901","04111","10000",1,0,0,0,0
"A4902","04112","10000",1,0,0,0,0
"A491","04100","10000",1,0,0,0,0
"A492","0415","10000",1,0,0,0,0
"A493","04181","10000",1,0,0,0,0
"A498","04189","10000",1,0,0,0,0
"A499","0419","10000",1,0,0,0,0
"A5001","0900","10000",1,0,0,0,0
"A5002","0900","10000",1,0,0,0,0
"A5003","0900","10000",1,0,0,0,0
"A5004","0900","10000",1,0,0,0,0
"A5005","0900","10000",1,0,0,0,0
"A5006","0900","10000",1,0,0,0,0
"A5007","0900","10000",1,0,0,0,0
"A5008","0900","10000",1,0,0,0,0
"A5009","0900","10000",1,0,0,0,0
"A501","0901","00000",0,0,0,0,0
"A502","0902","00000",0,0,0,0,0
"A5030","0905","10000",1,0,0,0,0
"A5031","0903","10000",1,0,0,0,0
"A5032","0905","10000",1,0,0,0,0
"A5039","0905","10000",1,0,0,0,0
"A5040","09040","10000",1,0,0,0,0
"A5041","09042","10000",1,0,0,0,0
"A5042","09041","10000",1,0,0,0,0
"A5043","09040","10000",1,0,0,0,0
"A5044","0905","10000",1,0,0,0,0
"A5045","09040","10000",1,0,0,0,0
"A5049","09049","10000",1,0,0,0,0
"A5051","0905","10000",1,0,0,0,0
"A5052","0905","10000",1,0,0,0,0
"A5053","0905","10000",1,0,0,0,0
"A5054","0905","10000",1,0,0,0,0
"A5055","0905","10000",1,0,0,0,0
"A5056","0905","10000",1,0,0,0,0
"A5057","0905","10000",1,0,0,0,0
"A5059","0905","10000",1,0,0,0,0
"A506","0906","00000",0,0,0,0,0
"A507","0907","00000",0,0,0,0,0
"A509","0909","00000",0,0,0,0,0
"A510","0910","00000",0,0,0,0,0
"A511","0911","00000",0,0,0,0,0
"A512","0912","00000",0,0,0,0,0
"A5131","0913","10000",1,0,0,0,0
"A5132","09182","00000",0,0,0,0,0
"A5139","0913","10000",1,0,0,0,0
"A5141","09181","10000",1,0,0,0,0
"A5142","09189","10000",1,0,0,0,0
"A5143","09150","10000",1,0,0,0,0
"A5143","09151","10000",1,0,0,0,0
"A5143","09152","10000",1,0,0,0,0
"A5144","09189","10000",1,0,0,0,0
"A5145","09162","00000",0,0,0,0,0
"A5146","09161","10000",1,0,0,0,0
"A5149","0914","10000",1,0,0,0,0
"A5149","09169","10000",1,0,0,0,0
"A5149","0917","10000",1,0,0,0,0
"A5149","09189","10000",1,0,0,0,0
"A515","0920","10000",1,0,0,0,0
"A515","0929","10000",1,0,0,0,0
"A519","0929","10000",1,0,0,0,0
"A5200","0939","00000",0,0,0,0,0
"A5201","0930","00000",0,0,0,0,0
"A5202","0931","00000",0,0,0,0,0
"A5203","09320","10000",1,0,0,0,0
"A5203","09321","10000",1,0,0,0,0
"A5203","09322","10000",1,0,0,0,0
"A5203","09323","10000",1,0,0,0,0
"A5203","09324","10000",1,0,0,0,0
"A5204","09389","10000",1,0,0,0,0
"A5205","09389","10000",1,0,0,0,0
"A5206","09381","10000",1,0,0,0,0
"A5206","09382","10000",1,0,0,0,0
"A5209","09389","10000",1,0,0,0,0
"A5210","0949","10000",1,0,0,0,0
"A5211","0940","10000",1,0,0,0,0
"A5212","09489","10000",1,0,0,0,0
"A5213","0942","10000",1,0,0,0,0
"A5214","09481","10000",1,0,0,0,0
"A5215","09484","10000",1,0,0,0,0
"A5215","09485","10000",1,0,0,0,0
"A5215","09486","10000",1,0,0,0,0
"A5215","09489","10111",1,0,1,1,1
"A5215","3574","10112",1,0,1,1,2
"A5216","0940","10111",1,0,1,1,1
"A5216","7135","10112",1,0,1,1,2
"A5217","0941","00000",0,0,0,0,0
"A5219","09482","10000",1,0,0,0,0
"A5219","09483","10000",1,0,0,0,0
"A5219","09489","10000",1,0,0,0,0
"A522","0943","00000",0,0,0,0,0
"A523","0949","10000",1,0,0,0,0
"A5271","0950","10000",1,0,0,0,0
"A5272","0951","10000",1,0,0,0,0
"A5273","0958","10000",1,0,0,0,0
"A5274","0952","10000",1,0,0,0,0
"A5274","0953","10000",1,0,0,0,0
"A5275","0954","10000",1,0,0,0,0
"A5276","0958","10000",1,0,0,0,0
"A5277","0955","10000",1,0,0,0,0
"A5278","0956","10000",1,0,0,0,0
"A5278","0957","10000",1,0,0,0,0
"A5279","0958","10000",1,0,0,0,0
"A5279","0959","10000",1,0,0,0,0
"A528","096","00000",0,0,0,0,0
"A529","0970","00000",0,0,0,0,0
"A530","0971","00000",0,0,0,0,0
"A539","0979","00000",0,0,0,0,0
"A5400","0980","10000",1,0,0,0,0
"A5400","0982","10000",1,0,0,0,0
"A5401","09811","10000",1,0,0,0,0
"A5401","09831","10000",1,0,0,0,0
"A5402","0980","10000",1,0,0,0,0
"A5403","09815","10000",1,0,0,0,0
"A5403","09835","10000",1,0,0,0,0
"A5409","0980","10000",1,0,0,0,0
"A541","0980","10000",1,0,0,0,0
"A5421","09819","10000",1,0,0,0,0
"A5422","09812","10000",1,0,0,0,0
"A5422","09832","10000",1,0,0,0,0
"A5423","09813","10000",1,0,0,0,0
"A5423","09814","10000",1,0,0,0,0
"A5423","09833","10000",1,0,0,0,0
"A5423","09834","10000",1,0,0,0,0
"A5424","09816","10000",1,0,0,0,0
"A5424","09836","10000",1,0,0,0,0
"A5429","09819","10000",1,0,0,0,0
"A5430","09849","10000",1,0,0,0,0
"A5431","09840","00000",0,0,0,0,0
"A5432","09841","00000",0,0,0,0,0
"A5433","09843","00000",0,0,0,0,0
"A5439","09842","10000",1,0,0,0,0
"A5439","09849","10000",1,0,0,0,0
"A5440","09859","10000",1,0,0,0,0
"A5441","09853","00000",0,0,0,0,0
"A5442","09850","00000",0,0,0,0,0
"A5443","09859","10000",1,0,0,0,0
"A5449","09851","10000",1,0,0,0,0
"A5449","09852","10000",1,0,0,0,0
"A545","0986","00000",0,0,0,0,0
"A546","0987","00000",0,0,0,0,0
"A5481","09882","00000",0,0,0,0,0
"A5482","09889","10000",1,0,0,0,0
"A5483","09883","10000",1,0,0,0,0
"A5483","09884","10000",1,0,0,0,0
"A5483","09885","10000",1,0,0,0,0
"A5484","09889","10000",1,0,0,0,0
"A5485","09886","00000",0,0,0,0,0
"A5486","09889","10111",1,0,1,1,1
"A5486","99591","10112",1,0,1,1,2
"A5489","09881","10000",1,0,0,0,0
"A5489","09889","10000",1,0,0,0,0
"A549","09889","10000",1,0,0,0,0
"A55","0991","00000",0,0,0,0,0
"A5600","09953","10000",1,0,0,0,0
"A5601","09953","10111",1,0,1,1,1
"A5601","5954","10112",1,0,1,1,2
"A5602","09953","10111",1,0,1,1,1
"A5602","61611","10112",1,0,1,1,2
"A5609","09953","10000",1,0,0,0,0
"A5611","09954","10111",1,0,1,1,1
"A5611","6149","10112",1,0,1,1,2
"A5619","09954","10000",1,0,0,0,0
"A562","09955","00000",0,0,0,0,0
"A563","09952","00000",0,0,0,0,0
"A564","09951","00000",0,0,0,0,0
"A568","09959","10000",1,0,0,0,0
"A57","0990","00000",0,0,0,0,0
"A58","0992","00000",0,0,0,0,0
"A5900","13100","00000",0,0,0,0,0
"A5901","13101","00000",0,0,0,0,0
"A5902","13103","00000",0,0,0,0,0
"A5903","13102","10000",1,0,0,0,0
"A5909","13109","00000",0,0,0,0,0
"A598","1318","00000",0,0,0,0,0
"A599","1319","00000",0,0,0,0,0
"A6000","05410","10000",1,0,0,0,0
"A6001","05413","00000",0,0,0,0,0
"A6002","05419","10000",1,0,0,0,0
"A6003","05419","10000",1,0,0,0,0
"A6004","05411","10000",1,0,0,0,0
"A6004","05412","10000",1,0,0,0,0
"A6009","05419","10000",1,0,0,0,0
"A601","05419","10000",1,0,0,0,0
"A609","05410","10000",1,0,0,0,0
"A630","07811","00000",0,0,0,0,0
"A638","0998","10000",1,0,0,0,0
"A64","0999","00000",0,0,0,0,0
"A65","1040","00000",0,0,0,0,0
"A660","1020","00000",0,0,0,0,0
"A661","1021","00000",0,0,0,0,0
"A662","1022","00000",0,0,0,0,0
"A663","1023","00000",0,0,0,0,0
"A664","1024","00000",0,0,0,0,0
"A665","1025","00000",0,0,0,0,0
"A666","1026","00000",0,0,0,0,0
"A667","1027","00000",0,0,0,0,0
"A668","1028","00000",0,0,0,0,0
"A669","1029","00000",0,0,0,0,0
"A670","1030","00000",0,0,0,0,0
"A671","1031","00000",0,0,0,0,0
"A672","1032","00000",0,0,0,0,0
"A673","1033","00000",0,0,0,0,0
"A679","1039","00000",0,0,0,0,0
"A680","0870","00000",0,0,0,0,0
"A681","0871","00000",0,0,0,0,0
"A689","0879","00000",0,0,0,0,0
"A690","101","10000",1,0,0,0,0
"A690","5281","10000",1,0,0,0,0
"A691","101","10000",1,0,0,0,0
"A6920","08881","10000",1,0,0,0,0
"A6921","08881","10000",1,0,0,0,0
"A6922","08881","10000",1,0,0,0,0
"A6923","08881","10000",1,0,0,0,0
"A6929","08881","10000",1,0,0,0,0
"A698","1048","00000",0,0,0,0,0
"A699","1049","00000",0,0,0,0,0
"A70","0739","10000",1,0,0,0,0
"A710","0760","00000",0,0,0,0,0
"A711","0761","00000",0,0,0,0,0
"A719","0769","00000",0,0,0,0,0
"A740","0770","10000",1,0,0,0,0
"A740","07798","10000",1,0,0,0,0
"A7481","07988","10000",1,0,0,0,0
"A7489","07888","10000",1,0,0,0,0
"A749","07998","10000",1,0,0,0,0
"A750","080","00000",0,0,0,0,0
"A751","0811","00000",0,0,0,0,0
"A752","0810","00000",0,0,0,0,0
"A753","0812","00000",0,0,0,0,0
"A759","0819","00000",0,0,0,0,0
"A770","0820","10000",1,0,0,0,0
"A771","0821","00000",0,0,0,0,0
"A772","0822","00000",0,0,0,0,0
"A773","0823","00000",0,0,0,0,0
"A7740","08240","00000",0,0,0,0,0
"A7741","08241","00000",0,0,0,0,0
"A7749","08249","00000",0,0,0,0,0
"A778","0828","10000",1,0,0,0,0
"A779","0820","10000",1,0,0,0,0
"A78","0830","00000",0,0,0,0,0
"A790","0831","00000",0,0,0,0,0
"A791","0832","10000",1,0,0,0,0
"A7981","0838","10000",1,0,0,0,0
"A7989","0838","10000",1,0,0,0,0
"A799","0839","10000",1,0,0,0,0
"A800","04510","10000",1,0,0,0,0
"A801","04510","10000",1,0,0,0,0
"A802","04510","10000",1,0,0,0,0
"A8030","04510","10000",1,0,0,0,0
"A8039","04510","10000",1,0,0,0,0
"A804","04520","10000",1,0,0,0,0
"A809","04590","10000",1,0,0,0,0
"A8100","04619","10000",1,0,0,0,0
"A8101","04611","00000",0,0,0,0,0
"A8109","04619","10000",1,0,0,0,0
"A811","0462","00000",0,0,0,0,0
"A812","0463","10000",1,0,0,0,0
"A8181","0460","00000",0,0,0,0,0
"A8182","04671","00000",0,0,0,0,0
"A8183","04672","00000",0,0,0,0,0
"A8189","04679","10000",1,0,0,0,0
"A8189","0468","10000",1,0,0,0,0
"A819","0469","00000",0,0,0,0,0
"A820","071","10000",1,0,0,0,0
"A821","071","10000",1,0,0,0,0
"A829","071","10000",1,0,0,0,0
"A830","0620","00000",0,0,0,0,0
"A831","0621","00000",0,0,0,0,0
"A832","0622","00000",0,0,0,0,0
"A833","0623","00000",0,0,0,0,0
"A834","0624","00000",0,0,0,0,0
"A835","0625","00000",0,0,0,0,0
"A836","0628","10000",1,0,0,0,0
"A838","0628","10000",1,0,0,0,0
"A839","0629","00000",0,0,0,0,0
"A840","0630","00000",0,0,0,0,0
"A841","0632","00000",0,0,0,0,0
"A848","0631","10000",1,0,0,0,0
"A848","0638","10000",1,0,0,0,0
"A849","0639","00000",0,0,0,0,0
"A850","0498","10000",1,0,0,0,0
"A851","0498","10000",1,0,0,0,0
"A852","064","00000",0,0,0,0,0
"A858","0498","10000",1,0,0,0,0
"A86","0499","10000",1,0,0,0,0
"A870","0470","10000",1,0,0,0,0
"A870","0471","10000",1,0,0,0,0
"A870","0478","10000",1,0,0,0,0
"A871","0491","00000",0,0,0,0,0
"A872","0490","00000",0,0,0,0,0
"A878","0478","10000",1,0,0,0,0
"A879","0479","10000",1,0,0,0,0
"A880","048","10000",1,0,0,0,0
"A881","07881","00000",0,0,0,0,0
"A888","0498","10000",1,0,0,0,0
"A89","0499","10000",1,0,0,0,0
"A90","061","00000",0,0,0,0,0
"A91","0654","10000",1,0,0,0,0
"A920","0654","10000",1,0,0,0,0
"A920","0663","10000",1,0,0,0,0
"A921","0663","10000",1,0,0,0,0
"A922","0662","00000",0,0,0,0,0
"A9230","06640","00000",0,0,0,0,0
"A9231","06641","00000",0,0,0,0,0
"A9232","06642","00000",0,0,0,0,0
"A9239","06649","00000",0,0,0,0,0
"A924","0663","10000",1,0,0,0,0
"A928","0663","10000",1,0,0,0,0
"A929","0669","10000",1,0,0,0,0
"A930","0663","10000",1,0,0,0,0
"A931","0660","00000",0,0,0,0,0
"A932","0661","10000",1,0,0,0,0
"A938","0668","00000",0,0,0,0,0
"A94","0669","10000",1,0,0,0,0
"A950","0600","00000",0,0,0,0,0
"A951","0601","00000",0,0,0,0,0
"A959","0609","00000",0,0,0,0,0
"A960","0787","10000",1,0,0,0,0
"A961","0787","10000",1,0,0,0,0
"A962","07889","10000",1,0,0,0,0
"A968","0787","10000",1,0,0,0,0
"A969","0787","10000",1,0,0,0,0
"A980","0650","00000",0,0,0,0,0
"A981","0651","00000",0,0,0,0,0
"A982","0652","00000",0,0,0,0,0
"A983","07889","10000",1,0,0,0,0
"A984","07889","10000",1,0,0,0,0
"A985","0786","00000",0,0,0,0,0
"A988","0653","10000",1,0,0,0,0
"A99","0659","10000",1,0,0,0,0
"B000","0540","00000",0,0,0,0,0
"B001","05473","10000",1,0,0,0,0
"B002","0542","00000",0,0,0,0,0
"B003","05472","00000",0,0,0,0,0
"B004","0543","10000",1,0,0,0,0
"B0050","05440","00000",0,0,0,0,0
"B0051","05444","00000",0,0,0,0,0
"B0052","05442","10000",1,0,0,0,0
"B0052","05443","10000",1,0,0,0,0
"B0053","05449","10000",1,0,0,0,0
"B0059","05441","10000",1,0,0,0,0
"B0059","05449","10000",1,0,0,0,0
"B007","0545","00000",0,0,0,0,0
"B0081","05471","10000",1,0,0,0,0
"B0082","05474","00000",0,0,0,0,0
"B0089","0546","10000",1,0,0,0,0
"B0089","05479","10000",1,0,0,0,0
"B009","0548","10000",1,0,0,0,0
"B009","0549","10000",1,0,0,0,0
"B010","0527","10000",1,0,0,0,0
"B0111","0520","10000",1,0,0,0,0
"B0112","0522","00000",0,0,0,0,0
"B012","0521","00000",0,0,0,0,0
"B0181","0527","10000",1,0,0,0,0
"B0189","0527","10000",1,0,0,0,0
"B0189","0528","10000",1,0,0,0,0
"B019","0529","00000",0,0,0,0,0
"B020","05319","10000",1,0,0,0,0
"B021","0530","00000",0,0,0,0,0
"B0221","05311","00000",0,0,0,0,0
"B0222","05312","00000",0,0,0,0,0
"B0223","05313","00000",0,0,0,0,0
"B0224","05314","00000",0,0,0,0,0
"B0229","05310","10000",1,0,0,0,0
"B0229","05319","10000",1,0,0,0,0
"B0230","05329","10000",1,0,0,0,0
"B0231","05329","10000",1,0,0,0,0
"B0232","05322","00000",0,0,0,0,0
"B0233","05321","00000",0,0,0,0,0
"B0234","05329","10000",1,0,0,0,0
"B0239","05320","10000",1,0,0,0,0
"B0239","05329","10000",1,0,0,0,0
"B027","0538","10000",1,0,0,0,0
"B028","05371","10000",1,0,0,0,0
"B028","05379","10000",1,0,0,0,0
"B028","0538","10000",1,0,0,0,0
"B029","0539","00000",0,0,0,0,0
"B03","0500","10000",1,0,0,0,0
"B03","0501","10000",1,0,0,0,0
"B03","0509","10000",1,0,0,0,0
"B04","05901","00000",0,0,0,0,0
"B050","0550","00000",0,0,0,0,0
"B051","05579","10000",1,0,0,0,0
"B052","0551","00000",0,0,0,0,0
"B053","0552","00000",0,0,0,0,0
"B054","05579","10000",1,0,0,0,0
"B0581","05571","00000",0,0,0,0,0
"B0589","05579","10000",1,0,0,0,0
"B059","0559","00000",0,0,0,0,0
"B0600","05600","00000",0,0,0,0,0
"B0601","05601","00000",0,0,0,0,0
"B0602","05609","10000",1,0,0,0,0
"B0609","05609","10000",1,0,0,0,0
"B0681","05679","10000",1,0,0,0,0
"B0682","05671","00000",0,0,0,0,0
"B0689","05679","10000",1,0,0,0,0
"B069","0569","00000",0,0,0,0,0
"B070","07812","00000",0,0,0,0,0
"B078","07819","00000",0,0,0,0,0
"B079","07810","00000",0,0,0,0,0
"B08010","05101","00000",0,0,0,0,0
"B08011","05102","00000",0,0,0,0,0
"B0802","0512","10000",1,0,0,0,0
"B0803","0511","00000",0,0,0,0,0
"B0804","0519","10000",1,0,0,0,0
"B0809","05900","10000",1,0,0,0,0
"B0809","05909","10000",1,0,0,0,0
"B081","0780","00000",0,0,0,0,0
"B0820","05810","00000",0,0,0,0,0
"B0821","05811","00000",0,0,0,0,0
"B0822","05812","00000",0,0,0,0,0
"B083","0570","00000",0,0,0,0,0
"B084","0743","00000",0,0,0,0,0
"B085","0740","00000",0,0,0,0,0
"B0860","05910","00000",0,0,0,0,0
"B0861","05911","00000",0,0,0,0,0
"B0862","05912","00000",0,0,0,0,0
"B0869","05919","00000",0,0,0,0,0
"B0870","05920","10000",1,0,0,0,0
"B0871","05921","00000",0,0,0,0,0
"B0872","05922","00000",0,0,0,0,0
"B0879","05920","10000",1,0,0,0,0
"B088","0598","10000",1,0,0,0,0
"B088","0784","10000",1,0,0,0,0
"B09","0578","10000",1,0,0,0,0
"B09","0579","10000",1,0,0,0,0
"B1001","05821","00000",0,0,0,0,0
"B1009","05829","00000",0,0,0,0,0
"B1081","05881","10000",1,0,0,0,0
"B1082","05882","10000",1,0,0,0,0
"B1089","05889","10000",1,0,0,0,0
"B150","0700","00000",0,0,0,0,0
"B159","0701","00000",0,0,0,0,0
"B160","07021","10000",1,0,0,0,0
"B161","07031","10000",1,0,0,0,0
"B162","07020","10000",1,0,0,0,0
"B169","07030","10000",1,0,0,0,0
"B170","07052","10000",1,0,0,0,0
"B1710","07051","00000",0,0,0,0,0
"B1711","07041","00000",0,0,0,0,0
"B172","07053","10000",1,0,0,0,0
"B178","07049","10000",1,0,0,0,0
"B178","07059","10000",1,0,0,0,0
"B179","0709","10000",1,0,0,0,0
"B180","07033","10000",1,0,0,0,0
"B181","07032","10000",1,0,0,0,0
"B182","07054","10000",1,0,0,0,0
"B188","07059","10000",1,0,0,0,0
"B189","07059","10000",1,0,0,0,0
"B190","0706","00000",0,0,0,0,0
"B1910","07030","10000",1,0,0,0,0
"B1911","07020","10000",1,0,0,0,0
"B1920","07070","00000",0,0,0,0,0
"B1921","07071","00000",0,0,0,0,0
"B199","0709","10000",1,0,0,0,0
"B20","042","00000",0,0,0,0,0
"B250","0785","10111",1,0,1,1,1
"B250","4841","10112",1,0,1,1,2
"B251","0785","10111",1,0,1,1,1
"B251","5731","10112",1,0,1,1,2
"B252","0785","10111",1,0,1,1,1
"B252","5770","10112",1,0,1,1,2
"B258","0785","10000",1,0,0,0,0
"B259","0785","10000",1,0,0,0,0
"B260","0720","00000",0,0,0,0,0
"B261","0721","00000",0,0,0,0,0
"B262","0722","00000",0,0,0,0,0
"B263","0723","00000",0,0,0,0,0
"B2681","07271","00000",0,0,0,0,0
"B2682","07279","10000",1,0,0,0,0
"B2683","07279","10000",1,0,0,0,0
"B2684","07272","00000",0,0,0,0,0
"B2685","07279","10000",1,0,0,0,0
"B2689","07279","10000",1,0,0,0,0
"B269","0729","00000",0,0,0,0,0
"B2700","075","10000",1,0,0,0,0
"B2701","075","10000",1,0,0,0,0
"B2702","075","10000",1,0,0,0,0
"B2709","075","10000",1,0,0,0,0
"B2710","075","10000",1,0,0,0,0
"B2711","075","10000",1,0,0,0,0
"B2712","075","10000",1,0,0,0,0
"B2719","075","10000",1,0,0,0,0
"B2780","075","10000",1,0,0,0,0
"B2781","075","10000",1,0,0,0,0
"B2782","075","10000",1,0,0,0,0
"B2789","075","10000",1,0,0,0,0
"B2790","075","10000",1,0,0,0,0
"B2791","075","10000",1,0,0,0,0
"B2792","075","10000",1,0,0,0,0
"B2799","075","10000",1,0,0,0,0
"B300","0771","00000",0,0,0,0,0
"B301","0773","10000",1,0,0,0,0
"B302","0772","00000",0,0,0,0,0
"B303","0774","00000",0,0,0,0,0
"B308","0778","00000",0,0,0,0,0
"B309","07799","00000",0,0,0,0,0
"B330","0741","00000",0,0,0,0,0
"B331","0663","10000",1,0,0,0,0
"B3320","07420","10000",1,0,0,0,0
"B3321","07422","10000",1,0,0,0,0
"B3322","07423","10000",1,0,0,0,0
"B3323","07421","10000",1,0,0,0,0
"B3324","07889","10000",1,0,0,0,0
"B333","07959","10000",1,0,0,0,0
"B334","07981","10000",1,0,0,0,0
"B338","0782","10000",1,0,0,0,0
"B338","07889","10000",1,0,0,0,0
"B338","07989","10000",1,0,0,0,0
"B340","0790","10000",1,0,0,0,0
"B341","0748","10000",1,0,0,0,0
"B341","07989","10000",1,0,0,0,0
"B342","07989","10000",1,0,0,0,0
"B343","07983","10000",1,0,0,0,0
"B344","07989","10000",1,0,0,0,0
"B348","07989","10000",1,0,0,0,0
"B349","7908","10000",1,0,0,0,0
"B350","1100","00000",0,0,0,0,0
"B351","1101","00000",0,0,0,0,0
"B352","1102","00000",0,0,0,0,0
"B353","1104","00000",0,0,0,0,0
"B354","1105","10000",1,0,0,0,0
"B355","1105","10000",1,0,0,0,0
"B356","1103","00000",0,0,0,0,0
"B358","1106","10000",1,0,0,0,0
"B358","1108","10000",1,0,0,0,0
"B359","1109","00000",0,0,0,0,0
"B360","1110","00000",0,0,0,0,0
"B361","1111","00000",0,0,0,0,0
"B362","1112","00000",0,0,0,0,0
"B363","1113","00000",0,0,0,0,0
"B368","1118","10000",1,0,0,0,0
"B369","1119","10000",1,0,0,0,0
"B370","1120","10000",1,0,0,0,0
"B371","1124","10000",1,0,0,0,0
"B372","1123","00000",0,0,0,0,0
"B373","1121","00000",0,0,0,0,0
"B3741","1122","10000",1,0,0,0,0
"B3742","1122","10000",1,0,0,0,0
"B3749","1122","10000",1,0,0,0,0
"B375","11283","00000",0,0,0,0,0
"B376","11281","00000",0,0,0,0,0
"B377","1125","10111",1,0,1,1,1
"B377","99591","10112",1,0,1,1,2
"B3781","11284","00000",0,0,0,0,0
"B3782","11285","00000",0,0,0,0,0
"B3783","1120","10000",1,0,0,0,0
"B3784","11282","00000",0,0,0,0,0
"B3789","11289","10000",1,0,0,0,0
"B379","1129","00000",0,0,0,0,0
"B380","1140","10000",1,0,0,0,0
"B381","1144","00000",0,0,0,0,0
"B382","1145","00000",0,0,0,0,0
"B383","1141","10000",1,0,0,0,0
"B384","1142","00000",0,0,0,0,0
"B387","1143","10000",1,0,0,0,0
"B3881","1141","10000",1,0,0,0,0
"B3889","1143","10000",1,0,0,0,0
"B389","1149","00000",0,0,0,0,0
"B390","11505","10000",1,0,0,0,0
"B391","11505","10000",1,0,0,0,0
"B392","11505","10000",1,0,0,0,0
"B393","11509","10000",1,0,0,0,0
"B394","11500","10000",1,0,0,0,0
"B395","11510","10000",1,0,0,0,0
"B399","11590","10000",1,0,0,0,0
"B400","1160","10000",1,0,0,0,0
"B401","1160","10000",1,0,0,0,0
"B402","1160","10000",1,0,0,0,0
"B403","1160","10000",1,0,0,0,0
"B407","1160","10000",1,0,0,0,0
"B4081","1160","10000",1,0,0,0,0
"B4089","1160","10000",1,0,0,0,0
"B409","1160","10000",1,0,0,0,0
"B410","1161","10000",1,0,0,0,0
"B417","1161","10000",1,0,0,0,0
"B418","1161","10000",1,0,0,0,0
"B419","1161","10000",1,0,0,0,0
"B420","1171","10000",1,0,0,0,0
"B421","1171","10000",1,0,0,0,0
"B427","1171","10000",1,0,0,0,0
"B4281","1171","10000",1,0,0,0,0
"B4282","1171","10000",1,0,0,0,0
"B4289","1171","10000",1,0,0,0,0
"B429","1171","10000",1,0,0,0,0
"B430","1172","10000",1,0,0,0,0
"B431","1172","10000",1,0,0,0,0
"B432","1172","10000",1,0,0,0,0
"B438","1172","10000",1,0,0,0,0
"B439","1172","10000",1,0,0,0,0
"B440","1173","10111",1,0,1,1,1
"B440","4846","10112",1,0,1,1,2
"B441","1173","10000",1,0,0,0,0
"B442","1173","10000",1,0,0,0,0
"B447","1173","10000",1,0,0,0,0
"B4481","5186","00000",0,0,0,0,0
"B4489","1173","10000",1,0,0,0,0
"B449","1173","10000",1,0,0,0,0
"B450","1175","10000",1,0,0,0,0
"B451","1175","10111",1,0,1,1,1
"B451","3210","10112",1,0,1,1,2
"B452","1175","10000",1,0,0,0,0
"B453","1175","10000",1,0,0,0,0
"B457","1175","10000",1,0,0,0,0
"B458","1175","10000",1,0,0,0,0
"B459","1175","10000",1,0,0,0,0
"B460","1177","10000",1,0,0,0,0
"B461","1177","10000",1,0,0,0,0
"B462","1177","10000",1,0,0,0,0
"B463","1177","10000",1,0,0,0,0
"B464","1177","10000",1,0,0,0,0
"B465","1177","10000",1,0,0,0,0
"B468","1177","10000",1,0,0,0,0
"B469","1177","10000",1,0,0,0,0
"B470","1174","10000",1,0,0,0,0
"B471","0399","10000",1,0,0,0,0
"B479","0394","10000",1,0,0,0,0
"B480","1162","00000",0,0,0,0,0
"B481","1170","00000",0,0,0,0,0
"B482","1176","00000",0,0,0,0,0
"B483","1179","10000",1,0,0,0,0
"B484","1173","10000",1,0,0,0,0
"B488","1178","10000",1,0,0,0,0
"B488","118","10000",1,0,0,0,0
"B49","1179","10000",1,0,0,0,0
"B500","0849","10000",1,0,0,0,0
"B508","0848","10000",1,0,0,0,0
"B508","0849","10000",1,0,0,0,0
"B509","0840","10000",1,0,0,0,0
"B510","0849","10000",1,0,0,0,0
"B518","0849","10000",1,0,0,0,0
"B519","0841","10000",1,0,0,0,0
"B519","0845","10000",1,0,0,0,0
"B520","0849","10111",1,0,1,1,1
"B520","58181","10112",1,0,1,1,2
"B528","0849","10000",1,0,0,0,0
"B529","0842","10000",1,0,0,0,0
"B529","0845","10000",1,0,0,0,0
"B530","0843","00000",0,0,0,0,0
"B531","0844","10000",1,0,0,0,0
"B538","0844","10000",1,0,0,0,0
"B54","0846","00000",0,0,0,0,0
"B550","0850","00000",0,0,0,0,0
"B551","0851","10000",1,0,0,0,0
"B551","0852","10000",1,0,0,0,0
"B551","0853","10000",1,0,0,0,0
"B551","0854","10000",1,0,0,0,0
"B552","0855","00000",0,0,0,0,0
"B559","0859","00000",0,0,0,0,0
"B560","0863","00000",0,0,0,0,0
"B561","0864","00000",0,0,0,0,0
"B569","0865","10000",1,0,0,0,0
"B569","0869","10000",1,0,0,0,0
"B570","0860","10000",1,0,0,0,0
"B571","0862","10000",1,0,0,0,0
"B572","0860","10000",1,0,0,0,0
"B5730","0861","10000",1,0,0,0,0
"B5731","0861","10000",1,0,0,0,0
"B5732","0861","10000",1,0,0,0,0
"B5739","0861","10000",1,0,0,0,0
"B5740","0861","10000",1,0,0,0,0
"B5741","0861","10000",1,0,0,0,0
"B5742","0861","10000",1,0,0,0,0
"B5749","0861","10000",1,0,0,0,0
"B575","0861","10000",1,0,0,0,0
"B5800","1307","10000",1,0,0,0,0
"B5801","1302","00000",0,0,0,0,0
"B5809","1301","10000",1,0,0,0,0
"B581","1305","00000",0,0,0,0,0
"B582","1300","00000",0,0,0,0,0
"B583","1304","10000",1,0,0,0,0
"B5881","1303","00000",0,0,0,0,0
"B5882","1307","10000",1,0,0,0,0
"B5883","1307","10000",1,0,0,0,0
"B5889","1307","10000",1,0,0,0,0
"B589","1309","00000",0,0,0,0,0
"B59","1363","00000",0,0,0,0,0
"B600","08882","00000",0,0,0,0,0
"B6010","13629","10000",1,0,0,0,0
"B6011","13621","10000",1,0,0,0,0
"B6012","13621","10111",1,0,1,1,1
"B6012","37215","10112",1,0,1,1,2
"B6013","13621","10111",1,0,1,1,1
"B6013","3708","10112",1,0,1,1,2
"B6019","13629","10000",1,0,0,0,0
"B602","13629","10000",1,0,0,0,0
"B608","1368","10000",1,0,0,0,0
"B64","0889","10000",1,0,0,0,0
"B64","1369","10000",1,0,0,0,0
"B650","1200","00000",0,0,0,0,0
"B651","1201","00000",0,0,0,0,0
"B652","1202","00000",0,0,0,0,0
"B653","1203","00000",0,0,0,0,0
"B658","1208","00000",0,0,0,0,0
"B659","1209","00000",0,0,0,0,0
"B660","1210","00000",0,0,0,0,0
"B661","1211","00000",0,0,0,0,0
"B662","1218","10000",1,0,0,0,0
"B663","1213","00000",0,0,0,0,0
"B664","1212","00000",0,0,0,0,0
"B665","1214","00000",0,0,0,0,0
"B668","1215","10000",1,0,0,0,0
"B668","1216","10000",1,0,0,0,0
"B668","1218","10000",1,0,0,0,0
"B669","1219","00000",0,0,0,0,0
"B670","1220","00000",0,0,0,0,0
"B671","1221","00000",0,0,0,0,0
"B672","1223","10000",1,0,0,0,0
"B6731","1222","00000",0,0,0,0,0
"B6732","1223","10000",1,0,0,0,0
"B6739","1223","10000",1,0,0,0,0
"B674","1224","00000",0,0,0,0,0
"B675","1225","00000",0,0,0,0,0
"B6761","1226","10000",1,0,0,0,0
"B6769","1226","10000",1,0,0,0,0
"B677","1227","00000",0,0,0,0,0
"B678","1228","00000",0,0,0,0,0
"B6790","1229","10000",1,0,0,0,0
"B6799","1229","10000",1,0,0,0,0
"B680","1230","00000",0,0,0,0,0
"B681","1232","00000",0,0,0,0,0
"B689","1233","00000",0,0,0,0,0
"B690","1231","10000",1,0,0,0,0
"B691","1231","10000",1,0,0,0,0
"B6981","1231","10000",1,0,0,0,0
"B6989","1231","10000",1,0,0,0,0
"B699","1231","10000",1,0,0,0,0
"B700","1234","00000",0,0,0,0,0
"B701","1235","00000",0,0,0,0,0
"B710","1236","00000",0,0,0,0,0
"B711","1238","10000",1,0,0,0,0
"B718","1238","10000",1,0,0,0,0
"B719","1239","00000",0,0,0,0,0
"B72","1257","00000",0,0,0,0,0
"B7300","1253","10000",1,0,0,0,0
"B7301","1253","10000",1,0,0,0,0
"B7302","1253","10000",1,0,0,0,0
"B7309","1253","10000",1,0,0,0,0
"B731","1253","10000",1,0,0,0,0
"B740","1250","00000",0,0,0,0,0
"B741","1251","00000",0,0,0,0,0
"B742","1256","10000",1,0,0,0,0
"B743","1252","00000",0,0,0,0,0
"B744","1255","00000",0,0,0,0,0
"B748","1256","10000",1,0,0,0,0
"B749","1259","00000",0,0,0,0,0
"B75","124","00000",0,0,0,0,0
"B760","1260","10000",1,0,0,0,0
"B760","1262","10000",1,0,0,0,0
"B760","1263","10000",1,0,0,0,0
"B760","1268","10000",1,0,0,0,0
"B761","1261","00000",0,0,0,0,0
"B768","1269","10000",1,0,0,0,0
"B769","1269","10000",1,0,0,0,0
"B770","1270","10000",1,0,0,0,0
"B7781","1270","10111",1,0,1,1,1
"B7781","4848","10112",1,0,1,1,2
"B7789","1270","10000",1,0,0,0,0
"B779","1270","10000",1,0,0,0,0
"B780","1272","10000",1,0,0,0,0
"B781","6868","10000",1,0,0,0,0
"B787","1272","10000",1,0,0,0,0
"B789","1272","10000",1,0,0,0,0
"B79","1273","00000",0,0,0,0,0
"B80","1274","00000",0,0,0,0,0
"B810","1271","00000",0,0,0,0,0
"B811","1275","00000",0,0,0,0,0
"B812","1276","00000",0,0,0,0,0
"B813","1277","10000",1,0,0,0,0
"B814","1278","00000",0,0,0,0,0
"B818","1277","10000",1,0,0,0,0
"B820","1279","00000",0,0,0,0,0
"B829","129","00000",0,0,0,0,0
"B830","1280","00000",0,0,0,0,0
"B831","1281","00000",0,0,0,0,0
"B832","1288","10000",1,0,0,0,0
"B833","1288","10000",1,0,0,0,0
"B834","1342","10000",1,0,0,0,0
"B838","1288","10000",1,0,0,0,0
"B839","1289","00000",0,0,0,0,0
"B850","1320","00000",0,0,0,0,0
"B851","1321","00000",0,0,0,0,0
"B852","1329","00000",0,0,0,0,0
"B853","1322","00000",0,0,0,0,0
"B854","1323","00000",0,0,0,0,0
"B86","1330","00000",0,0,0,0,0
"B870","1340","10000",1,0,0,0,0
"B871","1340","10000",1,0,0,0,0
"B872","1340","10000",1,0,0,0,0
"B873","1340","10000",1,0,0,0,0
"B874","1340","10000",1,0,0,0,0
"B8781","1340","10000",1,0,0,0,0
"B8782","1340","10000",1,0,0,0,0
"B8789","1340","10000",1,0,0,0,0
"B879","1340","10000",1,0,0,0,0
"B880","1338","10000",1,0,0,0,0
"B881","1341","10000",1,0,0,0,0
"B882","1341","10000",1,0,0,0,0
"B883","1342","10000",1,0,0,0,0
"B888","1348","10000",1,0,0,0,0
"B889","1349","10000",1,0,0,0,0
"B89","1369","10000",1,0,0,0,0
"B900","1371","00000",0,0,0,0,0
"B901","1372","00000",0,0,0,0,0
"B902","1373","00000",0,0,0,0,0
"B908","1374","00000",0,0,0,0,0
"B909","1370","00000",0,0,0,0,0
"B91","138","10000",1,0,0,0,0
"B92","1398","10000",1,0,0,0,0
"B940","1391","00000",0,0,0,0,0
"B941","1390","00000",0,0,0,0,0
"B942","1398","10000",1,0,0,0,0
"B948","1398","10000",1,0,0,0,0
"B949","1398","10000",1,0,0,0,0
"B950","04101","00000",0,0,0,0,0
"B951","04102","00000",0,0,0,0,0
"B952","04104","00000",0,0,0,0,0
"B953","04109","10000",1,0,0,0,0
"B954","04109","10000",1,0,0,0,0
"B955","04100","10000",1,0,0,0,0
"B9561","04111","10000",1,0,0,0,0
"B9562","04112","10000",1,0,0,0,0
"B957","04119","10000",1,0,0,0,0
"B958","04110","10000",1,0,0,0,0
"B960","04181","10000",1,0,0,0,0
"B961","0413","00000",0,0,0,0,0
"B9620","04149","10000",1,0,0,0,0
"B9621","04141","00000",0,0,0,0,0
"B9622","04142","00000",0,0,0,0,0
"B9623","04143","00000",0,0,0,0,0
"B9629","04149","10000",1,0,0,0,0
"B963","0415","10000",1,0,0,0,0
"B964","0416","00000",0,0,0,0,0
"B965","0417","00000",0,0,0,0,0
"B966","04182","00000",0,0,0,0,0
"B967","04183","10000",1,0,0,0,0
"B9681","04186","00000",0,0,0,0,0
"B9682","04184","10000",1,0,0,0,0
"B9689","04189","10000",1,0,0,0,0
"B970","0790","10000",1,0,0,0,0
"B9710","07999","10000",1,0,0,0,0
"B9711","0792","10000",1,0,0,0,0
"B9712","0791","10000",1,0,0,0,0
"B9719","07989","10000",1,0,0,0,0
"B9721","07982","00000",0,0,0,0,0
"B9729","07989","10000",1,0,0,0,0
"B9730","07950","00000",0,0,0,0,0
"B9731","07959","10000",1,0,0,0,0
"B9732","07959","10000",1,0,0,0,0
"B9733","07951","00000",0,0,0,0,0
"B9734","07952","00000",0,0,0,0,0
"B9735","07953","00000",0,0,0,0,0
"B9739","07959","10000",1,0,0,0,0
"B974","0796","10000",1,0,0,0,0
"B975","07989","10000",1,0,0,0,0
"B976","07989","10000",1,0,0,0,0
"B977","0794","00000",0,0,0,0,0
"B9781","07989","10000",1,0,0,0,0
"B9789","07989","10000",1,0,0,0,0
"B9789","07999","10000",1,0,0,0,0
"B998","1368","10000",1,0,0,0,0
"B999","1369","10000",1,0,0,0,0
"C000","1400","00000",0,0,0,0,0
"C001","1401","00000",0,0,0,0,0
"C002","1409","10000",1,0,0,0,0
"C003","1403","00000",0,0,0,0,0
"C004","1404","00000",0,0,0,0,0
"C005","1405","00000",0,0,0,0,0
"C006","1406","00000",0,0,0,0,0
"C008","1408","00000",0,0,0,0,0
"C009","1409","10000",1,0,0,0,0
"C01","1410","00000",0,0,0,0,0
"C020","1411","00000",0,0,0,0,0
"C021","1412","00000",0,0,0,0,0
"C022","1413","00000",0,0,0,0,0
"C023","1414","00000",0,0,0,0,0
"C024","1416","00000",0,0,0,0,0
"C028","1418","10000",1,0,0,0,0
"C029","1419","00000",0,0,0,0,0
"C030","1430","00000",0,0,0,0,0
"C031","1431","00000",0,0,0,0,0
"C039","1438","10000",1,0,0,0,0
"C039","1439","10000",1,0,0,0,0
"C040","1440","00000",0,0,0,0,0
"C041","1441","00000",0,0,0,0,0
"C048","1448","00000",0,0,0,0,0
"C049","1449","00000",0,0,0,0,0
"C050","1452","00000",0,0,0,0,0
"C051","1453","00000",0,0,0,0,0
"C052","1454","00000",0,0,0,0,0
"C058","1455","10000",1,0,0,0,0
"C059","1455","10000",1,0,0,0,0
"C060","1450","00000",0,0,0,0,0
"C061","1451","00000",0,0,0,0,0
"C062","1456","00000",0,0,0,0,0
"C0680","1458","10000",1,0,0,0,0
"C0689","1458","10000",1,0,0,0,0
"C069","1459","00000",0,0,0,0,0
"C07","1420","00000",0,0,0,0,0
"C080","1421","00000",0,0,0,0,0
"C081","1422","00000",0,0,0,0,0
"C089","1428","10000",1,0,0,0,0
"C089","1429","10000",1,0,0,0,0
"C090","1461","00000",0,0,0,0,0
"C091","1462","00000",0,0,0,0,0
"C098","1460","10000",1,0,0,0,0
"C099","1460","10000",1,0,0,0,0
"C100","1463","00000",0,0,0,0,0
"C101","1464","00000",0,0,0,0,0
"C102","1466","00000",0,0,0,0,0
"C103","1467","00000",0,0,0,0,0
"C104","1468","10000",1,0,0,0,0
"C108","1468","10000",1,0,0,0,0
"C109","1469","00000",0,0,0,0,0
"C110","1470","00000",0,0,0,0,0
"C111","1471","00000",0,0,0,0,0
"C112","1472","00000",0,0,0,0,0
"C113","1473","00000",0,0,0,0,0
"C118","1478","10000",1,0,0,0,0
"C119","1479","00000",0,0,0,0,0
"C12","1481","00000",0,0,0,0,0
"C130","1480","00000",0,0,0,0,0
"C131","1482","00000",0,0,0,0,0
"C132","1483","00000",0,0,0,0,0
"C138","1488","10000",1,0,0,0,0
"C139","1489","00000",0,0,0,0,0
"C140","1490","00000",0,0,0,0,0
"C142","1491","00000",0,0,0,0,0
"C148","1498","10000",1,0,0,0,0
"C148","1499","10000",1,0,0,0,0
"C153","1500","10000",1,0,0,0,0
"C153","1503","10000",1,0,0,0,0
"C154","1501","10000",1,0,0,0,0
"C154","1504","10000",1,0,0,0,0
"C155","1502","10000",1,0,0,0,0
"C155","1505","10000",1,0,0,0,0
"C158","1508","10000",1,0,0,0,0
"C159","1509","00000",0,0,0,0,0
"C160","1510","00000",0,0,0,0,0
"C161","1513","00000",0,0,0,0,0
"C162","1514","00000",0,0,0,0,0
"C163","1512","00000",0,0,0,0,0
"C164","1511","00000",0,0,0,0,0
"C165","1515","00000",0,0,0,0,0
"C166","1516","00000",0,0,0,0,0
"C168","1518","10000",1,0,0,0,0
"C169","1519","00000",0,0,0,0,0
"C170","1520","00000",0,0,0,0,0
"C171","1521","00000",0,0,0,0,0
"C172","1522","00000",0,0,0,0,0
"C173","1523","00000",0,0,0,0,0
"C178","1528","10000",1,0,0,0,0
"C179","1529","00000",0,0,0,0,0
"C180","1534","00000",0,0,0,0,0
"C181","1535","00000",0,0,0,0,0
"C182","1536","00000",0,0,0,0,0
"C183","1530","00000",0,0,0,0,0
"C184","1531","00000",0,0,0,0,0
"C185","1537","00000",0,0,0,0,0
"C186","1532","00000",0,0,0,0,0
"C187","1533","00000",0,0,0,0,0
"C188","1538","10000",1,0,0,0,0
"C189","1539","00000",0,0,0,0,0
"C19","1540","00000",0,0,0,0,0
"C20","1541","00000",0,0,0,0,0
"C210","1543","00000",0,0,0,0,0
"C211","1542","00000",0,0,0,0,0
"C212","1548","10000",1,0,0,0,0
"C218","1548","10000",1,0,0,0,0
"C220","1550","10000",1,0,0,0,0
"C221","1551","00000",0,0,0,0,0
"C222","1550","10000",1,0,0,0,0
"C223","1550","10000",1,0,0,0,0
"C224","1550","10000",1,0,0,0,0
"C227","1550","10000",1,0,0,0,0
"C228","1550","10000",1,0,0,0,0
"C229","1552","00000",0,0,0,0,0
"C23","1560","00000",0,0,0,0,0
"C240","1561","00000",0,0,0,0,0
"C241","1562","00000",0,0,0,0,0
"C248","1568","00000",0,0,0,0,0
"C249","1569","00000",0,0,0,0,0
"C250","1570","00000",0,0,0,0,0
"C251","1571","00000",0,0,0,0,0
"C252","1572","00000",0,0,0,0,0
"C253","1573","00000",0,0,0,0,0
"C254","1574","00000",0,0,0,0,0
"C257","1578","10000",1,0,0,0,0
"C258","1578","10000",1,0,0,0,0
"C259","1579","00000",0,0,0,0,0
"C260","1590","00000",0,0,0,0,0
"C261","1591","00000",0,0,0,0,0
"C269","1598","10000",1,0,0,0,0
"C269","1599","10000",1,0,0,0,0
"C300","1600","00000",0,0,0,0,0
"C301","1601","00000",0,0,0,0,0
"C310","1602","00000",0,0,0,0,0
"C311","1603","00000",0,0,0,0,0
"C312","1604","00000",0,0,0,0,0
"C313","1605","00000",0,0,0,0,0
"C318","1608","00000",0,0,0,0,0
"C319","1609","00000",0,0,0,0,0
"C320","1610","00000",0,0,0,0,0
"C321","1611","00000",0,0,0,0,0
"C322","1612","00000",0,0,0,0,0
"C323","1613","00000",0,0,0,0,0
"C328","1618","00000",0,0,0,0,0
"C329","1619","00000",0,0,0,0,0
"C33","1620","00000",0,0,0,0,0
"C3400","1622","10000",1,0,0,0,0
"C3401","1622","10000",1,0,0,0,0
"C3402","1622","10000",1,0,0,0,0
"C3410","1623","10000",1,0,0,0,0
"C3411","1623","10000",1,0,0,0,0
"C3412","1623","10000",1,0,0,0,0
"C342","1624","00000",0,0,0,0,0
"C3430","1625","10000",1,0,0,0,0
"C3431","1625","10000",1,0,0,0,0
"C3432","1625","10000",1,0,0,0,0
"C3480","1628","10000",1,0,0,0,0
"C3481","1628","10000",1,0,0,0,0
"C3482","1628","10000",1,0,0,0,0
"C3490","1629","10000",1,0,0,0,0
"C3491","1629","10000",1,0,0,0,0
"C3492","1629","10000",1,0,0,0,0
"C37","1640","00000",0,0,0,0,0
"C380","1641","10000",1,0,0,0,0
"C381","1642","00000",0,0,0,0,0
"C382","1643","00000",0,0,0,0,0
"C383","1649","00000",0,0,0,0,0
"C384","1639","10000",1,0,0,0,0
"C388","1648","00000",0,0,0,0,0
"C390","1650","00000",0,0,0,0,0
"C399","1658","10000",1,0,0,0,0
"C399","1659","10000",1,0,0,0,0
"C4000","1704","10000",1,0,0,0,0
"C4001","1704","10000",1,0,0,0,0
"C4002","1704","10000",1,0,0,0,0
"C4010","1705","10000",1,0,0,0,0
"C4011","1705","10000",1,0,0,0,0
"C4012","1705","10000",1,0,0,0,0
"C4020","1707","10000",1,0,0,0,0
"C4021","1707","10000",1,0,0,0,0
"C4022","1707","10000",1,0,0,0,0
"C4030","1708","10000",1,0,0,0,0
"C4031","1708","10000",1,0,0,0,0
"C4032","1708","10000",1,0,0,0,0
"C4080","1709","10000",1,0,0,0,0
"C4081","1709","10000",1,0,0,0,0
"C4082","1709","10000",1,0,0,0,0
"C4090","1709","10000",1,0,0,0,0
"C4091","1709","10000",1,0,0,0,0
"C4092","1709","10000",1,0,0,0,0
"C410","1700","00000",0,0,0,0,0
"C411","1701","00000",0,0,0,0,0
"C412","1702","00000",0,0,0,0,0
"C413","1703","00000",0,0,0,0,0
"C414","1706","00000",0,0,0,0,0
"C419","1709","10000",1,0,0,0,0
"C430","1720","10000",1,0,0,0,0
"C4310","1721","10000",1,0,0,0,0
"C4311","1721","10000",1,0,0,0,0
"C4312","1721","10000",1,0,0,0,0
"C4320","1722","10000",1,0,0,0,0
"C4321","1722","10000",1,0,0,0,0
"C4322","1722","10000",1,0,0,0,0
"C4330","1723","10000",1,0,0,0,0
"C4331","1723","10000",1,0,0,0,0
"C4339","1723","10000",1,0,0,0,0
"C434","1724","10000",1,0,0,0,0
"C4351","1725","10000",1,0,0,0,0
"C4352","1725","10000",1,0,0,0,0
"C4359","1725","10000",1,0,0,0,0
"C4360","1726","10000",1,0,0,0,0
"C4361","1726","10000",1,0,0,0,0
"C4362","1726","10000",1,0,0,0,0
"C4370","1727","10000",1,0,0,0,0
"C4371","1727","10000",1,0,0,0,0
"C4372","1727","10000",1,0,0,0,0
"C438","1728","10000",1,0,0,0,0
"C439","1729","10000",1,0,0,0,0
"C4400","17300","00000",0,0,0,0,0
"C4401","17301","00000",0,0,0,0,0
"C4402","17302","00000",0,0,0,0,0
"C4409","17309","00000",0,0,0,0,0
"C44101","17310","10000",1,0,0,0,0
"C44102","17310","10000",1,0,0,0,0
"C44109","17310","10000",1,0,0,0,0
"C44111","17311","10000",1,0,0,0,0
"C44112","17311","10000",1,0,0,0,0
"C44119","17311","10000",1,0,0,0,0
"C44121","17312","10000",1,0,0,0,0
"C44122","17312","10000",1,0,0,0,0
"C44129","17312","10000",1,0,0,0,0
"C44191","17319","10000",1,0,0,0,0
"C44192","17319","10000",1,0,0,0,0
"C44199","17319","10000",1,0,0,0,0
"C44201","17320","10000",1,0,0,0,0
"C44202","17320","10000",1,0,0,0,0
"C44209","17320","10000",1,0,0,0,0
"C44211","17321","10000",1,0,0,0,0
"C44212","17321","10000",1,0,0,0,0
"C44219","17321","10000",1,0,0,0,0
"C44221","17322","10000",1,0,0,0,0
"C44222","17322","10000",1,0,0,0,0
"C44229","17322","10000",1,0,0,0,0
"C44291","17329","10000",1,0,0,0,0
"C44292","17329","10000",1,0,0,0,0
"C44299","17329","10000",1,0,0,0,0
"C44300","17330","10000",1,0,0,0,0
"C44301","17330","10000",1,0,0,0,0
"C44309","17330","10000",1,0,0,0,0
"C44310","17331","10000",1,0,0,0,0
"C44311","17331","10000",1,0,0,0,0
"C44319","17331","10000",1,0,0,0,0
"C44320","17332","10000",1,0,0,0,0
"C44321","17332","10000",1,0,0,0,0
"C44329","17332","10000",1,0,0,0,0
"C44390","17339","10000",1,0,0,0,0
"C44391","17339","10000",1,0,0,0,0
"C44399","17339","10000",1,0,0,0,0
"C4440","17340","00000",0,0,0,0,0
"C4441","17341","00000",0,0,0,0,0
"C4442","17342","00000",0,0,0,0,0
"C4449","17349","00000",0,0,0,0,0
"C44500","17350","10000",1,0,0,0,0
"C44501","17350","10000",1,0,0,0,0
"C44509","17350","10000",1,0,0,0,0
"C44510","17351","10000",1,0,0,0,0
"C44511","17351","10000",1,0,0,0,0
"C44519","17351","10000",1,0,0,0,0
"C44520","17352","10000",1,0,0,0,0
"C44521","17352","10000",1,0,0,0,0
"C44529","17352","10000",1,0,0,0,0
"C44590","17359","10000",1,0,0,0,0
"C44591","17359","10000",1,0,0,0,0
"C44599","17359","10000",1,0,0,0,0
"C44601","17360","10000",1,0,0,0,0
"C44602","17360","10000",1,0,0,0,0
"C44609","17360","10000",1,0,0,0,0
"C44611","17361","10000",1,0,0,0,0
"C44612","17361","10000",1,0,0,0,0
"C44619","17361","10000",1,0,0,0,0
"C44621","17362","10000",1,0,0,0,0
"C44622","17362","10000",1,0,0,0,0
"C44629","17362","10000",1,0,0,0,0
"C44691","17369","10000",1,0,0,0,0
"C44692","17369","10000",1,0,0,0,0
"C44699","17369","10000",1,0,0,0,0
"C44701","17370","10000",1,0,0,0,0
"C44702","17370","10000",1,0,0,0,0
"C44709","17370","10000",1,0,0,0,0
"C44711","17371","10000",1,0,0,0,0
"C44712","17371","10000",1,0,0,0,0
"C44719","17371","10000",1,0,0,0,0
"C44721","17372","10000",1,0,0,0,0
"C44722","17372","10000",1,0,0,0,0
"C44729","17372","10000",1,0,0,0,0
"C44791","17379","10000",1,0,0,0,0
"C44792","17379","10000",1,0,0,0,0
"C44799","17379","10000",1,0,0,0,0
"C4480","17380","10000",1,0,0,0,0
"C4481","17381","10000",1,0,0,0,0
"C4482","17382","10000",1,0,0,0,0
"C4489","17389","10000",1,0,0,0,0
"C4490","17390","00000",0,0,0,0,0
"C4491","17391","00000",0,0,0,0,0
"C4492","17392","00000",0,0,0,0,0
"C4499","17399","00000",0,0,0,0,0
"C450","1639","10000",1,0,0,0,0
"C451","1588","10000",1,0,0,0,0
"C452","1641","10000",1,0,0,0,0
"C457","1958","10000",1,0,0,0,0
"C459","1991","10000",1,0,0,0,0
"C460","1760","00000",0,0,0,0,0
"C461","1761","00000",0,0,0,0,0
"C462","1762","00000",0,0,0,0,0
"C463","1765","00000",0,0,0,0,0
"C464","1763","00000",0,0,0,0,0
"C4650","1764","10000",1,0,0,0,0
"C4651","1764","10000",1,0,0,0,0
"C4652","1764","10000",1,0,0,0,0
"C467","1768","00000",0,0,0,0,0
"C469","1769","00000",0,0,0,0,0
"C470","1710","10000",1,0,0,0,0
"C4710","1712","10000",1,0,0,0,0
"C4711","1712","10000",1,0,0,0,0
"C4712","1712","10000",1,0,0,0,0
"C4720","1713","10000",1,0,0,0,0
"C4721","1713","10000",1,0,0,0,0
"C4722","1713","10000",1,0,0,0,0
"C473","1714","10000",1,0,0,0,0
"C474","1715","10000",1,0,0,0,0
"C475","1716","10000",1,0,0,0,0
"C476","1717","10000",1,0,0,0,0
"C478","1718","10000",1,0,0,0,0
"C479","1719","10000",1,0,0,0,0
"C480","1580","00000",0,0,0,0,0
"C481","1588","10000",1,0,0,0,0
"C482","1589","00000",0,0,0,0,0
"C488","1588","10000",1,0,0,0,0
"C490","1710","10000",1,0,0,0,0
"C4910","1712","10000",1,0,0,0,0
"C4911","1712","10000",1,0,0,0,0
"C4912","1712","10000",1,0,0,0,0
"C4920","1713","10000",1,0,0,0,0
"C4921","1713","10000",1,0,0,0,0
"C4922","1713","10000",1,0,0,0,0
"C493","1714","10000",1,0,0,0,0
"C494","1715","10000",1,0,0,0,0
"C495","1716","10000",1,0,0,0,0
"C496","1717","10000",1,0,0,0,0
"C498","1718","10000",1,0,0,0,0
"C499","1719","10000",1,0,0,0,0
"C4A0","20931","10000",1,0,0,0,0
"C4A10","20931","10000",1,0,0,0,0
"C4A11","20931","10000",1,0,0,0,0
"C4A12","20931","10000",1,0,0,0,0
"C4A20","20931","10000",1,0,0,0,0
"C4A21","20931","10000",1,0,0,0,0
"C4A22","20931","10000",1,0,0,0,0
"C4A30","20931","10000",1,0,0,0,0
"C4A31","20931","10000",1,0,0,0,0
"C4A39","20931","10000",1,0,0,0,0
"C4A4","20932","00000",0,0,0,0,0
"C4A51","20935","10000",1,0,0,0,0
"C4A52","20935","10000",1,0,0,0,0
"C4A59","20935","10000",1,0,0,0,0
"C4A60","20933","10000",1,0,0,0,0
"C4A61","20933","10000",1,0,0,0,0
"C4A62","20933","10000",1,0,0,0,0
"C4A70","20934","10000",1,0,0,0,0
"C4A71","20934","10000",1,0,0,0,0
"C4A72","20934","10000",1,0,0,0,0
"C4A8","20936","10000",1,0,0,0,0
"C4A9","20936","10000",1,0,0,0,0
"C50011","1740","10000",1,0,0,0,0
"C50012","1740","10000",1,0,0,0,0
"C50019","1740","10000",1,0,0,0,0
"C50021","1750","10000",1,0,0,0,0
"C50022","1750","10000",1,0,0,0,0
"C50029","1750","10000",1,0,0,0,0
"C50111","1741","10000",1,0,0,0,0
"C50112","1741","10000",1,0,0,0,0
"C50119","1741","10000",1,0,0,0,0
"C50121","1759","10000",1,0,0,0,0
"C50122","1759","10000",1,0,0,0,0
"C50129","1759","10000",1,0,0,0,0
"C50211","1742","10000",1,0,0,0,0
"C50212","1742","10000",1,0,0,0,0
"C50219","1742","10000",1,0,0,0,0
"C50221","1759","10000",1,0,0,0,0
"C50222","1759","10000",1,0,0,0,0
"C50229","1759","10000",1,0,0,0,0
"C50311","1743","10000",1,0,0,0,0
"C50312","1743","10000",1,0,0,0,0
"C50319","1743","10000",1,0,0,0,0
"C50321","1759","10000",1,0,0,0,0
"C50322","1759","10000",1,0,0,0,0
"C50329","1759","10000",1,0,0,0,0
"C50411","1744","10000",1,0,0,0,0
"C50412","1744","10000",1,0,0,0,0
"C50419","1744","10000",1,0,0,0,0
"C50421","1759","10000",1,0,0,0,0
"C50422","1759","10000",1,0,0,0,0
"C50429","1759","10000",1,0,0,0,0
"C50511","1745","10000",1,0,0,0,0
"C50512","1745","10000",1,0,0,0,0
"C50519","1745","10000",1,0,0,0,0
"C50521","1759","10000",1,0,0,0,0
"C50522","1759","10000",1,0,0,0,0
"C50529","1759","10000",1,0,0,0,0
"C50611","1746","10000",1,0,0,0,0
"C50612","1746","10000",1,0,0,0,0
"C50619","1746","10000",1,0,0,0,0
"C50621","1759","10000",1,0,0,0,0
"C50622","1759","10000",1,0,0,0,0
"C50629","1759","10000",1,0,0,0,0
"C50811","1748","10000",1,0,0,0,0
"C50812","1748","10000",1,0,0,0,0
"C50819","1748","10000",1,0,0,0,0
"C50821","1759","10000",1,0,0,0,0
"C50822","1759","10000",1,0,0,0,0
"C50829","1759","10000",1,0,0,0,0
"C50911","1749","10000",1,0,0,0,0
"C50912","1749","10000",1,0,0,0,0
"C50919","1749","10000",1,0,0,0,0
"C50921","1759","10000",1,0,0,0,0
"C50922","1759","10000",1,0,0,0,0
"C50929","1759","10000",1,0,0,0,0
"C510","1841","00000",0,0,0,0,0
"C511","1842","00000",0,0,0,0,0
"C512","1843","00000",0,0,0,0,0
"C518","1848","10000",1,0,0,0,0
"C519","1844","00000",0,0,0,0,0
"C52","1840","00000",0,0,0,0,0
"C530","1800","00000",0,0,0,0,0
"C531","1801","00000",0,0,0,0,0
"C538","1808","00000",0,0,0,0,0
"C539","1809","00000",0,0,0,0,0
"C540","1821","00000",0,0,0,0,0
"C541","1820","10000",1,0,0,0,0
"C542","1820","10000",1,0,0,0,0
"C543","1820","10000",1,0,0,0,0
"C548","1828","00000",0,0,0,0,0
"C549","1820","10000",1,0,0,0,0
"C55","179","00000",0,0,0,0,0
"C561","1830","10000",1,0,0,0,0
"C562","1830","10000",1,0,0,0,0
"C569","1830","10000",1,0,0,0,0
"C5700","1832","10000",1,0,0,0,0
"C5701","1832","10000",1,0,0,0,0
"C5702","1832","10000",1,0,0,0,0
"C5710","1833","10000",1,0,0,0,0
"C5711","1833","10000",1,0,0,0,0
"C5712","1833","10000",1,0,0,0,0
"C5720","1835","10000",1,0,0,0,0
"C5721","1835","10000",1,0,0,0,0
"C5722","1835","10000",1,0,0,0,0
"C573","1834","00000",0,0,0,0,0
"C574","1839","10000",1,0,0,0,0
"C577","1848","10000",1,0,0,0,0
"C578","1848","10000",1,0,0,0,0
"C579","1849","00000",0,0,0,0,0
"C58","181","00000",0,0,0,0,0
"C600","1871","00000",0,0,0,0,0
"C601","1872","00000",0,0,0,0,0
"C602","1873","00000",0,0,0,0,0
"C608","1878","10000",1,0,0,0,0
"C609","1874","00000",0,0,0,0,0
"C61","185","00000",0,0,0,0,0
"C6200","1860","10000",1,0,0,0,0
"C6201","1860","10000",1,0,0,0,0
"C6202","1860","10000",1,0,0,0,0
"C6210","1869","10000",1,0,0,0,0
"C6211","1869","10000",1,0,0,0,0
"C6212","1869","10000",1,0,0,0,0
"C6290","1869","10000",1,0,0,0,0
"C6291","1869","10000",1,0,0,0,0
"C6292","1869","10000",1,0,0,0,0
"C6300","1875","10000",1,0,0,0,0
"C6301","1875","10000",1,0,0,0,0
"C6302","1875","10000",1,0,0,0,0
"C6310","1876","10000",1,0,0,0,0
"C6311","1876","10000",1,0,0,0,0
"C6312","1876","10000",1,0,0,0,0
"C632","1877","00000",0,0,0,0,0
"C637","1878","10000",1,0,0,0,0
"C638","1878","10000",1,0,0,0,0
"C639","1879","00000",0,0,0,0,0
"C641","1890","10000",1,0,0,0,0
"C642","1890","10000",1,0,0,0,0
"C649","1890","10000",1,0,0,0,0
"C651","1891","10000",1,0,0,0,0
"C652","1891","10000",1,0,0,0,0
"C659","1891","10000",1,0,0,0,0
"C661","1892","10000",1,0,0,0,0
"C662","1892","10000",1,0,0,0,0
"C669","1892","10000",1,0,0,0,0
"C670","1880","00000",0,0,0,0,0
"C671","1881","00000",0,0,0,0,0
"C672","1882","00000",0,0,0,0,0
"C673","1883","00000",0,0,0,0,0
"C674","1884","00000",0,0,0,0,0
"C675","1885","00000",0,0,0,0,0
"C676","1886","00000",0,0,0,0,0
"C677","1887","00000",0,0,0,0,0
"C678","1888","00000",0,0,0,0,0
"C679","1889","00000",0,0,0,0,0
"C680","1893","00000",0,0,0,0,0
"C681","1894","00000",0,0,0,0,0
"C688","1898","00000",0,0,0,0,0
"C689","1899","00000",0,0,0,0,0
"C6900","1903","10000",1,0,0,0,0
"C6901","1903","10000",1,0,0,0,0
"C6902","1903","10000",1,0,0,0,0
"C6910","1904","10000",1,0,0,0,0
"C6911","1904","10000",1,0,0,0,0
"C6912","1904","10000",1,0,0,0,0
"C6920","1905","10000",1,0,0,0,0
"C6921","1905","10000",1,0,0,0,0
"C6922","1905","10000",1,0,0,0,0
"C6930","1906","10000",1,0,0,0,0
"C6931","1906","10000",1,0,0,0,0
"C6932","1906","10000",1,0,0,0,0
"C6940","1900","10000",1,0,0,0,0
"C6941","1900","10000",1,0,0,0,0
"C6942","1900","10000",1,0,0,0,0
"C6950","1902","10000",1,0,0,0,0
"C6950","1907","10000",1,0,0,0,0
"C6951","1902","10000",1,0,0,0,0
"C6951","1907","10000",1,0,0,0,0
"C6952","1902","10000",1,0,0,0,0
"C6952","1907","10000",1,0,0,0,0
"C6960","1901","10000",1,0,0,0,0
"C6961","1901","10000",1,0,0,0,0
"C6962","1901","10000",1,0,0,0,0
"C6980","1908","10000",1,0,0,0,0
"C6981","1908","10000",1,0,0,0,0
"C6982","1908","10000",1,0,0,0,0
"C6990","1909","10000",1,0,0,0,0
"C6991","1909","10000",1,0,0,0,0
"C6992","1909","10000",1,0,0,0,0
"C700","1921","10000",1,0,0,0,0
"C701","1923","00000",0,0,0,0,0
"C709","1921","10000",1,0,0,0,0
"C710","1910","00000",0,0,0,0,0
"C711","1911","00000",0,0,0,0,0
"C712","1912","00000",0,0,0,0,0
"C713","1913","00000",0,0,0,0,0
"C714","1914","00000",0,0,0,0,0
"C715","1915","00000",0,0,0,0,0
"C716","1916","00000",0,0,0,0,0
"C717","1917","00000",0,0,0,0,0
"C718","1918","00000",0,0,0,0,0
"C719","1919","00000",0,0,0,0,0
"C720","1922","10000",1,0,0,0,0
"C721","1922","10000",1,0,0,0,0
"C7220","1920","10000",1,0,0,0,0
"C7221","1920","10000",1,0,0,0,0
"C7222","1920","10000",1,0,0,0,0
"C7230","1920","10000",1,0,0,0,0
"C7231","1920","10000",1,0,0,0,0
"C7232","1920","10000",1,0,0,0,0
"C7240","1920","10000",1,0,0,0,0
"C7241","1920","10000",1,0,0,0,0
"C7242","1920","10000",1,0,0,0,0
"C7250","1920","10000",1,0,0,0,0
"C7259","1920","10000",1,0,0,0,0
"C729","1928","10000",1,0,0,0,0
"C729","1929","10000",1,0,0,0,0
"C73","193","00000",0,0,0,0,0
"C7400","1940","10000",1,0,0,0,0
"C7401","1940","10000",1,0,0,0,0
"C7402","1940","10000",1,0,0,0,0
"C7410","1940","10000",1,0,0,0,0
"C7411","1940","10000",1,0,0,0,0
"C7412","1940","10000",1,0,0,0,0
"C7490","1940","10000",1,0,0,0,0
"C7491","1940","10000",1,0,0,0,0
"C7492","1940","10000",1,0,0,0,0
"C750","1941","00000",0,0,0,0,0
"C751","1943","10000",1,0,0,0,0
"C752","1943","10000",1,0,0,0,0
"C753","1944","00000",0,0,0,0,0
"C754","1945","00000",0,0,0,0,0
"C755","1946","00000",0,0,0,0,0
"C758","1948","00000",0,0,0,0,0
"C759","1949","00000",0,0,0,0,0
"C760","1950","00000",0,0,0,0,0
"C761","1951","00000",0,0,0,0,0
"C762","1952","00000",0,0,0,0,0
"C763","1953","00000",0,0,0,0,0
"C7640","1954","10000",1,0,0,0,0
"C7641","1954","10000",1,0,0,0,0
"C7642","1954","10000",1,0,0,0,0
"C7650","1955","10000",1,0,0,0,0
"C7651","1955","10000",1,0,0,0,0
"C7652","1955","10000",1,0,0,0,0
"C768","1958","10000",1,0,0,0,0
"C770","1960","00000",0,0,0,0,0
"C771","1961","00000",0,0,0,0,0
"C772","1962","00000",0,0,0,0,0
"C773","1963","00000",0,0,0,0,0
"C774","1965","00000",0,0,0,0,0
"C775","1966","00000",0,0,0,0,0
"C778","1968","00000",0,0,0,0,0
"C779","1969","00000",0,0,0,0,0
"C7800","1970","10000",1,0,0,0,0
"C7801","1970","10000",1,0,0,0,0
"C7802","1970","10000",1,0,0,0,0
"C781","1971","00000",0,0,0,0,0
"C782","1972","00000",0,0,0,0,0
"C7830","1973","10000",1,0,0,0,0
"C7839","1973","10000",1,0,0,0,0
"C784","1974","00000",0,0,0,0,0
"C785","1975","00000",0,0,0,0,0
"C786","1976","00000",0,0,0,0,0
"C787","1977","10000",1,0,0,0,0
"C787","1978","10000",1,0,0,0,0
"C7880","1978","10000",1,0,0,0,0
"C7889","1978","10000",1,0,0,0,0
"C7900","1980","10000",1,0,0,0,0
"C7901","1980","10000",1,0,0,0,0
"C7902","1980","10000",1,0,0,0,0
"C7910","1981","10000",1,0,0,0,0
"C7911","1981","10000",1,0,0,0,0
"C7919","1981","10000",1,0,0,0,0
"C792","1982","00000",0,0,0,0,0
"C7931","1983","10000",1,0,0,0,0
"C7932","1984","10000",1,0,0,0,0
"C7940","1984","10000",1,0,0,0,0
"C7949","1984","10000",1,0,0,0,0
"C7951","1985","10000",1,0,0,0,0
"C7952","1985","10000",1,0,0,0,0
"C7960","1986","10000",1,0,0,0,0
"C7961","1986","10000",1,0,0,0,0
"C7962","1986","10000",1,0,0,0,0
"C7970","1987","10000",1,0,0,0,0
"C7971","1987","10000",1,0,0,0,0
"C7972","1987","10000",1,0,0,0,0
"C7981","19881","00000",0,0,0,0,0
"C7982","19882","00000",0,0,0,0,0
"C7989","19889","10000",1,0,0,0,0
"C799","19889","10000",1,0,0,0,0
"C7A00","20920","00000",0,0,0,0,0
"C7A010","20901","00000",0,0,0,0,0
"C7A011","20902","00000",0,0,0,0,0
"C7A012","20903","00000",0,0,0,0,0
"C7A019","20900","00000",0,0,0,0,0
"C7A020","20911","00000",0,0,0,0,0
"C7A021","20912","00000",0,0,0,0,0
"C7A022","20913","00000",0,0,0,0,0
"C7A023","20914","00000",0,0,0,0,0
"C7A024","20915","00000",0,0,0,0,0
"C7A025","20916","00000",0,0,0,0,0
"C7A026","20917","00000",0,0,0,0,0
"C7A029","20910","00000",0,0,0,0,0
"C7A090","20921","00000",0,0,0,0,0
"C7A091","20922","00000",0,0,0,0,0
"C7A092","20923","00000",0,0,0,0,0
"C7A093","20924","00000",0,0,0,0,0
"C7A094","20925","00000",0,0,0,0,0
"C7A095","20926","00000",0,0,0,0,0
"C7A096","20927","00000",0,0,0,0,0
"C7A098","20929","00000",0,0,0,0,0
"C7A1","20930","10000",1,0,0,0,0
"C7A8","20930","10000",1,0,0,0,0
"C7B00","20970","10000",1,0,0,0,0
"C7B01","20971","10000",1,0,0,0,0
"C7B02","20972","10000",1,0,0,0,0
"C7B03","20973","10000",1,0,0,0,0
"C7B04","20974","10000",1,0,0,0,0
"C7B09","20979","10000",1,0,0,0,0
"C7B1","20975","10000",1,0,0,0,0
"C7B8","20979","10000",1,0,0,0,0
"C800","1990","00000",0,0,0,0,0
"C801","1991","10000",1,0,0,0,0
"C802","1992","00000",0,0,0,0,0
"C8100","20140","10000",1,0,0,0,0
"C8101","20141","10000",1,0,0,0,0
"C8102","20142","10000",1,0,0,0,0
"C8103","20143","10000",1,0,0,0,0
"C8104","20144","10000",1,0,0,0,0
"C8105","20145","10000",1,0,0,0,0
"C8106","20146","10000",1,0,0,0,0
"C8107","20147","10000",1,0,0,0,0
"C8108","20148","10000",1,0,0,0,0
"C8109","20140","10000",1,0,0,0,0
"C8110","20150","10000",1,0,0,0,0
"C8111","20151","00000",0,0,0,0,0
"C8112","20152","00000",0,0,0,0,0
"C8113","20153","00000",0,0,0,0,0
"C8114","20154","00000",0,0,0,0,0
"C8115","20155","00000",0,0,0,0,0
"C8116","20156","00000",0,0,0,0,0
"C8117","20157","00000",0,0,0,0,0
"C8118","20158","00000",0,0,0,0,0
"C8119","20150","10000",1,0,0,0,0
"C8120","20160","10000",1,0,0,0,0
"C8121","20161","00000",0,0,0,0,0
"C8122","20162","00000",0,0,0,0,0
"C8123","20163","00000",0,0,0,0,0
"C8124","20164","00000",0,0,0,0,0
"C8125","20165","00000",0,0,0,0,0
"C8126","20166","00000",0,0,0,0,0
"C8127","20167","00000",0,0,0,0,0
"C8128","20168","00000",0,0,0,0,0
"C8129","20160","10000",1,0,0,0,0
"C8130","20170","10000",1,0,0,0,0
"C8131","20171","00000",0,0,0,0,0
"C8132","20172","00000",0,0,0,0,0
"C8133","20173","00000",0,0,0,0,0
"C8134","20174","00000",0,0,0,0,0
"C8135","20175","00000",0,0,0,0,0
"C8136","20176","00000",0,0,0,0,0
"C8137","20177","00000",0,0,0,0,0
"C8138","20178","00000",0,0,0,0,0
"C8139","20170","10000",1,0,0,0,0
"C8140","20140","10000",1,0,0,0,0
"C8141","20141","10000",1,0,0,0,0
"C8142","20142","10000",1,0,0,0,0
"C8143","20143","10000",1,0,0,0,0
"C8144","20144","10000",1,0,0,0,0
"C8145","20145","10000",1,0,0,0,0
"C8146","20146","10000",1,0,0,0,0
"C8147","20147","10000",1,0,0,0,0
"C8148","20148","10000",1,0,0,0,0
"C8149","20140","10000",1,0,0,0,0
"C8170","20100","10000",1,0,0,0,0
"C8170","20110","10000",1,0,0,0,0
"C8170","20120","10000",1,0,0,0,0
"C8171","20101","10000",1,0,0,0,0
"C8171","20111","10000",1,0,0,0,0
"C8171","20121","10000",1,0,0,0,0
"C8172","20102","10000",1,0,0,0,0
"C8172","20112","10000",1,0,0,0,0
"C8172","20122","10000",1,0,0,0,0
"C8173","20103","10000",1,0,0,0,0
"C8173","20113","10000",1,0,0,0,0
"C8173","20123","10000",1,0,0,0,0
"C8174","20104","10000",1,0,0,0,0
"C8174","20114","10000",1,0,0,0,0
"C8174","20124","10000",1,0,0,0,0
"C8175","20105","10000",1,0,0,0,0
"C8175","20115","10000",1,0,0,0,0
"C8175","20125","10000",1,0,0,0,0
"C8176","20106","10000",1,0,0,0,0
"C8176","20116","10000",1,0,0,0,0
"C8176","20126","10000",1,0,0,0,0
"C8177","20107","10000",1,0,0,0,0
"C8177","20117","10000",1,0,0,0,0
"C8177","20127","10000",1,0,0,0,0
"C8178","20108","10000",1,0,0,0,0
"C8178","20118","10000",1,0,0,0,0
"C8178","20128","10000",1,0,0,0,0
"C8179","20100","10000",1,0,0,0,0
"C8179","20110","10000",1,0,0,0,0
"C8179","20120","10000",1,0,0,0,0
"C8190","20190","10000",1,0,0,0,0
"C8191","20191","00000",0,0,0,0,0
"C8192","20192","00000",0,0,0,0,0
"C8193","20193","00000",0,0,0,0,0
"C8194","20194","00000",0,0,0,0,0
"C8195","20195","00000",0,0,0,0,0
"C8196","20196","00000",0,0,0,0,0
"C8197","20197","00000",0,0,0,0,0
"C8198","20198","00000",0,0,0,0,0
"C8199","20190","10000",1,0,0,0,0
"C8200","20200","10000",1,0,0,0,0
"C8201","20201","10000",1,0,0,0,0
"C8202","20202","10000",1,0,0,0,0
"C8203","20203","10000",1,0,0,0,0
"C8204","20204","10000",1,0,0,0,0
"C8205","20205","10000",1,0,0,0,0
"C8206","20206","10000",1,0,0,0,0
"C8207","20207","10000",1,0,0,0,0
"C8208","20208","10000",1,0,0,0,0
"C8209","20200","10000",1,0,0,0,0
"C8210","20200","10000",1,0,0,0,0
"C8211","20201","10000",1,0,0,0,0
"C8212","20202","10000",1,0,0,0,0
"C8213","20203","10000",1,0,0,0,0
"C8214","20204","10000",1,0,0,0,0
"C8215","20205","10000",1,0,0,0,0
"C8216","20206","10000",1,0,0,0,0
"C8217","20207","10000",1,0,0,0,0
"C8218","20208","10000",1,0,0,0,0
"C8219","20200","10000",1,0,0,0,0
"C8220","20200","10000",1,0,0,0,0
"C8221","20201","10000",1,0,0,0,0
"C8222","20202","10000",1,0,0,0,0
"C8223","20203","10000",1,0,0,0,0
"C8224","20204","10000",1,0,0,0,0
"C8225","20205","10000",1,0,0,0,0
"C8226","20206","10000",1,0,0,0,0
"C8227","20207","10000",1,0,0,0,0
"C8228","20208","10000",1,0,0,0,0
"C8229","20200","10000",1,0,0,0,0
"C8230","20200","10000",1,0,0,0,0
"C8231","20201","10000",1,0,0,0,0
"C8232","20202","10000",1,0,0,0,0
"C8233","20203","10000",1,0,0,0,0
"C8234","20204","10000",1,0,0,0,0
"C8235","20205","10000",1,0,0,0,0
"C8236","20206","10000",1,0,0,0,0
"C8237","20207","10000",1,0,0,0,0
"C8238","20208","10000",1,0,0,0,0
"C8239","20200","10000",1,0,0,0,0
"C8240","20200","10000",1,0,0,0,0
"C8241","20201","10000",1,0,0,0,0
"C8242","20202","10000",1,0,0,0,0
"C8243","20203","10000",1,0,0,0,0
"C8244","20204","10000",1,0,0,0,0
"C8245","20205","10000",1,0,0,0,0
"C8246","20206","10000",1,0,0,0,0
"C8247","20207","10000",1,0,0,0,0
"C8248","20208","10000",1,0,0,0,0
"C8249","20200","10000",1,0,0,0,0
"C8250","20280","10000",1,0,0,0,0
"C8251","20281","10000",1,0,0,0,0
"C8252","20282","10000",1,0,0,0,0
"C8253","20283","10000",1,0,0,0,0
"C8254","20284","10000",1,0,0,0,0
"C8255","20285","10000",1,0,0,0,0
"C8256","20286","10000",1,0,0,0,0
"C8257","20287","10000",1,0,0,0,0
"C8258","20288","10000",1,0,0,0,0
"C8259","20280","10000",1,0,0,0,0
"C8260","20200","10000",1,0,0,0,0
"C8261","20201","10000",1,0,0,0,0
"C8262","20202","10000",1,0,0,0,0
"C8263","20203","10000",1,0,0,0,0
"C8264","20204","10000",1,0,0,0,0
"C8265","20205","10000",1,0,0,0,0
"C8266","20206","10000",1,0,0,0,0
"C8267","20207","10000",1,0,0,0,0
"C8268","20208","10000",1,0,0,0,0
"C8269","20200","10000",1,0,0,0,0
"C8280","20200","10000",1,0,0,0,0
"C8281","20201","10000",1,0,0,0,0
"C8282","20202","10000",1,0,0,0,0
"C8283","20203","10000",1,0,0,0,0
"C8284","20204","10000",1,0,0,0,0
"C8285","20205","10000",1,0,0,0,0
"C8286","20206","10000",1,0,0,0,0
"C8287","20207","10000",1,0,0,0,0
"C8288","20208","10000",1,0,0,0,0
"C8289","20200","10000",1,0,0,0,0
"C8290","20200","10000",1,0,0,0,0
"C8291","20201","10000",1,0,0,0,0
"C8292","20202","10000",1,0,0,0,0
"C8293","20203","10000",1,0,0,0,0
"C8294","20204","10000",1,0,0,0,0
"C8295","20205","10000",1,0,0,0,0
"C8296","20206","10000",1,0,0,0,0
"C8297","20207","10000",1,0,0,0,0
"C8298","20208","10000",1,0,0,0,0
"C8299","20200","10000",1,0,0,0,0
"C8300","20080","10000",1,0,0,0,0
"C8301","20081","10000",1,0,0,0,0
"C8302","20082","10000",1,0,0,0,0
"C8303","20083","10000",1,0,0,0,0
"C8304","20084","10000",1,0,0,0,0
"C8305","20085","10000",1,0,0,0,0
"C8306","20086","10000",1,0,0,0,0
"C8307","20087","10000",1,0,0,0,0
"C8308","20088","10000",1,0,0,0,0
"C8309","20080","10000",1,0,0,0,0
"C8310","20040","10000",1,0,0,0,0
"C8311","20041","00000",0,0,0,0,0
"C8312","20042","00000",0,0,0,0,0
"C8313","20043","00000",0,0,0,0,0
"C8314","20044","00000",0,0,0,0,0
"C8315","20045","00000",0,0,0,0,0
"C8316","20046","00000",0,0,0,0,0
"C8317","20047","00000",0,0,0,0,0
"C8318","20048","00000",0,0,0,0,0
"C8319","20040","10000",1,0,0,0,0
"C8330","20000","10000",1,0,0,0,0
"C8331","20001","10000",1,0,0,0,0
"C8331","20071","10000",1,0,0,0,0
"C8332","20002","10000",1,0,0,0,0
"C8332","20072","10000",1,0,0,0,0
"C8333","20003","10000",1,0,0,0,0
"C8333","20073","10000",1,0,0,0,0
"C8334","20004","10000",1,0,0,0,0
"C8334","20074","10000",1,0,0,0,0
"C8335","20005","10000",1,0,0,0,0
"C8335","20075","10000",1,0,0,0,0
"C8336","20006","10000",1,0,0,0,0
"C8336","20076","10000",1,0,0,0,0
"C8337","20007","10000",1,0,0,0,0
"C8337","20077","10000",1,0,0,0,0
"C8338","20008","10000",1,0,0,0,0
"C8338","20078","10000",1,0,0,0,0
"C8339","20000","10000",1,0,0,0,0
"C8339","20050","10000",1,0,0,0,0
"C8339","20070","10000",1,0,0,0,0
"C8350","20010","10000",1,0,0,0,0
"C8351","20011","10000",1,0,0,0,0
"C8352","20012","10000",1,0,0,0,0
"C8353","20013","10000",1,0,0,0,0
"C8354","20014","10000",1,0,0,0,0
"C8355","20015","10000",1,0,0,0,0
"C8356","20016","10000",1,0,0,0,0
"C8357","20017","10000",1,0,0,0,0
"C8358","20018","10000",1,0,0,0,0
"C8359","20010","10000",1,0,0,0,0
"C8370","20020","10000",1,0,0,0,0
"C8371","20021","00000",0,0,0,0,0
"C8372","20022","00000",0,0,0,0,0
"C8373","20023","00000",0,0,0,0,0
"C8374","20024","00000",0,0,0,0,0
"C8375","20025","00000",0,0,0,0,0
"C8376","20026","00000",0,0,0,0,0
"C8377","20027","00000",0,0,0,0,0
"C8378","20028","00000",0,0,0,0,0
"C8379","20020","10000",1,0,0,0,0
"C8380","20030","10000",1,0,0,0,0
"C8380","20050","10000",1,0,0,0,0
"C8380","20080","10000",1,0,0,0,0
"C8381","20051","10000",1,0,0,0,0
"C8381","20081","10000",1,0,0,0,0
"C8382","20052","10000",1,0,0,0,0
"C8382","20082","10000",1,0,0,0,0
"C8383","20053","10000",1,0,0,0,0
"C8383","20083","10000",1,0,0,0,0
"C8384","20054","10000",1,0,0,0,0
"C8384","20084","10000",1,0,0,0,0
"C8385","20055","10000",1,0,0,0,0
"C8385","20085","10000",1,0,0,0,0
"C8386","20056","10000",1,0,0,0,0
"C8386","20086","10000",1,0,0,0,0
"C8387","20057","10000",1,0,0,0,0
"C8387","20087","10000",1,0,0,0,0
"C8388","20058","10000",1,0,0,0,0
"C8388","20088","10000",1,0,0,0,0
"C8389","20030","10000",1,0,0,0,0
"C8389","20050","10000",1,0,0,0,0
"C8389","20080","10000",1,0,0,0,0
"C8390","20080","10000",1,0,0,0,0
"C8391","20081","10000",1,0,0,0,0
"C8392","20082","10000",1,0,0,0,0
"C8393","20083","10000",1,0,0,0,0
"C8394","20084","10000",1,0,0,0,0
"C8395","20085","10000",1,0,0,0,0
"C8396","20086","10000",1,0,0,0,0
"C8397","20087","10000",1,0,0,0,0
"C8398","20088","10000",1,0,0,0,0
"C8399","20080","10000",1,0,0,0,0
"C8400","20210","10000",1,0,0,0,0
"C8401","20211","10000",1,0,0,0,0
"C8402","20212","10000",1,0,0,0,0
"C8403","20213","10000",1,0,0,0,0
"C8404","20214","10000",1,0,0,0,0
"C8405","20215","10000",1,0,0,0,0
"C8406","20216","10000",1,0,0,0,0
"C8407","20217","10000",1,0,0,0,0
"C8408","20218","10000",1,0,0,0,0
"C8409","20210","10000",1,0,0,0,0
"C8410","20220","10000",1,0,0,0,0
"C8411","20221","00000",0,0,0,0,0
"C8412","20222","00000",0,0,0,0,0
"C8413","20223","00000",0,0,0,0,0
"C8414","20224","00000",0,0,0,0,0
"C8415","20225","00000",0,0,0,0,0
"C8416","20226","00000",0,0,0,0,0
"C8417","20227","00000",0,0,0,0,0
"C8418","20228","00000",0,0,0,0,0
"C8419","20220","10000",1,0,0,0,0
"C8440","20270","10000",1,0,0,0,0
"C8441","20271","10000",1,0,0,0,0
"C8442","20272","10000",1,0,0,0,0
"C8443","20273","10000",1,0,0,0,0
"C8444","20274","10000",1,0,0,0,0
"C8445","20275","10000",1,0,0,0,0
"C8446","20276","10000",1,0,0,0,0
"C8447","20277","10000",1,0,0,0,0
"C8448","20278","10000",1,0,0,0,0
"C8449","20270","10000",1,0,0,0,0
"C8460","20060","10000",1,0,0,0,0
"C8461","20061","10000",1,0,0,0,0
"C8462","20062","10000",1,0,0,0,0
"C8463","20063","10000",1,0,0,0,0
"C8464","20064","10000",1,0,0,0,0
"C8465","20065","10000",1,0,0,0,0
"C8466","20066","10000",1,0,0,0,0
"C8467","20067","10000",1,0,0,0,0
"C8468","20068","10000",1,0,0,0,0
"C8469","20060","10000",1,0,0,0,0
"C8470","20060","10000",1,0,0,0,0
"C8471","20061","10000",1,0,0,0,0
"C8472","20062","10000",1,0,0,0,0
"C8473","20063","10000",1,0,0,0,0
"C8474","20064","10000",1,0,0,0,0
"C8475","20065","10000",1,0,0,0,0
"C8476","20066","10000",1,0,0,0,0
"C8477","20067","10000",1,0,0,0,0
"C8478","20068","10000",1,0,0,0,0
"C8479","20060","10000",1,0,0,0,0
"C8490","20280","10000",1,0,0,0,0
"C8491","20281","10000",1,0,0,0,0
"C8492","20282","10000",1,0,0,0,0
"C8493","20283","10000",1,0,0,0,0
"C8494","20284","10000",1,0,0,0,0
"C8495","20285","10000",1,0,0,0,0
"C8496","20286","10000",1,0,0,0,0
"C8497","20287","10000",1,0,0,0,0
"C8498","20288","10000",1,0,0,0,0
"C8499","20280","10000",1,0,0,0,0
"C84A0","20280","10000",1,0,0,0,0
"C84A1","20281","10000",1,0,0,0,0
"C84A2","20282","10000",1,0,0,0,0
"C84A3","20283","10000",1,0,0,0,0
"C84A4","20284","10000",1,0,0,0,0
"C84A5","20285","10000",1,0,0,0,0
"C84A6","20286","10000",1,0,0,0,0
"C84A7","20287","10000",1,0,0,0,0
"C84A8","20288","10000",1,0,0,0,0
"C84A9","20280","10000",1,0,0,0,0
"C84Z0","20280","10000",1,0,0,0,0
"C84Z1","20281","10000",1,0,0,0,0
"C84Z2","20282","10000",1,0,0,0,0
"C84Z3","20283","10000",1,0,0,0,0
"C84Z4","20284","10000",1,0,0,0,0
"C84Z5","20285","10000",1,0,0,0,0
"C84Z6","20286","10000",1,0,0,0,0
"C84Z7","20287","10000",1,0,0,0,0
"C84Z8","20288","10000",1,0,0,0,0
"C84Z9","20280","10000",1,0,0,0,0
"C8510","20280","10000",1,0,0,0,0
"C8511","20281","10000",1,0,0,0,0
"C8512","20282","10000",1,0,0,0,0
"C8513","20283","10000",1,0,0,0,0
"C8514","20284","10000",1,0,0,0,0
"C8515","20285","10000",1,0,0,0,0
"C8516","20286","10000",1,0,0,0,0
"C8517","20287","10000",1,0,0,0,0
"C8518","20288","10000",1,0,0,0,0
"C8519","20280","10000",1,0,0,0,0
"C8520","20070","10000",1,0,0,0,0
"C8520","20280","10000",1,0,0,0,0
"C8521","20071","10000",1,0,0,0,0
"C8521","20281","10000",1,0,0,0,0
"C8522","20072","10000",1,0,0,0,0
"C8522","20282","10000",1,0,0,0,0
"C8523","20073","10000",1,0,0,0,0
"C8523","20283","10000",1,0,0,0,0
"C8524","20074","10000",1,0,0,0,0
"C8524","20284","10000",1,0,0,0,0
"C8525","20075","10000",1,0,0,0,0
"C8525","20285","10000",1,0,0,0,0
"C8526","20076","10000",1,0,0,0,0
"C8526","20286","10000",1,0,0,0,0
"C8527","20077","10000",1,0,0,0,0
"C8527","20287","10000",1,0,0,0,0
"C8528","20078","10000",1,0,0,0,0
"C8528","20288","10000",1,0,0,0,0
"C8529","20070","10000",1,0,0,0,0
"C8529","20280","10000",1,0,0,0,0
"C8580","20280","10000",1,0,0,0,0
"C8581","20281","10000",1,0,0,0,0
"C8582","20282","10000",1,0,0,0,0
"C8583","20283","10000",1,0,0,0,0
"C8584","20284","10000",1,0,0,0,0
"C8585","20285","10000",1,0,0,0,0
"C8586","20286","10000",1,0,0,0,0
"C8587","20287","10000",1,0,0,0,0
"C8588","20288","10000",1,0,0,0,0
"C8589","20280","10000",1,0,0,0,0
"C8590","20280","10000",1,0,0,0,0
"C8591","20281","10000",1,0,0,0,0
"C8592","20282","10000",1,0,0,0,0
"C8593","20283","10000",1,0,0,0,0
"C8594","20284","10000",1,0,0,0,0
"C8595","20285","10000",1,0,0,0,0
"C8596","20286","10000",1,0,0,0,0
"C8597","20287","10000",1,0,0,0,0
"C8598","20288","10000",1,0,0,0,0
"C8599","20280","10000",1,0,0,0,0
"C860","20281","10000",1,0,0,0,0
"C861","20287","10000",1,0,0,0,0
"C862","20283","10000",1,0,0,0,0
"C863","20283","10000",1,0,0,0,0
"C864","20280","10000",1,0,0,0,0
"C865","20080","10000",1,0,0,0,0
"C866","20080","10000",1,0,0,0,0
"C880","2733","10000",1,0,0,0,0
"C882","20380","10000",1,0,0,0,0
"C882","20381","10000",1,0,0,0,0
"C883","20380","10000",1,0,0,0,0
"C884","20030","10000",1,0,0,0,0
"C888","20380","10000",1,0,0,0,0
"C888","23879","10000",1,0,0,0,0
"C889","20380","10000",1,0,0,0,0
"C9000","20300","00000",0,0,0,0,0
"C9001","20301","00000",0,0,0,0,0
"C9002","20302","00000",0,0,0,0,0
"C9010","20310","00000",0,0,0,0,0
"C9011","20311","00000",0,0,0,0,0
"C9012","20312","00000",0,0,0,0,0
"C9020","20380","10000",1,0,0,0,0
"C9021","20381","10000",1,0,0,0,0
"C9022","20382","10000",1,0,0,0,0
"C9030","20380","10000",1,0,0,0,0
"C9031","20381","10000",1,0,0,0,0
"C9032","20382","10000",1,0,0,0,0
"C9100","20400","00000",0,0,0,0,0
"C9101","20401","00000",0,0,0,0,0
"C9102","20402","00000",0,0,0,0,0
"C9110","20410","00000",0,0,0,0,0
"C9111","20411","00000",0,0,0,0,0
"C9112","20412","00000",0,0,0,0,0
"C9130","20480","10000",1,0,0,0,0
"C9131","20481","10000",1,0,0,0,0
"C9132","20482","10000",1,0,0,0,0
"C9140","20240","10000",1,0,0,0,0
"C9141","20240","10000",1,0,0,0,0
"C9142","20240","10000",1,0,0,0,0
"C9150","20480","10000",1,0,0,0,0
"C9151","20481","10000",1,0,0,0,0
"C9152","20482","10000",1,0,0,0,0
"C9160","20480","10000",1,0,0,0,0
"C9161","20481","10000",1,0,0,0,0
"C9162","20482","10000",1,0,0,0,0
"C9190","20490","00000",0,0,0,0,0
"C9191","20491","00000",0,0,0,0,0
"C9192","20492","00000",0,0,0,0,0
"C91A0","20480","10000",1,0,0,0,0
"C91A1","20481","10000",1,0,0,0,0
"C91A2","20482","10000",1,0,0,0,0
"C91Z0","20480","10000",1,0,0,0,0
"C91Z1","20481","10000",1,0,0,0,0
"C91Z2","20482","10000",1,0,0,0,0
"C9200","20500","10000",1,0,0,0,0
"C9201","20501","10000",1,0,0,0,0
"C9202","20502","10000",1,0,0,0,0
"C9210","20510","10000",1,0,0,0,0
"C9211","20511","10000",1,0,0,0,0
"C9212","20512","10000",1,0,0,0,0
"C9220","20520","10000",1,0,0,0,0
"C9221","20521","10000",1,0,0,0,0
"C9222","20522","10000",1,0,0,0,0
"C9230","20530","00000",0,0,0,0,0
"C9231","20531","00000",0,0,0,0,0
"C9232","20532","00000",0,0,0,0,0
"C9240","20500","10000",1,0,0,0,0
"C9241","20501","10000",1,0,0,0,0
"C9242","20502","10000",1,0,0,0,0
"C9250","20500","10000",1,0,0,0,0
"C9251","20501","10000",1,0,0,0,0
"C9252","20502","10000",1,0,0,0,0
"C9260","20500","10000",1,0,0,0,0
"C9261","20501","10000",1,0,0,0,0
"C9262","20502","10000",1,0,0,0,0
"C9290","20590","00000",0,0,0,0,0
"C9291","20591","00000",0,0,0,0,0
"C9292","20592","00000",0,0,0,0,0
"C92A0","20500","10000",1,0,0,0,0
"C92A1","20501","10000",1,0,0,0,0
"C92A2","20502","10000",1,0,0,0,0
"C92Z0","20580","10000",1,0,0,0,0
"C92Z1","20581","10000",1,0,0,0,0
"C92Z2","20582","10000",1,0,0,0,0
"C9300","20600","00000",0,0,0,0,0
"C9301","20601","00000",0,0,0,0,0
"C9302","20602","00000",0,0,0,0,0
"C9310","20610","00000",0,0,0,0,0
"C9311","20611","00000",0,0,0,0,0
"C9312","20612","00000",0,0,0,0,0
"C9330","20680","10000",1,0,0,0,0
"C9331","20681","10000",1,0,0,0,0
"C9332","20682","10000",1,0,0,0,0
"C9390","20620","10000",1,0,0,0,0
"C9390","20690","10000",1,0,0,0,0
"C9391","20621","10000",1,0,0,0,0
"C9391","20691","10000",1,0,0,0,0
"C9392","20622","10000",1,0,0,0,0
"C9392","20692","10000",1,0,0,0,0
"C93Z0","20680","10000",1,0,0,0,0
"C93Z1","20681","10000",1,0,0,0,0
"C93Z2","20682","10000",1,0,0,0,0
"C9400","20700","00000",0,0,0,0,0
"C9401","20701","00000",0,0,0,0,0
"C9402","20702","00000",0,0,0,0,0
"C9420","20720","10000",1,0,0,0,0
"C9421","20721","10000",1,0,0,0,0
"C9422","20722","10000",1,0,0,0,0
"C9430","20780","10000",1,0,0,0,0
"C9431","20781","10000",1,0,0,0,0
"C9432","20782","10000",1,0,0,0,0
"C9440","23879","10000",1,0,0,0,0
"C9441","23879","10000",1,0,0,0,0
"C9442","23879","10000",1,0,0,0,0
"C946","23879","10000",1,0,0,0,0
"C9480","20780","10000",1,0,0,0,0
"C9481","20781","10000",1,0,0,0,0
"C9482","20782","10000",1,0,0,0,0
"C9500","20800","00000",0,0,0,0,0
"C9501","20801","00000",0,0,0,0,0
"C9502","20802","00000",0,0,0,0,0
"C9510","20810","00000",0,0,0,0,0
"C9511","20811","00000",0,0,0,0,0
"C9512","20812","00000",0,0,0,0,0
"C9590","20820","10000",1,0,0,0,0
"C9590","20880","10000",1,0,0,0,0
"C9590","20890","10000",1,0,0,0,0
"C9591","20821","10000",1,0,0,0,0
"C9591","20881","10000",1,0,0,0,0
"C9591","20891","10000",1,0,0,0,0
"C9592","20822","10000",1,0,0,0,0
"C9592","20882","10000",1,0,0,0,0
"C9592","20892","10000",1,0,0,0,0
"C960","20250","10000",1,0,0,0,0
"C962","20260","10000",1,0,0,0,0
"C964","20290","10000",1,0,0,0,0
"C965","27789","10000",1,0,0,0,0
"C966","27789","10000",1,0,0,0,0
"C969","20290","10000",1,0,0,0,0
"C969","20291","10000",1,0,0,0,0
"C969","20292","10000",1,0,0,0,0
"C969","20293","10000",1,0,0,0,0
"C969","20294","10000",1,0,0,0,0
"C969","20295","10000",1,0,0,0,0
"C969","20296","10000",1,0,0,0,0
"C969","20297","10000",1,0,0,0,0
"C969","20298","10000",1,0,0,0,0
"C96A","20230","10000",1,0,0,0,0
"C96Z","20290","10000",1,0,0,0,0
"D0000","2300","10000",1,0,0,0,0
"D0001","2300","10000",1,0,0,0,0
"D0002","2300","10000",1,0,0,0,0
"D0003","2300","10000",1,0,0,0,0
"D0004","2300","10000",1,0,0,0,0
"D0005","2300","10000",1,0,0,0,0
"D0006","2300","10000",1,0,0,0,0
"D0007","2300","10000",1,0,0,0,0
"D0008","2300","10000",1,0,0,0,0
"D001","2301","00000",0,0,0,0,0
"D002","2302","00000",0,0,0,0,0
"D010","2303","00000",0,0,0,0,0
"D011","2304","10000",1,0,0,0,0
"D012","2304","10000",1,0,0,0,0
"D013","2305","10000",1,0,0,0,0
"D013","2306","10000",1,0,0,0,0
"D0140","2307","10000",1,0,0,0,0
"D0149","2307","10000",1,0,0,0,0
"D015","2308","00000",0,0,0,0,0
"D017","2309","10000",1,0,0,0,0
"D019","2309","10000",1,0,0,0,0
"D020","2310","00000",0,0,0,0,0
"D021","2311","00000",0,0,0,0,0
"D0220","2312","10000",1,0,0,0,0
"D0221","2312","10000",1,0,0,0,0
"D0222","2312","10000",1,0,0,0,0
"D023","2318","10000",1,0,0,0,0
"D024","2319","00000",0,0,0,0,0
"D030","1720","10000",1,0,0,0,0
"D0310","1721","10000",1,0,0,0,0
"D0311","1721","10000",1,0,0,0,0
"D0312","1721","10000",1,0,0,0,0
"D0320","1722","10000",1,0,0,0,0
"D0321","1722","10000",1,0,0,0,0
"D0322","1722","10000",1,0,0,0,0
"D0330","1723","10000",1,0,0,0,0
"D0339","1723","10000",1,0,0,0,0
"D034","1724","10000",1,0,0,0,0
"D0351","1725","10000",1,0,0,0,0
"D0352","1725","10000",1,0,0,0,0
"D0359","1725","10000",1,0,0,0,0
"D0360","1726","10000",1,0,0,0,0
"D0361","1726","10000",1,0,0,0,0
"D0362","1726","10000",1,0,0,0,0
"D0370","1727","10000",1,0,0,0,0
"D0371","1727","10000",1,0,0,0,0
"D0372","1727","10000",1,0,0,0,0
"D038","1728","10000",1,0,0,0,0
"D039","1729","10000",1,0,0,0,0
"D040","2320","10000",1,0,0,0,0
"D0410","2321","10000",1,0,0,0,0
"D0411","2321","10000",1,0,0,0,0
"D0412","2321","10000",1,0,0,0,0
"D0420","2322","10000",1,0,0,0,0
"D0421","2322","10000",1,0,0,0,0
"D0422","2322","10000",1,0,0,0,0
"D0430","2323","10000",1,0,0,0,0
"D0439","2323","10000",1,0,0,0,0
"D044","2324","10000",1,0,0,0,0
"D045","2325","10000",1,0,0,0,0
"D0460","2326","10000",1,0,0,0,0
"D0461","2326","10000",1,0,0,0,0
"D0462","2326","10000",1,0,0,0,0
"D0470","2327","10000",1,0,0,0,0
"D0471","2327","10000",1,0,0,0,0
"D0472","2327","10000",1,0,0,0,0
"D048","2328","10000",1,0,0,0,0
"D049","2329","10000",1,0,0,0,0
"D0500","2330","10000",1,0,0,0,0
"D0501","2330","10000",1,0,0,0,0
"D0502","2330","10000",1,0,0,0,0
"D0510","2330","10000",1,0,0,0,0
"D0511","2330","10000",1,0,0,0,0
"D0512","2330","10000",1,0,0,0,0
"D0580","2330","10000",1,0,0,0,0
"D0581","2330","10000",1,0,0,0,0
"D0582","2330","10000",1,0,0,0,0
"D0590","2330","10000",1,0,0,0,0
"D0591","2330","10000",1,0,0,0,0
"D0592","2330","10000",1,0,0,0,0
"D060","2331","10000",1,0,0,0,0
"D061","2331","10000",1,0,0,0,0
"D067","2331","10000",1,0,0,0,0
"D069","2331","10000",1,0,0,0,0
"D070","2332","10000",1,0,0,0,0
"D071","23332","00000",0,0,0,0,0
"D072","23331","00000",0,0,0,0,0
"D0730","23330","00000",0,0,0,0,0
"D0739","23339","10000",1,0,0,0,0
"D074","2335","00000",0,0,0,0,0
"D075","2334","00000",0,0,0,0,0
"D0760","2336","10000",1,0,0,0,0
"D0761","2336","10000",1,0,0,0,0
"D0769","2336","10000",1,0,0,0,0
"D090","2337","00000",0,0,0,0,0
"D0910","2339","10000",1,0,0,0,0
"D0919","2339","10000",1,0,0,0,0
"D0920","2340","10000",1,0,0,0,0
"D0921","2340","10000",1,0,0,0,0
"D0922","2340","10000",1,0,0,0,0
"D093","2348","10000",1,0,0,0,0
"D098","2348","10000",1,0,0,0,0
"D099","2349","00000",0,0,0,0,0
"D100","2100","00000",0,0,0,0,0
"D101","2101","00000",0,0,0,0,0
"D102","2103","00000",0,0,0,0,0
"D1030","2104","10000",1,0,0,0,0
"D1039","2104","10000",1,0,0,0,0
"D104","2105","00000",0,0,0,0,0
"D105","2106","00000",0,0,0,0,0
"D106","2107","00000",0,0,0,0,0
"D107","2108","00000",0,0,0,0,0
"D109","2109","00000",0,0,0,0,0
"D110","2102","10000",1,0,0,0,0
"D117","2102","10000",1,0,0,0,0
"D119","2102","10000",1,0,0,0,0
"D120","2113","10000",1,0,0,0,0
"D121","2113","10000",1,0,0,0,0
"D122","2113","10000",1,0,0,0,0
"D123","2113","10000",1,0,0,0,0
"D124","2113","10000",1,0,0,0,0
"D125","2113","10000",1,0,0,0,0
"D126","2113","10000",1,0,0,0,0
"D127","2114","10000",1,0,0,0,0
"D128","2114","10000",1,0,0,0,0
"D129","2114","10000",1,0,0,0,0
"D130","2110","00000",0,0,0,0,0
"D131","2111","10000",1,0,0,0,0
"D132","2112","10000",1,0,0,0,0
"D1330","2112","10000",1,0,0,0,0
"D1339","2112","10000",1,0,0,0,0
"D134","2115","10000",1,0,0,0,0
"D135","2115","10000",1,0,0,0,0
"D136","2116","00000",0,0,0,0,0
"D137","2117","00000",0,0,0,0,0
"D139","2119","10000",1,0,0,0,0
"D140","2120","00000",0,0,0,0,0
"D141","2121","00000",0,0,0,0,0
"D142","2122","00000",0,0,0,0,0
"D1430","2123","10000",1,0,0,0,0
"D1431","2123","10000",1,0,0,0,0
"D1432","2123","10000",1,0,0,0,0
"D144","2129","10000",1,0,0,0,0
"D150","2126","00000",0,0,0,0,0
"D151","2127","00000",0,0,0,0,0
"D152","2125","00000",0,0,0,0,0
"D157","2128","10000",1,0,0,0,0
"D159","2129","10000",1,0,0,0,0
"D1600","2134","10000",1,0,0,0,0
"D1601","2134","10000",1,0,0,0,0
"D1602","2134","10000",1,0,0,0,0
"D1610","2135","10000",1,0,0,0,0
"D1611","2135","10000",1,0,0,0,0
"D1612","2135","10000",1,0,0,0,0
"D1620","2137","10000",1,0,0,0,0
"D1621","2137","10000",1,0,0,0,0
"D1622","2137","10000",1,0,0,0,0
"D1630","2138","10000",1,0,0,0,0
"D1631","2138","10000",1,0,0,0,0
"D1632","2138","10000",1,0,0,0,0
"D164","2130","00000",0,0,0,0,0
"D165","2131","00000",0,0,0,0,0
"D166","2132","00000",0,0,0,0,0
"D167","2133","00000",0,0,0,0,0
"D168","2136","00000",0,0,0,0,0
"D169","2139","00000",0,0,0,0,0
"D170","2140","10000",1,0,0,0,0
"D171","2141","10000",1,0,0,0,0
"D1720","2141","10000",1,0,0,0,0
"D1721","2141","10000",1,0,0,0,0
"D1722","2141","10000",1,0,0,0,0
"D1723","2141","10000",1,0,0,0,0
"D1724","2141","10000",1,0,0,0,0
"D1730","2141","10000",1,0,0,0,0
"D1739","2141","10000",1,0,0,0,0
"D174","2142","00000",0,0,0,0,0
"D175","2143","10000",1,0,0,0,0
"D176","2144","00000",0,0,0,0,0
"D1771","2143","10000",1,0,0,0,0
"D1772","2148","10000",1,0,0,0,0
"D1779","2148","10000",1,0,0,0,0
"D179","2149","00000",0,0,0,0,0
"D1800","22800","00000",0,0,0,0,0
"D1801","22801","00000",0,0,0,0,0
"D1802","22802","00000",0,0,0,0,0
"D1803","22804","00000",0,0,0,0,0
"D1809","22809","10000",1,0,0,0,0
"D181","2281","00000",0,0,0,0,0
"D190","2124","10000",1,0,0,0,0
"D191","2118","10000",1,0,0,0,0
"D197","2298","10000",1,0,0,0,0
"D199","2299","10000",1,0,0,0,0
"D200","2118","10000",1,0,0,0,0
"D201","2118","10000",1,0,0,0,0
"D210","2150","00000",0,0,0,0,0
"D2110","2152","10000",1,0,0,0,0
"D2111","2152","10000",1,0,0,0,0
"D2112","2152","10000",1,0,0,0,0
"D2120","2153","10000",1,0,0,0,0
"D2121","2153","10000",1,0,0,0,0
"D2122","2153","10000",1,0,0,0,0
"D213","2154","00000",0,0,0,0,0
"D214","2155","00000",0,0,0,0,0
"D215","2156","00000",0,0,0,0,0
"D216","2157","00000",0,0,0,0,0
"D219","2159","10000",1,0,0,0,0
"D220","2160","10000",1,0,0,0,0
"D2210","2161","10000",1,0,0,0,0
"D2211","2161","10000",1,0,0,0,0
"D2212","2161","10000",1,0,0,0,0
"D2220","2162","10000",1,0,0,0,0
"D2221","2162","10000",1,0,0,0,0
"D2222","2162","10000",1,0,0,0,0
"D2230","2163","10000",1,0,0,0,0
"D2239","2163","10000",1,0,0,0,0
"D224","2164","10000",1,0,0,0,0
"D225","2165","10000",1,0,0,0,0
"D2260","2166","10000",1,0,0,0,0
"D2261","2166","10000",1,0,0,0,0
"D2262","2166","10000",1,0,0,0,0
"D2270","2167","10000",1,0,0,0,0
"D2271","2167","10000",1,0,0,0,0
"D2272","2167","10000",1,0,0,0,0
"D229","2168","10000",1,0,0,0,0
"D229","2169","10000",1,0,0,0,0
"D230","2160","10000",1,0,0,0,0
"D2310","2161","10000",1,0,0,0,0
"D2311","2161","10000",1,0,0,0,0
"D2312","2161","10000",1,0,0,0,0
"D2320","2162","10000",1,0,0,0,0
"D2321","2162","10000",1,0,0,0,0
"D2322","2162","10000",1,0,0,0,0
"D2330","2163","10000",1,0,0,0,0
"D2339","2163","10000",1,0,0,0,0
"D234","2164","10000",1,0,0,0,0
"D235","2165","10000",1,0,0,0,0
"D2360","2166","10000",1,0,0,0,0
"D2361","2166","10000",1,0,0,0,0
"D2362","2166","10000",1,0,0,0,0
"D2370","2167","10000",1,0,0,0,0
"D2371","2167","10000",1,0,0,0,0
"D2372","2167","10000",1,0,0,0,0
"D239","2169","10000",1,0,0,0,0
"D241","217","10000",1,0,0,0,0
"D242","217","10000",1,0,0,0,0
"D249","217","10000",1,0,0,0,0
"D250","2180","00000",0,0,0,0,0
"D251","2181","00000",0,0,0,0,0
"D252","2182","00000",0,0,0,0,0
"D259","2189","00000",0,0,0,0,0
"D260","2190","00000",0,0,0,0,0
"D261","2191","00000",0,0,0,0,0
"D267","2198","00000",0,0,0,0,0
"D269","2199","00000",0,0,0,0,0
"D270","220","10000",1,0,0,0,0
"D271","220","10000",1,0,0,0,0
"D279","220","10000",1,0,0,0,0
"D280","2212","00000",0,0,0,0,0
"D281","2211","00000",0,0,0,0,0
"D282","2210","00000",0,0,0,0,0
"D287","2218","00000",0,0,0,0,0
"D289","2219","00000",0,0,0,0,0
"D290","2221","00000",0,0,0,0,0
"D291","2222","00000",0,0,0,0,0
"D2920","2220","10000",1,0,0,0,0
"D2921","2220","10000",1,0,0,0,0
"D2922","2220","10000",1,0,0,0,0
"D2930","2223","10000",1,0,0,0,0
"D2931","2223","10000",1,0,0,0,0
"D2932","2223","10000",1,0,0,0,0
"D294","2224","00000",0,0,0,0,0
"D298","2228","00000",0,0,0,0,0
"D299","2229","00000",0,0,0,0,0
"D3000","2230","10000",1,0,0,0,0
"D3001","2230","10000",1,0,0,0,0
"D3002","2230","10000",1,0,0,0,0
"D3010","2231","10000",1,0,0,0,0
"D3011","2231","10000",1,0,0,0,0
"D3012","2231","10000",1,0,0,0,0
"D3020","2232","10000",1,0,0,0,0
"D3021","2232","10000",1,0,0,0,0
"D3022","2232","10000",1,0,0,0,0
"D303","2233","00000",0,0,0,0,0
"D304","22381","00000",0,0,0,0,0
"D308","22389","00000",0,0,0,0,0
"D309","2239","00000",0,0,0,0,0
"D3100","2243","10000",1,0,0,0,0
"D3101","2243","10000",1,0,0,0,0
"D3102","2243","10000",1,0,0,0,0
"D3110","2244","10000",1,0,0,0,0
"D3111","2244","10000",1,0,0,0,0
"D3112","2244","10000",1,0,0,0,0
"D3120","2245","10000",1,0,0,0,0
"D3121","2245","10000",1,0,0,0,0
"D3122","2245","10000",1,0,0,0,0
"D3130","2246","10000",1,0,0,0,0
"D3131","2246","10000",1,0,0,0,0
"D3132","2246","10000",1,0,0,0,0
"D3140","2240","10000",1,0,0,0,0
"D3141","2240","10000",1,0,0,0,0
"D3142","2240","10000",1,0,0,0,0
"D3150","2242","10000",1,0,0,0,0
"D3150","2247","10000",1,0,0,0,0
"D3151","2242","10000",1,0,0,0,0
"D3151","2247","10000",1,0,0,0,0
"D3152","2242","10000",1,0,0,0,0
"D3152","2247","10000",1,0,0,0,0
"D3160","2241","10000",1,0,0,0,0
"D3161","2241","10000",1,0,0,0,0
"D3162","2241","10000",1,0,0,0,0
"D3190","2248","10000",1,0,0,0,0
"D3190","2249","10000",1,0,0,0,0
"D3191","2248","10000",1,0,0,0,0
"D3191","2249","10000",1,0,0,0,0
"D3192","2248","10000",1,0,0,0,0
"D3192","2249","10000",1,0,0,0,0
"D320","2252","10000",1,0,0,0,0
"D321","2254","00000",0,0,0,0,0
"D329","2252","10000",1,0,0,0,0
"D330","2250","10000",1,0,0,0,0
"D331","2250","10000",1,0,0,0,0
"D332","2250","10000",1,0,0,0,0
"D333","2251","00000",0,0,0,0,0
"D334","2253","00000",0,0,0,0,0
"D337","2258","00000",0,0,0,0,0
"D339","2259","10000",1,0,0,0,0
"D34","226","00000",0,0,0,0,0
"D3500","2270","10000",1,0,0,0,0
"D3501","2270","10000",1,0,0,0,0
"D3502","2270","10000",1,0,0,0,0
"D351","2271","00000",0,0,0,0,0
"D352","2273","10000",1,0,0,0,0
"D353","2273","10000",1,0,0,0,0
"D354","2274","00000",0,0,0,0,0
"D355","2275","00000",0,0,0,0,0
"D356","2276","00000",0,0,0,0,0
"D357","2278","10000",1,0,0,0,0
"D359","2279","00000",0,0,0,0,0
"D360","2290","00000",0,0,0,0,0
"D3610","2159","10000",1,0,0,0,0
"D3611","2159","10000",1,0,0,0,0
"D3612","2159","10000",1,0,0,0,0
"D3613","2159","10000",1,0,0,0,0
"D3614","2159","10000",1,0,0,0,0
"D3615","2159","10000",1,0,0,0,0
"D3616","2159","10000",1,0,0,0,0
"D3617","2159","10000",1,0,0,0,0
"D367","2298","10000",1,0,0,0,0
"D369","2299","10000",1,0,0,0,0
"D3701","2351","10000",1,0,0,0,0
"D3702","2351","10000",1,0,0,0,0
"D37030","2350","10000",1,0,0,0,0
"D37031","2350","10000",1,0,0,0,0
"D37032","2350","10000",1,0,0,0,0
"D37039","2350","10000",1,0,0,0,0
"D3704","2351","10000",1,0,0,0,0
"D3705","2351","10000",1,0,0,0,0
"D3709","2351","10000",1,0,0,0,0
"D371","2352","10000",1,0,0,0,0
"D372","2352","10000",1,0,0,0,0
"D373","2352","10000",1,0,0,0,0
"D374","2352","10000",1,0,0,0,0
"D375","2352","10000",1,0,0,0,0
"D376","2353","00000",0,0,0,0,0
"D378","2355","10000",1,0,0,0,0
"D379","2355","10000",1,0,0,0,0
"D380","2356","00000",0,0,0,0,0
"D381","2357","00000",0,0,0,0,0
"D382","2358","10000",1,0,0,0,0
"D383","2358","10000",1,0,0,0,0
"D384","2358","10000",1,0,0,0,0
"D385","2359","10000",1,0,0,0,0
"D386","2359","10000",1,0,0,0,0
"D390","2360","00000",0,0,0,0,0
"D3910","2362","10000",1,0,0,0,0
"D3911","2362","10000",1,0,0,0,0
"D3912","2362","10000",1,0,0,0,0
"D392","2361","00000",0,0,0,0,0
"D398","2363","10000",1,0,0,0,0
"D399","2363","10000",1,0,0,0,0
"D3A00","20960","10000",1,0,0,0,0
"D3A010","20941","00000",0,0,0,0,0
"D3A011","20942","00000",0,0,0,0,0
"D3A012","20943","00000",0,0,0,0,0
"D3A019","20940","00000",0,0,0,0,0
"D3A020","20951","00000",0,0,0,0,0
"D3A021","20952","00000",0,0,0,0,0
"D3A022","20953","00000",0,0,0,0,0
"D3A023","20954","00000",0,0,0,0,0
"D3A024","20955","00000",0,0,0,0,0
"D3A025","20956","00000",0,0,0,0,0
"D3A026","20957","00000",0,0,0,0,0
"D3A029","20950","00000",0,0,0,0,0
"D3A090","20961","00000",0,0,0,0,0
"D3A091","20962","00000",0,0,0,0,0
"D3A092","20963","00000",0,0,0,0,0
"D3A093","20964","00000",0,0,0,0,0
"D3A094","20965","00000",0,0,0,0,0
"D3A095","20966","00000",0,0,0,0,0
"D3A096","20967","00000",0,0,0,0,0
"D3A098","20969","00000",0,0,0,0,0
"D3A8","20960","10000",1,0,0,0,0
"D400","2365","00000",0,0,0,0,0
"D4010","2364","10000",1,0,0,0,0
"D4011","2364","10000",1,0,0,0,0
"D4012","2364","10000",1,0,0,0,0
"D408","2366","10000",1,0,0,0,0
"D409","2366","10000",1,0,0,0,0
"D4100","23691","10000",1,0,0,0,0
"D4101","23691","10000",1,0,0,0,0
"D4102","23691","10000",1,0,0,0,0
"D4110","23691","10000",1,0,0,0,0
"D4111","23691","10000",1,0,0,0,0
"D4112","23691","10000",1,0,0,0,0
"D4120","23691","10000",1,0,0,0,0
"D4121","23691","10000",1,0,0,0,0
"D4122","23691","10000",1,0,0,0,0
"D413","23699","10000",1,0,0,0,0
"D414","2367","00000",0,0,0,0,0
"D418","23699","10000",1,0,0,0,0
"D419","23690","00000",0,0,0,0,0
"D420","2376","10000",1,0,0,0,0
"D421","2376","10000",1,0,0,0,0
"D429","2376","10000",1,0,0,0,0
"D430","2375","10000",1,0,0,0,0
"D431","2375","10000",1,0,0,0,0
"D432","2375","10000",1,0,0,0,0
"D433","2379","10000",1,0,0,0,0
"D434","2375","10000",1,0,0,0,0
"D438","2379","10000",1,0,0,0,0
"D439","2379","10000",1,0,0,0,0
"D440","2374","10000",1,0,0,0,0
"D4410","2372","10000",1,0,0,0,0
"D4411","2372","10000",1,0,0,0,0
"D4412","2372","10000",1,0,0,0,0
"D442","2374","10000",1,0,0,0,0
"D443","2370","10000",1,0,0,0,0
"D444","2370","10000",1,0,0,0,0
"D445","2371","00000",0,0,0,0,0
"D446","2373","10000",1,0,0,0,0
"D447","2373","10000",1,0,0,0,0
"D449","2374","10000",1,0,0,0,0
"D45","20710","10000",1,0,0,0,0
"D45","20711","10000",1,0,0,0,0
"D45","20712","10000",1,0,0,0,0
"D45","2384","10000",1,0,0,0,0
"D460","23872","10000",1,0,0,0,0
"D461","23872","10000",1,0,0,0,0
"D4620","23872","10000",1,0,0,0,0
"D4621","23872","10000",1,0,0,0,0
"D4622","23873","10000",1,0,0,0,0
"D464","23872","10000",1,0,0,0,0
"D469","23875","10000",1,0,0,0,0
"D46A","23872","10000",1,0,0,0,0
"D46B","23872","10000",1,0,0,0,0
"D46C","23874","00000",0,0,0,0,0
"D46Z","23875","10000",1,0,0,0,0
"D470","2385","00000",0,0,0,0,0
"D471","23876","10000",1,0,0,0,0
"D471","23879","10000",1,0,0,0,0
"D472","2731","10000",1,0,0,0,0
"D473","23871","10000",1,0,0,0,0
"D474","28989","10000",1,0,0,0,0
"D479","23879","10000",1,0,0,0,0
"D47Z1","23877","00000",0,0,0,0,0
"D47Z9","23879","10000",1,0,0,0,0
"D480","2380","00000",0,0,0,0,0
"D481","2381","10000",1,0,0,0,0
"D482","2381","10000",1,0,0,0,0
"D483","2354","10000",1,0,0,0,0
"D484","2354","10000",1,0,0,0,0
"D485","2382","00000",0,0,0,0,0
"D4860","2383","10000",1,0,0,0,0
"D4861","2383","10000",1,0,0,0,0
"D4862","2383","10000",1,0,0,0,0
"D487","2388","00000",0,0,0,0,0
"D489","2389","00000",0,0,0,0,0
"D490","2390","00000",0,0,0,0,0
"D491","2391","00000",0,0,0,0,0
"D492","2392","00000",0,0,0,0,0
"D493","2393","00000",0,0,0,0,0
"D494","2394","00000",0,0,0,0,0
"D495","2395","00000",0,0,0,0,0
"D496","2396","00000",0,0,0,0,0
"D497","2397","00000",0,0,0,0,0
"D4981","23981","00000",0,0,0,0,0
"D4989","23989","00000",0,0,0,0,0
"D499","2399","00000",0,0,0,0,0
"D500","2800","00000",0,0,0,0,0
"D501","2808","10000",1,0,0,0,0
"D508","2801","10000",1,0,0,0,0
"D508","2808","10000",1,0,0,0,0
"D509","2809","00000",0,0,0,0,0
"D510","2810","10000",1,0,0,0,0
"D511","2811","10000",1,0,0,0,0
"D512","2811","10000",1,0,0,0,0
"D513","2811","10000",1,0,0,0,0
"D518","2811","10000",1,0,0,0,0
"D519","2811","10000",1,0,0,0,0
"D520","2812","10000",1,0,0,0,0
"D521","2812","10000",1,0,0,0,0
"D528","2812","10000",1,0,0,0,0
"D529","2812","10000",1,0,0,0,0
"D530","2814","00000",0,0,0,0,0
"D531","2813","00000",0,0,0,0,0
"D532","2818","10000",1,0,0,0,0
"D538","2818","10000",1,0,0,0,0
"D539","2819","10000",1,0,0,0,0
"D550","2822","10000",1,0,0,0,0
"D551","2822","10000",1,0,0,0,0
"D552","2823","10000",1,0,0,0,0
"D553","2823","10000",1,0,0,0,0
"D558","2823","10000",1,0,0,0,0
"D559","2823","10000",1,0,0,0,0
"D560","28243","00000",0,0,0,0,0
"D561","28244","00000",0,0,0,0,0
"D562","28245","00000",0,0,0,0,0
"D563","28246","00000",0,0,0,0,0
"D564","2827","10000",1,0,0,0,0
"D565","28247","00000",0,0,0,0,0
"D568","28249","00000",0,0,0,0,0
"D569","28240","00000",0,0,0,0,0
"D5700","28262","10000",1,0,0,0,0
"D5701","28262","10111",1,0,1,1,1
"D5701","5173","10112",1,0,1,1,2
"D5702","28262","10111",1,0,1,1,1
"D5702","28952","10112",1,0,1,1,2
"D571","28260","10000",1,0,0,0,0
"D571","28261","10000",1,0,0,0,0
"D5720","28263","00000",0,0,0,0,0
"D57211","28264","10111",1,0,1,1,1
"D57211","5173","10112",1,0,1,1,2
"D57212","28264","10111",1,0,1,1,1
"D57212","28952","10112",1,0,1,1,2
"D57219","28264","10000",1,0,0,0,0
"D573","2825","00000",0,0,0,0,0
"D5740","28241","00000",0,0,0,0,0
"D57411","28242","10111",1,0,1,1,1
"D57411","5173","10112",1,0,1,1,2
"D57412","28242","10111",1,0,1,1,1
"D57412","28952","10112",1,0,1,1,2
"D57419","28242","10000",1,0,0,0,0
"D5780","28268","00000",0,0,0,0,0
"D57811","28269","10111",1,0,1,1,1
"D57811","5173","10112",1,0,1,1,2
"D57812","28269","10111",1,0,1,1,1
"D57812","28952","10112",1,0,1,1,2
"D57819","28269","10000",1,0,0,0,0
"D580","2820","00000",0,0,0,0,0
"D581","2821","00000",0,0,0,0,0
"D582","2827","10000",1,0,0,0,0
"D588","2828","00000",0,0,0,0,0
"D589","2829","00000",0,0,0,0,0
"D590","2830","10000",1,0,0,0,0
"D591","2830","10000",1,0,0,0,0
"D592","28319","10000",1,0,0,0,0
"D593","28311","00000",0,0,0,0,0
"D594","28310","10000",1,0,0,0,0
"D594","28319","10000",1,0,0,0,0
"D595","2832","10000",1,0,0,0,0
"D596","2832","10000",1,0,0,0,0
"D598","2832","10000",1,0,0,0,0
"D599","2839","00000",0,0,0,0,0
"D600","28481","10000",1,0,0,0,0
"D601","28481","10000",1,0,0,0,0
"D608","28481","10000",1,0,0,0,0
"D609","28481","10000",1,0,0,0,0
"D6101","28401","00000",0,0,0,0,0
"D6109","28409","00000",0,0,0,0,0
"D611","28489","10000",1,0,0,0,0
"D612","28489","10000",1,0,0,0,0
"D613","28489","10000",1,0,0,0,0
"D61810","28411","00000",0,0,0,0,0
"D61811","28412","00000",0,0,0,0,0
"D61818","28419","00000",0,0,0,0,0
"D6182","2842","00000",0,0,0,0,0
"D6189","28489","10000",1,0,0,0,0
"D619","2849","10000",1,0,0,0,0
"D62","2851","00000",0,0,0,0,0
"D630","28522","00000",0,0,0,0,0
"D631","28521","10000",1,0,0,0,0
"D638","28529","10000",1,0,0,0,0
"D640","2850","10000",1,0,0,0,0
"D641","2850","10000",1,0,0,0,0
"D642","2850","10000",1,0,0,0,0
"D643","2850","10000",1,0,0,0,0
"D644","2858","10000",1,0,0,0,0
"D6481","2853","00000",0,0,0,0,0
"D6489","2858","10000",1,0,0,0,0
"D649","2859","00000",0,0,0,0,0
"D65","2866","00000",0,0,0,0,0
"D66","2860","00000",0,0,0,0,0
"D67","2861","00000",0,0,0,0,0
"D680","2864","00000",0,0,0,0,0
"D681","2862","00000",0,0,0,0,0
"D682","2863","00000",0,0,0,0,0
"D68311","28652","00000",0,0,0,0,0
"D68312","28653","00000",0,0,0,0,0
"D68318","28659","00000",0,0,0,0,0
"D6832","2867","10000",1,0,0,0,0
"D684","2867","10000",1,0,0,0,0
"D6851","28981","10000",1,0,0,0,0
"D6852","28981","10000",1,0,0,0,0
"D6859","28981","10000",1,0,0,0,0
"D6861","28981","10000",1,0,0,0,0
"D6862","28981","10000",1,0,0,0,0
"D6869","28982","10000",1,0,0,0,0
"D688","2869","10000",1,0,0,0,0
"D689","2869","10000",1,0,0,0,0
"D690","2870","00000",0,0,0,0,0
"D691","2871","00000",0,0,0,0,0
"D692","2872","00000",0,0,0,0,0
"D693","28731","00000",0,0,0,0,0
"D6941","28732","00000",0,0,0,0,0
"D6942","28733","00000",0,0,0,0,0
"D6949","28739","00000",0,0,0,0,0
"D6951","28741","00000",0,0,0,0,0
"D6959","28749","00000",0,0,0,0,0
"D696","2875","00000",0,0,0,0,0
"D698","2878","00000",0,0,0,0,0
"D699","2879","00000",0,0,0,0,0
"D700","28801","00000",0,0,0,0,0
"D701","28803","10000",1,0,0,0,0
"D702","28803","10000",1,0,0,0,0
"D703","28804","00000",0,0,0,0,0
"D704","28802","00000",0,0,0,0,0
"D708","28809","00000",0,0,0,0,0
"D709","28800","00000",0,0,0,0,0
"D71","2881","00000",0,0,0,0,0
"D720","2882","00000",0,0,0,0,0
"D721","2883","00000",0,0,0,0,0
"D72810","28851","00000",0,0,0,0,0
"D72818","28859","00000",0,0,0,0,0
"D72819","28850","10000",1,0,0,0,0
"D72820","28861","00000",0,0,0,0,0
"D72821","28863","00000",0,0,0,0,0
"D72822","28864","00000",0,0,0,0,0
"D72823","28862","00000",0,0,0,0,0
"D72824","28865","00000",0,0,0,0,0
"D72825","28866","00000",0,0,0,0,0
"D72828","28869","00000",0,0,0,0,0
"D72829","28860","00000",0,0,0,0,0
"D7289","2888","00000",0,0,0,0,0
"D729","2889","00000",0,0,0,0,0
"D730","28959","10000",1,0,0,0,0
"D731","2894","00000",0,0,0,0,0
"D732","28951","00000",0,0,0,0,0
"D733","28959","10000",1,0,0,0,0
"D734","28959","10000",1,0,0,0,0
"D735","28959","10000",1,0,0,0,0
"D7381","28953","00000",0,0,0,0,0
"D7389","28959","10000",1,0,0,0,0
"D739","28950","00000",0,0,0,0,0
"D740","2897","10000",1,0,0,0,0
"D748","2897","10000",1,0,0,0,0
"D749","2897","10000",1,0,0,0,0
"D750","2896","00000",0,0,0,0,0
"D751","2890","00000",0,0,0,0,0
"D7581","28983","00000",0,0,0,0,0
"D7582","28984","00000",0,0,0,0,0
"D7589","28989","10000",1,0,0,0,0
"D759","2899","10000",1,0,0,0,0
"D761","2884","10000",1,0,0,0,0
"D762","2884","10000",1,0,0,0,0
"D763","2884","10000",1,0,0,0,0
"D77","28989","10000",1,0,0,0,0
"D7801","99811","10000",1,0,0,0,0
"D7801","99812","10000",1,0,0,0,0
"D7802","99811","10000",1,0,0,0,0
"D7802","99812","10000",1,0,0,0,0
"D7811","9982","10000",1,0,0,0,0
"D7812","9982","10000",1,0,0,0,0
"D7821","99811","10000",1,0,0,0,0
"D7821","99812","10000",1,0,0,0,0
"D7822","99811","10000",1,0,0,0,0
"D7822","99812","10000",1,0,0,0,0
"D7881","99799","10000",1,0,0,0,0
"D7889","99799","10000",1,0,0,0,0
"D800","27904","00000",0,0,0,0,0
"D801","27900","00000",0,0,0,0,0
"D802","27901","00000",0,0,0,0,0
"D803","27903","10000",1,0,0,0,0
"D804","27902","00000",0,0,0,0,0
"D805","27905","00000",0,0,0,0,0
"D806","27919","10000",1,0,0,0,0
"D807","27909","10000",1,0,0,0,0
"D808","27919","10000",1,0,0,0,0
"D809","27919","10000",1,0,0,0,0
"D810","2792","10000",1,0,0,0,0
"D811","2792","10000",1,0,0,0,0
"D812","2792","10000",1,0,0,0,0
"D813","2772","10000",1,0,0,0,0
"D814","27913","00000",0,0,0,0,0
"D815","2772","10000",1,0,0,0,0
"D816","2792","10000",1,0,0,0,0
"D817","2792","10000",1,0,0,0,0
"D81810","2776","10000",1,0,0,0,0
"D81818","2662","10000",1,0,0,0,0
"D81819","2662","10000",1,0,0,0,0
"D8189","2792","10000",1,0,0,0,0
"D819","2792","10000",1,0,0,0,0
"D820","27912","00000",0,0,0,0,0
"D821","27911","00000",0,0,0,0,0
"D822","2798","10000",1,0,0,0,0
"D823","2798","10000",1,0,0,0,0
"D824","2798","10000",1,0,0,0,0
"D828","2798","10000",1,0,0,0,0
"D829","2798","10000",1,0,0,0,0
"D830","27906","10000",1,0,0,0,0
"D831","27910","10000",1,0,0,0,0
"D832","27906","10000",1,0,0,0,0
"D838","27906","10000",1,0,0,0,0
"D839","27906","10000",1,0,0,0,0
"D840","2798","10000",1,0,0,0,0
"D841","2776","10000",1,0,0,0,0
"D841","2798","10000",1,0,0,0,0
"D848","2793","10000",1,0,0,0,0
"D849","2793","10000",1,0,0,0,0
"D860","135","10000",1,0,0,0,0
"D861","135","10000",1,0,0,0,0
"D862","135","10000",1,0,0,0,0
"D863","135","10000",1,0,0,0,0
"D8681","135","10000",1,0,0,0,0
"D8682","135","10000",1,0,0,0,0
"D8683","135","10000",1,0,0,0,0
"D8684","135","10000",1,0,0,0,0
"D8685","135","10000",1,0,0,0,0
"D8686","135","10000",1,0,0,0,0
"D8687","135","10000",1,0,0,0,0
"D8689","135","10000",1,0,0,0,0
"D869","135","10000",1,0,0,0,0
"D890","2730","00000",0,0,0,0,0
"D891","2732","00000",0,0,0,0,0
"D892","2731","10000",1,0,0,0,0
"D892","28989","10000",1,0,0,0,0
"D893","2798","10000",1,0,0,0,0
"D89810","27951","00000",0,0,0,0,0
"D89811","27952","00000",0,0,0,0,0
"D89812","27953","00000",0,0,0,0,0
"D89813","27950","00000",0,0,0,0,0
"D8982","27941","00000",0,0,0,0,0
"D8989","2798","10000",1,0,0,0,0
"D899","2799","00000",0,0,0,0,0
"E000","243","10000",1,0,0,0,0
"E001","243","10000",1,0,0,0,0
"E002","243","10000",1,0,0,0,0
"E009","243","10000",1,0,0,0,0
"E010","2409","10000",1,0,0,0,0
"E011","2411","10000",1,0,0,0,0
"E012","2409","10000",1,0,0,0,0
"E018","2448","10000",1,0,0,0,0
"E02","2448","10000",1,0,0,0,0
"E030","243","10000",1,0,0,0,0
"E031","243","10000",1,0,0,0,0
"E032","2442","10000",1,0,0,0,0
"E032","2443","10000",1,0,0,0,0
"E033","2448","10000",1,0,0,0,0
"E034","2468","10000",1,0,0,0,0
"E035","78001","10000",1,0,0,0,0
"E038","2448","10000",1,0,0,0,0
"E039","2449","00000",0,0,0,0,0
"E040","2400","10000",1,0,0,0,0
"E041","2410","10000",1,0,0,0,0
"E041","2462","10000",1,0,0,0,0
"E042","2411","10000",1,0,0,0,0
"E048","2419","10000",1,0,0,0,0
"E049","2419","10000",1,0,0,0,0
"E0500","24200","00000",0,0,0,0,0
"E0501","24201","00000",0,0,0,0,0
"E0510","24210","00000",0,0,0,0,0
"E0511","24211","00000",0,0,0,0,0
"E0520","24220","10000",1,0,0,0,0
"E0520","24230","10000",1,0,0,0,0
"E0521","24221","10000",1,0,0,0,0
"E0521","24231","10000",1,0,0,0,0
"E0530","24240","00000",0,0,0,0,0
"E0531","24241","00000",0,0,0,0,0
"E0540","24280","10000",1,0,0,0,0
"E0541","24281","10000",1,0,0,0,0
"E0580","24280","10000",1,0,0,0,0
"E0581","24281","10000",1,0,0,0,0
"E0590","24290","00000",0,0,0,0,0
"E0591","24291","00000",0,0,0,0,0
"E060","2450","00000",0,0,0,0,0
"E061","2451","00000",0,0,0,0,0
"E062","2458","10000",1,0,0,0,0
"E063","2452","00000",0,0,0,0,0
"E064","2454","10000",1,0,0,0,0
"E065","2453","10000",1,0,0,0,0
"E065","2458","10000",1,0,0,0,0
"E069","2459","00000",0,0,0,0,0
"E070","2460","00000",0,0,0,0,0
"E071","2461","00000",0,0,0,0,0
"E0781","79094","00000",0,0,0,0,0
"E0789","2463","10000",1,0,0,0,0
"E0789","2468","10000",1,0,0,0,0
"E079","2469","00000",0,0,0,0,0
"E0800","24920","10000",1,0,0,0,0
"E0801","24920","10000",1,0,0,0,0
"E0810","24910","10000",1,0,0,0,0
"E0811","24930","10000",1,0,0,0,0
"E0821","24940","10111",1,0,1,1,1
"E0821","58181","10112",1,0,1,1,2
"E0822","24940","10111",1,0,1,1,1
"E0822","58181","10112",1,0,1,1,2
"E0829","24940","10111",1,0,1,1,1
"E0829","58181","10112",1,0,1,1,2
"E08311","24950","10000",1,0,0,0,0
"E08311","24950","10111",1,0,1,1,1
"E08311","36201","10112",1,0,1,1,2
"E08311","36207","10113",1,0,1,1,3
"E08319","24950","10111",1,0,1,1,1
"E08319","36201","10112",1,0,1,1,2
"E08321","24950","10111",1,0,1,1,1
"E08321","36201","10112",1,0,1,1,2
"E08321","36207","10113",1,0,1,1,3
"E08329","24950","10111",1,0,1,1,1
"E08329","36201","10112",1,0,1,1,2
"E08331","24950","10111",1,0,1,1,1
"E08331","36201","10112",1,0,1,1,2
"E08331","36207","10113",1,0,1,1,3
"E08339","24950","10111",1,0,1,1,1
"E08339","36201","10112",1,0,1,1,2
"E08341","24950","10111",1,0,1,1,1
"E08341","36201","10112",1,0,1,1,2
"E08341","36207","10113",1,0,1,1,3
"E08349","24950","10111",1,0,1,1,1
"E08349","36201","10112",1,0,1,1,2
"E08351","24950","10111",1,0,1,1,1
"E08351","36202","10112",1,0,1,1,2
"E08351","36207","10113",1,0,1,1,3
"E08359","24950","10111",1,0,1,1,1
"E08359","36202","10112",1,0,1,1,2
"E0836","24950","10000",1,0,0,0,0
"E0836","24950","10111",1,0,1,1,1
"E0836","36641","10112",1,0,1,1,2
"E0839","24950","10000",1,0,0,0,0
"E0840","24960","10000",1,0,0,0,0
"E0840","24960","10111",1,0,1,1,1
"E0840","3572","10112",1,0,1,1,2
"E0841","24960","10000",1,0,0,0,0
"E0841","24960","10111",1,0,1,1,1
"E0841","3559","10112",1,0,1,1,2
"E0842","24960","10000",1,0,0,0,0
"E0842","24960","10111",1,0,1,1,1
"E0842","3572","10112",1,0,1,1,2
"E0843","24960","10000",1,0,0,0,0
"E0843","24960","10111",1,0,1,1,1
"E0843","5363","10112",1,0,1,1,2
"E0844","24960","10000",1,0,0,0,0
"E0844","24960","10111",1,0,1,1,1
"E0844","3535","10112",1,0,1,1,2
"E0849","24960","10000",1,0,0,0,0
"E0849","24960","10111",1,0,1,1,1
"E0849","34989","10112",1,0,1,1,2
"E0851","24970","10111",1,0,1,1,1
"E0851","44381","10112",1,0,1,1,2
"E0852","24970","10111",1,0,1,1,1
"E0852","44381","10112",1,0,1,1,2
"E0852","7854","10113",1,0,1,1,3
"E0859","24970","10000",1,0,0,0,0
"E08610","24960","10000",1,0,0,0,0
"E08610","24960","10111",1,0,1,1,1
"E08610","7135","10112",1,0,1,1,2
"E08618","24980","10111",1,0,1,1,1
"E08618","71680","10112",1,0,1,1,2
"E08620","24980","10000",1,0,0,0,0
"E08621","24980","10000",1,0,0,0,0
"E08622","24980","10000",1,0,0,0,0
"E08628","24980","10111",1,0,1,1,1
"E08628","7098","10112",1,0,1,1,2
"E08630","24980","10111",1,0,1,1,1
"E08630","5238","10112",1,0,1,1,2
"E08638","24980","10111",1,0,1,1,1
"E08638","5289","10112",1,0,1,1,2
"E08641","24930","10000",1,0,0,0,0
"E08649","24980","10111",1,0,1,1,1
"E08649","2511","10112",1,0,1,1,2
"E0865","24980","10000",1,0,0,0,0
"E0869","24980","10000",1,0,0,0,0
"E088","24990","10000",1,0,0,0,0
"E089","24900","10000",1,0,0,0,0
"E0900","24920","10000",1,0,0,0,0
"E0901","24920","10000",1,0,0,0,0
"E0910","24910","10000",1,0,0,0,0
"E0911","24930","10000",1,0,0,0,0
"E0921","24940","10111",1,0,1,1,1
"E0921","58181","10112",1,0,1,1,2
"E0921","58381","10112",1,0,1,1,2
"E0922","24940","10111",1,0,1,1,1
"E0922","58181","10112",1,0,1,1,2
"E0922","58381","10112",1,0,1,1,2
"E0929","24940","10111",1,0,1,1,1
"E0929","58181","10112",1,0,1,1,2
"E0929","58381","10112",1,0,1,1,2
"E09311","24950","10000",1,0,0,0,0
"E09311","24950","10111",1,0,1,1,1
"E09311","36201","10112",1,0,1,1,2
"E09311","36207","10113",1,0,1,1,3
"E09319","24950","10111",1,0,1,1,1
"E09319","36201","10112",1,0,1,1,2
"E09321","24950","10111",1,0,1,1,1
"E09321","36201","10112",1,0,1,1,2
"E09321","36207","10113",1,0,1,1,3
"E09329","24950","10111",1,0,1,1,1
"E09329","36201","10112",1,0,1,1,2
"E09331","24950","10111",1,0,1,1,1
"E09331","36201","10112",1,0,1,1,2
"E09331","36207","10113",1,0,1,1,3
"E09339","24950","10111",1,0,1,1,1
"E09339","36201","10112",1,0,1,1,2
"E09341","24950","10111",1,0,1,1,1
"E09341","36201","10112",1,0,1,1,2
"E09341","36207","10113",1,0,1,1,3
"E09349","24950","10111",1,0,1,1,1
"E09349","36201","10112",1,0,1,1,2
"E09351","24950","10111",1,0,1,1,1
"E09351","36202","10112",1,0,1,1,2
"E09351","36207","10113",1,0,1,1,3
"E09359","24950","10111",1,0,1,1,1
"E09359","36202","10112",1,0,1,1,2
"E0936","24950","10000",1,0,0,0,0
"E0936","24950","10111",1,0,1,1,1
"E0936","36641","10112",1,0,1,1,2
"E0939","24950","10000",1,0,0,0,0
"E0940","24960","10000",1,0,0,0,0
"E0940","24960","10111",1,0,1,1,1
"E0940","3572","10112",1,0,1,1,2
"E0941","24960","10000",1,0,0,0,0
"E0941","24960","10111",1,0,1,1,1
"E0941","3559","10112",1,0,1,1,2
"E0942","24960","10000",1,0,0,0,0
"E0942","24960","10111",1,0,1,1,1
"E0942","3572","10112",1,0,1,1,2
"E0943","24960","10000",1,0,0,0,0
"E0943","24960","10111",1,0,1,1,1
"E0943","5363","10112",1,0,1,1,2
"E0944","24960","10000",1,0,0,0,0
"E0944","24960","10111",1,0,1,1,1
"E0944","3535","10112",1,0,1,1,2
"E0949","24960","10000",1,0,0,0,0
"E0949","24960","10111",1,0,1,1,1
"E0949","34989","10112",1,0,1,1,2
"E0951","24970","10111",1,0,1,1,1
"E0951","44381","10112",1,0,1,1,2
"E0952","24970","10111",1,0,1,1,1
"E0952","44381","10112",1,0,1,1,2
"E0952","7854","10113",1,0,1,1,3
"E0959","24970","10000",1,0,0,0,0
"E09610","24960","10000",1,0,0,0,0
"E09610","24960","10111",1,0,1,1,1
"E09610","7135","10112",1,0,1,1,2
"E09618","24980","10111",1,0,1,1,1
"E09618","71680","10112",1,0,1,1,2
"E09620","24980","10000",1,0,0,0,0
"E09621","24980","10000",1,0,0,0,0
"E09622","24980","10000",1,0,0,0,0
"E09628","24980","10111",1,0,1,1,1
"E09628","7098","10112",1,0,1,1,2
"E09630","24980","10111",1,0,1,1,1
"E09630","5238","10112",1,0,1,1,2
"E09638","24980","10111",1,0,1,1,1
"E09638","5289","10112",1,0,1,1,2
"E09641","24930","10000",1,0,0,0,0
"E09649","24980","10000",1,0,0,0,0
"E0965","24980","10000",1,0,0,0,0
"E0969","24980","10000",1,0,0,0,0
"E098","24990","10000",1,0,0,0,0
"E099","24900","10000",1,0,0,0,0
"E1010","25011","10000",1,0,0,0,0
"E1011","25031","10000",1,0,0,0,0
"E1021","25041","10000",1,0,0,0,0
"E1022","25041","10000",1,0,0,0,0
"E1029","25041","10000",1,0,0,0,0
"E10311","25051","10111",1,0,1,1,1
"E10311","36201","10112",1,0,1,1,2
"E10311","36207","10113",1,0,1,1,3
"E10319","25051","10111",1,0,1,1,1
"E10319","36201","10112",1,0,1,1,2
"E10321","25051","10111",1,0,1,1,1
"E10321","36204","10112",1,0,1,1,2
"E10321","36207","10113",1,0,1,1,3
"E10329","25051","10111",1,0,1,1,1
"E10329","36204","10112",1,0,1,1,2
"E10331","25051","10111",1,0,1,1,1
"E10331","36205","10112",1,0,1,1,2
"E10331","36207","10113",1,0,1,1,3
"E10339","25051","10111",1,0,1,1,1
"E10339","36205","10112",1,0,1,1,2
"E10341","25051","10111",1,0,1,1,1
"E10341","36206","10112",1,0,1,1,2
"E10341","36207","10113",1,0,1,1,3
"E10349","25051","10111",1,0,1,1,1
"E10349","36206","10112",1,0,1,1,2
"E10351","25051","10111",1,0,1,1,1
"E10351","36202","10112",1,0,1,1,2
"E10351","36207","10113",1,0,1,1,3
"E10359","25051","10111",1,0,1,1,1
"E10359","36202","10112",1,0,1,1,2
"E1036","25051","10111",1,0,1,1,1
"E1036","36641","10112",1,0,1,1,2
"E1039","25051","10000",1,0,0,0,0
"E1040","25061","10000",1,0,0,0,0
"E1040","25061","10111",1,0,1,1,1
"E1040","3572","10112",1,0,1,1,2
"E1041","25061","10111",1,0,1,1,1
"E1041","3559","10112",1,0,1,1,2
"E1042","25061","10111",1,0,1,1,1
"E1042","3572","10112",1,0,1,1,2
"E1043","25061","10111",1,0,1,1,1
"E1043","5363","10112",1,0,1,1,2
"E1044","25061","10111",1,0,1,1,1
"E1044","3535","10112",1,0,1,1,2
"E1049","25061","10000",1,0,0,0,0
"E1049","25061","10111",1,0,1,1,1
"E1049","34989","10112",1,0,1,1,2
"E1051","25071","10111",1,0,1,1,1
"E1051","44381","10112",1,0,1,1,2
"E1052","25071","10111",1,0,1,1,1
"E1052","44381","10112",1,0,1,1,2
"E1052","7854","10113",1,0,1,1,3
"E1059","25071","10000",1,0,0,0,0
"E10610","25061","10111",1,0,1,1,1
"E10610","7135","10112",1,0,1,1,2
"E10618","25081","10111",1,0,1,1,1
"E10618","71680","10112",1,0,1,1,2
"E10620","25081","10000",1,0,0,0,0
"E10621","25081","10000",1,0,0,0,0
"E10622","25081","10000",1,0,0,0,0
"E10628","25081","10000",1,0,0,0,0
"E10630","25081","10111",1,0,1,1,1
"E10630","5238","10112",1,0,1,1,2
"E10638","25081","10000",1,0,0,0,0
"E10641","25031","10000",1,0,0,0,0
"E10649","25081","10000",1,0,0,0,0
"E1065","25081","10000",1,0,0,0,0
"E1069","25081","10000",1,0,0,0,0
"E108","25091","10000",1,0,0,0,0
"E109","25001","10000",1,0,0,0,0
"E1100","25020","10000",1,0,0,0,0
"E1101","25020","10000",1,0,0,0,0
"E1121","25040","10000",1,0,0,0,0
"E1122","25040","10000",1,0,0,0,0
"E1129","25040","10000",1,0,0,0,0
"E11311","25050","10111",1,0,1,1,1
"E11311","36201","10112",1,0,1,1,2
"E11311","36207","10113",1,0,1,1,3
"E11319","25050","10111",1,0,1,1,1
"E11319","36201","10112",1,0,1,1,2
"E11321","25050","10111",1,0,1,1,1
"E11321","36204","10112",1,0,1,1,2
"E11321","36207","10113",1,0,1,1,3
"E11329","25050","10111",1,0,1,1,1
"E11329","36204","10112",1,0,1,1,2
"E11331","25050","10111",1,0,1,1,1
"E11331","36205","10112",1,0,1,1,2
"E11331","36207","10113",1,0,1,1,3
"E11339","25050","10111",1,0,1,1,1
"E11339","36205","10112",1,0,1,1,2
"E11341","25050","10111",1,0,1,1,1
"E11341","36206","10112",1,0,1,1,2
"E11341","36207","10113",1,0,1,1,3
"E11349","25050","10111",1,0,1,1,1
"E11349","36206","10112",1,0,1,1,2
"E11351","25050","10111",1,0,1,1,1
"E11351","36202","10112",1,0,1,1,2
"E11351","36207","10113",1,0,1,1,3
"E11359","25050","10111",1,0,1,1,1
"E11359","36202","10112",1,0,1,1,2
"E1136","25050","10111",1,0,1,1,1
"E1136","36641","10112",1,0,1,1,2
"E1139","25050","10000",1,0,0,0,0
"E1140","25060","10000",1,0,0,0,0
"E1140","25060","10111",1,0,1,1,1
"E1140","3572","10112",1,0,1,1,2
"E1141","25060","10111",1,0,1,1,1
"E1141","3559","10112",1,0,1,1,2
"E1142","25060","10111",1,0,1,1,1
"E1142","3572","10112",1,0,1,1,2
"E1143","25060","10111",1,0,1,1,1
"E1143","5363","10112",1,0,1,1,2
"E1144","25060","10111",1,0,1,1,1
"E1144","3535","10112",1,0,1,1,2
"E1149","25060","10000",1,0,0,0,0
"E1149","25060","10111",1,0,1,1,1
"E1149","34989","10112",1,0,1,1,2
"E1151","25070","10111",1,0,1,1,1
"E1151","44381","10112",1,0,1,1,2
"E1152","25070","10111",1,0,1,1,1
"E1152","44381","10112",1,0,1,1,2
"E1152","7854","10113",1,0,1,1,3
"E1159","25070","10000",1,0,0,0,0
"E11610","25060","10111",1,0,1,1,1
"E11610","7135","10112",1,0,1,1,2
"E11618","25080","10111",1,0,1,1,1
"E11618","71680","10112",1,0,1,1,2
"E11620","25080","10000",1,0,0,0,0
"E11621","25080","10000",1,0,0,0,0
"E11622","25080","10000",1,0,0,0,0
"E11628","25080","10000",1,0,0,0,0
"E11630","25080","10111",1,0,1,1,1
"E11630","5238","10112",1,0,1,1,2
"E11638","25080","10000",1,0,0,0,0
"E11641","25030","10000",1,0,0,0,0
"E11649","25080","10000",1,0,0,0,0
"E1165","25080","10000",1,0,0,0,0
"E1169","25080","10000",1,0,0,0,0
"E118","25090","10000",1,0,0,0,0
"E119","25000","10000",1,0,0,0,0
"E1300","24920","10000",1,0,0,0,0
"E1300","25020","10000",1,0,0,0,0
"E1301","24920","10000",1,0,0,0,0
"E1301","25020","10000",1,0,0,0,0
"E1310","24910","10000",1,0,0,0,0
"E1310","25010","10000",1,0,0,0,0
"E1311","24930","10000",1,0,0,0,0
"E1311","25030","10000",1,0,0,0,0
"E1321","24940","10000",1,0,0,0,0
"E1321","25040","10000",1,0,0,0,0
"E1322","24940","10000",1,0,0,0,0
"E1322","25040","10000",1,0,0,0,0
"E1329","24940","10000",1,0,0,0,0
"E1329","25040","10000",1,0,0,0,0
"E13311","24950","10111",1,0,1,1,1
"E13311","25050","10111",1,0,1,1,1
"E13311","36201","10112",1,0,1,1,2
"E13311","36207","10113",1,0,1,1,3
"E13319","24950","10111",1,0,1,1,1
"E13319","25050","10111",1,0,1,1,1
"E13319","36201","10112",1,0,1,1,2
"E13321","24950","10111",1,0,1,1,1
"E13321","25050","10111",1,0,1,1,1
"E13321","36204","10112",1,0,1,1,2
"E13321","36207","10113",1,0,1,1,3
"E13329","24950","10111",1,0,1,1,1
"E13329","25050","10111",1,0,1,1,1
"E13329","36204","10112",1,0,1,1,2
"E13331","24950","10111",1,0,1,1,1
"E13331","25050","10111",1,0,1,1,1
"E13331","36205","10112",1,0,1,1,2
"E13331","36207","10113",1,0,1,1,3
"E13339","24950","10111",1,0,1,1,1
"E13339","25050","10111",1,0,1,1,1
"E13339","36205","10112",1,0,1,1,2
"E13341","24950","10111",1,0,1,1,1
"E13341","25050","10111",1,0,1,1,1
"E13341","36206","10112",1,0,1,1,2
"E13341","36207","10113",1,0,1,1,3
"E13349","24950","10111",1,0,1,1,1
"E13349","25050","10111",1,0,1,1,1
"E13349","36206","10112",1,0,1,1,2
"E13351","24950","10111",1,0,1,1,1
"E13351","25050","10111",1,0,1,1,1
"E13351","36202","10112",1,0,1,1,2
"E13351","36207","10113",1,0,1,1,3
"E13359","24950","10111",1,0,1,1,1
"E13359","25050","10111",1,0,1,1,1
"E13359","36202","10112",1,0,1,1,2
"E1336","24950","10111",1,0,1,1,1
"E1336","25050","10111",1,0,1,1,1
"E1336","36641","10112",1,0,1,1,2
"E1339","24950","10000",1,0,0,0,0
"E1339","25050","10000",1,0,0,0,0
"E1340","24960","10000",1,0,0,0,0
"E1340","24960","10111",1,0,1,1,1
"E1340","25060","10000",1,0,0,0,0
"E1340","25060","10111",1,0,1,1,1
"E1340","3572","10112",1,0,1,1,2
"E1341","24960","10000",1,0,0,0,0
"E1341","24960","10111",1,0,1,1,1
"E1341","25060","10111",1,0,1,1,1
"E1341","3559","10112",1,0,1,1,2
"E1342","24960","10000",1,0,0,0,0
"E1342","24960","10111",1,0,1,1,1
"E1342","25060","10111",1,0,1,1,1
"E1342","3572","10112",1,0,1,1,2
"E1343","24960","10000",1,0,0,0,0
"E1343","24960","10111",1,0,1,1,1
"E1343","25060","10111",1,0,1,1,1
"E1343","5363","10112",1,0,1,1,2
"E1344","24960","10000",1,0,0,0,0
"E1344","24960","10111",1,0,1,1,1
"E1344","25060","10111",1,0,1,1,1
"E1344","3535","10112",1,0,1,1,2
"E1349","24960","10000",1,0,0,0,0
"E1349","24960","10111",1,0,1,1,1
"E1349","25060","10000",1,0,0,0,0
"E1349","25060","10111",1,0,1,1,1
"E1349","34989","10112",1,0,1,1,2
"E1351","24970","10111",1,0,1,1,1
"E1351","25070","10111",1,0,1,1,1
"E1351","44381","10112",1,0,1,1,2
"E1352","24970","10111",1,0,1,1,1
"E1352","25070","10111",1,0,1,1,1
"E1352","44381","10112",1,0,1,1,2
"E1352","7854","10113",1,0,1,1,3
"E1359","24970","10000",1,0,0,0,0
"E1359","25070","10000",1,0,0,0,0
"E13610","24960","10111",1,0,1,1,1
"E13610","25060","10111",1,0,1,1,1
"E13610","7135","10112",1,0,1,1,2
"E13618","24980","10111",1,0,1,1,1
"E13618","25080","10111",1,0,1,1,1
"E13618","71680","10112",1,0,1,1,2
"E13620","24980","10000",1,0,0,0,0
"E13620","25080","10000",1,0,0,0,0
"E13621","24980","10000",1,0,0,0,0
"E13621","25080","10000",1,0,0,0,0
"E13622","24980","10000",1,0,0,0,0
"E13622","25080","10000",1,0,0,0,0
"E13628","24980","10000",1,0,0,0,0
"E13628","25080","10000",1,0,0,0,0
"E13630","24980","10111",1,0,1,1,1
"E13630","25080","10111",1,0,1,1,1
"E13630","5238","10112",1,0,1,1,2
"E13638","24980","10000",1,0,0,0,0
"E13638","25080","10000",1,0,0,0,0
"E13641","24930","10000",1,0,0,0,0
"E13641","25030","10000",1,0,0,0,0
"E13649","24980","10000",1,0,0,0,0
"E13649","25080","10000",1,0,0,0,0
"E1365","24980","10000",1,0,0,0,0
"E1365","25080","10000",1,0,0,0,0
"E1369","24980","10000",1,0,0,0,0
"E1369","25080","10000",1,0,0,0,0
"E138","24990","10000",1,0,0,0,0
"E138","25090","10000",1,0,0,0,0
"E139","24900","10000",1,0,0,0,0
"E139","25000","10000",1,0,0,0,0
"E15","2510","00000",0,0,0,0,0
"E160","2511","10000",1,0,0,0,0
"E161","2511","10000",1,0,0,0,0
"E162","2512","00000",0,0,0,0,0
"E163","2514","00000",0,0,0,0,0
"E164","2515","00000",0,0,0,0,0
"E168","2518","10000",1,0,0,0,0
"E169","2519","00000",0,0,0,0,0
"E200","2521","10000",1,0,0,0,0
"E201","27549","10000",1,0,0,0,0
"E208","2521","10000",1,0,0,0,0
"E209","2521","10000",1,0,0,0,0
"E210","25201","00000",0,0,0,0,0
"E211","25202","00000",0,0,0,0,0
"E212","25208","00000",0,0,0,0,0
"E213","25200","00000",0,0,0,0,0
"E214","2528","00000",0,0,0,0,0
"E215","2529","00000",0,0,0,0,0
"E220","2530","10000",1,0,0,0,0
"E221","2531","10000",1,0,0,0,0
"E222","2536","00000",0,0,0,0,0
"E228","2531","10000",1,0,0,0,0
"E229","2531","10000",1,0,0,0,0
"E230","2532","10000",1,0,0,0,0
"E230","2533","10000",1,0,0,0,0
"E230","6281","10000",1,0,0,0,0
"E231","2537","10000",1,0,0,0,0
"E232","2535","00000",0,0,0,0,0
"E233","2539","10000",1,0,0,0,0
"E236","2538","10000",1,0,0,0,0
"E237","2539","10000",1,0,0,0,0
"E240","2550","10000",1,0,0,0,0
"E241","2538","10000",1,0,0,0,0
"E242","2550","10000",1,0,0,0,0
"E243","2550","10000",1,0,0,0,0
"E244","2550","10000",1,0,0,0,0
"E248","2550","10000",1,0,0,0,0
"E249","2550","10000",1,0,0,0,0
"E250","2552","10000",1,0,0,0,0
"E258","2552","10000",1,0,0,0,0
"E259","2552","10000",1,0,0,0,0
"E2601","25512","00000",0,0,0,0,0
"E2602","25511","00000",0,0,0,0,0
"E2609","25510","10000",1,0,0,0,0
"E261","25514","10000",1,0,0,0,0
"E2681","25513","00000",0,0,0,0,0
"E2689","25514","10000",1,0,0,0,0
"E269","25510","10000",1,0,0,0,0
"E270","2553","10000",1,0,0,0,0
"E271","25541","10000",1,0,0,0,0
"E272","25541","10000",1,0,0,0,0
"E273","25541","10000",1,0,0,0,0
"E2740","25541","10000",1,0,0,0,0
"E2749","25541","10000",1,0,0,0,0
"E2749","25542","10000",1,0,0,0,0
"E275","2556","00000",0,0,0,0,0
"E278","2558","10000",1,0,0,0,0
"E279","2559","00000",0,0,0,0,0
"E280","2560","00000",0,0,0,0,0
"E281","2561","10000",1,0,0,0,0
"E282","2564","00000",0,0,0,0,0
"E28310","25631","10000",1,0,0,0,0
"E28319","25631","10000",1,0,0,0,0
"E2839","25639","00000",0,0,0,0,0
"E288","2568","00000",0,0,0,0,0
"E289","2569","00000",0,0,0,0,0
"E290","2570","00000",0,0,0,0,0
"E291","2572","00000",0,0,0,0,0
"E298","2578","00000",0,0,0,0,0
"E299","2579","00000",0,0,0,0,0
"E300","2590","00000",0,0,0,0,0
"E301","2591","10000",1,0,0,0,0
"E308","2591","10000",1,0,0,0,0
"E309","2599","10000",1,0,0,0,0
"E310","2581","10000",1,0,0,0,0
"E311","2588","10000",1,0,0,0,0
"E3120","2588","10000",1,0,0,0,0
"E3121","25801","00000",0,0,0,0,0
"E3122","25802","00000",0,0,0,0,0
"E3123","25803","00000",0,0,0,0,0
"E318","2588","10000",1,0,0,0,0
"E319","2589","00000",0,0,0,0,0
"E320","2540","00000",0,0,0,0,0
"E321","2541","00000",0,0,0,0,0
"E328","2548","00000",0,0,0,0,0
"E329","2549","00000",0,0,0,0,0
"E340","2592","00000",0,0,0,0,0
"E341","2598","10000",1,0,0,0,0
"E342","2593","00000",0,0,0,0,0
"E343","2594","00000",0,0,0,0,0
"E344","2530","10000",1,0,0,0,0
"E3450","25950","00000",0,0,0,0,0
"E3451","25951","00000",0,0,0,0,0
"E3452","25952","00000",0,0,0,0,0
"E348","2598","10000",1,0,0,0,0
"E349","2599","10000",1,0,0,0,0
"E35","2468","10000",1,0,0,0,0
"E35","2558","10000",1,0,0,0,0
"E35","2598","10000",1,0,0,0,0
"E3601","99811","10000",1,0,0,0,0
"E3601","99812","10000",1,0,0,0,0
"E3602","99811","10000",1,0,0,0,0
"E3602","99812","10000",1,0,0,0,0
"E3611","9982","10000",1,0,0,0,0
"E3612","9982","10000",1,0,0,0,0
"E368","99889","10000",1,0,0,0,0
"E40","260","10000",1,0,0,0,0
"E41","261","10000",1,0,0,0,0
"E42","260","10000",1,0,0,0,0
"E43","262","10000",1,0,0,0,0
"E440","2630","00000",0,0,0,0,0
"E441","2631","00000",0,0,0,0,0
"E45","2632","10000",1,0,0,0,0
"E46","2638","10000",1,0,0,0,0
"E46","2639","10000",1,0,0,0,0
"E500","2640","00000",0,0,0,0,0
"E501","2641","00000",0,0,0,0,0
"E502","2642","00000",0,0,0,0,0
"E503","2643","00000",0,0,0,0,0
"E504","2644","00000",0,0,0,0,0
"E505","2645","00000",0,0,0,0,0
"E506","2646","00000",0,0,0,0,0
"E507","2647","00000",0,0,0,0,0
"E508","2648","00000",0,0,0,0,0
"E509","2649","10000",1,0,0,0,0
"E5111","2650","10000",1,0,0,0,0
"E5112","2650","10000",1,0,0,0,0
"E512","2651","10000",1,0,0,0,0
"E518","2651","10000",1,0,0,0,0
"E519","2651","10000",1,0,0,0,0
"E52","2652","00000",0,0,0,0,0
"E530","2660","00000",0,0,0,0,0
"E531","2661","00000",0,0,0,0,0
"E538","2662","10000",1,0,0,0,0
"E539","2669","10000",1,0,0,0,0
"E54","267","10000",1,0,0,0,0
"E550","2680","00000",0,0,0,0,0
"E559","2689","00000",0,0,0,0,0
"E560","2691","10000",1,0,0,0,0
"E561","2690","00000",0,0,0,0,0
"E568","2691","10000",1,0,0,0,0
"E569","2692","10000",1,0,0,0,0
"E58","2693","10000",1,0,0,0,0
"E59","2693","10000",1,0,0,0,0
"E60","2693","10000",1,0,0,0,0
"E610","2693","10000",1,0,0,0,0
"E611","2693","10000",1,0,0,0,0
"E612","2693","10000",1,0,0,0,0
"E613","2693","10000",1,0,0,0,0
"E614","2693","10000",1,0,0,0,0
"E615","2693","10000",1,0,0,0,0
"E616","2693","10000",1,0,0,0,0
"E617","2698","10000",1,0,0,0,0
"E618","2698","10000",1,0,0,0,0
"E619","2699","10000",1,0,0,0,0
"E630","2698","10000",1,0,0,0,0
"E631","2698","10000",1,0,0,0,0
"E638","2698","10000",1,0,0,0,0
"E639","2699","10000",1,0,0,0,0
"E640","2639","10000",1,0,0,0,0
"E641","2649","10000",1,0,0,0,0
"E642","267","10000",1,0,0,0,0
"E643","2681","10000",1,0,0,0,0
"E648","2698","10000",1,0,0,0,0
"E649","2699","10000",1,0,0,0,0
"E65","2781","00000",0,0,0,0,0
"E6601","27801","10000",1,0,0,0,0
"E6609","27800","10000",1,0,0,0,0
"E661","27800","10000",1,0,0,0,0
"E662","27803","00000",0,0,0,0,0
"E663","27802","00000",0,0,0,0,0
"E668","27800","10000",1,0,0,0,0
"E669","27800","10000",1,0,0,0,0
"E670","2782","00000",0,0,0,0,0
"E671","2783","00000",0,0,0,0,0
"E672","2788","10000",1,0,0,0,0
"E673","2784","00000",0,0,0,0,0
"E678","2788","10000",1,0,0,0,0
"E68","2788","10000",1,0,0,0,0
"E700","2701","10000",1,0,0,0,0
"E701","2701","10000",1,0,0,0,0
"E7020","2702","10000",1,0,0,0,0
"E7021","2702","10000",1,0,0,0,0
"E7029","2702","10000",1,0,0,0,0
"E7030","2702","10000",1,0,0,0,0
"E70310","2702","10000",1,0,0,0,0
"E70311","2702","10000",1,0,0,0,0
"E70318","2702","10000",1,0,0,0,0
"E70319","2702","10000",1,0,0,0,0
"E70320","2702","10000",1,0,0,0,0
"E70321","2702","10000",1,0,0,0,0
"E70328","2702","10000",1,0,0,0,0
"E70329","2702","10000",1,0,0,0,0
"E70330","2702","10000",1,0,0,0,0
"E70331","2702","10000",1,0,0,0,0
"E70338","2702","10000",1,0,0,0,0
"E70339","2702","10000",1,0,0,0,0
"E7039","2702","10000",1,0,0,0,0
"E7040","2705","10000",1,0,0,0,0
"E7041","2705","10000",1,0,0,0,0
"E7049","2705","10000",1,0,0,0,0
"E705","2702","10000",1,0,0,0,0
"E708","2702","10000",1,0,0,0,0
"E709","2702","10000",1,0,0,0,0
"E710","2703","10000",1,0,0,0,0
"E71110","2703","10000",1,0,0,0,0
"E71111","2703","10000",1,0,0,0,0
"E71118","2703","10000",1,0,0,0,0
"E71120","2703","10000",1,0,0,0,0
"E71120","2707","10000",1,0,0,0,0
"E71121","2703","10000",1,0,0,0,0
"E71128","2703","10000",1,0,0,0,0
"E7119","2703","10000",1,0,0,0,0
"E712","2703","10000",1,0,0,0,0
"E7130","2728","10000",1,0,0,0,0
"E71310","27785","10000",1,0,0,0,0
"E71311","27785","10000",1,0,0,0,0
"E71312","27785","10000",1,0,0,0,0
"E71313","27785","10000",1,0,0,0,0
"E71314","27785","10000",1,0,0,0,0
"E71318","27785","10000",1,0,0,0,0
"E7132","27785","10000",1,0,0,0,0
"E7139","27789","10000",1,0,0,0,0
"E7140","27784","10000",1,0,0,0,0
"E7141","27781","00000",0,0,0,0,0
"E7142","27782","00000",0,0,0,0,0
"E7143","27783","00000",0,0,0,0,0
"E71440","27784","10000",1,0,0,0,0
"E71448","27784","10000",1,0,0,0,0
"E7150","27786","10000",1,0,0,0,0
"E71510","27786","10000",1,0,0,0,0
"E71511","27786","10000",1,0,0,0,0
"E71518","27786","10000",1,0,0,0,0
"E71520","27786","10000",1,0,0,0,0
"E71521","27786","10000",1,0,0,0,0
"E71522","27786","10000",1,0,0,0,0
"E71528","27786","10000",1,0,0,0,0
"E71529","27786","10000",1,0,0,0,0
"E7153","27786","10000",1,0,0,0,0
"E71540","27786","10000",1,0,0,0,0
"E71541","27786","10000",1,0,0,0,0
"E71542","27786","10000",1,0,0,0,0
"E71548","27786","10000",1,0,0,0,0
"E7200","2700","10000",1,0,0,0,0
"E7201","2700","10000",1,0,0,0,0
"E7202","2700","10000",1,0,0,0,0
"E7203","2708","10000",1,0,0,0,0
"E7204","2700","10000",1,0,0,0,0
"E7209","2700","10000",1,0,0,0,0
"E7210","2704","10000",1,0,0,0,0
"E7211","2704","10000",1,0,0,0,0
"E7212","2704","10000",1,0,0,0,0
"E7219","2704","10000",1,0,0,0,0
"E7220","2706","10000",1,0,0,0,0
"E7221","2706","10000",1,0,0,0,0
"E7222","2706","10000",1,0,0,0,0
"E7223","2706","10000",1,0,0,0,0
"E7229","2706","10000",1,0,0,0,0
"E723","2707","10000",1,0,0,0,0
"E724","2706","10000",1,0,0,0,0
"E7250","2707","10000",1,0,0,0,0
"E7251","2707","10000",1,0,0,0,0
"E7252","2718","10000",1,0,0,0,0
"E7253","2718","10000",1,0,0,0,0
"E7259","2707","10000",1,0,0,0,0
"E728","2707","10000",1,0,0,0,0
"E728","2708","10000",1,0,0,0,0
"E729","2709","00000",0,0,0,0,0
"E730","2713","10000",1,0,0,0,0
"E731","2713","10000",1,0,0,0,0
"E738","2713","10000",1,0,0,0,0
"E739","2713","10000",1,0,0,0,0
"E7400","2710","10000",1,0,0,0,0
"E7401","2710","10000",1,0,0,0,0
"E7402","2710","10000",1,0,0,0,0
"E7403","2710","10000",1,0,0,0,0
"E7404","2710","10000",1,0,0,0,0
"E7409","2710","10000",1,0,0,0,0
"E7410","2712","10000",1,0,0,0,0
"E7411","2712","10000",1,0,0,0,0
"E7412","2712","10000",1,0,0,0,0
"E7419","2712","10000",1,0,0,0,0
"E7420","2711","10000",1,0,0,0,0
"E7421","2711","10000",1,0,0,0,0
"E7429","2711","10000",1,0,0,0,0
"E7431","2713","10000",1,0,0,0,0
"E7439","2713","10000",1,0,0,0,0
"E744","2718","10000",1,0,0,0,0
"E748","2714","10000",1,0,0,0,0
"E748","2718","10000",1,0,0,0,0
"E749","2719","00000",0,0,0,0,0
"E7500","3301","10000",1,0,0,0,0
"E7501","3301","10000",1,0,0,0,0
"E7502","3301","10000",1,0,0,0,0
"E7509","3301","10000",1,0,0,0,0
"E7510","3301","10000",1,0,0,0,0
"E7511","3301","10000",1,0,0,0,0
"E7519","3301","10000",1,0,0,0,0
"E7521","2727","10000",1,0,0,0,0
"E7522","2727","10000",1,0,0,0,0
"E7523","3300","10000",1,0,0,0,0
"E75240","2727","10000",1,0,0,0,0
"E75241","2727","10000",1,0,0,0,0
"E75242","2727","10000",1,0,0,0,0
"E75243","2727","10000",1,0,0,0,0
"E75248","2727","10000",1,0,0,0,0
"E75249","2727","10000",1,0,0,0,0
"E7525","3300","10000",1,0,0,0,0
"E7529","3300","10000",1,0,0,0,0
"E753","2727","10000",1,0,0,0,0
"E754","3301","10000",1,0,0,0,0
"E755","2728","10000",1,0,0,0,0
"E756","2729","10000",1,0,0,0,0
"E7601","2775","10000",1,0,0,0,0
"E7602","2775","10000",1,0,0,0,0
"E7603","2775","10000",1,0,0,0,0
"E761","2775","10000",1,0,0,0,0
"E76210","2775","10000",1,0,0,0,0
"E76211","2775","10000",1,0,0,0,0
"E76219","2775","10000",1,0,0,0,0
"E7622","2775","10000",1,0,0,0,0
"E7629","2775","10000",1,0,0,0,0
"E763","2775","10000",1,0,0,0,0
"E768","2775","10000",1,0,0,0,0
"E769","2775","10000",1,0,0,0,0
"E770","2727","10000",1,0,0,0,0
"E771","2718","10000",1,0,0,0,0
"E771","2727","10000",1,0,0,0,0
"E778","2727","10000",1,0,0,0,0
"E779","2727","10000",1,0,0,0,0
"E780","2720","00000",0,0,0,0,0
"E781","2721","00000",0,0,0,0,0
"E782","2722","00000",0,0,0,0,0
"E783","2723","00000",0,0,0,0,0
"E784","2724","10000",1,0,0,0,0
"E785","2724","10000",1,0,0,0,0
"E786","2725","00000",0,0,0,0,0
"E7870","2729","10000",1,0,0,0,0
"E7871","75989","10000",1,0,0,0,0
"E7872","75989","10000",1,0,0,0,0
"E7879","2728","10000",1,0,0,0,0
"E7881","2728","10000",1,0,0,0,0
"E7889","2728","10000",1,0,0,0,0
"E789","2729","10000",1,0,0,0,0
"E790","7906","10000",1,0,0,0,0
"E791","2772","10000",1,0,0,0,0
"E792","2772","10000",1,0,0,0,0
"E798","2772","10000",1,0,0,0,0
"E799","2772","10000",1,0,0,0,0
"E800","2771","10000",1,0,0,0,0
"E801","2771","10000",1,0,0,0,0
"E8020","2771","10000",1,0,0,0,0
"E8021","2771","10000",1,0,0,0,0
"E8029","2771","10000",1,0,0,0,0
"E803","27789","10000",1,0,0,0,0
"E804","2774","10000",1,0,0,0,0
"E805","2774","10000",1,0,0,0,0
"E806","2774","10000",1,0,0,0,0
"E807","2774","10000",1,0,0,0,0
"E8300","2751","10000",1,0,0,0,0
"E8301","2751","10000",1,0,0,0,0
"E8309","2751","10000",1,0,0,0,0
"E8310","27509","10000",1,0,0,0,0
"E83110","27501","00000",0,0,0,0,0
"E83111","27502","00000",0,0,0,0,0
"E83118","27503","10000",1,0,0,0,0
"E83119","27503","10000",1,0,0,0,0
"E8319","27509","10000",1,0,0,0,0
"E832","6868","10000",1,0,0,0,0
"E8330","2753","10000",1,0,0,0,0
"E8331","2753","10000",1,0,0,0,0
"E8332","2753","10000",1,0,0,0,0
"E8339","2753","10000",1,0,0,0,0
"E8340","2752","10000",1,0,0,0,0
"E8341","2752","10000",1,0,0,0,0
"E8342","2752","10000",1,0,0,0,0
"E8349","2752","10000",1,0,0,0,0
"E8350","27540","00000",0,0,0,0,0
"E8351","27541","00000",0,0,0,0,0
"E8352","27542","00000",0,0,0,0,0
"E8359","27549","10000",1,0,0,0,0
"E8381","2755","00000",0,0,0,0,0
"E8389","2758","00000",0,0,0,0,0
"E839","2759","00000",0,0,0,0,0
"E840","27702","00000",0,0,0,0,0
"E8411","27701","00000",0,0,0,0,0
"E8419","27703","10000",1,0,0,0,0
"E848","27709","00000",0,0,0,0,0
"E849","27700","00000",0,0,0,0,0
"E850","27731","10000",1,0,0,0,0
"E851","27739","10000",1,0,0,0,0
"E852","27739","10000",1,0,0,0,0
"E853","27739","10000",1,0,0,0,0
"E854","27739","10000",1,0,0,0,0
"E858","27739","10000",1,0,0,0,0
"E859","27730","10000",1,0,0,0,0
"E860","27651","00000",0,0,0,0,0
"E861","27652","00000",0,0,0,0,0
"E869","27650","00000",0,0,0,0,0
"E870","2760","00000",0,0,0,0,0
"E871","2761","00000",0,0,0,0,0
"E872","2762","00000",0,0,0,0,0
"E873","2763","00000",0,0,0,0,0
"E874","2764","00000",0,0,0,0,0
"E875","2767","00000",0,0,0,0,0
"E876","2768","00000",0,0,0,0,0
"E8770","27669","10000",1,0,0,0,0
"E8771","27661","00000",0,0,0,0,0
"E8779","27669","10000",1,0,0,0,0
"E878","2769","00000",0,0,0,0,0
"E8801","2734","00000",0,0,0,0,0
"E8809","2738","10000",1,0,0,0,0
"E881","2726","00000",0,0,0,0,0
"E882","2728","10000",1,0,0,0,0
"E883","27788","00000",0,0,0,0,0
"E8840","27787","10000",1,0,0,0,0
"E8841","27787","10000",1,0,0,0,0
"E8842","27787","10000",1,0,0,0,0
"E8849","27787","10000",1,0,0,0,0
"E8881","2777","00000",0,0,0,0,0
"E8889","2728","10000",1,0,0,0,0
"E8889","27789","10000",1,0,0,0,0
"E889","2779","10000",1,0,0,0,0
"E890","2440","10000",1,0,0,0,0
"E890","2441","10000",1,0,0,0,0
"E891","2513","00000",0,0,0,0,0
"E892","2521","10000",1,0,0,0,0
"E893","2537","10000",1,0,0,0,0
"E8940","2562","10000",1,0,0,0,0
"E8941","2562","10000",1,0,0,0,0
"E895","2571","00000",0,0,0,0,0
"E896","25541","10000",1,0,0,0,0
"E89810","99799","10000",1,0,0,0,0
"E89811","99799","10000",1,0,0,0,0
"E8989","99799","10000",1,0,0,0,0
"F0150","29040","10000",1,0,0,0,0
"F0151","29041","10000",1,0,0,0,0
"F0280","29410","00000",0,0,0,0,0
"F0281","29411","00000",0,0,0,0,0
"F0390","2900","10000",1,0,0,0,0
"F0390","29010","10000",1,0,0,0,0
"F0390","29011","10000",1,0,0,0,0
"F0390","29013","10000",1,0,0,0,0
"F0390","29021","10000",1,0,0,0,0
"F0390","2908","10000",1,0,0,0,0
"F0390","2909","10000",1,0,0,0,0
"F0390","29420","00000",0,0,0,0,0
"F0391","29421","00000",0,0,0,0,0
"F04","2940","10000",1,0,0,0,0
"F05","2930","10000",1,0,0,0,0
"F05","2931","10000",1,0,0,0,0
"F060","29382","10000",1,0,0,0,0
"F061","29389","10000",1,0,0,0,0
"F061","2948","10000",1,0,0,0,0
"F062","29381","00000",0,0,0,0,0
"F0630","29383","10000",1,0,0,0,0
"F0631","29383","10000",1,0,0,0,0
"F0632","29383","10000",1,0,0,0,0
"F0633","29383","10000",1,0,0,0,0
"F0634","29383","10000",1,0,0,0,0
"F064","29384","00000",0,0,0,0,0
"F068","2948","10000",1,0,0,0,0
"F070","3100","10000",1,0,0,0,0
"F070","3101","10000",1,0,0,0,0
"F0781","3102","00000",0,0,0,0,0
"F0789","31089","10000",1,0,0,0,0
"F079","3109","10000",1,0,0,0,0
"F09","3109","10000",1,0,0,0,0
"F1010","30500","10000",1,0,0,0,0
"F1010","30501","10000",1,0,0,0,0
"F1010","30502","10000",1,0,0,0,0
"F1010","30503","10000",1,0,0,0,0
"F10120","30500","10000",1,0,0,0,0
"F10120","30501","10000",1,0,0,0,0
"F10120","30502","10000",1,0,0,0,0
"F10120","30503","10000",1,0,0,0,0
"F10121","2910","10000",1,0,0,0,0
"F10129","30500","10000",1,0,0,0,0
"F10129","30501","10000",1,0,0,0,0
"F10129","30502","10000",1,0,0,0,0
"F10129","30503","10000",1,0,0,0,0
"F1014","29189","10000",1,0,0,0,0
"F10150","2915","10000",1,0,0,0,0
"F10151","2913","10000",1,0,0,0,0
"F10159","29189","10000",1,0,0,0,0
"F10180","29189","10000",1,0,0,0,0
"F10181","29189","10000",1,0,0,0,0
"F10182","29182","10000",1,0,0,0,0
"F10188","29189","10000",1,0,0,0,0
"F1019","2919","10000",1,0,0,0,0
"F1020","30390","10000",1,0,0,0,0
"F1020","30391","10000",1,0,0,0,0
"F1020","30392","10000",1,0,0,0,0
"F1021","30393","00000",0,0,0,0,0
"F10220","30300","10000",1,0,0,0,0
"F10220","30301","10000",1,0,0,0,0
"F10220","30302","10000",1,0,0,0,0
"F10220","30303","10000",1,0,0,0,0
"F10221","2910","10000",1,0,0,0,0
"F10229","30300","10000",1,0,0,0,0
"F10229","30301","10000",1,0,0,0,0
"F10229","30302","10000",1,0,0,0,0
"F10229","30303","10000",1,0,0,0,0
"F10230","29181","10000",1,0,0,0,0
"F10231","2910","10000",1,0,0,0,0
"F10232","29181","10000",1,0,0,0,0
"F10239","29181","10000",1,0,0,0,0
"F1024","29189","10000",1,0,0,0,0
"F10250","2915","10000",1,0,0,0,0
"F10251","2913","10000",1,0,0,0,0
"F10259","29189","10000",1,0,0,0,0
"F1026","2911","10000",1,0,0,0,0
"F1027","2912","10000",1,0,0,0,0
"F10280","29189","10000",1,0,0,0,0
"F10281","29189","10000",1,0,0,0,0
"F10282","29182","10000",1,0,0,0,0
"F10288","29189","10000",1,0,0,0,0
"F1029","2919","10000",1,0,0,0,0
"F10920","2914","10000",1,0,0,0,0
"F10921","2910","10000",1,0,0,0,0
"F10929","2914","10000",1,0,0,0,0
"F1094","2919","10000",1,0,0,0,0
"F10950","2915","10000",1,0,0,0,0
"F10951","2913","10000",1,0,0,0,0
"F10959","29189","10000",1,0,0,0,0
"F1096","2911","10000",1,0,0,0,0
"F1097","2911","10000",1,0,0,0,0
"F10980","29189","10000",1,0,0,0,0
"F10981","29189","10000",1,0,0,0,0
"F10982","29182","10000",1,0,0,0,0
"F10988","29189","10000",1,0,0,0,0
"F1099","2919","10000",1,0,0,0,0
"F1110","30550","10000",1,0,0,0,0
"F1110","30551","10000",1,0,0,0,0
"F1110","30552","10000",1,0,0,0,0
"F1110","30553","10000",1,0,0,0,0
"F11120","30550","10000",1,0,0,0,0
"F11120","30551","10000",1,0,0,0,0
"F11120","30552","10000",1,0,0,0,0
"F11120","30553","10000",1,0,0,0,0
"F11121","29281","10000",1,0,0,0,0
"F11122","29282","10000",1,0,0,0,0
"F11129","30550","10000",1,0,0,0,0
"F11129","30551","10000",1,0,0,0,0
"F11129","30552","10000",1,0,0,0,0
"F11129","30553","10000",1,0,0,0,0
"F1114","29284","10000",1,0,0,0,0
"F11150","29211","10000",1,0,0,0,0
"F11151","29212","10000",1,0,0,0,0
"F11159","29289","10000",1,0,0,0,0
"F11181","29289","10000",1,0,0,0,0
"F11182","29285","10000",1,0,0,0,0
"F11188","29289","10000",1,0,0,0,0
"F1119","2929","10000",1,0,0,0,0
"F1120","30400","10000",1,0,0,0,0
"F1120","30401","10000",1,0,0,0,0
"F1120","30402","10000",1,0,0,0,0
"F1121","30403","00000",0,0,0,0,0
"F11220","2922","10111",1,0,1,1,1
"F11220","30400","10112",1,0,1,1,2
"F11221","29281","10111",1,0,1,1,1
"F11221","30400","10112",1,0,1,1,2
"F11222","29289","10111",1,0,1,1,1
"F11222","30400","10112",1,0,1,1,2
"F11229","2922","10111",1,0,1,1,1
"F11229","30400","10112",1,0,1,1,2
"F1123","2920","10111",1,0,1,1,1
"F1123","30400","10112",1,0,1,1,2
"F1124","29284","10111",1,0,1,1,1
"F1124","30400","10112",1,0,1,1,2
"F11250","29211","10111",1,0,1,1,1
"F11250","30400","10112",1,0,1,1,2
"F11251","29212","10111",1,0,1,1,1
"F11251","30400","10112",1,0,1,1,2
"F11259","29289","10111",1,0,1,1,1
"F11259","30400","10112",1,0,1,1,2
"F11281","29289","10111",1,0,1,1,1
"F11281","30400","10112",1,0,1,1,2
"F11282","29285","10111",1,0,1,1,1
"F11282","30400","10112",1,0,1,1,2
"F11288","29289","10111",1,0,1,1,1
"F11288","30400","10112",1,0,1,1,2
"F1129","2929","10111",1,0,1,1,1
"F1129","30400","10112",1,0,1,1,2
"F1190","30550","10000",1,0,0,0,0
"F11920","2922","10000",1,0,0,0,0
"F11921","29281","10000",1,0,0,0,0
"F11922","29289","10000",1,0,0,0,0
"F11929","2922","10000",1,0,0,0,0
"F1193","2920","10000",1,0,0,0,0
"F1194","29284","10000",1,0,0,0,0
"F11950","29211","10000",1,0,0,0,0
"F11951","29212","10000",1,0,0,0,0
"F11959","29289","10000",1,0,0,0,0
"F11981","29289","10000",1,0,0,0,0
"F11982","29285","10000",1,0,0,0,0
"F11988","29289","10000",1,0,0,0,0
"F1199","2929","10000",1,0,0,0,0
"F1210","30520","10000",1,0,0,0,0
"F1210","30521","10000",1,0,0,0,0
"F1210","30522","10000",1,0,0,0,0
"F1210","30523","10000",1,0,0,0,0
"F12120","2922","10000",1,0,0,0,0
"F12121","29281","10000",1,0,0,0,0
"F12122","29289","10000",1,0,0,0,0
"F12129","2922","10000",1,0,0,0,0
"F12150","29211","10000",1,0,0,0,0
"F12151","29212","10000",1,0,0,0,0
"F12159","29289","10000",1,0,0,0,0
"F12180","29289","10000",1,0,0,0,0
"F12188","29289","10000",1,0,0,0,0
"F1219","2929","10000",1,0,0,0,0
"F1220","30430","10000",1,0,0,0,0
"F1220","30431","10000",1,0,0,0,0
"F1220","30432","10000",1,0,0,0,0
"F1221","30433","00000",0,0,0,0,0
"F12220","2922","10111",1,0,1,1,1
"F12220","30430","10112",1,0,1,1,2
"F12221","29281","10111",1,0,1,1,1
"F12221","30430","10112",1,0,1,1,2
"F12222","29289","10111",1,0,1,1,1
"F12222","30430","10112",1,0,1,1,2
"F12229","2922","10111",1,0,1,1,1
"F12229","30430","10112",1,0,1,1,2
"F12250","29211","10111",1,0,1,1,1
"F12250","30430","10112",1,0,1,1,2
"F12251","29212","10111",1,0,1,1,1
"F12251","30430","10112",1,0,1,1,2
"F12259","29289","10111",1,0,1,1,1
"F12259","30430","10112",1,0,1,1,2
"F12280","29289","10111",1,0,1,1,1
"F12280","30430","10112",1,0,1,1,2
"F12288","29289","10111",1,0,1,1,1
"F12288","30430","10112",1,0,1,1,2
"F1229","2929","10111",1,0,1,1,1
"F1229","30430","10112",1,0,1,1,2
"F1290","30520","10000",1,0,0,0,0
"F12920","2922","10000",1,0,0,0,0
"F12921","29281","10000",1,0,0,0,0
"F12922","29289","10000",1,0,0,0,0
"F12929","2922","10000",1,0,0,0,0
"F12950","29211","10000",1,0,0,0,0
"F12951","29212","10000",1,0,0,0,0
"F12959","29289","10000",1,0,0,0,0
"F12980","29289","10000",1,0,0,0,0
"F12988","29289","10000",1,0,0,0,0
"F1299","2929","10000",1,0,0,0,0
"F1310","30540","10000",1,0,0,0,0
"F1310","30541","10000",1,0,0,0,0
"F1310","30542","10000",1,0,0,0,0
"F1310","30543","10000",1,0,0,0,0
"F13120","30540","10000",1,0,0,0,0
"F13120","30541","10000",1,0,0,0,0
"F13120","30542","10000",1,0,0,0,0
"F13120","30543","10000",1,0,0,0,0
"F13121","29281","10000",1,0,0,0,0
"F13129","2922","10000",1,0,0,0,0
"F1314","29284","10000",1,0,0,0,0
"F13150","29211","10000",1,0,0,0,0
"F13151","29212","10000",1,0,0,0,0
"F13159","29289","10000",1,0,0,0,0
"F13180","29289","10000",1,0,0,0,0
"F13181","29289","10000",1,0,0,0,0
"F13182","29285","10000",1,0,0,0,0
"F13188","29289","10000",1,0,0,0,0
"F1319","2929","10000",1,0,0,0,0
"F1320","30410","10000",1,0,0,0,0
"F1320","30411","10000",1,0,0,0,0
"F1320","30412","10000",1,0,0,0,0
"F1321","30413","00000",0,0,0,0,0
"F13220","2922","10111",1,0,1,1,1
"F13220","30410","10112",1,0,1,1,2
"F13221","29281","10111",1,0,1,1,1
"F13221","30410","10112",1,0,1,1,2
"F13229","2922","10111",1,0,1,1,1
"F13229","30410","10112",1,0,1,1,2
"F13230","2920","10111",1,0,1,1,1
"F13230","30410","10112",1,0,1,1,2
"F13231","2920","10111",1,0,1,1,1
"F13231","30410","10112",1,0,1,1,2
"F13232","2920","10111",1,0,1,1,1
"F13232","30410","10112",1,0,1,1,2
"F13239","2920","10111",1,0,1,1,1
"F13239","30410","10112",1,0,1,1,2
"F1324","29284","10111",1,0,1,1,1
"F1324","30410","10112",1,0,1,1,2
"F13250","29211","10111",1,0,1,1,1
"F13250","30410","10112",1,0,1,1,2
"F13251","29212","10111",1,0,1,1,1
"F13251","30410","10112",1,0,1,1,2
"F13259","29289","10111",1,0,1,1,1
"F13259","30410","10112",1,0,1,1,2
"F1326","29283","10111",1,0,1,1,1
"F1326","30410","10112",1,0,1,1,2
"F1327","29282","10111",1,0,1,1,1
"F1327","30410","10112",1,0,1,1,2
"F13280","29289","10111",1,0,1,1,1
"F13280","30410","10112",1,0,1,1,2
"F13281","29289","10111",1,0,1,1,1
"F13281","30410","10112",1,0,1,1,2
"F13282","29285","10111",1,0,1,1,1
"F13282","30410","10112",1,0,1,1,2
"F13288","29289","10111",1,0,1,1,1
"F13288","30410","10112",1,0,1,1,2
"F1329","2929","10111",1,0,1,1,1
"F1329","30410","10112",1,0,1,1,2
"F1390","30540","10000",1,0,0,0,0
"F13920","2922","10000",1,0,0,0,0
"F13921","29281","10000",1,0,0,0,0
"F13929","2922","10000",1,0,0,0,0
"F13930","2920","10000",1,0,0,0,0
"F13931","2920","10000",1,0,0,0,0
"F13932","2920","10000",1,0,0,0,0
"F13939","2920","10000",1,0,0,0,0
"F1394","29284","10000",1,0,0,0,0
"F13950","29211","10000",1,0,0,0,0
"F13951","29212","10000",1,0,0,0,0
"F13959","29289","10000",1,0,0,0,0
"F1396","29283","10000",1,0,0,0,0
"F1397","29282","10000",1,0,0,0,0
"F13980","29289","10000",1,0,0,0,0
"F13981","29289","10000",1,0,0,0,0
"F13982","29285","10000",1,0,0,0,0
"F13988","29289","10000",1,0,0,0,0
"F1399","2929","10000",1,0,0,0,0
"F1410","30560","10000",1,0,0,0,0
"F1410","30561","10000",1,0,0,0,0
"F1410","30562","10000",1,0,0,0,0
"F1410","30563","10000",1,0,0,0,0
"F14120","30560","10000",1,0,0,0,0
"F14120","30561","10000",1,0,0,0,0
"F14120","30562","10000",1,0,0,0,0
"F14120","30563","10000",1,0,0,0,0
"F14121","29281","10000",1,0,0,0,0
"F14122","29289","10000",1,0,0,0,0
"F14129","2922","10000",1,0,0,0,0
"F1414","29284","10000",1,0,0,0,0
"F14150","29211","10000",1,0,0,0,0
"F14151","29212","10000",1,0,0,0,0
"F14159","29289","10000",1,0,0,0,0
"F14180","29289","10000",1,0,0,0,0
"F14181","29289","10000",1,0,0,0,0
"F14182","29285","10000",1,0,0,0,0
"F14188","29289","10000",1,0,0,0,0
"F1419","2929","10000",1,0,0,0,0
"F1420","30420","10000",1,0,0,0,0
"F1420","30421","10000",1,0,0,0,0
"F1420","30422","10000",1,0,0,0,0
"F1421","30423","00000",0,0,0,0,0
"F14220","2922","10111",1,0,1,1,1
"F14220","30420","10112",1,0,1,1,2
"F14221","29281","10111",1,0,1,1,1
"F14221","30420","10112",1,0,1,1,2
"F14222","29289","10111",1,0,1,1,1
"F14222","30420","10112",1,0,1,1,2
"F14229","2922","10111",1,0,1,1,1
"F14229","30420","10112",1,0,1,1,2
"F1423","2920","10111",1,0,1,1,1
"F1423","30420","10112",1,0,1,1,2
"F1424","29284","10111",1,0,1,1,1
"F1424","30420","10112",1,0,1,1,2
"F14250","29211","10111",1,0,1,1,1
"F14250","30420","10112",1,0,1,1,2
"F14251","29212","10111",1,0,1,1,1
"F14251","30420","10112",1,0,1,1,2
"F14259","29289","10111",1,0,1,1,1
"F14259","30420","10112",1,0,1,1,2
"F14280","29289","10111",1,0,1,1,1
"F14280","30420","10112",1,0,1,1,2
"F14281","29289","10111",1,0,1,1,1
"F14281","30420","10112",1,0,1,1,2
"F14282","29285","10111",1,0,1,1,1
"F14282","30420","10112",1,0,1,1,2
"F14288","29289","10111",1,0,1,1,1
"F14288","30420","10112",1,0,1,1,2
"F1429","2929","10111",1,0,1,1,1
"F1429","30420","10112",1,0,1,1,2
"F1490","30560","10000",1,0,0,0,0
"F14920","2922","10000",1,0,0,0,0
"F14921","29281","10000",1,0,0,0,0
"F14922","29289","10000",1,0,0,0,0
"F14929","2922","10000",1,0,0,0,0
"F1494","29284","10000",1,0,0,0,0
"F14950","29211","10000",1,0,0,0,0
"F14951","29212","10000",1,0,0,0,0
"F14959","29289","10000",1,0,0,0,0
"F14980","29289","10000",1,0,0,0,0
"F14981","29289","10000",1,0,0,0,0
"F14982","29285","10000",1,0,0,0,0
"F14988","29289","10000",1,0,0,0,0
"F1499","2929","10000",1,0,0,0,0
"F1510","30570","10000",1,0,0,0,0
"F1510","30571","10000",1,0,0,0,0
"F1510","30572","10000",1,0,0,0,0
"F1510","30573","10000",1,0,0,0,0
"F15120","30570","10000",1,0,0,0,0
"F15120","30571","10000",1,0,0,0,0
"F15120","30572","10000",1,0,0,0,0
"F15120","30573","10000",1,0,0,0,0
"F15121","29281","10000",1,0,0,0,0
"F15122","29289","10000",1,0,0,0,0
"F15129","2922","10000",1,0,0,0,0
"F1514","29284","10000",1,0,0,0,0
"F15150","29211","10000",1,0,0,0,0
"F15151","29212","10000",1,0,0,0,0
"F15159","29289","10000",1,0,0,0,0
"F15180","29289","10000",1,0,0,0,0
"F15181","29289","10000",1,0,0,0,0
"F15182","29285","10000",1,0,0,0,0
"F15188","29289","10000",1,0,0,0,0
"F1519","2929","10000",1,0,0,0,0
"F1520","30440","10000",1,0,0,0,0
"F1520","30441","10000",1,0,0,0,0
"F1520","30442","10000",1,0,0,0,0
"F1521","30443","10000",1,0,0,0,0
"F15220","2922","10111",1,0,1,1,1
"F15220","30440","10112",1,0,1,1,2
"F15221","29281","10111",1,0,1,1,1
"F15221","30440","10112",1,0,1,1,2
"F15222","29289","10111",1,0,1,1,1
"F15222","30440","10112",1,0,1,1,2
"F15229","2922","10111",1,0,1,1,1
"F15229","30440","10112",1,0,1,1,2
"F1523","2920","10111",1,0,1,1,1
"F1523","30440","10112",1,0,1,1,2
"F1524","29284","10111",1,0,1,1,1
"F1524","30440","10112",1,0,1,1,2
"F15250","29211","10111",1,0,1,1,1
"F15250","30440","10112",1,0,1,1,2
"F15251","29212","10111",1,0,1,1,1
"F15251","30440","10112",1,0,1,1,2
"F15259","29289","10111",1,0,1,1,1
"F15259","30440","10112",1,0,1,1,2
"F15280","29289","10111",1,0,1,1,1
"F15280","30440","10112",1,0,1,1,2
"F15281","29289","10111",1,0,1,1,1
"F15281","30440","10112",1,0,1,1,2
"F15282","29285","10111",1,0,1,1,1
"F15282","30440","10112",1,0,1,1,2
"F15288","29289","10111",1,0,1,1,1
"F15288","30440","10112",1,0,1,1,2
"F1529","2929","10111",1,0,1,1,1
"F1529","30440","10112",1,0,1,1,2
"F1590","30570","10000",1,0,0,0,0
"F15920","2922","10000",1,0,0,0,0
"F15921","29281","10000",1,0,0,0,0
"F15922","29289","10000",1,0,0,0,0
"F15929","2922","10000",1,0,0,0,0
"F1593","2920","10000",1,0,0,0,0
"F1594","29284","10000",1,0,0,0,0
"F15950","29211","10000",1,0,0,0,0
"F15951","29212","10000",1,0,0,0,0
"F15959","29289","10000",1,0,0,0,0
"F15980","29289","10000",1,0,0,0,0
"F15981","29289","10000",1,0,0,0,0
"F15982","29285","10000",1,0,0,0,0
"F15988","29289","10000",1,0,0,0,0
"F1599","2929","10000",1,0,0,0,0
"F1610","30530","10000",1,0,0,0,0
"F1610","30531","10000",1,0,0,0,0
"F1610","30532","10000",1,0,0,0,0
"F1610","30533","10000",1,0,0,0,0
"F16120","30530","10000",1,0,0,0,0
"F16120","30531","10000",1,0,0,0,0
"F16120","30532","10000",1,0,0,0,0
"F16120","30533","10000",1,0,0,0,0
"F16121","29281","10000",1,0,0,0,0
"F16122","29289","10000",1,0,0,0,0
"F16129","2922","10000",1,0,0,0,0
"F1614","29284","10000",1,0,0,0,0
"F16150","29211","10000",1,0,0,0,0
"F16151","29212","10000",1,0,0,0,0
"F16159","29289","10000",1,0,0,0,0
"F16180","29289","10000",1,0,0,0,0
"F16183","29289","10000",1,0,0,0,0
"F16188","29289","10000",1,0,0,0,0
"F1619","2929","10000",1,0,0,0,0
"F1620","30450","10000",1,0,0,0,0
"F1620","30451","10000",1,0,0,0,0
"F1620","30452","10000",1,0,0,0,0
"F1621","30453","00000",0,0,0,0,0
"F16220","2922","10111",1,0,1,1,1
"F16220","30450","10112",1,0,1,1,2
"F16221","29281","10111",1,0,1,1,1
"F16221","30450","10112",1,0,1,1,2
"F16229","2922","10111",1,0,1,1,1
"F16229","30450","10112",1,0,1,1,2
"F1624","29284","10111",1,0,1,1,1
"F1624","30450","10112",1,0,1,1,2
"F16250","29211","10111",1,0,1,1,1
"F16250","30450","10112",1,0,1,1,2
"F16251","29212","10111",1,0,1,1,1
"F16251","30450","10112",1,0,1,1,2
"F16259","29289","10111",1,0,1,1,1
"F16259","30450","10112",1,0,1,1,2
"F16280","29289","10111",1,0,1,1,1
"F16280","30450","10112",1,0,1,1,2
"F16283","29289","10111",1,0,1,1,1
"F16283","30450","10112",1,0,1,1,2
"F16288","29289","10111",1,0,1,1,1
"F16288","30450","10112",1,0,1,1,2
"F1629","2929","10111",1,0,1,1,1
"F1629","30450","10112",1,0,1,1,2
"F1690","30530","10000",1,0,0,0,0
"F16920","2922","10000",1,0,0,0,0
"F16921","29281","10000",1,0,0,0,0
"F16929","2922","10000",1,0,0,0,0
"F1694","29284","10000",1,0,0,0,0
"F16950","29211","10000",1,0,0,0,0
"F16951","29212","10000",1,0,0,0,0
"F16959","29289","10000",1,0,0,0,0
"F16980","29289","10000",1,0,0,0,0
"F16983","29289","10000",1,0,0,0,0
"F16988","29289","10000",1,0,0,0,0
"F1699","2929","10000",1,0,0,0,0
"F17200","3051","10000",1,0,0,0,0
"F17201","3051","10000",1,0,0,0,0
"F17203","2920","10000",1,0,0,0,0
"F17208","29289","10000",1,0,0,0,0
"F17209","2929","10000",1,0,0,0,0
"F17210","3051","10000",1,0,0,0,0
"F17211","3051","10000",1,0,0,0,0
"F17213","2920","10000",1,0,0,0,0
"F17218","29289","10000",1,0,0,0,0
"F17219","2929","10000",1,0,0,0,0
"F17220","3051","10000",1,0,0,0,0
"F17221","3051","10000",1,0,0,0,0
"F17223","2920","10000",1,0,0,0,0
"F17228","29289","10000",1,0,0,0,0
"F17229","2929","10000",1,0,0,0,0
"F17290","3051","10000",1,0,0,0,0
"F17291","3051","10000",1,0,0,0,0
"F17293","2920","10000",1,0,0,0,0
"F17298","29289","10000",1,0,0,0,0
"F17299","2929","10000",1,0,0,0,0
"F1810","30590","10000",1,0,0,0,0
"F1810","30591","10000",1,0,0,0,0
"F1810","30592","10000",1,0,0,0,0
"F1810","30593","10000",1,0,0,0,0
"F18120","2922","10000",1,0,0,0,0
"F18120","30590","10000",1,0,0,0,0
"F18120","30591","10000",1,0,0,0,0
"F18120","30592","10000",1,0,0,0,0
"F18120","30593","10000",1,0,0,0,0
"F18121","29281","10000",1,0,0,0,0
"F18129","2922","10000",1,0,0,0,0
"F1814","29284","10000",1,0,0,0,0
"F18150","29211","10000",1,0,0,0,0
"F18151","29212","10000",1,0,0,0,0
"F18159","29289","10000",1,0,0,0,0
"F1817","29282","10000",1,0,0,0,0
"F18180","29289","10000",1,0,0,0,0
"F18188","29289","10000",1,0,0,0,0
"F1819","2929","10000",1,0,0,0,0
"F1820","30460","10000",1,0,0,0,0
"F1821","30463","10000",1,0,0,0,0
"F18220","2922","10111",1,0,1,1,1
"F18220","30460","10112",1,0,1,1,2
"F18221","29281","10111",1,0,1,1,1
"F18221","30460","10112",1,0,1,1,2
"F18229","2922","10111",1,0,1,1,1
"F18229","30460","10112",1,0,1,1,2
"F1824","29284","10111",1,0,1,1,1
"F1824","30460","10112",1,0,1,1,2
"F18250","29211","10111",1,0,1,1,1
"F18250","30460","10112",1,0,1,1,2
"F18251","29212","10111",1,0,1,1,1
"F18251","30460","10112",1,0,1,1,2
"F18259","29289","10111",1,0,1,1,1
"F18259","30460","10112",1,0,1,1,2
"F1827","29282","10111",1,0,1,1,1
"F1827","30460","10112",1,0,1,1,2
"F18280","29289","10111",1,0,1,1,1
"F18280","30460","10112",1,0,1,1,2
"F18288","29289","10111",1,0,1,1,1
"F18288","30460","10112",1,0,1,1,2
"F1829","2929","10111",1,0,1,1,1
"F1829","30460","10112",1,0,1,1,2
"F1890","30590","10000",1,0,0,0,0
"F18920","2922","10000",1,0,0,0,0
"F18921","29281","10000",1,0,0,0,0
"F18929","2922","10000",1,0,0,0,0
"F1894","29284","10000",1,0,0,0,0
"F18950","29211","10000",1,0,0,0,0
"F18951","29212","10000",1,0,0,0,0
"F18959","29289","10000",1,0,0,0,0
"F1897","29282","10000",1,0,0,0,0
"F18980","29289","10000",1,0,0,0,0
"F18988","29289","10000",1,0,0,0,0
"F1899","2929","10000",1,0,0,0,0
"F1910","30580","10000",1,0,0,0,0
"F1910","30581","10000",1,0,0,0,0
"F1910","30582","10000",1,0,0,0,0
"F1910","30583","10000",1,0,0,0,0
"F19120","30580","10000",1,0,0,0,0
"F19120","30581","10000",1,0,0,0,0
"F19120","30582","10000",1,0,0,0,0
"F19120","30583","10000",1,0,0,0,0
"F19121","29281","10000",1,0,0,0,0
"F19122","29289","10000",1,0,0,0,0
"F19129","2922","10000",1,0,0,0,0
"F1914","29284","10000",1,0,0,0,0
"F19150","29211","10000",1,0,0,0,0
"F19151","29212","10000",1,0,0,0,0
"F19159","29289","10000",1,0,0,0,0
"F1916","29283","10000",1,0,0,0,0
"F1917","29282","10000",1,0,0,0,0
"F19180","29289","10000",1,0,0,0,0
"F19181","29289","10000",1,0,0,0,0
"F19182","29285","10000",1,0,0,0,0
"F19188","29289","10000",1,0,0,0,0
"F1919","2929","10000",1,0,0,0,0
"F1920","30460","10000",1,0,0,0,0
"F1920","30461","10000",1,0,0,0,0
"F1920","30462","10000",1,0,0,0,0
"F1921","29285","10000",1,0,0,0,0
"F1921","30463","10000",1,0,0,0,0
"F19220","2922","10111",1,0,1,1,1
"F19220","30460","10112",1,0,1,1,2
"F19221","29281","10111",1,0,1,1,1
"F19221","30460","10112",1,0,1,1,2
"F19222","29289","10111",1,0,1,1,1
"F19222","30460","10112",1,0,1,1,2
"F19229","2922","10111",1,0,1,1,1
"F19229","30460","10112",1,0,1,1,2
"F19230","2920","10111",1,0,1,1,1
"F19230","30460","10112",1,0,1,1,2
"F19231","2920","10111",1,0,1,1,1
"F19231","30460","10112",1,0,1,1,2
"F19232","2920","10111",1,0,1,1,1
"F19232","30460","10112",1,0,1,1,2
"F19239","2920","10111",1,0,1,1,1
"F19239","30460","10112",1,0,1,1,2
"F1924","29284","10111",1,0,1,1,1
"F1924","30460","10112",1,0,1,1,2
"F19250","29211","10111",1,0,1,1,1
"F19250","30460","10112",1,0,1,1,2
"F19251","29212","10111",1,0,1,1,1
"F19251","30460","10112",1,0,1,1,2
"F19259","29289","10111",1,0,1,1,1
"F19259","30460","10112",1,0,1,1,2
"F1926","29283","10111",1,0,1,1,1
"F1926","30460","10112",1,0,1,1,2
"F1927","29282","10111",1,0,1,1,1
"F1927","30460","10112",1,0,1,1,2
"F19280","29289","10111",1,0,1,1,1
"F19280","30460","10112",1,0,1,1,2
"F19281","29289","10111",1,0,1,1,1
"F19281","30460","10112",1,0,1,1,2
"F19282","29285","10111",1,0,1,1,1
"F19282","30460","10112",1,0,1,1,2
"F19288","29289","10111",1,0,1,1,1
"F19288","30460","10112",1,0,1,1,2
"F1929","2929","10111",1,0,1,1,1
"F1929","30460","10112",1,0,1,1,2
"F1990","30580","10000",1,0,0,0,0
"F19920","2922","10000",1,0,0,0,0
"F19921","29281","10000",1,0,0,0,0
"F19922","29289","10000",1,0,0,0,0
"F19929","2922","10000",1,0,0,0,0
"F19930","2920","10000",1,0,0,0,0
"F19931","2920","10000",1,0,0,0,0
"F19932","2920","10000",1,0,0,0,0
"F19939","2920","10000",1,0,0,0,0
"F1994","29284","10000",1,0,0,0,0
"F19950","29211","10000",1,0,0,0,0
"F19951","29212","10000",1,0,0,0,0
"F19959","29289","10000",1,0,0,0,0
"F1996","29283","10000",1,0,0,0,0
"F1997","29282","10000",1,0,0,0,0
"F19980","29289","10000",1,0,0,0,0
"F19981","29289","10000",1,0,0,0,0
"F19982","29285","10000",1,0,0,0,0
"F19988","29289","10000",1,0,0,0,0
"F1999","2929","10000",1,0,0,0,0
"F200","29530","10000",1,0,0,0,0
"F201","29510","10000",1,0,0,0,0
"F202","29520","10000",1,0,0,0,0
"F203","29590","10000",1,0,0,0,0
"F205","29560","10000",1,0,0,0,0
"F2081","29540","10000",1,0,0,0,0
"F2089","29580","10000",1,0,0,0,0
"F209","29590","10000",1,0,0,0,0
"F21","30122","00000",0,0,0,0,0
"F22","2970","10000",1,0,0,0,0
"F22","2971","10000",1,0,0,0,0
"F22","2972","10000",1,0,0,0,0
"F23","2983","10000",1,0,0,0,0
"F23","2984","10000",1,0,0,0,0
"F23","2988","10000",1,0,0,0,0
"F24","2973","00000",0,0,0,0,0
"F250","29570","10000",1,0,0,0,0
"F251","29570","10000",1,0,0,0,0
"F258","29570","10000",1,0,0,0,0
"F259","29570","10000",1,0,0,0,0
"F28","2989","10000",1,0,0,0,0
"F29","2989","10000",1,0,0,0,0
"F3010","29600","10000",1,0,0,0,0
"F3011","29601","10000",1,0,0,0,0
"F3012","29602","10000",1,0,0,0,0
"F3013","29603","10000",1,0,0,0,0
"F302","29604","10000",1,0,0,0,0
"F303","29605","10000",1,0,0,0,0
"F304","29606","10000",1,0,0,0,0
"F308","29681","10000",1,0,0,0,0
"F309","29600","10000",1,0,0,0,0
"F310","29640","10000",1,0,0,0,0
"F3110","29640","10000",1,0,0,0,0
"F3111","29641","00000",0,0,0,0,0
"F3112","29642","00000",0,0,0,0,0
"F3113","29643","00000",0,0,0,0,0
"F312","29644","00000",0,0,0,0,0
"F3130","29650","10000",1,0,0,0,0
"F3131","29651","00000",0,0,0,0,0
"F3132","29652","00000",0,0,0,0,0
"F314","29653","00000",0,0,0,0,0
"F315","29654","00000",0,0,0,0,0
"F3160","29660","00000",0,0,0,0,0
"F3161","29661","00000",0,0,0,0,0
"F3162","29662","00000",0,0,0,0,0
"F3163","29663","00000",0,0,0,0,0
"F3164","29664","00000",0,0,0,0,0
"F3170","2967","10000",1,0,0,0,0
"F3171","2967","10000",1,0,0,0,0
"F3172","2967","10000",1,0,0,0,0
"F3173","29645","10000",1,0,0,0,0
"F3174","29646","10000",1,0,0,0,0
"F3175","29655","00000",0,0,0,0,0
"F3176","29656","00000",0,0,0,0,0
"F3177","29665","00000",0,0,0,0,0
"F3178","29666","00000",0,0,0,0,0
"F3181","29689","10000",1,0,0,0,0
"F3189","29640","10000",1,0,0,0,0
"F319","29680","10000",1,0,0,0,0
"F320","29621","00000",0,0,0,0,0
"F321","29622","00000",0,0,0,0,0
"F322","29623","00000",0,0,0,0,0
"F323","29624","10000",1,0,0,0,0
"F323","2980","10000",1,0,0,0,0
"F324","29625","00000",0,0,0,0,0
"F325","29626","00000",0,0,0,0,0
"F328","29682","10000",1,0,0,0,0
"F329","29620","10000",1,0,0,0,0
"F329","311","10000",1,0,0,0,0
"F330","29631","00000",0,0,0,0,0
"F331","29632","00000",0,0,0,0,0
"F332","29633","00000",0,0,0,0,0
"F333","29634","10000",1,0,0,0,0
"F333","2980","10000",1,0,0,0,0
"F3340","29630","10000",1,0,0,0,0
"F3341","29635","00000",0,0,0,0,0
"F3342","29636","00000",0,0,0,0,0
"F338","29699","10000",1,0,0,0,0
"F339","29630","10000",1,0,0,0,0
"F340","30110","10000",1,0,0,0,0
"F340","30113","10000",1,0,0,0,0
"F341","3004","10000",1,0,0,0,0
"F341","30112","10000",1,0,0,0,0
"F348","29699","10000",1,0,0,0,0
"F349","29699","10000",1,0,0,0,0
"F39","29690","10000",1,0,0,0,0
"F4000","30022","10000",1,0,0,0,0
"F4001","30021","00000",0,0,0,0,0
"F4002","30022","10000",1,0,0,0,0
"F4010","30023","10000",1,0,0,0,0
"F4011","30023","10000",1,0,0,0,0
"F40210","30029","10000",1,0,0,0,0
"F40218","30029","10000",1,0,0,0,0
"F40220","30029","10000",1,0,0,0,0
"F40228","30029","10000",1,0,0,0,0
"F40230","30029","10000",1,0,0,0,0
"F40231","30029","10000",1,0,0,0,0
"F40232","30029","10000",1,0,0,0,0
"F40233","30029","10000",1,0,0,0,0
"F40240","30029","10000",1,0,0,0,0
"F40241","30029","10000",1,0,0,0,0
"F40242","30029","10000",1,0,0,0,0
"F40243","30029","10000",1,0,0,0,0
"F40248","30029","10000",1,0,0,0,0
"F40290","30029","10000",1,0,0,0,0
"F40291","30029","10000",1,0,0,0,0
"F40298","30029","10000",1,0,0,0,0
"F408","30029","10000",1,0,0,0,0
"F409","30020","10000",1,0,0,0,0
"F410","30001","00000",0,0,0,0,0
"F411","30002","00000",0,0,0,0,0
"F413","30009","10000",1,0,0,0,0
"F418","30009","10000",1,0,0,0,0
"F419","30000","00000",0,0,0,0,0
"F42","3003","00000",0,0,0,0,0
"F430","3089","10000",1,0,0,0,0
"F4310","30981","10000",1,0,0,0,0
"F4311","30981","10000",1,0,0,0,0
"F4312","30981","10000",1,0,0,0,0
"F4320","3099","10000",1,0,0,0,0
"F4321","3090","10000",1,0,0,0,0
"F4321","3091","10000",1,0,0,0,0
"F4322","30924","00000",0,0,0,0,0
"F4323","30928","00000",0,0,0,0,0
"F4324","3093","00000",0,0,0,0,0
"F4325","3094","00000",0,0,0,0,0
"F4329","30929","10000",1,0,0,0,0
"F438","30989","10000",1,0,0,0,0
"F439","3099","10000",1,0,0,0,0
"F440","30012","00000",0,0,0,0,0
"F441","30013","00000",0,0,0,0,0
"F442","30019","10000",1,0,0,0,0
"F444","30011","10000",1,0,0,0,0
"F445","30011","10000",1,0,0,0,0
"F446","30011","10000",1,0,0,0,0
"F447","30011","10000",1,0,0,0,0
"F4481","30014","00000",0,0,0,0,0
"F4489","2982","10000",1,0,0,0,0
"F4489","30016","10000",1,0,0,0,0
"F449","30015","10000",1,0,0,0,0
"F450","30081","00000",0,0,0,0,0
"F451","30082","10000",1,0,0,0,0
"F4520","3007","10000",1,0,0,0,0
"F4521","3007","10000",1,0,0,0,0
"F4522","3007","10000",1,0,0,0,0
"F4529","3007","10000",1,0,0,0,0
"F4541","30780","10000",1,0,0,0,0
"F4542","30789","10000",1,0,0,0,0
"F458","30089","10000",1,0,0,0,0
"F458","3060","10000",1,0,0,0,0
"F458","3061","10000",1,0,0,0,0
"F458","3062","10000",1,0,0,0,0
"F458","3063","10000",1,0,0,0,0
"F458","3064","10000",1,0,0,0,0
"F458","30650","10000",1,0,0,0,0
"F458","30652","10000",1,0,0,0,0
"F458","30653","10000",1,0,0,0,0
"F458","30659","10000",1,0,0,0,0
"F458","3067","10000",1,0,0,0,0
"F458","3068","10000",1,0,0,0,0
"F459","30082","10000",1,0,0,0,0
"F459","3069","10000",1,0,0,0,0
"F481","3006","00000",0,0,0,0,0
"F482","31081","00000",0,0,0,0,0
"F488","3005","10000",1,0,0,0,0
"F488","30089","10000",1,0,0,0,0
"F489","3009","10000",1,0,0,0,0
"F489","V402","10000",1,0,0,0,0
"F489","V409","10000",1,0,0,0,0
"F5000","3071","10000",1,0,0,0,0
"F5001","3071","10000",1,0,0,0,0
"F5002","3071","10000",1,0,0,0,0
"F502","30751","00000",0,0,0,0,0
"F508","30754","10000",1,0,0,0,0
"F508","30759","10000",1,0,0,0,0
"F509","30750","00000",0,0,0,0,0
"F5101","30742","10000",1,0,0,0,0
"F5102","30741","10000",1,0,0,0,0
"F5103","30742","10000",1,0,0,0,0
"F5104","32702","10000",1,0,0,0,0
"F5105","32702","10000",1,0,0,0,0
"F5109","30741","10000",1,0,0,0,0
"F5109","30742","10000",1,0,0,0,0
"F5111","30744","10000",1,0,0,0,0
"F5112","30744","10000",1,0,0,0,0
"F5113","32715","10000",1,0,0,0,0
"F5119","32719","10000",1,0,0,0,0
"F513","30746","10000",1,0,0,0,0
"F514","30746","10000",1,0,0,0,0
"F515","30747","10000",1,0,0,0,0
"F518","30749","10000",1,0,0,0,0
"F519","30740","00000",0,0,0,0,0
"F520","30271","00000",0,0,0,0,0
"F521","30279","10000",1,0,0,0,0
"F5221","30272","10000",1,0,0,0,0
"F5222","30272","10000",1,0,0,0,0
"F5231","30273","00000",0,0,0,0,0
"F5232","30274","00000",0,0,0,0,0
"F524","30275","00000",0,0,0,0,0
"F525","30651","00000",0,0,0,0,0
"F526","30276","00000",0,0,0,0,0
"F528","30272","10000",1,0,0,0,0
"F528","30279","10000",1,0,0,0,0
"F529","30270","10000",1,0,0,0,0
"F529","V417","10000",1,0,0,0,0
"F53","29389","10000",1,0,0,0,0
"F54","316","00000",0,0,0,0,0
"F550","30590","10000",1,0,0,0,0
"F550","30591","10000",1,0,0,0,0
"F550","30592","10000",1,0,0,0,0
"F550","30593","10000",1,0,0,0,0
"F551","30590","10000",1,0,0,0,0
"F551","30591","10000",1,0,0,0,0
"F551","30592","10000",1,0,0,0,0
"F551","30593","10000",1,0,0,0,0
"F552","30590","10000",1,0,0,0,0
"F552","30591","10000",1,0,0,0,0
"F552","30592","10000",1,0,0,0,0
"F552","30593","10000",1,0,0,0,0
"F553","30590","10000",1,0,0,0,0
"F553","30591","10000",1,0,0,0,0
"F553","30592","10000",1,0,0,0,0
"F553","30593","10000",1,0,0,0,0
"F554","30590","10000",1,0,0,0,0
"F554","30591","10000",1,0,0,0,0
"F554","30592","10000",1,0,0,0,0
"F554","30593","10000",1,0,0,0,0
"F558","30590","10000",1,0,0,0,0
"F558","30591","10000",1,0,0,0,0
"F558","30592","10000",1,0,0,0,0
"F558","30593","10000",1,0,0,0,0
"F59","3068","10000",1,0,0,0,0
"F600","3010","00000",0,0,0,0,0
"F601","30120","10000",1,0,0,0,0
"F602","3017","00000",0,0,0,0,0
"F603","3013","10000",1,0,0,0,0
"F603","30183","10000",1,0,0,0,0
"F604","30150","10000",1,0,0,0,0
"F604","30159","10000",1,0,0,0,0
"F605","3014","00000",0,0,0,0,0
"F606","30182","00000",0,0,0,0,0
"F607","3016","00000",0,0,0,0,0
"F6081","30181","00000",0,0,0,0,0
"F6089","30184","10000",1,0,0,0,0
"F6089","30189","10000",1,0,0,0,0
"F609","3019","10000",1,0,0,0,0
"F630","31231","00000",0,0,0,0,0
"F631","31233","00000",0,0,0,0,0
"F632","31232","00000",0,0,0,0,0
"F633","3079","10000",1,0,0,0,0
"F633","31239","10000",1,0,0,0,0
"F6381","31234","10000",1,0,0,0,0
"F6381","31235","10000",1,0,0,0,0
"F6389","31239","10000",1,0,0,0,0
"F639","31230","00000",0,0,0,0,0
"F641","30250","10000",1,0,0,0,0
"F641","30285","10000",1,0,0,0,0
"F642","3026","10000",1,0,0,0,0
"F648","3026","10000",1,0,0,0,0
"F649","3026","10000",1,0,0,0,0
"F650","30281","00000",0,0,0,0,0
"F651","3023","00000",0,0,0,0,0
"F652","3024","00000",0,0,0,0,0
"F653","30282","00000",0,0,0,0,0
"F654","3022","00000",0,0,0,0,0
"F6550","30284","10000",1,0,0,0,0
"F6551","30283","00000",0,0,0,0,0
"F6552","30284","10000",1,0,0,0,0
"F6581","30289","10000",1,0,0,0,0
"F6589","3021","10000",1,0,0,0,0
"F6589","30289","10000",1,0,0,0,0
"F659","3029","10000",1,0,0,0,0
"F66","30289","10000",1,0,0,0,0
"F6810","30151","10000",1,0,0,0,0
"F6811","30016","10000",1,0,0,0,0
"F6812","30151","10000",1,0,0,0,0
"F6813","30016","10111",1,0,1,1,1
"F6813","30151","10112",1,0,1,1,2
"F688","30019","10000",1,0,0,0,0
"F69","3019","10000",1,0,0,0,0
"F70","317","00000",0,0,0,0,0
"F71","3180","00000",0,0,0,0,0
"F72","3181","00000",0,0,0,0,0
"F73","3182","00000",0,0,0,0,0
"F78","319","10000",1,0,0,0,0
"F79","319","10000",1,0,0,0,0
"F800","31539","10000",1,0,0,0,0
"F801","31531","00000",0,0,0,0,0
"F802","31532","10000",1,0,0,0,0
"F804","31534","00000",0,0,0,0,0
"F8081","31535","00000",0,0,0,0,0
"F8089","31539","10000",1,0,0,0,0
"F809","31539","10000",1,0,0,0,0
"F810","31500","10000",1,0,0,0,0
"F810","31502","10000",1,0,0,0,0
"F812","3151","00000",0,0,0,0,0
"F8181","31509","10000",1,0,0,0,0
"F8181","3152","10000",1,0,0,0,0
"F8189","3152","10000",1,0,0,0,0
"F819","3159","10000",1,0,0,0,0
"F819","V400","10000",1,0,0,0,0
"F82","3154","10000",1,0,0,0,0
"F840","29900","10000",1,0,0,0,0
"F840","29901","10000",1,0,0,0,0
"F842","3308","10000",1,0,0,0,0
"F843","29910","10000",1,0,0,0,0
"F845","29980","10000",1,0,0,0,0
"F845","29981","10000",1,0,0,0,0
"F848","29980","10000",1,0,0,0,0
"F848","29981","10000",1,0,0,0,0
"F849","29990","10000",1,0,0,0,0
"F88","3158","10000",1,0,0,0,0
"F89","3159","10000",1,0,0,0,0
"F900","31401","10000",1,0,0,0,0
"F901","31401","10000",1,0,0,0,0
"F902","31401","10000",1,0,0,0,0
"F908","31401","10000",1,0,0,0,0
"F908","3142","10000",1,0,0,0,0
"F909","31400","10000",1,0,0,0,0
"F909","31401","10000",1,0,0,0,0
"F909","3149","10000",1,0,0,0,0
"F910","31289","10000",1,0,0,0,0
"F911","31200","10000",1,0,0,0,0
"F911","31281","10000",1,0,0,0,0
"F912","31220","10000",1,0,0,0,0
"F912","31282","10000",1,0,0,0,0
"F913","31381","00000",0,0,0,0,0
"F918","31210","10000",1,0,0,0,0
"F918","31289","10000",1,0,0,0,0
"F919","3129","00000",0,0,0,0,0
"F930","30921","00000",0,0,0,0,0
"F938","3130","10000",1,0,0,0,0
"F938","3133","10000",1,0,0,0,0
"F938","31382","10000",1,0,0,0,0
"F938","31389","10000",1,0,0,0,0
"F939","3139","10000",1,0,0,0,0
"F940","31323","00000",0,0,0,0,0
"F941","31389","10000",1,0,0,0,0
"F942","31389","10000",1,0,0,0,0
"F948","30929","10000",1,0,0,0,0
"F948","3139","10000",1,0,0,0,0
"F949","31389","10000",1,0,0,0,0
"F950","30721","00000",0,0,0,0,0
"F951","30722","00000",0,0,0,0,0
"F952","30723","00000",0,0,0,0,0
"F958","30720","10000",1,0,0,0,0
"F959","30720","10000",1,0,0,0,0
"F980","3076","00000",0,0,0,0,0
"F981","3077","00000",0,0,0,0,0
"F9821","30753","10000",1,0,0,0,0
"F9829","30759","10000",1,0,0,0,0
"F983","30752","10000",1,0,0,0,0
"F984","3073","00000",0,0,0,0,0
"F985","3070","00000",0,0,0,0,0
"F988","31389","10000",1,0,0,0,0
"F989","3139","10000",1,0,0,0,0
"F99","3009","10000",1,0,0,0,0
"G000","3200","00000",0,0,0,0,0
"G001","3201","00000",0,0,0,0,0
"G002","3202","00000",0,0,0,0,0
"G003","3203","00000",0,0,0,0,0
"G008","32089","10000",1,0,0,0,0
"G009","32082","10000",1,0,0,0,0
"G009","3209","10000",1,0,0,0,0
"G01","3207","00000",0,0,0,0,0
"G02","3211","10000",1,0,0,0,0
"G02","3212","10000",1,0,0,0,0
"G02","3218","10000",1,0,0,0,0
"G030","3220","00000",0,0,0,0,0
"G031","3222","00000",0,0,0,0,0
"G032","0479","10000",1,0,0,0,0
"G038","3221","10000",1,0,0,0,0
"G038","99709","10000",1,0,0,0,0
"G039","3229","00000",0,0,0,0,0
"G0400","32361","10000",1,0,0,0,0
"G0401","32361","10000",1,0,0,0,0
"G0402","32351","10000",1,0,0,0,0
"G0402","32352","10000",1,0,0,0,0
"G041","3441","10000",1,0,0,0,0
"G042","3209","10000",1,0,0,0,0
"G0430","32362","10000",1,0,0,0,0
"G0431","32362","10000",1,0,0,0,0
"G0432","32351","10000",1,0,0,0,0
"G0439","32361","10000",1,0,0,0,0
"G0481","32381","10000",1,0,0,0,0
"G0489","32382","10000",1,0,0,0,0
"G0490","3239","10000",1,0,0,0,0
"G0491","3239","10000",1,0,0,0,0
"G053","32341","10000",1,0,0,0,0
"G054","32342","10000",1,0,0,0,0
"G060","3240","10000",1,0,0,0,0
"G061","3241","10000",1,0,0,0,0
"G062","3249","10000",1,0,0,0,0
"G07","3249","10000",1,0,0,0,0
"G08","325","00000",0,0,0,0,0
"G09","326","10000",1,0,0,0,0
"G10","3334","00000",0,0,0,0,0
"G110","3342","10000",1,0,0,0,0
"G111","3340","10000",1,0,0,0,0
"G111","3343","10000",1,0,0,0,0
"G112","3342","10000",1,0,0,0,0
"G113","3348","10000",1,0,0,0,0
"G114","3341","10000",1,0,0,0,0
"G118","3348","10000",1,0,0,0,0
"G119","3349","10000",1,0,0,0,0
"G120","3350","00000",0,0,0,0,0
"G121","33511","10000",1,0,0,0,0
"G1220","33529","10000",1,0,0,0,0
"G1221","33520","10000",1,0,0,0,0
"G1221","33521","10000",1,0,0,0,0
"G1222","33522","00000",0,0,0,0,0
"G1229","33524","10000",1,0,0,0,0
"G1229","33529","10000",1,0,0,0,0
"G128","33519","10000",1,0,0,0,0
"G129","33510","10000",1,0,0,0,0
"G129","3359","10000",1,0,0,0,0
"G130","3573","10000",1,0,0,0,0
"G131","3573","10000",1,0,0,0,0
"G132","3317","10000",1,0,0,0,0
"G138","3317","10000",1,0,0,0,0
"G14","138","10000",1,0,0,0,0
"G20","3320","10000",1,0,0,0,0
"G210","33392","00000",0,0,0,0,0
"G2111","3321","10000",1,0,0,0,0
"G2119","3321","10000",1,0,0,0,0
"G212","3321","10000",1,0,0,0,0
"G213","3321","10000",1,0,0,0,0
"G214","3320","10000",1,0,0,0,0
"G218","3321","10000",1,0,0,0,0
"G219","3321","10000",1,0,0,0,0
"G230","3330","10000",1,0,0,0,0
"G231","3330","10000",1,0,0,0,0
"G232","3330","10000",1,0,0,0,0
"G238","3330","10000",1,0,0,0,0
"G239","3330","10000",1,0,0,0,0
"G2401","33385","00000",0,0,0,0,0
"G2402","33372","00000",0,0,0,0,0
"G2409","33379","10000",1,0,0,0,0
"G241","3336","00000",0,0,0,0,0
"G242","33379","10000",1,0,0,0,0
"G243","33383","00000",0,0,0,0,0
"G244","33382","00000",0,0,0,0,0
"G245","33381","00000",0,0,0,0,0
"G248","33379","10000",1,0,0,0,0
"G249","33389","10000",1,0,0,0,0
"G250","3331","10000",1,0,0,0,0
"G251","3331","10000",1,0,0,0,0
"G252","3331","10000",1,0,0,0,0
"G253","3332","00000",0,0,0,0,0
"G254","3335","10000",1,0,0,0,0
"G255","3335","10000",1,0,0,0,0
"G2561","3333","10000",1,0,0,0,0
"G2569","3333","10000",1,0,0,0,0
"G2570","33399","10000",1,0,0,0,0
"G2571","33399","10000",1,0,0,0,0
"G2579","33399","10000",1,0,0,0,0
"G2581","33394","00000",0,0,0,0,0
"G2582","33391","00000",0,0,0,0,0
"G2583","33393","00000",0,0,0,0,0
"G2589","33384","10000",1,0,0,0,0
"G2589","33399","10000",1,0,0,0,0
"G259","33390","10000",1,0,0,0,0
"G26","33399","10000",1,0,0,0,0
"G300","3310","10000",1,0,0,0,0
"G301","3310","10000",1,0,0,0,0
"G308","3310","10000",1,0,0,0,0
"G309","3310","10000",1,0,0,0,0
"G3101","33111","00000",0,0,0,0,0
"G3109","33119","00000",0,0,0,0,0
"G311","3312","00000",0,0,0,0,0
"G312","3317","10000",1,0,0,0,0
"G3181","3308","10000",1,0,0,0,0
"G3182","3308","10000",1,0,0,0,0
"G3183","33182","00000",0,0,0,0,0
"G3184","33183","00000",0,0,0,0,0
"G3185","3316","00000",0,0,0,0,0
"G3189","33189","10000",1,0,0,0,0
"G319","3319","10000",1,0,0,0,0
"G320","3362","00000",0,0,0,0,0
"G3281","3344","00000",0,0,0,0,0
"G3289","34989","10000",1,0,0,0,0
"G35","340","00000",0,0,0,0,0
"G360","3410","00000",0,0,0,0,0
"G361","3418","10000",1,0,0,0,0
"G368","3418","10000",1,0,0,0,0
"G369","3419","10000",1,0,0,0,0
"G370","3411","10000",1,0,0,0,0
"G371","3418","10000",1,0,0,0,0
"G372","3418","10000",1,0,0,0,0
"G373","34120","10000",1,0,0,0,0
"G373","34121","10000",1,0,0,0,0
"G374","3239","10000",1,0,0,0,0
"G374","3418","10000",1,0,0,0,0
"G375","3411","10000",1,0,0,0,0
"G378","3418","10000",1,0,0,0,0
"G379","3419","10000",1,0,0,0,0
"G40001","34550","10000",1,0,0,0,0
"G40009","34550","10000",1,0,0,0,0
"G40011","34551","10000",1,0,0,0,0
"G40019","34551","10000",1,0,0,0,0
"G40101","34550","10000",1,0,0,0,0
"G40101","34570","10000",1,0,0,0,0
"G40101","34580","10000",1,0,0,0,0
"G40109","34550","10000",1,0,0,0,0
"G40109","34570","10000",1,0,0,0,0
"G40109","34580","10000",1,0,0,0,0
"G40111","34551","10000",1,0,0,0,0
"G40111","34571","10000",1,0,0,0,0
"G40111","34581","10000",1,0,0,0,0
"G40119","34551","10000",1,0,0,0,0
"G40119","34571","10000",1,0,0,0,0
"G40119","34581","10000",1,0,0,0,0
"G40201","34540","10000",1,0,0,0,0
"G40209","34540","10000",1,0,0,0,0
"G40211","34541","10000",1,0,0,0,0
"G40219","34541","10000",1,0,0,0,0
"G40301","3452","10000",1,0,0,0,0
"G40301","3453","10000",1,0,0,0,0
"G40309","34500","10000",1,0,0,0,0
"G40309","34510","10000",1,0,0,0,0
"G40311","34501","10000",1,0,0,0,0
"G40311","34511","10000",1,0,0,0,0
"G40311","3452","10000",1,0,0,0,0
"G40311","3453","10000",1,0,0,0,0
"G40319","34501","10000",1,0,0,0,0
"G40319","34511","10000",1,0,0,0,0
"G40319","3452","10000",1,0,0,0,0
"G40319","3453","10000",1,0,0,0,0
"G40401","34560","10000",1,0,0,0,0
"G40409","34560","10000",1,0,0,0,0
"G40411","34561","10000",1,0,0,0,0
"G40419","34561","10000",1,0,0,0,0
"G40501","34580","10000",1,0,0,0,0
"G40509","34580","10000",1,0,0,0,0
"G40801","34580","10000",1,0,0,0,0
"G40802","34580","10000",1,0,0,0,0
"G40803","34581","10000",1,0,0,0,0
"G40804","34581","10000",1,0,0,0,0
"G40811","34581","10000",1,0,0,0,0
"G40812","34580","10000",1,0,0,0,0
"G40813","34581","10000",1,0,0,0,0
"G40814","34581","10000",1,0,0,0,0
"G40821","34580","10000",1,0,0,0,0
"G40822","34580","10000",1,0,0,0,0
"G40823","34581","10000",1,0,0,0,0
"G40824","34581","10000",1,0,0,0,0
"G4089","34580","10000",1,0,0,0,0
"G4089","34581","10000",1,0,0,0,0
"G40901","34590","10000",1,0,0,0,0
"G40909","34590","10000",1,0,0,0,0
"G40911","34591","10000",1,0,0,0,0
"G40919","34591","10000",1,0,0,0,0
"G40A01","34580","10000",1,0,0,0,0
"G40A09","34580","10000",1,0,0,0,0
"G40A11","34581","10000",1,0,0,0,0
"G40A19","34581","10000",1,0,0,0,0
"G40B01","34580","10000",1,0,0,0,0
"G40B09","34580","10000",1,0,0,0,0
"G40B11","34581","10000",1,0,0,0,0
"G40B19","34581","10000",1,0,0,0,0
"G43001","34612","00000",0,0,0,0,0
"G43009","34610","00000",0,0,0,0,0
"G43011","34613","00000",0,0,0,0,0
"G43019","34611","00000",0,0,0,0,0
"G43101","34602","00000",0,0,0,0,0
"G43109","34600","00000",0,0,0,0,0
"G43111","34603","00000",0,0,0,0,0
"G43119","34601","00000",0,0,0,0,0
"G43401","34632","00000",0,0,0,0,0
"G43409","34630","00000",0,0,0,0,0
"G43411","34633","00000",0,0,0,0,0
"G43419","34631","00000",0,0,0,0,0
"G43501","34652","00000",0,0,0,0,0
"G43509","34650","00000",0,0,0,0,0
"G43511","34653","00000",0,0,0,0,0
"G43519","34651","00000",0,0,0,0,0
"G43601","34662","00000",0,0,0,0,0
"G43609","34660","00000",0,0,0,0,0
"G43611","34663","00000",0,0,0,0,0
"G43619","34661","00000",0,0,0,0,0
"G43701","34672","00000",0,0,0,0,0
"G43709","34670","00000",0,0,0,0,0
"G43711","34673","00000",0,0,0,0,0
"G43719","34671","00000",0,0,0,0,0
"G43801","34622","10000",1,0,0,0,0
"G43801","34682","10000",1,0,0,0,0
"G43809","34620","10000",1,0,0,0,0
"G43809","34680","10000",1,0,0,0,0
"G43811","34683","10000",1,0,0,0,0
"G43819","34621","10000",1,0,0,0,0
"G43819","34681","10000",1,0,0,0,0
"G43821","34642","00000",0,0,0,0,0
"G43829","34640","00000",0,0,0,0,0
"G43831","34643","00000",0,0,0,0,0
"G43839","34641","00000",0,0,0,0,0
"G43901","34692","00000",0,0,0,0,0
"G43909","34690","00000",0,0,0,0,0
"G43911","34693","00000",0,0,0,0,0
"G43919","34691","00000",0,0,0,0,0
"G43A0","34620","10000",1,0,0,0,0
"G43A1","34621","10000",1,0,0,0,0
"G43B0","34620","10000",1,0,0,0,0
"G43B1","34621","10000",1,0,0,0,0
"G43C0","34620","10000",1,0,0,0,0
"G43C1","34621","10000",1,0,0,0,0
"G43D0","34620","10000",1,0,0,0,0
"G43D1","34621","10000",1,0,0,0,0
"G44001","33900","10000",1,0,0,0,0
"G44009","33900","10000",1,0,0,0,0
"G44011","33901","10000",1,0,0,0,0
"G44019","33901","10000",1,0,0,0,0
"G44021","33902","10000",1,0,0,0,0
"G44029","33902","10000",1,0,0,0,0
"G44031","33903","10000",1,0,0,0,0
"G44039","33903","10000",1,0,0,0,0
"G44041","33904","10000",1,0,0,0,0
"G44049","33904","10000",1,0,0,0,0
"G44051","33905","10000",1,0,0,0,0
"G44059","33905","10000",1,0,0,0,0
"G44091","33909","10000",1,0,0,0,0
"G44099","33909","10000",1,0,0,0,0
"G441","7840","10000",1,0,0,0,0
"G44201","33910","10000",1,0,0,0,0
"G44209","30781","10000",1,0,0,0,0
"G44209","33910","10000",1,0,0,0,0
"G44211","33911","10000",1,0,0,0,0
"G44219","33911","10000",1,0,0,0,0
"G44221","33912","10000",1,0,0,0,0
"G44229","33912","10000",1,0,0,0,0
"G44301","33920","10000",1,0,0,0,0
"G44309","33920","10000",1,0,0,0,0
"G44311","33921","10000",1,0,0,0,0
"G44319","33921","10000",1,0,0,0,0
"G44321","33922","10000",1,0,0,0,0
"G44329","33922","10000",1,0,0,0,0
"G4440","3393","10000",1,0,0,0,0
"G4441","3393","10000",1,0,0,0,0
"G4451","33941","00000",0,0,0,0,0
"G4452","33942","00000",0,0,0,0,0
"G4453","33943","00000",0,0,0,0,0
"G4459","33944","00000",0,0,0,0,0
"G4481","33981","00000",0,0,0,0,0
"G4482","33982","00000",0,0,0,0,0
"G4483","33983","00000",0,0,0,0,0
"G4484","33984","00000",0,0,0,0,0
"G4485","33985","00000",0,0,0,0,0
"G4489","33989","00000",0,0,0,0,0
"G450","4350","10000",1,0,0,0,0
"G450","4351","10000",1,0,0,0,0
"G450","4353","10000",1,0,0,0,0
"G451","4358","10000",1,0,0,0,0
"G452","4358","10000",1,0,0,0,0
"G453","36234","10000",1,0,0,0,0
"G454","4377","00000",0,0,0,0,0
"G458","4352","10000",1,0,0,0,0
"G458","4358","10000",1,0,0,0,0
"G459","4359","10000",1,0,0,0,0
"G460","4358","10000",1,0,0,0,0
"G461","4358","10000",1,0,0,0,0
"G462","4358","10000",1,0,0,0,0
"G463","4378","10000",1,0,0,0,0
"G464","4378","10000",1,0,0,0,0
"G465","4378","10000",1,0,0,0,0
"G466","4378","10000",1,0,0,0,0
"G467","4378","10000",1,0,0,0,0
"G468","4378","10000",1,0,0,0,0
"G4700","78052","00000",0,0,0,0,0
"G4701","32700","10000",1,0,0,0,0
"G4701","32701","10000",1,0,0,0,0
"G4709","32709","10000",1,0,0,0,0
"G4710","32710","10000",1,0,0,0,0
"G4710","78054","10000",1,0,0,0,0
"G4711","32711","00000",0,0,0,0,0
"G4712","32712","00000",0,0,0,0,0
"G4713","32713","00000",0,0,0,0,0
"G4714","32714","00000",0,0,0,0,0
"G4719","32719","10000",1,0,0,0,0
"G4720","32730","10000",1,0,0,0,0
"G4721","32731","00000",0,0,0,0,0
"G4722","32732","00000",0,0,0,0,0
"G4723","32733","00000",0,0,0,0,0
"G4724","32734","00000",0,0,0,0,0
"G4725","32735","00000",0,0,0,0,0
"G4726","32736","00000",0,0,0,0,0
"G4727","32737","00000",0,0,0,0,0
"G4729","32739","00000",0,0,0,0,0
"G4730","32720","10000",1,0,0,0,0
"G4730","78051","10000",1,0,0,0,0
"G4730","78053","10000",1,0,0,0,0
"G4730","78057","10000",1,0,0,0,0
"G4731","32721","00000",0,0,0,0,0
"G4732","32722","00000",0,0,0,0,0
"G4733","32723","00000",0,0,0,0,0
"G4734","32724","00000",0,0,0,0,0
"G4735","32725","00000",0,0,0,0,0
"G4736","32726","00000",0,0,0,0,0
"G4737","32727","00000",0,0,0,0,0
"G4739","32729","10000",1,0,0,0,0
"G47411","34701","00000",0,0,0,0,0
"G47419","34700","00000",0,0,0,0,0
"G47421","34711","00000",0,0,0,0,0
"G47429","34710","00000",0,0,0,0,0
"G4750","32740","00000",0,0,0,0,0
"G4751","32741","00000",0,0,0,0,0
"G4752","32742","00000",0,0,0,0,0
"G4753","32743","00000",0,0,0,0,0
"G4754","32744","00000",0,0,0,0,0
"G4759","32749","00000",0,0,0,0,0
"G4761","32751","00000",0,0,0,0,0
"G4762","32752","00000",0,0,0,0,0
"G4763","32753","00000",0,0,0,0,0
"G4769","32759","10000",1,0,0,0,0
"G478","3278","10000",1,0,0,0,0
"G479","78050","10000",1,0,0,0,0
"G500","3501","00000",0,0,0,0,0
"G501","3502","00000",0,0,0,0,0
"G508","3508","00000",0,0,0,0,0
"G509","3509","00000",0,0,0,0,0
"G510","3510","00000",0,0,0,0,0
"G511","3511","00000",0,0,0,0,0
"G512","3518","10000",1,0,0,0,0
"G513","3518","10000",1,0,0,0,0
"G514","3518","10000",1,0,0,0,0
"G518","3518","10000",1,0,0,0,0
"G519","3519","00000",0,0,0,0,0
"G520","3520","00000",0,0,0,0,0
"G521","3521","10000",1,0,0,0,0
"G521","3522","10000",1,0,0,0,0
"G522","3523","00000",0,0,0,0,0
"G523","3525","00000",0,0,0,0,0
"G527","3526","10000",1,0,0,0,0
"G528","3524","10000",1,0,0,0,0
"G529","3529","10000",1,0,0,0,0
"G53","3529","10000",1,0,0,0,0
"G540","3530","10000",1,0,0,0,0
"G541","3531","10000",1,0,0,0,0
"G542","3532","10000",1,0,0,0,0
"G543","3533","10000",1,0,0,0,0
"G544","3534","10000",1,0,0,0,0
"G545","3535","10000",1,0,0,0,0
"G546","3536","10000",1,0,0,0,0
"G547","3536","10000",1,0,0,0,0
"G548","3538","10000",1,0,0,0,0
"G549","3539","00000",0,0,0,0,0
"G55","3538","10000",1,0,0,0,0
"G5600","3540","10000",1,0,0,0,0
"G5601","3540","10000",1,0,0,0,0
"G5602","3540","10000",1,0,0,0,0
"G5610","3541","10000",1,0,0,0,0
"G5611","3541","10000",1,0,0,0,0
"G5612","3541","10000",1,0,0,0,0
"G5620","3542","10000",1,0,0,0,0
"G5621","3542","10000",1,0,0,0,0
"G5622","3542","10000",1,0,0,0,0
"G5630","3543","10000",1,0,0,0,0
"G5631","3543","10000",1,0,0,0,0
"G5632","3543","10000",1,0,0,0,0
"G5640","3544","10000",1,0,0,0,0
"G5641","3544","10000",1,0,0,0,0
"G5642","3544","10000",1,0,0,0,0
"G5680","3548","10000",1,0,0,0,0
"G5681","3548","10000",1,0,0,0,0
"G5682","3548","10000",1,0,0,0,0
"G5690","3549","10000",1,0,0,0,0
"G5691","3549","10000",1,0,0,0,0
"G5692","3549","10000",1,0,0,0,0
"G5700","3550","10000",1,0,0,0,0
"G5701","3550","10000",1,0,0,0,0
"G5702","3550","10000",1,0,0,0,0
"G5710","3551","10000",1,0,0,0,0
"G5711","3551","10000",1,0,0,0,0
"G5712","3551","10000",1,0,0,0,0
"G5720","3552","10000",1,0,0,0,0
"G5721","3552","10000",1,0,0,0,0
"G5722","3552","10000",1,0,0,0,0
"G5730","3553","10000",1,0,0,0,0
"G5731","3553","10000",1,0,0,0,0
"G5732","3553","10000",1,0,0,0,0
"G5740","3554","10000",1,0,0,0,0
"G5741","3554","10000",1,0,0,0,0
"G5742","3554","10000",1,0,0,0,0
"G5750","3555","10000",1,0,0,0,0
"G5751","3555","10000",1,0,0,0,0
"G5752","3555","10000",1,0,0,0,0
"G5760","3556","10000",1,0,0,0,0
"G5761","3556","10000",1,0,0,0,0
"G5762","3556","10000",1,0,0,0,0
"G5770","35571","10000",1,0,0,0,0
"G5771","35571","10000",1,0,0,0,0
"G5772","35571","10000",1,0,0,0,0
"G5780","35579","10000",1,0,0,0,0
"G5781","35579","10000",1,0,0,0,0
"G5782","35579","10000",1,0,0,0,0
"G5790","3558","10000",1,0,0,0,0
"G5791","3558","10000",1,0,0,0,0
"G5792","3558","10000",1,0,0,0,0
"G580","3548","10000",1,0,0,0,0
"G587","3545","00000",0,0,0,0,0
"G588","3559","10000",1,0,0,0,0
"G589","3559","10000",1,0,0,0,0
"G59","3559","10000",1,0,0,0,0
"G600","3560","10000",1,0,0,0,0
"G600","3561","10000",1,0,0,0,0
"G600","3562","10000",1,0,0,0,0
"G601","3563","00000",0,0,0,0,0
"G602","3560","10000",1,0,0,0,0
"G603","3564","00000",0,0,0,0,0
"G608","3568","10000",1,0,0,0,0
"G609","3569","10000",1,0,0,0,0
"G610","3570","00000",0,0,0,0,0
"G611","3577","10000",1,0,0,0,0
"G6181","35781","00000",0,0,0,0,0
"G6189","35789","10000",1,0,0,0,0
"G619","3579","10000",1,0,0,0,0
"G620","3576","00000",0,0,0,0,0
"G621","3575","00000",0,0,0,0,0
"G622","3577","10000",1,0,0,0,0
"G6281","35782","00000",0,0,0,0,0
"G6282","3577","10000",1,0,0,0,0
"G6289","35789","10000",1,0,0,0,0
"G629","3579","10000",1,0,0,0,0
"G63","3574","10000",1,0,0,0,0
"G64","35789","10000",1,0,0,0,0
"G650","3574","10000",1,0,0,0,0
"G651","3574","10000",1,0,0,0,0
"G652","3574","10000",1,0,0,0,0
"G7000","35800","00000",0,0,0,0,0
"G7001","35801","00000",0,0,0,0,0
"G701","3582","00000",0,0,0,0,0
"G702","3588","10000",1,0,0,0,0
"G7080","35830","00000",0,0,0,0,0
"G7081","35839","00000",0,0,0,0,0
"G7089","3588","10000",1,0,0,0,0
"G709","3589","00000",0,0,0,0,0
"G710","3591","00000",0,0,0,0,0
"G7111","35921","00000",0,0,0,0,0
"G7112","35922","00000",0,0,0,0,0
"G7113","35923","00000",0,0,0,0,0
"G7114","35924","00000",0,0,0,0,0
"G7119","35929","00000",0,0,0,0,0
"G712","3590","10000",1,0,0,0,0
"G713","35989","10000",1,0,0,0,0
"G718","35989","10000",1,0,0,0,0
"G719","3599","10000",1,0,0,0,0
"G720","3594","10000",1,0,0,0,0
"G721","3594","10000",1,0,0,0,0
"G722","3594","10000",1,0,0,0,0
"G723","3593","00000",0,0,0,0,0
"G7241","35971","00000",0,0,0,0,0
"G7249","35979","10000",1,0,0,0,0
"G7281","35981","00000",0,0,0,0,0
"G7289","35989","10000",1,0,0,0,0
"G729","3599","10000",1,0,0,0,0
"G731","35831","00000",0,0,0,0,0
"G733","3581","00000",0,0,0,0,0
"G737","3595","10000",1,0,0,0,0
"G800","3432","00000",0,0,0,0,0
"G801","3430","00000",0,0,0,0,0
"G802","3431","10000",1,0,0,0,0
"G802","3434","10000",1,0,0,0,0
"G803","33371","00000",0,0,0,0,0
"G804","3438","10000",1,0,0,0,0
"G808","3433","10000",1,0,0,0,0
"G808","3438","10000",1,0,0,0,0
"G809","3439","00000",0,0,0,0,0
"G8100","34200","10000",1,0,0,0,0
"G8101","34201","10000",1,0,0,0,0
"G8102","34201","10000",1,0,0,0,0
"G8103","34202","10000",1,0,0,0,0
"G8104","34202","10000",1,0,0,0,0
"G8110","34210","10000",1,0,0,0,0
"G8111","34211","10000",1,0,0,0,0
"G8112","34211","10000",1,0,0,0,0
"G8113","34212","10000",1,0,0,0,0
"G8114","34212","10000",1,0,0,0,0
"G8190","34280","10000",1,0,0,0,0
"G8190","34290","10000",1,0,0,0,0
"G8191","34281","10000",1,0,0,0,0
"G8191","34291","10000",1,0,0,0,0
"G8192","34281","10000",1,0,0,0,0
"G8192","34291","10000",1,0,0,0,0
"G8193","34282","10000",1,0,0,0,0
"G8193","34292","10000",1,0,0,0,0
"G8194","34282","10000",1,0,0,0,0
"G8194","34292","10000",1,0,0,0,0
"G8220","3441","10000",1,0,0,0,0
"G8221","3441","10000",1,0,0,0,0
"G8222","3441","10000",1,0,0,0,0
"G8250","34400","10000",1,0,0,0,0
"G8250","34409","10000",1,0,0,0,0
"G8251","34401","00000",0,0,0,0,0
"G8252","34402","00000",0,0,0,0,0
"G8253","34403","00000",0,0,0,0,0
"G8254","34404","00000",0,0,0,0,0
"G830","3442","00000",0,0,0,0,0
"G8310","34430","10000",1,0,0,0,0
"G8311","34431","10000",1,0,0,0,0
"G8312","34431","10000",1,0,0,0,0
"G8313","34432","10000",1,0,0,0,0
"G8314","34432","10000",1,0,0,0,0
"G8320","34440","10000",1,0,0,0,0
"G8321","34441","10000",1,0,0,0,0
"G8322","34441","10000",1,0,0,0,0
"G8323","34442","10000",1,0,0,0,0
"G8324","34442","10000",1,0,0,0,0
"G8330","3445","10000",1,0,0,0,0
"G8331","3445","10000",1,0,0,0,0
"G8332","3445","10000",1,0,0,0,0
"G8333","3445","10000",1,0,0,0,0
"G8334","3445","10000",1,0,0,0,0
"G834","34460","10000",1,0,0,0,0
"G834","34461","10000",1,0,0,0,0
"G835","34481","00000",0,0,0,0,0
"G8381","34489","10000",1,0,0,0,0
"G8382","34489","10000",1,0,0,0,0
"G8383","34489","10000",1,0,0,0,0
"G8384","34489","10000",1,0,0,0,0
"G8389","34489","10000",1,0,0,0,0
"G839","3449","10000",1,0,0,0,0
"G890","3380","00000",0,0,0,0,0
"G8911","33811","00000",0,0,0,0,0
"G8912","33812","00000",0,0,0,0,0
"G8918","33818","00000",0,0,0,0,0
"G8921","33821","00000",0,0,0,0,0
"G8922","33822","00000",0,0,0,0,0
"G8928","33828","00000",0,0,0,0,0
"G8929","33829","00000",0,0,0,0,0
"G893","3383","00000",0,0,0,0,0
"G894","3384","00000",0,0,0,0,0
"G9001","33701","10000",1,0,0,0,0
"G9009","33700","10000",1,0,0,0,0
"G9009","33709","10000",1,0,0,0,0
"G901","7428","10000",1,0,0,0,0
"G902","3379","10000",1,0,0,0,0
"G903","3330","10000",1,0,0,0,0
"G904","3373","00000",0,0,0,0,0
"G9050","33720","10000",1,0,0,0,0
"G90511","33721","10000",1,0,0,0,0
"G90512","33721","10000",1,0,0,0,0
"G90513","33721","10000",1,0,0,0,0
"G90519","33721","10000",1,0,0,0,0
"G90521","33722","10000",1,0,0,0,0
"G90522","33722","10000",1,0,0,0,0
"G90523","33722","10000",1,0,0,0,0
"G90529","33722","10000",1,0,0,0,0
"G9059","33729","10000",1,0,0,0,0
"G908","3379","10000",1,0,0,0,0
"G909","3379","10000",1,0,0,0,0
"G910","3313","00000",0,0,0,0,0
"G911","3314","10000",1,0,0,0,0
"G912","3315","00000",0,0,0,0,0
"G913","3314","10000",1,0,0,0,0
"G914","3317","10000",1,0,0,0,0
"G918","3314","10000",1,0,0,0,0
"G919","3314","10000",1,0,0,0,0
"G92","32371","10000",1,0,0,0,0
"G92","32372","10000",1,0,0,0,0
"G92","34982","10000",1,0,0,0,0
"G930","3480","00000",0,0,0,0,0
"G931","3481","00000",0,0,0,0,0
"G932","3482","00000",0,0,0,0,0
"G933","78079","10000",1,0,0,0,0
"G9340","34830","00000",0,0,0,0,0
"G9341","34831","00000",0,0,0,0,0
"G9349","34839","10000",1,0,0,0,0
"G935","3484","00000",0,0,0,0,0
"G936","3485","10000",1,0,0,0,0
"G937","33181","00000",0,0,0,0,0
"G9381","34881","00000",0,0,0,0,0
"G9382","34882","00000",0,0,0,0,0
"G9389","34889","10000",1,0,0,0,0
"G939","3489","10000",1,0,0,0,0
"G94","3317","10000",1,0,0,0,0
"G950","3360","00000",0,0,0,0,0
"G9511","3361","10000",1,0,0,0,0
"G9519","3361","10000",1,0,0,0,0
"G9520","3369","10000",1,0,0,0,0
"G9529","3369","10000",1,0,0,0,0
"G9581","3368","10000",1,0,0,0,0
"G9589","3368","10000",1,0,0,0,0
"G959","3369","10000",1,0,0,0,0
"G960","34981","10000",1,0,0,0,0
"G960","38861","10000",1,0,0,0,0
"G9611","34939","00000",0,0,0,0,0
"G9612","3492","10000",1,0,0,0,0
"G9619","3492","10000",1,0,0,0,0
"G968","34989","10000",1,0,0,0,0
"G969","3499","10000",1,0,0,0,0
"G970","99709","10000",1,0,0,0,0
"G971","3490","10000",1,0,0,0,0
"G972","99701","10000",1,0,0,0,0
"G9731","99702","10000",1,0,0,0,0
"G9731","99811","10000",1,0,0,0,0
"G9731","99812","10000",1,0,0,0,0
"G9732","99702","10000",1,0,0,0,0
"G9732","99811","10000",1,0,0,0,0
"G9732","99812","10000",1,0,0,0,0
"G9741","34931","00000",0,0,0,0,0
"G9748","9982","10000",1,0,0,0,0
"G9749","9982","10000",1,0,0,0,0
"G9751","99811","10000",1,0,0,0,0
"G9751","99812","10000",1,0,0,0,0
"G9752","99811","10000",1,0,0,0,0
"G9752","99812","10000",1,0,0,0,0
"G9781","99701","10000",1,0,0,0,0
"G9781","99709","10000",1,0,0,0,0
"G9782","3491","10000",1,0,0,0,0
"G9782","99701","10000",1,0,0,0,0
"G9782","99709","10000",1,0,0,0,0
"G980","34989","10000",1,0,0,0,0
"G988","34989","10000",1,0,0,0,0
"G988","3499","10000",1,0,0,0,0
"G990","3371","00000",0,0,0,0,0
"G992","3363","10000",1,0,0,0,0
"G998","34989","10000",1,0,0,0,0
"H00011","37311","10000",1,0,0,0,0
"H00012","37311","10000",1,0,0,0,0
"H00013","37311","10000",1,0,0,0,0
"H00014","37311","10000",1,0,0,0,0
"H00015","37311","10000",1,0,0,0,0
"H00016","37311","10000",1,0,0,0,0
"H00019","37311","10000",1,0,0,0,0
"H00021","37312","10000",1,0,0,0,0
"H00022","37312","10000",1,0,0,0,0
"H00023","37312","10000",1,0,0,0,0
"H00024","37312","10000",1,0,0,0,0
"H00025","37312","10000",1,0,0,0,0
"H00026","37312","10000",1,0,0,0,0
"H00029","37312","10000",1,0,0,0,0
"H00031","37313","10000",1,0,0,0,0
"H00032","37313","10000",1,0,0,0,0
"H00033","37313","10000",1,0,0,0,0
"H00034","37313","10000",1,0,0,0,0
"H00035","37313","10000",1,0,0,0,0
"H00036","37313","10000",1,0,0,0,0
"H00039","37313","10000",1,0,0,0,0
"H0011","3732","10000",1,0,0,0,0
"H0012","3732","10000",1,0,0,0,0
"H0013","3732","10000",1,0,0,0,0
"H0014","3732","10000",1,0,0,0,0
"H0015","3732","10000",1,0,0,0,0
"H0016","3732","10000",1,0,0,0,0
"H0019","3732","10000",1,0,0,0,0
"H01001","37300","10000",1,0,0,0,0
"H01002","37300","10000",1,0,0,0,0
"H01003","37300","10000",1,0,0,0,0
"H01004","37300","10000",1,0,0,0,0
"H01005","37300","10000",1,0,0,0,0
"H01006","37300","10000",1,0,0,0,0
"H01009","37300","10000",1,0,0,0,0
"H01011","37301","10000",1,0,0,0,0
"H01012","37301","10000",1,0,0,0,0
"H01013","37301","10000",1,0,0,0,0
"H01014","37301","10000",1,0,0,0,0
"H01015","37301","10000",1,0,0,0,0
"H01016","37301","10000",1,0,0,0,0
"H01019","37301","10000",1,0,0,0,0
"H01021","37302","10000",1,0,0,0,0
"H01022","37302","10000",1,0,0,0,0
"H01023","37302","10000",1,0,0,0,0
"H01024","37302","10000",1,0,0,0,0
"H01025","37302","10000",1,0,0,0,0
"H01026","37302","10000",1,0,0,0,0
"H01029","37302","10000",1,0,0,0,0
"H01111","37332","10000",1,0,0,0,0
"H01112","37332","10000",1,0,0,0,0
"H01113","37332","10000",1,0,0,0,0
"H01114","37332","10000",1,0,0,0,0
"H01115","37332","10000",1,0,0,0,0
"H01116","37332","10000",1,0,0,0,0
"H01119","37332","10000",1,0,0,0,0
"H01121","37334","10000",1,0,0,0,0
"H01122","37334","10000",1,0,0,0,0
"H01123","37334","10000",1,0,0,0,0
"H01124","37334","10000",1,0,0,0,0
"H01125","37334","10000",1,0,0,0,0
"H01126","37334","10000",1,0,0,0,0
"H01129","37334","10000",1,0,0,0,0
"H01131","37331","10000",1,0,0,0,0
"H01132","37331","10000",1,0,0,0,0
"H01133","37331","10000",1,0,0,0,0
"H01134","37331","10000",1,0,0,0,0
"H01135","37331","10000",1,0,0,0,0
"H01136","37331","10000",1,0,0,0,0
"H01139","37331","10000",1,0,0,0,0
"H01141","37333","10000",1,0,0,0,0
"H01142","37333","10000",1,0,0,0,0
"H01143","37333","10000",1,0,0,0,0
"H01144","37333","10000",1,0,0,0,0
"H01145","37333","10000",1,0,0,0,0
"H01146","37333","10000",1,0,0,0,0
"H01149","37333","10000",1,0,0,0,0
"H018","3738","10000",1,0,0,0,0
"H019","3739","00000",0,0,0,0,0
"H02001","37400","10000",1,0,0,0,0
"H02002","37400","10000",1,0,0,0,0
"H02003","37400","10000",1,0,0,0,0
"H02004","37400","10000",1,0,0,0,0
"H02005","37400","10000",1,0,0,0,0
"H02006","37400","10000",1,0,0,0,0
"H02009","37400","10000",1,0,0,0,0
"H02011","37404","10000",1,0,0,0,0
"H02012","37404","10000",1,0,0,0,0
"H02013","37404","10000",1,0,0,0,0
"H02014","37404","10000",1,0,0,0,0
"H02015","37404","10000",1,0,0,0,0
"H02016","37404","10000",1,0,0,0,0
"H02019","37404","10000",1,0,0,0,0
"H02021","37402","10000",1,0,0,0,0
"H02022","37402","10000",1,0,0,0,0
"H02023","37402","10000",1,0,0,0,0
"H02024","37402","10000",1,0,0,0,0
"H02025","37402","10000",1,0,0,0,0
"H02026","37402","10000",1,0,0,0,0
"H02029","37402","10000",1,0,0,0,0
"H02031","37401","10000",1,0,0,0,0
"H02032","37401","10000",1,0,0,0,0
"H02033","37401","10000",1,0,0,0,0
"H02034","37401","10000",1,0,0,0,0
"H02035","37401","10000",1,0,0,0,0
"H02036","37401","10000",1,0,0,0,0
"H02039","37401","10000",1,0,0,0,0
"H02041","37403","10000",1,0,0,0,0
"H02042","37403","10000",1,0,0,0,0
"H02043","37403","10000",1,0,0,0,0
"H02044","37403","10000",1,0,0,0,0
"H02045","37403","10000",1,0,0,0,0
"H02046","37403","10000",1,0,0,0,0
"H02049","37403","10000",1,0,0,0,0
"H02051","37405","10000",1,0,0,0,0
"H02052","37405","10000",1,0,0,0,0
"H02053","37405","10000",1,0,0,0,0
"H02054","37405","10000",1,0,0,0,0
"H02055","37405","10000",1,0,0,0,0
"H02056","37405","10000",1,0,0,0,0
"H02059","37405","10000",1,0,0,0,0
"H02101","37410","10000",1,0,0,0,0
"H02102","37410","10000",1,0,0,0,0
"H02103","37410","10000",1,0,0,0,0
"H02104","37410","10000",1,0,0,0,0
"H02105","37410","10000",1,0,0,0,0
"H02106","37410","10000",1,0,0,0,0
"H02109","37410","10000",1,0,0,0,0
"H02111","37414","10000",1,0,0,0,0
"H02112","37414","10000",1,0,0,0,0
"H02113","37414","10000",1,0,0,0,0
"H02114","37414","10000",1,0,0,0,0
"H02115","37414","10000",1,0,0,0,0
"H02116","37414","10000",1,0,0,0,0
"H02119","37414","10000",1,0,0,0,0
"H02121","37412","10000",1,0,0,0,0
"H02122","37412","10000",1,0,0,0,0
"H02123","37412","10000",1,0,0,0,0
"H02124","37412","10000",1,0,0,0,0
"H02125","37412","10000",1,0,0,0,0
"H02126","37412","10000",1,0,0,0,0
"H02129","37412","10000",1,0,0,0,0
"H02131","37411","10000",1,0,0,0,0
"H02132","37411","10000",1,0,0,0,0
"H02133","37411","10000",1,0,0,0,0
"H02134","37411","10000",1,0,0,0,0
"H02135","37411","10000",1,0,0,0,0
"H02136","37411","10000",1,0,0,0,0
"H02139","37411","10000",1,0,0,0,0
"H02141","37413","10000",1,0,0,0,0
"H02142","37413","10000",1,0,0,0,0
"H02143","37413","10000",1,0,0,0,0
"H02144","37413","10000",1,0,0,0,0
"H02145","37413","10000",1,0,0,0,0
"H02146","37413","10000",1,0,0,0,0
"H02149","37413","10000",1,0,0,0,0
"H02201","37420","10000",1,0,0,0,0
"H02202","37420","10000",1,0,0,0,0
"H02203","37420","10000",1,0,0,0,0
"H02204","37420","10000",1,0,0,0,0
"H02205","37420","10000",1,0,0,0,0
"H02206","37420","10000",1,0,0,0,0
"H02209","37420","10000",1,0,0,0,0
"H02211","37423","10000",1,0,0,0,0
"H02212","37423","10000",1,0,0,0,0
"H02213","37423","10000",1,0,0,0,0
"H02214","37423","10000",1,0,0,0,0
"H02215","37423","10000",1,0,0,0,0
"H02216","37423","10000",1,0,0,0,0
"H02219","37423","10000",1,0,0,0,0
"H02221","37422","10000",1,0,0,0,0
"H02222","37422","10000",1,0,0,0,0
"H02223","37422","10000",1,0,0,0,0
"H02224","37422","10000",1,0,0,0,0
"H02225","37422","10000",1,0,0,0,0
"H02226","37422","10000",1,0,0,0,0
"H02229","37422","10000",1,0,0,0,0
"H02231","37421","10000",1,0,0,0,0
"H02232","37421","10000",1,0,0,0,0
"H02233","37421","10000",1,0,0,0,0
"H02234","37421","10000",1,0,0,0,0
"H02235","37421","10000",1,0,0,0,0
"H02236","37421","10000",1,0,0,0,0
"H02239","37421","10000",1,0,0,0,0
"H0230","37434","10000",1,0,0,0,0
"H0231","37434","10000",1,0,0,0,0
"H0232","37434","10000",1,0,0,0,0
"H0233","37434","10000",1,0,0,0,0
"H0234","37434","10000",1,0,0,0,0
"H0235","37434","10000",1,0,0,0,0
"H0236","37434","10000",1,0,0,0,0
"H02401","37430","10000",1,0,0,0,0
"H02402","37430","10000",1,0,0,0,0
"H02403","37430","10000",1,0,0,0,0
"H02409","37430","10000",1,0,0,0,0
"H02411","37433","10000",1,0,0,0,0
"H02412","37433","10000",1,0,0,0,0
"H02413","37433","10000",1,0,0,0,0
"H02419","37433","10000",1,0,0,0,0
"H02421","37432","10000",1,0,0,0,0
"H02422","37432","10000",1,0,0,0,0
"H02423","37432","10000",1,0,0,0,0
"H02429","37432","10000",1,0,0,0,0
"H02431","37431","10000",1,0,0,0,0
"H02432","37431","10000",1,0,0,0,0
"H02433","37431","10000",1,0,0,0,0
"H02439","37431","10000",1,0,0,0,0
"H02511","37443","10000",1,0,0,0,0
"H02512","37443","10000",1,0,0,0,0
"H02513","37443","10000",1,0,0,0,0
"H02514","37443","10000",1,0,0,0,0
"H02515","37443","10000",1,0,0,0,0
"H02516","37443","10000",1,0,0,0,0
"H02519","37443","10000",1,0,0,0,0
"H02521","37446","10000",1,0,0,0,0
"H02522","37446","10000",1,0,0,0,0
"H02523","37446","10000",1,0,0,0,0
"H02524","37446","10000",1,0,0,0,0
"H02525","37446","10000",1,0,0,0,0
"H02526","37446","10000",1,0,0,0,0
"H02529","37446","10000",1,0,0,0,0
"H02531","37441","10000",1,0,0,0,0
"H02532","37441","10000",1,0,0,0,0
"H02533","37441","10000",1,0,0,0,0
"H02534","37441","10000",1,0,0,0,0
"H02535","37441","10000",1,0,0,0,0
"H02536","37441","10000",1,0,0,0,0
"H02539","37441","10000",1,0,0,0,0
"H0259","37444","10000",1,0,0,0,0
"H0259","37445","10000",1,0,0,0,0
"H0260","37451","10000",1,0,0,0,0
"H0261","37451","10000",1,0,0,0,0
"H0262","37451","10000",1,0,0,0,0
"H0263","37451","10000",1,0,0,0,0
"H0264","37451","10000",1,0,0,0,0
"H0265","37451","10000",1,0,0,0,0
"H0266","37451","10000",1,0,0,0,0
"H0270","37450","00000",0,0,0,0,0
"H02711","37452","10000",1,0,0,0,0
"H02712","37452","10000",1,0,0,0,0
"H02713","37452","10000",1,0,0,0,0
"H02714","37452","10000",1,0,0,0,0
"H02715","37452","10000",1,0,0,0,0
"H02716","37452","10000",1,0,0,0,0
"H02719","37452","10000",1,0,0,0,0
"H02721","37455","10000",1,0,0,0,0
"H02722","37455","10000",1,0,0,0,0
"H02723","37455","10000",1,0,0,0,0
"H02724","37455","10000",1,0,0,0,0
"H02725","37455","10000",1,0,0,0,0
"H02726","37455","10000",1,0,0,0,0
"H02729","37455","10000",1,0,0,0,0
"H02731","37453","10000",1,0,0,0,0
"H02732","37453","10000",1,0,0,0,0
"H02733","37453","10000",1,0,0,0,0
"H02734","37453","10000",1,0,0,0,0
"H02735","37453","10000",1,0,0,0,0
"H02736","37453","10000",1,0,0,0,0
"H02739","37453","10000",1,0,0,0,0
"H0279","37456","10000",1,0,0,0,0
"H02811","37486","10000",1,0,0,0,0
"H02812","37486","10000",1,0,0,0,0
"H02813","37486","10000",1,0,0,0,0
"H02814","37486","10000",1,0,0,0,0
"H02815","37486","10000",1,0,0,0,0
"H02816","37486","10000",1,0,0,0,0
"H02819","37486","10000",1,0,0,0,0
"H02821","37484","10000",1,0,0,0,0
"H02822","37484","10000",1,0,0,0,0
"H02823","37484","10000",1,0,0,0,0
"H02824","37484","10000",1,0,0,0,0
"H02825","37484","10000",1,0,0,0,0
"H02826","37484","10000",1,0,0,0,0
"H02829","37484","10000",1,0,0,0,0
"H02831","37487","10000",1,0,0,0,0
"H02832","37487","10000",1,0,0,0,0
"H02833","37487","10000",1,0,0,0,0
"H02834","37487","10000",1,0,0,0,0
"H02835","37487","10000",1,0,0,0,0
"H02836","37487","10000",1,0,0,0,0
"H02839","37487","10000",1,0,0,0,0
"H02841","37482","10000",1,0,0,0,0
"H02842","37482","10000",1,0,0,0,0
"H02843","37482","10000",1,0,0,0,0
"H02844","37482","10000",1,0,0,0,0
"H02845","37482","10000",1,0,0,0,0
"H02846","37482","10000",1,0,0,0,0
"H02849","37482","10000",1,0,0,0,0
"H02851","37483","10000",1,0,0,0,0
"H02852","37483","10000",1,0,0,0,0
"H02853","37483","10000",1,0,0,0,0
"H02854","37483","10000",1,0,0,0,0
"H02855","37483","10000",1,0,0,0,0
"H02856","37483","10000",1,0,0,0,0
"H02859","37483","10000",1,0,0,0,0
"H02861","37454","10000",1,0,0,0,0
"H02862","37454","10000",1,0,0,0,0
"H02863","37454","10000",1,0,0,0,0
"H02864","37454","10000",1,0,0,0,0
"H02865","37454","10000",1,0,0,0,0
"H02866","37454","10000",1,0,0,0,0
"H02869","37454","10000",1,0,0,0,0
"H02871","37485","10000",1,0,0,0,0
"H02872","37485","10000",1,0,0,0,0
"H02873","37485","10000",1,0,0,0,0
"H02874","37485","10000",1,0,0,0,0
"H02875","37485","10000",1,0,0,0,0
"H02876","37485","10000",1,0,0,0,0
"H02879","37485","10000",1,0,0,0,0
"H0289","37481","10000",1,0,0,0,0
"H0289","37489","10000",1,0,0,0,0
"H029","3749","00000",0,0,0,0,0
"H04001","37500","10000",1,0,0,0,0
"H04002","37500","10000",1,0,0,0,0
"H04003","37500","10000",1,0,0,0,0
"H04009","37500","10000",1,0,0,0,0
"H04011","37501","10000",1,0,0,0,0
"H04012","37501","10000",1,0,0,0,0
"H04013","37501","10000",1,0,0,0,0
"H04019","37501","10000",1,0,0,0,0
"H04021","37502","10000",1,0,0,0,0
"H04022","37502","10000",1,0,0,0,0
"H04023","37502","10000",1,0,0,0,0
"H04029","37502","10000",1,0,0,0,0
"H04031","37503","10000",1,0,0,0,0
"H04032","37503","10000",1,0,0,0,0
"H04033","37503","10000",1,0,0,0,0
"H04039","37503","10000",1,0,0,0,0
"H04111","37511","10000",1,0,0,0,0
"H04112","37511","10000",1,0,0,0,0
"H04113","37511","10000",1,0,0,0,0
"H04119","37511","10000",1,0,0,0,0
"H04121","37515","10000",1,0,0,0,0
"H04122","37515","10000",1,0,0,0,0
"H04123","37515","10000",1,0,0,0,0
"H04129","37515","10000",1,0,0,0,0
"H04131","37512","10000",1,0,0,0,0
"H04132","37512","10000",1,0,0,0,0
"H04133","37512","10000",1,0,0,0,0
"H04139","37512","10000",1,0,0,0,0
"H04141","37513","10000",1,0,0,0,0
"H04142","37513","10000",1,0,0,0,0
"H04143","37513","10000",1,0,0,0,0
"H04149","37513","10000",1,0,0,0,0
"H04151","37514","10000",1,0,0,0,0
"H04152","37514","10000",1,0,0,0,0
"H04153","37514","10000",1,0,0,0,0
"H04159","37514","10000",1,0,0,0,0
"H04161","37516","10000",1,0,0,0,0
"H04162","37516","10000",1,0,0,0,0
"H04163","37516","10000",1,0,0,0,0
"H04169","37516","10000",1,0,0,0,0
"H0419","37589","10000",1,0,0,0,0
"H04201","37520","10000",1,0,0,0,0
"H04202","37520","10000",1,0,0,0,0
"H04203","37520","10000",1,0,0,0,0
"H04209","37520","10000",1,0,0,0,0
"H04211","37521","10000",1,0,0,0,0
"H04212","37521","10000",1,0,0,0,0
"H04213","37521","10000",1,0,0,0,0
"H04219","37521","10000",1,0,0,0,0
"H04221","37522","10000",1,0,0,0,0
"H04222","37522","10000",1,0,0,0,0
"H04223","37522","10000",1,0,0,0,0
"H04229","37522","10000",1,0,0,0,0
"H04301","37530","10000",1,0,0,0,0
"H04302","37530","10000",1,0,0,0,0
"H04303","37530","10000",1,0,0,0,0
"H04309","37530","10000",1,0,0,0,0
"H04311","37533","10000",1,0,0,0,0
"H04312","37533","10000",1,0,0,0,0
"H04313","37533","10000",1,0,0,0,0
"H04319","37533","10000",1,0,0,0,0
"H04321","37532","10000",1,0,0,0,0
"H04322","37532","10000",1,0,0,0,0
"H04323","37532","10000",1,0,0,0,0
"H04329","37532","10000",1,0,0,0,0
"H04331","37531","10000",1,0,0,0,0
"H04332","37531","10000",1,0,0,0,0
"H04333","37531","10000",1,0,0,0,0
"H04339","37531","10000",1,0,0,0,0
"H04411","37542","10000",1,0,0,0,0
"H04412","37542","10000",1,0,0,0,0
"H04413","37542","10000",1,0,0,0,0
"H04419","37542","10000",1,0,0,0,0
"H04421","37541","10000",1,0,0,0,0
"H04422","37541","10000",1,0,0,0,0
"H04423","37541","10000",1,0,0,0,0
"H04429","37541","10000",1,0,0,0,0
"H04431","37543","10000",1,0,0,0,0
"H04432","37543","10000",1,0,0,0,0
"H04433","37543","10000",1,0,0,0,0
"H04439","37543","10000",1,0,0,0,0
"H04511","37557","10000",1,0,0,0,0
"H04512","37557","10000",1,0,0,0,0
"H04513","37557","10000",1,0,0,0,0
"H04519","37557","10000",1,0,0,0,0
"H04521","37551","10000",1,0,0,0,0
"H04522","37551","10000",1,0,0,0,0
"H04523","37551","10000",1,0,0,0,0
"H04529","37551","10000",1,0,0,0,0
"H04531","37555","10000",1,0,0,0,0
"H04532","37555","10000",1,0,0,0,0
"H04533","37555","10000",1,0,0,0,0
"H04539","37555","10000",1,0,0,0,0
"H04541","37553","10000",1,0,0,0,0
"H04542","37553","10000",1,0,0,0,0
"H04543","37553","10000",1,0,0,0,0
"H04549","37553","10000",1,0,0,0,0
"H04551","37556","10000",1,0,0,0,0
"H04552","37556","10000",1,0,0,0,0
"H04553","37556","10000",1,0,0,0,0
"H04559","37556","10000",1,0,0,0,0
"H04561","37552","10000",1,0,0,0,0
"H04562","37552","10000",1,0,0,0,0
"H04563","37552","10000",1,0,0,0,0
"H04569","37552","10000",1,0,0,0,0
"H04571","37554","10000",1,0,0,0,0
"H04572","37554","10000",1,0,0,0,0
"H04573","37554","10000",1,0,0,0,0
"H04579","37554","10000",1,0,0,0,0
"H04611","37561","10000",1,0,0,0,0
"H04612","37561","10000",1,0,0,0,0
"H04613","37561","10000",1,0,0,0,0
"H04619","37561","10000",1,0,0,0,0
"H0469","37569","00000",0,0,0,0,0
"H04811","37581","10000",1,0,0,0,0
"H04812","37581","10000",1,0,0,0,0
"H04813","37581","10000",1,0,0,0,0
"H04819","37581","10000",1,0,0,0,0
"H0489","37589","10000",1,0,0,0,0
"H049","3759","00000",0,0,0,0,0
"H0500","37600","00000",0,0,0,0,0
"H05011","37601","10000",1,0,0,0,0
"H05012","37601","10000",1,0,0,0,0
"H05013","37601","10000",1,0,0,0,0
"H05019","37601","10000",1,0,0,0,0
"H05021","37603","10000",1,0,0,0,0
"H05022","37603","10000",1,0,0,0,0
"H05023","37603","10000",1,0,0,0,0
"H05029","37603","10000",1,0,0,0,0
"H05031","37602","10000",1,0,0,0,0
"H05032","37602","10000",1,0,0,0,0
"H05033","37602","10000",1,0,0,0,0
"H05039","37602","10000",1,0,0,0,0
"H05041","37604","10000",1,0,0,0,0
"H05042","37604","10000",1,0,0,0,0
"H05043","37604","10000",1,0,0,0,0
"H05049","37604","10000",1,0,0,0,0
"H0510","37610","00000",0,0,0,0,0
"H05111","37611","10000",1,0,0,0,0
"H05112","37611","10000",1,0,0,0,0
"H05113","37611","10000",1,0,0,0,0
"H05119","37611","10000",1,0,0,0,0
"H05121","37612","10000",1,0,0,0,0
"H05122","37612","10000",1,0,0,0,0
"H05123","37612","10000",1,0,0,0,0
"H05129","37612","10000",1,0,0,0,0
"H0520","37630","00000",0,0,0,0,0
"H05211","37636","10000",1,0,0,0,0
"H05212","37636","10000",1,0,0,0,0
"H05213","37636","10000",1,0,0,0,0
"H05219","37636","10000",1,0,0,0,0
"H05221","37633","10000",1,0,0,0,0
"H05222","37633","10000",1,0,0,0,0
"H05223","37633","10000",1,0,0,0,0
"H05229","37633","10000",1,0,0,0,0
"H05231","37632","10000",1,0,0,0,0
"H05232","37632","10000",1,0,0,0,0
"H05233","37632","10000",1,0,0,0,0
"H05239","37632","10000",1,0,0,0,0
"H05241","37631","10000",1,0,0,0,0
"H05242","37631","10000",1,0,0,0,0
"H05243","37631","10000",1,0,0,0,0
"H05249","37631","10000",1,0,0,0,0
"H05251","37634","10000",1,0,0,0,0
"H05252","37634","10000",1,0,0,0,0
"H05253","37634","10000",1,0,0,0,0
"H05259","37634","10000",1,0,0,0,0
"H05261","37635","10000",1,0,0,0,0
"H05262","37635","10000",1,0,0,0,0
"H05263","37635","10000",1,0,0,0,0
"H05269","37635","10000",1,0,0,0,0
"H0530","37640","00000",0,0,0,0,0
"H05311","37645","10000",1,0,0,0,0
"H05312","37645","10000",1,0,0,0,0
"H05313","37645","10000",1,0,0,0,0
"H05319","37645","10000",1,0,0,0,0
"H05321","37643","10000",1,0,0,0,0
"H05322","37643","10000",1,0,0,0,0
"H05323","37643","10000",1,0,0,0,0
"H05329","37643","10000",1,0,0,0,0
"H05331","37647","10000",1,0,0,0,0
"H05332","37647","10000",1,0,0,0,0
"H05333","37647","10000",1,0,0,0,0
"H05339","37647","10000",1,0,0,0,0
"H05341","37646","10000",1,0,0,0,0
"H05342","37646","10000",1,0,0,0,0
"H05343","37646","10000",1,0,0,0,0
"H05349","37646","10000",1,0,0,0,0
"H05351","37642","10000",1,0,0,0,0
"H05352","37642","10000",1,0,0,0,0
"H05353","37642","10000",1,0,0,0,0
"H05359","37642","10000",1,0,0,0,0
"H05401","37650","10000",1,0,0,0,0
"H05402","37650","10000",1,0,0,0,0
"H05403","37650","10000",1,0,0,0,0
"H05409","37650","10000",1,0,0,0,0
"H05411","37651","10000",1,0,0,0,0
"H05412","37651","10000",1,0,0,0,0
"H05413","37651","10000",1,0,0,0,0
"H05419","37651","10000",1,0,0,0,0
"H05421","37652","10000",1,0,0,0,0
"H05422","37652","10000",1,0,0,0,0
"H05423","37652","10000",1,0,0,0,0
"H05429","37652","10000",1,0,0,0,0
"H0550","3766","10000",1,0,0,0,0
"H0551","3766","10000",1,0,0,0,0
"H0552","3766","10000",1,0,0,0,0
"H0553","3766","10000",1,0,0,0,0
"H05811","37681","10000",1,0,0,0,0
"H05812","37681","10000",1,0,0,0,0
"H05813","37681","10000",1,0,0,0,0
"H05819","37681","10000",1,0,0,0,0
"H05821","37682","10000",1,0,0,0,0
"H05822","37682","10000",1,0,0,0,0
"H05823","37682","10000",1,0,0,0,0
"H05829","37682","10000",1,0,0,0,0
"H0589","37689","10000",1,0,0,0,0
"H059","3769","00000",0,0,0,0,0
"H10011","37202","10000",1,0,0,0,0
"H10012","37202","10000",1,0,0,0,0
"H10013","37202","10000",1,0,0,0,0
"H10019","37202","10000",1,0,0,0,0
"H10021","37203","10000",1,0,0,0,0
"H10022","37203","10000",1,0,0,0,0
"H10023","37203","10000",1,0,0,0,0
"H10029","37203","10000",1,0,0,0,0
"H1010","37205","10000",1,0,0,0,0
"H1011","37205","10000",1,0,0,0,0
"H1012","37205","10000",1,0,0,0,0
"H1013","37205","10000",1,0,0,0,0
"H10211","37206","10000",1,0,0,0,0
"H10212","37206","10000",1,0,0,0,0
"H10213","37206","10000",1,0,0,0,0
"H10219","37206","10000",1,0,0,0,0
"H10221","37204","10000",1,0,0,0,0
"H10222","37204","10000",1,0,0,0,0
"H10223","37204","10000",1,0,0,0,0
"H10229","37204","10000",1,0,0,0,0
"H10231","37201","10000",1,0,0,0,0
"H10232","37201","10000",1,0,0,0,0
"H10233","37201","10000",1,0,0,0,0
"H10239","37201","10000",1,0,0,0,0
"H1030","37200","10000",1,0,0,0,0
"H1031","37200","10000",1,0,0,0,0
"H1032","37200","10000",1,0,0,0,0
"H1033","37200","10000",1,0,0,0,0
"H10401","37210","10000",1,0,0,0,0
"H10402","37210","10000",1,0,0,0,0
"H10403","37210","10000",1,0,0,0,0
"H10409","37210","10000",1,0,0,0,0
"H10411","37214","10000",1,0,0,0,0
"H10412","37214","10000",1,0,0,0,0
"H10413","37214","10000",1,0,0,0,0
"H10419","37214","10000",1,0,0,0,0
"H10421","37211","10000",1,0,0,0,0
"H10422","37211","10000",1,0,0,0,0
"H10423","37211","10000",1,0,0,0,0
"H10429","37211","10000",1,0,0,0,0
"H10431","37212","10000",1,0,0,0,0
"H10432","37212","10000",1,0,0,0,0
"H10433","37212","10000",1,0,0,0,0
"H10439","37212","10000",1,0,0,0,0
"H1044","37213","10000",1,0,0,0,0
"H1045","37214","10000",1,0,0,0,0
"H10501","37220","10000",1,0,0,0,0
"H10502","37220","10000",1,0,0,0,0
"H10503","37220","10000",1,0,0,0,0
"H10509","37220","10000",1,0,0,0,0
"H10511","37239","10000",1,0,0,0,0
"H10512","37239","10000",1,0,0,0,0
"H10513","37239","10000",1,0,0,0,0
"H10519","37239","10000",1,0,0,0,0
"H10521","37221","10000",1,0,0,0,0
"H10522","37221","10000",1,0,0,0,0
"H10523","37221","10000",1,0,0,0,0
"H10529","37221","10000",1,0,0,0,0
"H10531","37222","10000",1,0,0,0,0
"H10532","37222","10000",1,0,0,0,0
"H10533","37222","10000",1,0,0,0,0
"H10539","37222","10000",1,0,0,0,0
"H10811","37234","10000",1,0,0,0,0
"H10812","37234","10000",1,0,0,0,0
"H10813","37234","10000",1,0,0,0,0
"H10819","37234","10000",1,0,0,0,0
"H1089","37239","10000",1,0,0,0,0
"H109","37230","00000",0,0,0,0,0
"H11001","37240","10000",1,0,0,0,0
"H11002","37240","10000",1,0,0,0,0
"H11003","37240","10000",1,0,0,0,0
"H11009","37240","10000",1,0,0,0,0
"H11011","37240","10000",1,0,0,0,0
"H11012","37240","10000",1,0,0,0,0
"H11013","37240","10000",1,0,0,0,0
"H11019","37240","10000",1,0,0,0,0
"H11021","37243","10000",1,0,0,0,0
"H11022","37243","10000",1,0,0,0,0
"H11023","37243","10000",1,0,0,0,0
"H11029","37243","10000",1,0,0,0,0
"H11031","37244","10000",1,0,0,0,0
"H11032","37244","10000",1,0,0,0,0
"H11033","37244","10000",1,0,0,0,0
"H11039","37244","10000",1,0,0,0,0
"H11041","37241","10000",1,0,0,0,0
"H11042","37241","10000",1,0,0,0,0
"H11043","37241","10000",1,0,0,0,0
"H11049","37241","10000",1,0,0,0,0
"H11051","37242","10000",1,0,0,0,0
"H11052","37242","10000",1,0,0,0,0
"H11053","37242","10000",1,0,0,0,0
"H11059","37242","10000",1,0,0,0,0
"H11061","37245","10000",1,0,0,0,0
"H11062","37245","10000",1,0,0,0,0
"H11063","37245","10000",1,0,0,0,0
"H11069","37245","10000",1,0,0,0,0
"H1110","37250","00000",0,0,0,0,0
"H11111","37256","10000",1,0,0,0,0
"H11112","37256","10000",1,0,0,0,0
"H11113","37256","10000",1,0,0,0,0
"H11119","37256","10000",1,0,0,0,0
"H11121","37254","10000",1,0,0,0,0
"H11122","37254","10000",1,0,0,0,0
"H11123","37254","10000",1,0,0,0,0
"H11129","37254","10000",1,0,0,0,0
"H11131","37255","10000",1,0,0,0,0
"H11132","37255","10000",1,0,0,0,0
"H11133","37255","10000",1,0,0,0,0
"H11139","37255","10000",1,0,0,0,0
"H11141","37253","10000",1,0,0,0,0
"H11142","37253","10000",1,0,0,0,0
"H11143","37253","10000",1,0,0,0,0
"H11149","37253","10000",1,0,0,0,0
"H11151","37251","10000",1,0,0,0,0
"H11152","37251","10000",1,0,0,0,0
"H11153","37251","10000",1,0,0,0,0
"H11159","37251","10000",1,0,0,0,0
"H11211","37262","10000",1,0,0,0,0
"H11212","37262","10000",1,0,0,0,0
"H11213","37262","10000",1,0,0,0,0
"H11219","37262","10000",1,0,0,0,0
"H11221","37261","10000",1,0,0,0,0
"H11222","37261","10000",1,0,0,0,0
"H11223","37261","10000",1,0,0,0,0
"H11229","37261","10000",1,0,0,0,0
"H11231","37263","10000",1,0,0,0,0
"H11232","37263","10000",1,0,0,0,0
"H11233","37263","10000",1,0,0,0,0
"H11239","37263","10000",1,0,0,0,0
"H11241","37264","10000",1,0,0,0,0
"H11242","37264","10000",1,0,0,0,0
"H11243","37264","10000",1,0,0,0,0
"H11249","37264","10000",1,0,0,0,0
"H1130","37272","10000",1,0,0,0,0
"H1131","37272","10000",1,0,0,0,0
"H1132","37272","10000",1,0,0,0,0
"H1133","37272","10000",1,0,0,0,0
"H11411","37274","10000",1,0,0,0,0
"H11412","37274","10000",1,0,0,0,0
"H11413","37274","10000",1,0,0,0,0
"H11419","37274","10000",1,0,0,0,0
"H11421","37273","10000",1,0,0,0,0
"H11422","37273","10000",1,0,0,0,0
"H11423","37273","10000",1,0,0,0,0
"H11429","37273","10000",1,0,0,0,0
"H11431","37271","10000",1,0,0,0,0
"H11432","37271","10000",1,0,0,0,0
"H11433","37271","10000",1,0,0,0,0
"H11439","37271","10000",1,0,0,0,0
"H11441","37275","10000",1,0,0,0,0
"H11442","37275","10000",1,0,0,0,0
"H11443","37275","10000",1,0,0,0,0
"H11449","37275","10000",1,0,0,0,0
"H11811","37252","10000",1,0,0,0,0
"H11812","37252","10000",1,0,0,0,0
"H11813","37252","10000",1,0,0,0,0
"H11819","37252","10000",1,0,0,0,0
"H11821","37281","10000",1,0,0,0,0
"H11822","37281","10000",1,0,0,0,0
"H11823","37281","10000",1,0,0,0,0
"H11829","37281","10000",1,0,0,0,0
"H1189","37289","10000",1,0,0,0,0
"H119","3729","00000",0,0,0,0,0
"H15001","37900","10000",1,0,0,0,0
"H15002","37900","10000",1,0,0,0,0
"H15003","37900","10000",1,0,0,0,0
"H15009","37900","10000",1,0,0,0,0
"H15011","37903","10000",1,0,0,0,0
"H15012","37903","10000",1,0,0,0,0
"H15013","37903","10000",1,0,0,0,0
"H15019","37903","10000",1,0,0,0,0
"H15021","37906","10000",1,0,0,0,0
"H15022","37906","10000",1,0,0,0,0
"H15023","37906","10000",1,0,0,0,0
"H15029","37906","10000",1,0,0,0,0
"H15031","37907","10000",1,0,0,0,0
"H15032","37907","10000",1,0,0,0,0
"H15033","37907","10000",1,0,0,0,0
"H15039","37907","10000",1,0,0,0,0
"H15041","37905","10000",1,0,0,0,0
"H15042","37905","10000",1,0,0,0,0
"H15043","37905","10000",1,0,0,0,0
"H15049","37905","10000",1,0,0,0,0
"H15051","37904","10000",1,0,0,0,0
"H15052","37904","10000",1,0,0,0,0
"H15053","37904","10000",1,0,0,0,0
"H15059","37904","10000",1,0,0,0,0
"H15091","37909","10000",1,0,0,0,0
"H15092","37909","10000",1,0,0,0,0
"H15093","37909","10000",1,0,0,0,0
"H15099","37909","10000",1,0,0,0,0
"H15101","37900","10000",1,0,0,0,0
"H15102","37900","10000",1,0,0,0,0
"H15103","37900","10000",1,0,0,0,0
"H15109","37900","10000",1,0,0,0,0
"H15111","37901","10000",1,0,0,0,0
"H15112","37901","10000",1,0,0,0,0
"H15113","37901","10000",1,0,0,0,0
"H15119","37901","10000",1,0,0,0,0
"H15121","37902","10000",1,0,0,0,0
"H15122","37902","10000",1,0,0,0,0
"H15123","37902","10000",1,0,0,0,0
"H15129","37902","10000",1,0,0,0,0
"H15811","37913","10000",1,0,0,0,0
"H15812","37913","10000",1,0,0,0,0
"H15813","37913","10000",1,0,0,0,0
"H15819","37913","10000",1,0,0,0,0
"H15821","37914","10000",1,0,0,0,0
"H15822","37914","10000",1,0,0,0,0
"H15823","37914","10000",1,0,0,0,0
"H15829","37914","10000",1,0,0,0,0
"H15831","37912","10000",1,0,0,0,0
"H15832","37912","10000",1,0,0,0,0
"H15833","37912","10000",1,0,0,0,0
"H15839","37912","10000",1,0,0,0,0
"H15841","37911","10000",1,0,0,0,0
"H15842","37911","10000",1,0,0,0,0
"H15843","37911","10000",1,0,0,0,0
"H15849","37911","10000",1,0,0,0,0
"H15851","37915","10000",1,0,0,0,0
"H15852","37915","10000",1,0,0,0,0
"H15853","37915","10000",1,0,0,0,0
"H15859","37915","10000",1,0,0,0,0
"H1589","37916","10000",1,0,0,0,0
"H1589","37919","10000",1,0,0,0,0
"H159","37919","10000",1,0,0,0,0
"H16001","37000","10000",1,0,0,0,0
"H16002","37000","10000",1,0,0,0,0
"H16003","37000","10000",1,0,0,0,0
"H16009","37000","10000",1,0,0,0,0
"H16011","37003","10000",1,0,0,0,0
"H16012","37003","10000",1,0,0,0,0
"H16013","37003","10000",1,0,0,0,0
"H16019","37003","10000",1,0,0,0,0
"H16021","37002","10000",1,0,0,0,0
"H16022","37002","10000",1,0,0,0,0
"H16023","37002","10000",1,0,0,0,0
"H16029","37002","10000",1,0,0,0,0
"H16031","37004","10000",1,0,0,0,0
"H16032","37004","10000",1,0,0,0,0
"H16033","37004","10000",1,0,0,0,0
"H16039","37004","10000",1,0,0,0,0
"H16041","37001","10000",1,0,0,0,0
"H16042","37001","10000",1,0,0,0,0
"H16043","37001","10000",1,0,0,0,0
"H16049","37001","10000",1,0,0,0,0
"H16051","37007","10000",1,0,0,0,0
"H16052","37007","10000",1,0,0,0,0
"H16053","37007","10000",1,0,0,0,0
"H16059","37007","10000",1,0,0,0,0
"H16061","37005","10000",1,0,0,0,0
"H16062","37005","10000",1,0,0,0,0
"H16063","37005","10000",1,0,0,0,0
"H16069","37005","10000",1,0,0,0,0
"H16071","37006","10000",1,0,0,0,0
"H16072","37006","10000",1,0,0,0,0
"H16073","37006","10000",1,0,0,0,0
"H16079","37006","10000",1,0,0,0,0
"H16101","37020","10000",1,0,0,0,0
"H16102","37020","10000",1,0,0,0,0
"H16103","37020","10000",1,0,0,0,0
"H16109","37020","10000",1,0,0,0,0
"H16111","37022","10000",1,0,0,0,0
"H16112","37022","10000",1,0,0,0,0
"H16113","37022","10000",1,0,0,0,0
"H16119","37022","10000",1,0,0,0,0
"H16121","37023","10000",1,0,0,0,0
"H16122","37023","10000",1,0,0,0,0
"H16123","37023","10000",1,0,0,0,0
"H16129","37023","10000",1,0,0,0,0
"H16131","37024","10000",1,0,0,0,0
"H16132","37024","10000",1,0,0,0,0
"H16133","37024","10000",1,0,0,0,0
"H16139","37024","10000",1,0,0,0,0
"H16141","37021","10000",1,0,0,0,0
"H16142","37021","10000",1,0,0,0,0
"H16143","37021","10000",1,0,0,0,0
"H16149","37021","10000",1,0,0,0,0
"H16201","37040","10000",1,0,0,0,0
"H16202","37040","10000",1,0,0,0,0
"H16203","37040","10000",1,0,0,0,0
"H16209","37040","10000",1,0,0,0,0
"H16211","37034","10000",1,0,0,0,0
"H16212","37034","10000",1,0,0,0,0
"H16213","37034","10000",1,0,0,0,0
"H16219","37034","10000",1,0,0,0,0
"H16221","37033","10000",1,0,0,0,0
"H16222","37033","10000",1,0,0,0,0
"H16223","37033","10000",1,0,0,0,0
"H16229","37033","10000",1,0,0,0,0
"H16231","37035","10000",1,0,0,0,0
"H16232","37035","10000",1,0,0,0,0
"H16233","37035","10000",1,0,0,0,0
"H16239","37035","10000",1,0,0,0,0
"H16241","36014","10000",1,0,0,0,0
"H16242","36014","10000",1,0,0,0,0
"H16243","36014","10000",1,0,0,0,0
"H16249","36014","10000",1,0,0,0,0
"H16251","37031","10000",1,0,0,0,0
"H16252","37031","10000",1,0,0,0,0
"H16253","37031","10000",1,0,0,0,0
"H16259","37031","10000",1,0,0,0,0
"H16261","37032","10111",1,0,1,1,1
"H16261","37213","10112",1,0,1,1,2
"H16262","37032","10111",1,0,1,1,1
"H16262","37213","10112",1,0,1,1,2
"H16263","37032","10111",1,0,1,1,1
"H16263","37213","10112",1,0,1,1,2
"H16269","37032","10111",1,0,1,1,1
"H16269","37213","10112",1,0,1,1,2
"H16291","37044","10000",1,0,0,0,0
"H16291","37049","10000",1,0,0,0,0
"H16292","37044","10000",1,0,0,0,0
"H16292","37049","10000",1,0,0,0,0
"H16293","37044","10000",1,0,0,0,0
"H16293","37049","10000",1,0,0,0,0
"H16299","37044","10000",1,0,0,0,0
"H16299","37049","10000",1,0,0,0,0
"H16301","37050","10000",1,0,0,0,0
"H16302","37050","10000",1,0,0,0,0
"H16303","37050","10000",1,0,0,0,0
"H16309","37050","10000",1,0,0,0,0
"H16311","37055","10000",1,0,0,0,0
"H16312","37055","10000",1,0,0,0,0
"H16313","37055","10000",1,0,0,0,0
"H16319","37055","10000",1,0,0,0,0
"H16321","37052","10000",1,0,0,0,0
"H16322","37052","10000",1,0,0,0,0
"H16323","37052","10000",1,0,0,0,0
"H16329","37052","10000",1,0,0,0,0
"H16331","37054","10000",1,0,0,0,0
"H16332","37054","10000",1,0,0,0,0
"H16333","37054","10000",1,0,0,0,0
"H16339","37054","10000",1,0,0,0,0
"H16391","37059","10000",1,0,0,0,0
"H16392","37059","10000",1,0,0,0,0
"H16393","37059","10000",1,0,0,0,0
"H16399","37059","10000",1,0,0,0,0
"H16401","37060","10000",1,0,0,0,0
"H16402","37060","10000",1,0,0,0,0
"H16403","37060","10000",1,0,0,0,0
"H16409","37060","10000",1,0,0,0,0
"H16411","37064","10000",1,0,0,0,0
"H16412","37064","10000",1,0,0,0,0
"H16413","37064","10000",1,0,0,0,0
"H16419","37064","10000",1,0,0,0,0
"H16421","37062","10000",1,0,0,0,0
"H16422","37062","10000",1,0,0,0,0
"H16423","37062","10000",1,0,0,0,0
"H16429","37062","10000",1,0,0,0,0
"H16431","37061","10000",1,0,0,0,0
"H16432","37061","10000",1,0,0,0,0
"H16433","37061","10000",1,0,0,0,0
"H16439","37061","10000",1,0,0,0,0
"H16441","37063","10000",1,0,0,0,0
"H16442","37063","10000",1,0,0,0,0
"H16443","37063","10000",1,0,0,0,0
"H16449","37063","10000",1,0,0,0,0
"H168","3708","10000",1,0,0,0,0
"H169","3709","00000",0,0,0,0,0
"H1700","37104","10000",1,0,0,0,0
"H1701","37104","10000",1,0,0,0,0
"H1702","37104","10000",1,0,0,0,0
"H1703","37104","10000",1,0,0,0,0
"H1710","37103","10000",1,0,0,0,0
"H1711","37103","10000",1,0,0,0,0
"H1712","37103","10000",1,0,0,0,0
"H1713","37103","10000",1,0,0,0,0
"H17811","37101","10000",1,0,0,0,0
"H17812","37101","10000",1,0,0,0,0
"H17813","37101","10000",1,0,0,0,0
"H17819","37101","10000",1,0,0,0,0
"H17821","37102","10000",1,0,0,0,0
"H17822","37102","10000",1,0,0,0,0
"H17823","37102","10000",1,0,0,0,0
"H17829","37102","10000",1,0,0,0,0
"H1789","37100","10000",1,0,0,0,0
"H179","37100","10000",1,0,0,0,0
"H18001","37110","10000",1,0,0,0,0
"H18002","37110","10000",1,0,0,0,0
"H18003","37110","10000",1,0,0,0,0
"H18009","37110","10000",1,0,0,0,0
"H18011","37111","10000",1,0,0,0,0
"H18012","37111","10000",1,0,0,0,0
"H18013","37111","10000",1,0,0,0,0
"H18019","37111","10000",1,0,0,0,0
"H18021","37116","10000",1,0,0,0,0
"H18022","37116","10000",1,0,0,0,0
"H18023","37116","10000",1,0,0,0,0
"H18029","37116","10000",1,0,0,0,0
"H18031","37115","10000",1,0,0,0,0
"H18032","37115","10000",1,0,0,0,0
"H18033","37115","10000",1,0,0,0,0
"H18039","37115","10000",1,0,0,0,0
"H18041","37114","10000",1,0,0,0,0
"H18042","37114","10000",1,0,0,0,0
"H18043","37114","10000",1,0,0,0,0
"H18049","37114","10000",1,0,0,0,0
"H18051","37113","10000",1,0,0,0,0
"H18052","37113","10000",1,0,0,0,0
"H18053","37113","10000",1,0,0,0,0
"H18059","37113","10000",1,0,0,0,0
"H18061","37112","10000",1,0,0,0,0
"H18062","37112","10000",1,0,0,0,0
"H18063","37112","10000",1,0,0,0,0
"H18069","37112","10000",1,0,0,0,0
"H1810","37123","10000",1,0,0,0,0
"H1811","37123","10000",1,0,0,0,0
"H1812","37123","10000",1,0,0,0,0
"H1813","37123","10000",1,0,0,0,0
"H1820","37120","00000",0,0,0,0,0
"H18211","37124","10000",1,0,0,0,0
"H18212","37124","10000",1,0,0,0,0
"H18213","37124","10000",1,0,0,0,0
"H18219","37124","10000",1,0,0,0,0
"H18221","37121","10000",1,0,0,0,0
"H18222","37121","10000",1,0,0,0,0
"H18223","37121","10000",1,0,0,0,0
"H18229","37121","10000",1,0,0,0,0
"H18231","37122","10000",1,0,0,0,0
"H18232","37122","10000",1,0,0,0,0
"H18233","37122","10000",1,0,0,0,0
"H18239","37122","10000",1,0,0,0,0
"H1830","37130","00000",0,0,0,0,0
"H18311","37131","10000",1,0,0,0,0
"H18312","37131","10000",1,0,0,0,0
"H18313","37131","10000",1,0,0,0,0
"H18319","37131","10000",1,0,0,0,0
"H18321","37132","10000",1,0,0,0,0
"H18322","37132","10000",1,0,0,0,0
"H18323","37132","10000",1,0,0,0,0
"H18329","37132","10000",1,0,0,0,0
"H18331","37133","10000",1,0,0,0,0
"H18332","37133","10000",1,0,0,0,0
"H18333","37133","10000",1,0,0,0,0
"H18339","37133","10000",1,0,0,0,0
"H1840","37140","00000",0,0,0,0,0
"H18411","37141","10000",1,0,0,0,0
"H18412","37141","10000",1,0,0,0,0
"H18413","37141","10000",1,0,0,0,0
"H18419","37141","10000",1,0,0,0,0
"H18421","37143","10000",1,0,0,0,0
"H18422","37143","10000",1,0,0,0,0
"H18423","37143","10000",1,0,0,0,0
"H18429","37143","10000",1,0,0,0,0
"H1843","37144","00000",0,0,0,0,0
"H18441","37145","10000",1,0,0,0,0
"H18442","37145","10000",1,0,0,0,0
"H18443","37145","10000",1,0,0,0,0
"H18449","37145","10000",1,0,0,0,0
"H18451","37146","10000",1,0,0,0,0
"H18452","37146","10000",1,0,0,0,0
"H18453","37146","10000",1,0,0,0,0
"H18459","37146","10000",1,0,0,0,0
"H18461","37148","10000",1,0,0,0,0
"H18462","37148","10000",1,0,0,0,0
"H18463","37148","10000",1,0,0,0,0
"H18469","37148","10000",1,0,0,0,0
"H1849","37149","10000",1,0,0,0,0
"H1850","37150","00000",0,0,0,0,0
"H1851","37157","00000",0,0,0,0,0
"H1852","37151","00000",0,0,0,0,0
"H1853","37153","00000",0,0,0,0,0
"H1854","37154","00000",0,0,0,0,0
"H1855","37155","00000",0,0,0,0,0
"H1859","37152","10000",1,0,0,0,0
"H18601","37160","10000",1,0,0,0,0
"H18602","37160","10000",1,0,0,0,0
"H18603","37160","10000",1,0,0,0,0
"H18609","37160","10000",1,0,0,0,0
"H18611","37161","10000",1,0,0,0,0
"H18612","37161","10000",1,0,0,0,0
"H18613","37161","10000",1,0,0,0,0
"H18619","37161","10000",1,0,0,0,0
"H18621","37162","10000",1,0,0,0,0
"H18622","37162","10000",1,0,0,0,0
"H18623","37162","10000",1,0,0,0,0
"H18629","37162","10000",1,0,0,0,0
"H1870","37170","10000",1,0,0,0,0
"H18711","37171","10000",1,0,0,0,0
"H18712","37171","10000",1,0,0,0,0
"H18713","37171","10000",1,0,0,0,0
"H18719","37171","10000",1,0,0,0,0
"H18721","37173","10000",1,0,0,0,0
"H18722","37173","10000",1,0,0,0,0
"H18723","37173","10000",1,0,0,0,0
"H18729","37173","10000",1,0,0,0,0
"H18731","37172","10000",1,0,0,0,0
"H18732","37172","10000",1,0,0,0,0
"H18733","37172","10000",1,0,0,0,0
"H18739","37172","10000",1,0,0,0,0
"H18791","37170","10000",1,0,0,0,0
"H18792","37170","10000",1,0,0,0,0
"H18793","37170","10000",1,0,0,0,0
"H18799","37170","10000",1,0,0,0,0
"H18811","37181","10000",1,0,0,0,0
"H18812","37181","10000",1,0,0,0,0
"H18813","37181","10000",1,0,0,0,0
"H18819","37181","10000",1,0,0,0,0
"H18821","37182","10000",1,0,0,0,0
"H18822","37182","10000",1,0,0,0,0
"H18823","37182","10000",1,0,0,0,0
"H18829","37182","10000",1,0,0,0,0
"H18831","37142","10000",1,0,0,0,0
"H18832","37142","10000",1,0,0,0,0
"H18833","37142","10000",1,0,0,0,0
"H18839","37142","10000",1,0,0,0,0
"H18891","37189","10000",1,0,0,0,0
"H18892","37189","10000",1,0,0,0,0
"H18893","37189","10000",1,0,0,0,0
"H18899","37189","10000",1,0,0,0,0
"H189","3719","00000",0,0,0,0,0
"H2000","36400","00000",0,0,0,0,0
"H20011","36401","10000",1,0,0,0,0
"H20012","36401","10000",1,0,0,0,0
"H20013","36401","10000",1,0,0,0,0
"H20019","36401","10000",1,0,0,0,0
"H20021","36402","10000",1,0,0,0,0
"H20022","36402","10000",1,0,0,0,0
"H20023","36402","10000",1,0,0,0,0
"H20029","36402","10000",1,0,0,0,0
"H20031","36403","10000",1,0,0,0,0
"H20032","36403","10000",1,0,0,0,0
"H20033","36403","10000",1,0,0,0,0
"H20039","36403","10000",1,0,0,0,0
"H20041","36404","10000",1,0,0,0,0
"H20042","36404","10000",1,0,0,0,0
"H20043","36404","10000",1,0,0,0,0
"H20049","36404","10000",1,0,0,0,0
"H20051","36405","10000",1,0,0,0,0
"H20052","36405","10000",1,0,0,0,0
"H20053","36405","10000",1,0,0,0,0
"H20059","36405","10000",1,0,0,0,0
"H2010","36410","10000",1,0,0,0,0
"H2011","36410","10000",1,0,0,0,0
"H2012","36410","10000",1,0,0,0,0
"H2013","36410","10000",1,0,0,0,0
"H2020","36423","10000",1,0,0,0,0
"H2021","36423","10000",1,0,0,0,0
"H2022","36423","10000",1,0,0,0,0
"H2023","36423","10000",1,0,0,0,0
"H20811","36421","10000",1,0,0,0,0
"H20812","36421","10000",1,0,0,0,0
"H20813","36421","10000",1,0,0,0,0
"H20819","36421","10000",1,0,0,0,0
"H20821","36424","10000",1,0,0,0,0
"H20822","36424","10000",1,0,0,0,0
"H20823","36424","10000",1,0,0,0,0
"H20829","36424","10000",1,0,0,0,0
"H209","3643","10000",1,0,0,0,0
"H2100","36441","10000",1,0,0,0,0
"H2101","36441","10000",1,0,0,0,0
"H2102","36441","10000",1,0,0,0,0
"H2103","36441","10000",1,0,0,0,0
"H211X1","36442","10000",1,0,0,0,0
"H211X2","36442","10000",1,0,0,0,0
"H211X3","36442","10000",1,0,0,0,0
"H211X9","36442","10000",1,0,0,0,0
"H21211","36456","10000",1,0,0,0,0
"H21212","36456","10000",1,0,0,0,0
"H21213","36456","10000",1,0,0,0,0
"H21219","36456","10000",1,0,0,0,0
"H21221","36457","10000",1,0,0,0,0
"H21222","36457","10000",1,0,0,0,0
"H21223","36457","10000",1,0,0,0,0
"H21229","36457","10000",1,0,0,0,0
"H21231","36453","10000",1,0,0,0,0
"H21232","36453","10000",1,0,0,0,0
"H21233","36453","10000",1,0,0,0,0
"H21239","36453","10000",1,0,0,0,0
"H21241","36454","10000",1,0,0,0,0
"H21242","36454","10000",1,0,0,0,0
"H21243","36454","10000",1,0,0,0,0
"H21249","36454","10000",1,0,0,0,0
"H21251","36452","10000",1,0,0,0,0
"H21252","36452","10000",1,0,0,0,0
"H21253","36452","10000",1,0,0,0,0
"H21259","36452","10000",1,0,0,0,0
"H21261","36451","10000",1,0,0,0,0
"H21262","36451","10000",1,0,0,0,0
"H21263","36451","10000",1,0,0,0,0
"H21269","36451","10000",1,0,0,0,0
"H21271","36455","10000",1,0,0,0,0
"H21272","36455","10000",1,0,0,0,0
"H21273","36455","10000",1,0,0,0,0
"H21279","36455","10000",1,0,0,0,0
"H2129","36459","00000",0,0,0,0,0
"H21301","36460","10000",1,0,0,0,0
"H21302","36460","10000",1,0,0,0,0
"H21303","36460","10000",1,0,0,0,0
"H21309","36460","10000",1,0,0,0,0
"H21311","36462","10000",1,0,0,0,0
"H21312","36462","10000",1,0,0,0,0
"H21313","36462","10000",1,0,0,0,0
"H21319","36462","10000",1,0,0,0,0
"H21321","36461","10000",1,0,0,0,0
"H21322","36461","10000",1,0,0,0,0
"H21323","36461","10000",1,0,0,0,0
"H21329","36461","10000",1,0,0,0,0
"H21331","36013","10000",1,0,0,0,0
"H21332","36013","10000",1,0,0,0,0
"H21333","36013","10000",1,0,0,0,0
"H21339","36013","10000",1,0,0,0,0
"H21341","36463","10000",1,0,0,0,0
"H21342","36463","10000",1,0,0,0,0
"H21343","36463","10000",1,0,0,0,0
"H21349","36463","10000",1,0,0,0,0
"H21351","36464","10000",1,0,0,0,0
"H21352","36464","10000",1,0,0,0,0
"H21353","36464","10000",1,0,0,0,0
"H21359","36464","10000",1,0,0,0,0
"H2140","36474","10000",1,0,0,0,0
"H2141","36474","10000",1,0,0,0,0
"H2142","36474","10000",1,0,0,0,0
"H2143","36474","10000",1,0,0,0,0
"H21501","36470","10000",1,0,0,0,0
"H21502","36470","10000",1,0,0,0,0
"H21503","36470","10000",1,0,0,0,0
"H21509","36470","10000",1,0,0,0,0
"H21511","36472","10000",1,0,0,0,0
"H21512","36472","10000",1,0,0,0,0
"H21513","36472","10000",1,0,0,0,0
"H21519","36472","10000",1,0,0,0,0
"H21521","36473","10000",1,0,0,0,0
"H21522","36473","10000",1,0,0,0,0
"H21523","36473","10000",1,0,0,0,0
"H21529","36473","10000",1,0,0,0,0
"H21531","36476","10000",1,0,0,0,0
"H21532","36476","10000",1,0,0,0,0
"H21533","36476","10000",1,0,0,0,0
"H21539","36476","10000",1,0,0,0,0
"H21541","36471","10000",1,0,0,0,0
"H21542","36471","10000",1,0,0,0,0
"H21543","36471","10000",1,0,0,0,0
"H21549","36471","10000",1,0,0,0,0
"H21551","36477","10000",1,0,0,0,0
"H21552","36477","10000",1,0,0,0,0
"H21553","36477","10000",1,0,0,0,0
"H21559","36477","10000",1,0,0,0,0
"H21561","36475","10000",1,0,0,0,0
"H21562","36475","10000",1,0,0,0,0
"H21563","36475","10000",1,0,0,0,0
"H21569","36475","10000",1,0,0,0,0
"H2181","36481","00000",0,0,0,0,0
"H2182","36482","00000",0,0,0,0,0
"H2189","36489","10000",1,0,0,0,0
"H219","3649","00000",0,0,0,0,0
"H22","36489","10000",1,0,0,0,0
"H25011","36615","10000",1,0,0,0,0
"H25012","36615","10000",1,0,0,0,0
"H25013","36615","10000",1,0,0,0,0
"H25019","36615","10000",1,0,0,0,0
"H25031","36613","10000",1,0,0,0,0
"H25032","36613","10000",1,0,0,0,0
"H25033","36613","10000",1,0,0,0,0
"H25039","36613","10000",1,0,0,0,0
"H25041","36614","10000",1,0,0,0,0
"H25042","36614","10000",1,0,0,0,0
"H25043","36614","10000",1,0,0,0,0
"H25049","36614","10000",1,0,0,0,0
"H25091","36612","10000",1,0,0,0,0
"H25092","36612","10000",1,0,0,0,0
"H25093","36612","10000",1,0,0,0,0
"H25099","36612","10000",1,0,0,0,0
"H2510","36616","10000",1,0,0,0,0
"H2511","36616","10000",1,0,0,0,0
"H2512","36616","10000",1,0,0,0,0
"H2513","36616","10000",1,0,0,0,0
"H2520","36618","10000",1,0,0,0,0
"H2521","36618","10000",1,0,0,0,0
"H2522","36618","10000",1,0,0,0,0
"H2523","36618","10000",1,0,0,0,0
"H25811","36619","10000",1,0,0,0,0
"H25812","36619","10000",1,0,0,0,0
"H25813","36619","10000",1,0,0,0,0
"H25819","36619","10000",1,0,0,0,0
"H2589","36619","10000",1,0,0,0,0
"H259","36610","00000",0,0,0,0,0
"H26001","36600","10000",1,0,0,0,0
"H26002","36600","10000",1,0,0,0,0
"H26003","36600","10000",1,0,0,0,0
"H26009","36600","10000",1,0,0,0,0
"H26011","36603","10000",1,0,0,0,0
"H26012","36603","10000",1,0,0,0,0
"H26013","36603","10000",1,0,0,0,0
"H26019","36603","10000",1,0,0,0,0
"H26031","36604","10000",1,0,0,0,0
"H26032","36604","10000",1,0,0,0,0
"H26033","36604","10000",1,0,0,0,0
"H26039","36604","10000",1,0,0,0,0
"H26041","36601","10000",1,0,0,0,0
"H26042","36601","10000",1,0,0,0,0
"H26043","36601","10000",1,0,0,0,0
"H26049","36601","10000",1,0,0,0,0
"H26051","36602","10000",1,0,0,0,0
"H26052","36602","10000",1,0,0,0,0
"H26053","36602","10000",1,0,0,0,0
"H26059","36602","10000",1,0,0,0,0
"H26061","36609","10000",1,0,0,0,0
"H26062","36609","10000",1,0,0,0,0
"H26063","36609","10000",1,0,0,0,0
"H26069","36609","10000",1,0,0,0,0
"H2609","36609","10000",1,0,0,0,0
"H26101","36620","10000",1,0,0,0,0
"H26102","36620","10000",1,0,0,0,0
"H26103","36620","10000",1,0,0,0,0
"H26109","36620","10000",1,0,0,0,0
"H26111","36621","10000",1,0,0,0,0
"H26112","36621","10000",1,0,0,0,0
"H26113","36621","10000",1,0,0,0,0
"H26119","36621","10000",1,0,0,0,0
"H26121","36623","10000",1,0,0,0,0
"H26122","36623","10000",1,0,0,0,0
"H26123","36623","10000",1,0,0,0,0
"H26129","36623","10000",1,0,0,0,0
"H26131","36622","10000",1,0,0,0,0
"H26132","36622","10000",1,0,0,0,0
"H26133","36622","10000",1,0,0,0,0
"H26139","36622","10000",1,0,0,0,0
"H2620","36630","00000",0,0,0,0,0
"H26211","36633","10000",1,0,0,0,0
"H26212","36633","10000",1,0,0,0,0
"H26213","36633","10000",1,0,0,0,0
"H26219","36633","10000",1,0,0,0,0
"H26221","36632","10000",1,0,0,0,0
"H26221","36634","10000",1,0,0,0,0
"H26222","36632","10000",1,0,0,0,0
"H26222","36634","10000",1,0,0,0,0
"H26223","36632","10000",1,0,0,0,0
"H26223","36634","10000",1,0,0,0,0
"H26229","36632","10000",1,0,0,0,0
"H26229","36634","10000",1,0,0,0,0
"H26231","36631","10000",1,0,0,0,0
"H26232","36631","10000",1,0,0,0,0
"H26233","36631","10000",1,0,0,0,0
"H26239","36631","10000",1,0,0,0,0
"H2630","36645","10000",1,0,0,0,0
"H2631","36645","10000",1,0,0,0,0
"H2632","36645","10000",1,0,0,0,0
"H2633","36645","10000",1,0,0,0,0
"H2640","36650","00000",0,0,0,0,0
"H26411","36651","10000",1,0,0,0,0
"H26412","36651","10000",1,0,0,0,0
"H26413","36651","10000",1,0,0,0,0
"H26419","36651","10000",1,0,0,0,0
"H26491","36652","10000",1,0,0,0,0
"H26491","36653","10000",1,0,0,0,0
"H26492","36652","10000",1,0,0,0,0
"H26492","36653","10000",1,0,0,0,0
"H26493","36652","10000",1,0,0,0,0
"H26493","36653","10000",1,0,0,0,0
"H26499","36652","10000",1,0,0,0,0
"H26499","36653","10000",1,0,0,0,0
"H268","36646","10000",1,0,0,0,0
"H268","3668","10000",1,0,0,0,0
"H269","3669","00000",0,0,0,0,0
"H2700","37931","10000",1,0,0,0,0
"H2701","37931","10000",1,0,0,0,0
"H2702","37931","10000",1,0,0,0,0
"H2703","37931","10000",1,0,0,0,0
"H2710","37932","10000",1,0,0,0,0
"H27111","37932","10000",1,0,0,0,0
"H27112","37932","10000",1,0,0,0,0
"H27113","37932","10000",1,0,0,0,0
"H27119","37932","10000",1,0,0,0,0
"H27121","37933","10000",1,0,0,0,0
"H27122","37933","10000",1,0,0,0,0
"H27123","37933","10000",1,0,0,0,0
"H27129","37933","10000",1,0,0,0,0
"H27131","37934","10000",1,0,0,0,0
"H27132","37934","10000",1,0,0,0,0
"H27133","37934","10000",1,0,0,0,0
"H27139","37934","10000",1,0,0,0,0
"H278","37939","10000",1,0,0,0,0
"H279","37939","10000",1,0,0,0,0
"H28","36644","10000",1,0,0,0,0
"H30001","36300","10000",1,0,0,0,0
"H30002","36300","10000",1,0,0,0,0
"H30003","36300","10000",1,0,0,0,0
"H30009","36300","10000",1,0,0,0,0
"H30011","36301","10000",1,0,0,0,0
"H30011","36305","10000",1,0,0,0,0
"H30012","36301","10000",1,0,0,0,0
"H30012","36305","10000",1,0,0,0,0
"H30013","36301","10000",1,0,0,0,0
"H30013","36305","10000",1,0,0,0,0
"H30019","36301","10000",1,0,0,0,0
"H30019","36305","10000",1,0,0,0,0
"H30021","36303","10000",1,0,0,0,0
"H30021","36307","10000",1,0,0,0,0
"H30022","36303","10000",1,0,0,0,0
"H30022","36307","10000",1,0,0,0,0
"H30023","36303","10000",1,0,0,0,0
"H30023","36307","10000",1,0,0,0,0
"H30029","36303","10000",1,0,0,0,0
"H30029","36307","10000",1,0,0,0,0
"H30031","36304","10000",1,0,0,0,0
"H30031","36308","10000",1,0,0,0,0
"H30032","36304","10000",1,0,0,0,0
"H30032","36308","10000",1,0,0,0,0
"H30033","36304","10000",1,0,0,0,0
"H30033","36308","10000",1,0,0,0,0
"H30039","36304","10000",1,0,0,0,0
"H30039","36308","10000",1,0,0,0,0
"H30041","36306","10000",1,0,0,0,0
"H30042","36306","10000",1,0,0,0,0
"H30043","36306","10000",1,0,0,0,0
"H30049","36306","10000",1,0,0,0,0
"H30101","36310","10000",1,0,0,0,0
"H30101","36314","10000",1,0,0,0,0
"H30102","36310","10000",1,0,0,0,0
"H30102","36314","10000",1,0,0,0,0
"H30103","36310","10000",1,0,0,0,0
"H30103","36314","10000",1,0,0,0,0
"H30109","36310","10000",1,0,0,0,0
"H30109","36314","10000",1,0,0,0,0
"H30111","36311","10000",1,0,0,0,0
"H30112","36311","10000",1,0,0,0,0
"H30113","36311","10000",1,0,0,0,0
"H30119","36311","10000",1,0,0,0,0
"H30121","36312","10000",1,0,0,0,0
"H30122","36312","10000",1,0,0,0,0
"H30123","36312","10000",1,0,0,0,0
"H30129","36312","10000",1,0,0,0,0
"H30131","36313","10000",1,0,0,0,0
"H30132","36313","10000",1,0,0,0,0
"H30133","36313","10000",1,0,0,0,0
"H30139","36313","10000",1,0,0,0,0
"H30141","36315","10000",1,0,0,0,0
"H30142","36315","10000",1,0,0,0,0
"H30143","36315","10000",1,0,0,0,0
"H30149","36315","10000",1,0,0,0,0
"H3020","36321","10000",1,0,0,0,0
"H3021","36321","10000",1,0,0,0,0
"H3022","36321","10000",1,0,0,0,0
"H3023","36321","10000",1,0,0,0,0
"H30811","36322","10000",1,0,0,0,0
"H30812","36322","10000",1,0,0,0,0
"H30813","36322","10000",1,0,0,0,0
"H30819","36322","10000",1,0,0,0,0
"H30891","36320","10000",1,0,0,0,0
"H30892","36320","10000",1,0,0,0,0
"H30893","36320","10000",1,0,0,0,0
"H30899","36320","10000",1,0,0,0,0
"H3090","36320","10000",1,0,0,0,0
"H3091","36320","10000",1,0,0,0,0
"H3092","36320","10000",1,0,0,0,0
"H3093","36320","10000",1,0,0,0,0
"H31001","36330","10000",1,0,0,0,0
"H31002","36330","10000",1,0,0,0,0
"H31003","36330","10000",1,0,0,0,0
"H31009","36330","10000",1,0,0,0,0
"H31011","36332","10000",1,0,0,0,0
"H31011","36333","10000",1,0,0,0,0
"H31012","36332","10000",1,0,0,0,0
"H31012","36333","10000",1,0,0,0,0
"H31013","36332","10000",1,0,0,0,0
"H31013","36333","10000",1,0,0,0,0
"H31019","36332","10000",1,0,0,0,0
"H31019","36333","10000",1,0,0,0,0
"H31021","36331","10000",1,0,0,0,0
"H31022","36331","10000",1,0,0,0,0
"H31023","36331","10000",1,0,0,0,0
"H31029","36331","10000",1,0,0,0,0
"H31091","36334","10000",1,0,0,0,0
"H31091","36335","10000",1,0,0,0,0
"H31092","36334","10000",1,0,0,0,0
"H31092","36335","10000",1,0,0,0,0
"H31093","36334","10000",1,0,0,0,0
"H31093","36335","10000",1,0,0,0,0
"H31099","36334","10000",1,0,0,0,0
"H31099","36335","10000",1,0,0,0,0
"H31101","36277","10000",1,0,0,0,0
"H31101","36340","10000",1,0,0,0,0
"H31102","36277","10000",1,0,0,0,0
"H31102","36340","10000",1,0,0,0,0
"H31103","36277","10000",1,0,0,0,0
"H31103","36340","10000",1,0,0,0,0
"H31109","36277","10000",1,0,0,0,0
"H31109","36340","10000",1,0,0,0,0
"H31111","36277","10000",1,0,0,0,0
"H31111","36341","10000",1,0,0,0,0
"H31112","36277","10000",1,0,0,0,0
"H31112","36341","10000",1,0,0,0,0
"H31113","36277","10000",1,0,0,0,0
"H31113","36341","10000",1,0,0,0,0
"H31119","36277","10000",1,0,0,0,0
"H31119","36341","10000",1,0,0,0,0
"H31121","36277","10000",1,0,0,0,0
"H31121","36342","10000",1,0,0,0,0
"H31122","36277","10000",1,0,0,0,0
"H31122","36342","10000",1,0,0,0,0
"H31123","36277","10000",1,0,0,0,0
"H31123","36342","10000",1,0,0,0,0
"H31129","36277","10000",1,0,0,0,0
"H31129","36342","10000",1,0,0,0,0
"H3120","36350","00000",0,0,0,0,0
"H3121","36355","00000",0,0,0,0,0
"H3122","36353","10000",1,0,0,0,0
"H3122","36354","10000",1,0,0,0,0
"H3123","36357","00000",0,0,0,0,0
"H3129","36356","10000",1,0,0,0,0
"H31301","36361","10000",1,0,0,0,0
"H31302","36361","10000",1,0,0,0,0
"H31303","36361","10000",1,0,0,0,0
"H31309","36361","10000",1,0,0,0,0
"H31311","36362","10000",1,0,0,0,0
"H31312","36362","10000",1,0,0,0,0
"H31313","36362","10000",1,0,0,0,0
"H31319","36362","10000",1,0,0,0,0
"H31321","36363","10000",1,0,0,0,0
"H31322","36363","10000",1,0,0,0,0
"H31323","36363","10000",1,0,0,0,0
"H31329","36363","10000",1,0,0,0,0
"H31401","36370","10000",1,0,0,0,0
"H31402","36370","10000",1,0,0,0,0
"H31403","36370","10000",1,0,0,0,0
"H31409","36370","10000",1,0,0,0,0
"H31411","36372","10000",1,0,0,0,0
"H31412","36372","10000",1,0,0,0,0
"H31413","36372","10000",1,0,0,0,0
"H31419","36372","10000",1,0,0,0,0
"H31421","36371","10000",1,0,0,0,0
"H31422","36371","10000",1,0,0,0,0
"H31423","36371","10000",1,0,0,0,0
"H31429","36371","10000",1,0,0,0,0
"H318","3638","10000",1,0,0,0,0
"H319","3639","00000",0,0,0,0,0
"H32","3638","10000",1,0,0,0,0
"H33001","36100","10000",1,0,0,0,0
"H33002","36100","10000",1,0,0,0,0
"H33003","36100","10000",1,0,0,0,0
"H33009","36100","10000",1,0,0,0,0
"H33011","36101","10000",1,0,0,0,0
"H33012","36101","10000",1,0,0,0,0
"H33013","36101","10000",1,0,0,0,0
"H33019","36101","10000",1,0,0,0,0
"H33021","36102","10000",1,0,0,0,0
"H33022","36102","10000",1,0,0,0,0
"H33023","36102","10000",1,0,0,0,0
"H33029","36102","10000",1,0,0,0,0
"H33031","36103","10000",1,0,0,0,0
"H33032","36103","10000",1,0,0,0,0
"H33033","36103","10000",1,0,0,0,0
"H33039","36103","10000",1,0,0,0,0
"H33041","36104","10000",1,0,0,0,0
"H33042","36104","10000",1,0,0,0,0
"H33043","36104","10000",1,0,0,0,0
"H33049","36104","10000",1,0,0,0,0
"H33051","36105","10000",1,0,0,0,0
"H33051","36107","10000",1,0,0,0,0
"H33052","36105","10000",1,0,0,0,0
"H33052","36107","10000",1,0,0,0,0
"H33053","36105","10000",1,0,0,0,0
"H33053","36107","10000",1,0,0,0,0
"H33059","36105","10000",1,0,0,0,0
"H33059","36107","10000",1,0,0,0,0
"H33101","36110","10000",1,0,0,0,0
"H33102","36110","10000",1,0,0,0,0
"H33103","36110","10000",1,0,0,0,0
"H33109","36110","10000",1,0,0,0,0
"H33111","36119","10000",1,0,0,0,0
"H33112","36119","10000",1,0,0,0,0
"H33113","36119","10000",1,0,0,0,0
"H33119","36119","10000",1,0,0,0,0
"H33121","36013","10000",1,0,0,0,0
"H33122","36013","10000",1,0,0,0,0
"H33123","36013","10000",1,0,0,0,0
"H33129","36013","10000",1,0,0,0,0
"H33191","36110","10000",1,0,0,0,0
"H33191","36111","10000",1,0,0,0,0
"H33191","36112","10000",1,0,0,0,0
"H33191","36113","10000",1,0,0,0,0
"H33191","36114","10000",1,0,0,0,0
"H33191","36119","10000",1,0,0,0,0
"H33192","36110","10000",1,0,0,0,0
"H33192","36111","10000",1,0,0,0,0
"H33192","36112","10000",1,0,0,0,0
"H33192","36113","10000",1,0,0,0,0
"H33192","36114","10000",1,0,0,0,0
"H33192","36119","10000",1,0,0,0,0
"H33193","36110","10000",1,0,0,0,0
"H33193","36111","10000",1,0,0,0,0
"H33193","36112","10000",1,0,0,0,0
"H33193","36113","10000",1,0,0,0,0
"H33193","36114","10000",1,0,0,0,0
"H33193","36119","10000",1,0,0,0,0
"H33199","36119","10000",1,0,0,0,0
"H3320","3612","10000",1,0,0,0,0
"H3321","3612","10000",1,0,0,0,0
"H3322","3612","10000",1,0,0,0,0
"H3323","3612","10000",1,0,0,0,0
"H33301","36130","10000",1,0,0,0,0
"H33302","36130","10000",1,0,0,0,0
"H33303","36130","10000",1,0,0,0,0
"H33309","36130","10000",1,0,0,0,0
"H33311","36132","10000",1,0,0,0,0
"H33312","36132","10000",1,0,0,0,0
"H33313","36132","10000",1,0,0,0,0
"H33319","36132","10000",1,0,0,0,0
"H33321","36131","10000",1,0,0,0,0
"H33322","36131","10000",1,0,0,0,0
"H33323","36131","10000",1,0,0,0,0
"H33329","36131","10000",1,0,0,0,0
"H33331","36133","10000",1,0,0,0,0
"H33332","36133","10000",1,0,0,0,0
"H33333","36133","10000",1,0,0,0,0
"H33339","36133","10000",1,0,0,0,0
"H3340","36181","10000",1,0,0,0,0
"H3341","36181","10000",1,0,0,0,0
"H3342","36181","10000",1,0,0,0,0
"H3343","36181","10000",1,0,0,0,0
"H338","36189","10000",1,0,0,0,0
"H3400","36234","10000",1,0,0,0,0
"H3401","36234","10000",1,0,0,0,0
"H3402","36234","10000",1,0,0,0,0
"H3403","36234","10000",1,0,0,0,0
"H3410","36231","10000",1,0,0,0,0
"H3411","36231","10000",1,0,0,0,0
"H3412","36231","10000",1,0,0,0,0
"H3413","36231","10000",1,0,0,0,0
"H34211","36233","10000",1,0,0,0,0
"H34212","36233","10000",1,0,0,0,0
"H34213","36233","10000",1,0,0,0,0
"H34219","36233","10000",1,0,0,0,0
"H34231","36232","10000",1,0,0,0,0
"H34232","36232","10000",1,0,0,0,0
"H34233","36232","10000",1,0,0,0,0
"H34239","36232","10000",1,0,0,0,0
"H34811","36235","10000",1,0,0,0,0
"H34812","36235","10000",1,0,0,0,0
"H34813","36235","10000",1,0,0,0,0
"H34819","36235","10000",1,0,0,0,0
"H34821","36237","10000",1,0,0,0,0
"H34822","36237","10000",1,0,0,0,0
"H34823","36237","10000",1,0,0,0,0
"H34829","36237","10000",1,0,0,0,0
"H34831","36236","10000",1,0,0,0,0
"H34832","36236","10000",1,0,0,0,0
"H34833","36236","10000",1,0,0,0,0
"H34839","36236","10000",1,0,0,0,0
"H349","36230","00000",0,0,0,0,0
"H3500","36210","00000",0,0,0,0,0
"H35011","36213","10000",1,0,0,0,0
"H35012","36213","10000",1,0,0,0,0
"H35013","36213","10000",1,0,0,0,0
"H35019","36213","10000",1,0,0,0,0
"H35021","36212","10000",1,0,0,0,0
"H35022","36212","10000",1,0,0,0,0
"H35023","36212","10000",1,0,0,0,0
"H35029","36212","10000",1,0,0,0,0
"H35031","36211","10000",1,0,0,0,0
"H35032","36211","10000",1,0,0,0,0
"H35033","36211","10000",1,0,0,0,0
"H35039","36211","10000",1,0,0,0,0
"H35041","36214","10000",1,0,0,0,0
"H35042","36214","10000",1,0,0,0,0
"H35043","36214","10000",1,0,0,0,0
"H35049","36214","10000",1,0,0,0,0
"H35051","36216","10000",1,0,0,0,0
"H35052","36216","10000",1,0,0,0,0
"H35053","36216","10000",1,0,0,0,0
"H35059","36216","10000",1,0,0,0,0
"H35061","36218","10000",1,0,0,0,0
"H35062","36218","10000",1,0,0,0,0
"H35063","36218","10000",1,0,0,0,0
"H35069","36218","10000",1,0,0,0,0
"H35071","36215","10000",1,0,0,0,0
"H35072","36215","10000",1,0,0,0,0
"H35073","36215","10000",1,0,0,0,0
"H35079","36215","10000",1,0,0,0,0
"H3509","36217","00000",0,0,0,0,0
"H35101","36220","10000",1,0,0,0,0
"H35102","36220","10000",1,0,0,0,0
"H35103","36220","10000",1,0,0,0,0
"H35109","36220","10000",1,0,0,0,0
"H35111","36222","10000",1,0,0,0,0
"H35112","36222","10000",1,0,0,0,0
"H35113","36222","10000",1,0,0,0,0
"H35119","36222","10000",1,0,0,0,0
"H35121","36223","10000",1,0,0,0,0
"H35122","36223","10000",1,0,0,0,0
"H35123","36223","10000",1,0,0,0,0
"H35129","36223","10000",1,0,0,0,0
"H35131","36224","10000",1,0,0,0,0
"H35132","36224","10000",1,0,0,0,0
"H35133","36224","10000",1,0,0,0,0
"H35139","36224","10000",1,0,0,0,0
"H35141","36225","10000",1,0,0,0,0
"H35142","36225","10000",1,0,0,0,0
"H35143","36225","10000",1,0,0,0,0
"H35149","36225","10000",1,0,0,0,0
"H35151","36226","10000",1,0,0,0,0
"H35152","36226","10000",1,0,0,0,0
"H35153","36226","10000",1,0,0,0,0
"H35159","36226","10000",1,0,0,0,0
"H35161","36227","10000",1,0,0,0,0
"H35162","36227","10000",1,0,0,0,0
"H35163","36227","10000",1,0,0,0,0
"H35169","36227","10000",1,0,0,0,0
"H35171","36221","10000",1,0,0,0,0
"H35172","36221","10000",1,0,0,0,0
"H35173","36221","10000",1,0,0,0,0
"H35179","36221","10000",1,0,0,0,0
"H3520","36229","10000",1,0,0,0,0
"H3521","36229","10000",1,0,0,0,0
"H3522","36229","10000",1,0,0,0,0
"H3523","36229","10000",1,0,0,0,0
"H3530","36250","00000",0,0,0,0,0
"H3531","36251","00000",0,0,0,0,0
"H3532","36252","00000",0,0,0,0,0
"H3533","36343","00000",0,0,0,0,0
"H35341","36254","10000",1,0,0,0,0
"H35342","36254","10000",1,0,0,0,0
"H35343","36254","10000",1,0,0,0,0
"H35349","36254","10000",1,0,0,0,0
"H35351","36253","10000",1,0,0,0,0
"H35352","36253","10000",1,0,0,0,0
"H35353","36253","10000",1,0,0,0,0
"H35359","36253","10000",1,0,0,0,0
"H35361","36257","10000",1,0,0,0,0
"H35362","36257","10000",1,0,0,0,0
"H35363","36257","10000",1,0,0,0,0
"H35369","36257","10000",1,0,0,0,0
"H35371","36256","10000",1,0,0,0,0
"H35372","36256","10000",1,0,0,0,0
"H35373","36256","10000",1,0,0,0,0
"H35379","36256","10000",1,0,0,0,0
"H35381","36255","10000",1,0,0,0,0
"H35382","36255","10000",1,0,0,0,0
"H35383","36255","10000",1,0,0,0,0
"H35389","36255","10000",1,0,0,0,0
"H3540","36260","00000",0,0,0,0,0
"H35411","36263","10000",1,0,0,0,0
"H35412","36263","10000",1,0,0,0,0
"H35413","36263","10000",1,0,0,0,0
"H35419","36263","10000",1,0,0,0,0
"H35421","36262","10000",1,0,0,0,0
"H35422","36262","10000",1,0,0,0,0
"H35423","36262","10000",1,0,0,0,0
"H35429","36262","10000",1,0,0,0,0
"H35431","36261","10000",1,0,0,0,0
"H35432","36261","10000",1,0,0,0,0
"H35433","36261","10000",1,0,0,0,0
"H35439","36261","10000",1,0,0,0,0
"H35441","36264","10000",1,0,0,0,0
"H35442","36264","10000",1,0,0,0,0
"H35443","36264","10000",1,0,0,0,0
"H35449","36264","10000",1,0,0,0,0
"H35451","36265","10000",1,0,0,0,0
"H35452","36265","10000",1,0,0,0,0
"H35453","36265","10000",1,0,0,0,0
"H35459","36265","10000",1,0,0,0,0
"H35461","36266","10000",1,0,0,0,0
"H35462","36266","10000",1,0,0,0,0
"H35463","36266","10000",1,0,0,0,0
"H35469","36266","10000",1,0,0,0,0
"H3550","36270","00000",0,0,0,0,0
"H3551","36273","00000",0,0,0,0,0
"H3552","36274","00000",0,0,0,0,0
"H3553","36275","00000",0,0,0,0,0
"H3554","36276","00000",0,0,0,0,0
"H3560","36281","10000",1,0,0,0,0
"H3561","36281","10000",1,0,0,0,0
"H3562","36281","10000",1,0,0,0,0
"H3563","36281","10000",1,0,0,0,0
"H3570","36240","00000",0,0,0,0,0
"H35711","36241","10000",1,0,0,0,0
"H35712","36241","10000",1,0,0,0,0
"H35713","36241","10000",1,0,0,0,0
"H35719","36241","10000",1,0,0,0,0
"H35721","36242","10000",1,0,0,0,0
"H35722","36242","10000",1,0,0,0,0
"H35723","36242","10000",1,0,0,0,0
"H35729","36242","10000",1,0,0,0,0
"H35731","36243","10000",1,0,0,0,0
"H35732","36243","10000",1,0,0,0,0
"H35733","36243","10000",1,0,0,0,0
"H35739","36243","10000",1,0,0,0,0
"H3581","36283","00000",0,0,0,0,0
"H3582","36284","00000",0,0,0,0,0
"H3589","36282","10000",1,0,0,0,0
"H3589","36285","10000",1,0,0,0,0
"H3589","36289","10000",1,0,0,0,0
"H359","3629","00000",0,0,0,0,0
"H36","36271","10000",1,0,0,0,0
"H36","36272","10000",1,0,0,0,0
"H40001","36500","10000",1,0,0,0,0
"H40002","36500","10000",1,0,0,0,0
"H40003","36500","10000",1,0,0,0,0
"H40009","36500","10000",1,0,0,0,0
"H40011","36501","10000",1,0,0,0,0
"H40012","36501","10000",1,0,0,0,0
"H40013","36501","10000",1,0,0,0,0
"H40019","36501","10000",1,0,0,0,0
"H40021","36505","10000",1,0,0,0,0
"H40022","36505","10000",1,0,0,0,0
"H40023","36505","10000",1,0,0,0,0
"H40029","36505","10000",1,0,0,0,0
"H40031","36502","10000",1,0,0,0,0
"H40032","36502","10000",1,0,0,0,0
"H40033","36502","10000",1,0,0,0,0
"H40039","36502","10000",1,0,0,0,0
"H40041","36503","10000",1,0,0,0,0
"H40042","36503","10000",1,0,0,0,0
"H40043","36503","10000",1,0,0,0,0
"H40049","36503","10000",1,0,0,0,0
"H40051","36504","10000",1,0,0,0,0
"H40052","36504","10000",1,0,0,0,0
"H40053","36504","10000",1,0,0,0,0
"H40059","36504","10000",1,0,0,0,0
"H40061","36506","10000",1,0,0,0,0
"H40062","36506","10000",1,0,0,0,0
"H40063","36506","10000",1,0,0,0,0
"H40069","36506","10000",1,0,0,0,0
"H4010X0","36510","10000",1,0,0,0,0
"H4010X1","36510","10000",1,0,0,0,0
"H4010X2","36510","10000",1,0,0,0,0
"H4010X3","36510","10000",1,0,0,0,0
"H4010X4","36510","10000",1,0,0,0,0
"H4011X0","36511","10000",1,0,0,0,0
"H4011X1","36511","10000",1,0,0,0,0
"H4011X2","36511","10000",1,0,0,0,0
"H4011X3","36511","10000",1,0,0,0,0
"H4011X4","36511","10000",1,0,0,0,0
"H401210","36512","10111",1,0,1,1,1
"H401210","36570","10112",1,0,1,1,2
"H401211","36512","10111",1,0,1,1,1
"H401211","36571","10112",1,0,1,1,2
"H401212","36512","10111",1,0,1,1,1
"H401212","36572","10112",1,0,1,1,2
"H401213","36512","10111",1,0,1,1,1
"H401213","36573","10112",1,0,1,1,2
"H401214","36512","10111",1,0,1,1,1
"H401214","36574","10112",1,0,1,1,2
"H401220","36512","10111",1,0,1,1,1
"H401220","36570","10112",1,0,1,1,2
"H401221","36512","10111",1,0,1,1,1
"H401221","36571","10112",1,0,1,1,2
"H401222","36512","10111",1,0,1,1,1
"H401222","36572","10112",1,0,1,1,2
"H401223","36512","10111",1,0,1,1,1
"H401223","36573","10112",1,0,1,1,2
"H401224","36512","10111",1,0,1,1,1
"H401224","36574","10112",1,0,1,1,2
"H401230","36512","10111",1,0,1,1,1
"H401230","36570","10112",1,0,1,1,2
"H401231","36512","10111",1,0,1,1,1
"H401231","36571","10112",1,0,1,1,2
"H401232","36512","10111",1,0,1,1,1
"H401232","36572","10112",1,0,1,1,2
"H401233","36512","10111",1,0,1,1,1
"H401233","36573","10112",1,0,1,1,2
"H401234","36512","10111",1,0,1,1,1
"H401234","36574","10112",1,0,1,1,2
"H401290","36512","10111",1,0,1,1,1
"H401290","36570","10112",1,0,1,1,2
"H401291","36512","10111",1,0,1,1,1
"H401291","36571","10112",1,0,1,1,2
"H401292","36512","10111",1,0,1,1,1
"H401292","36572","10112",1,0,1,1,2
"H401293","36512","10111",1,0,1,1,1
"H401293","36573","10112",1,0,1,1,2
"H401294","36512","10111",1,0,1,1,1
"H401294","36574","10112",1,0,1,1,2
"H401310","36513","10111",1,0,1,1,1
"H401310","36570","10112",1,0,1,1,2
"H401311","36513","10111",1,0,1,1,1
"H401311","36571","10112",1,0,1,1,2
"H401312","36513","10111",1,0,1,1,1
"H401312","36572","10112",1,0,1,1,2
"H401313","36513","10111",1,0,1,1,1
"H401313","36573","10112",1,0,1,1,2
"H401314","36513","10111",1,0,1,1,1
"H401314","36574","10112",1,0,1,1,2
"H401320","36513","10111",1,0,1,1,1
"H401320","36570","10112",1,0,1,1,2
"H401321","36513","10111",1,0,1,1,1
"H401321","36571","10112",1,0,1,1,2
"H401322","36513","10111",1,0,1,1,1
"H401322","36572","10112",1,0,1,1,2
"H401323","36513","10111",1,0,1,1,1
"H401323","36573","10112",1,0,1,1,2
"H401324","36513","10111",1,0,1,1,1
"H401324","36574","10112",1,0,1,1,2
"H401330","36513","10111",1,0,1,1,1
"H401330","36570","10112",1,0,1,1,2
"H401331","36513","10111",1,0,1,1,1
"H401331","36571","10112",1,0,1,1,2
"H401332","36513","10111",1,0,1,1,1
"H401332","36572","10112",1,0,1,1,2
"H401333","36513","10111",1,0,1,1,1
"H401333","36573","10112",1,0,1,1,2
"H401334","36513","10111",1,0,1,1,1
"H401334","36574","10112",1,0,1,1,2
"H401390","36513","10111",1,0,1,1,1
"H401390","36570","10112",1,0,1,1,2
"H401391","36513","10111",1,0,1,1,1
"H401391","36571","10112",1,0,1,1,2
"H401392","36513","10111",1,0,1,1,1
"H401392","36572","10112",1,0,1,1,2
"H401393","36513","10111",1,0,1,1,1
"H401393","36573","10112",1,0,1,1,2
"H401394","36513","10111",1,0,1,1,1
"H401394","36574","10112",1,0,1,1,2
"H401410","36552","10111",1,0,1,1,1
"H401410","36570","10112",1,0,1,1,2
"H401411","36552","10111",1,0,1,1,1
"H401411","36571","10112",1,0,1,1,2
"H401412","36552","10111",1,0,1,1,1
"H401412","36572","10112",1,0,1,1,2
"H401413","36552","10111",1,0,1,1,1
"H401413","36573","10112",1,0,1,1,2
"H401414","36552","10111",1,0,1,1,1
"H401414","36574","10112",1,0,1,1,2
"H401420","36552","10111",1,0,1,1,1
"H401420","36570","10112",1,0,1,1,2
"H401421","36552","10111",1,0,1,1,1
"H401421","36571","10112",1,0,1,1,2
"H401422","36552","10111",1,0,1,1,1
"H401422","36572","10112",1,0,1,1,2
"H401423","36552","10111",1,0,1,1,1
"H401423","36573","10112",1,0,1,1,2
"H401424","36552","10111",1,0,1,1,1
"H401424","36574","10112",1,0,1,1,2
"H401430","36552","10111",1,0,1,1,1
"H401430","36570","10112",1,0,1,1,2
"H401431","36552","10111",1,0,1,1,1
"H401431","36571","10112",1,0,1,1,2
"H401432","36552","10111",1,0,1,1,1
"H401432","36572","10112",1,0,1,1,2
"H401433","36552","10111",1,0,1,1,1
"H401433","36573","10112",1,0,1,1,2
"H401434","36552","10111",1,0,1,1,1
"H401434","36574","10112",1,0,1,1,2
"H401490","36552","10111",1,0,1,1,1
"H401490","36570","10112",1,0,1,1,2
"H401491","36552","10111",1,0,1,1,1
"H401491","36571","10112",1,0,1,1,2
"H401492","36552","10111",1,0,1,1,1
"H401492","36572","10112",1,0,1,1,2
"H401493","36552","10111",1,0,1,1,1
"H401493","36573","10112",1,0,1,1,2
"H401494","36552","10111",1,0,1,1,1
"H401494","36574","10112",1,0,1,1,2
"H40151","36515","10000",1,0,0,0,0
"H40152","36515","10000",1,0,0,0,0
"H40153","36515","10000",1,0,0,0,0
"H40159","36515","10000",1,0,0,0,0
"H4020X0","36520","10000",1,0,0,0,0
"H4020X1","36520","10000",1,0,0,0,0
"H4020X2","36520","10000",1,0,0,0,0
"H4020X3","36520","10000",1,0,0,0,0
"H4020X4","36520","10000",1,0,0,0,0
"H40211","36522","10000",1,0,0,0,0
"H40212","36522","10000",1,0,0,0,0
"H40213","36522","10000",1,0,0,0,0
"H40219","36522","10000",1,0,0,0,0
"H402210","36523","10000",1,0,0,0,0
"H402211","36523","10000",1,0,0,0,0
"H402212","36523","10000",1,0,0,0,0
"H402213","36523","10000",1,0,0,0,0
"H402214","36523","10000",1,0,0,0,0
"H402220","36523","10000",1,0,0,0,0
"H402221","36523","10000",1,0,0,0,0
"H402222","36523","10000",1,0,0,0,0
"H402223","36523","10000",1,0,0,0,0
"H402224","36523","10000",1,0,0,0,0
"H402230","36523","10000",1,0,0,0,0
"H402231","36523","10000",1,0,0,0,0
"H402232","36523","10000",1,0,0,0,0
"H402233","36523","10000",1,0,0,0,0
"H402234","36523","10000",1,0,0,0,0
"H402290","36523","10000",1,0,0,0,0
"H402291","36523","10000",1,0,0,0,0
"H402292","36523","10000",1,0,0,0,0
"H402293","36523","10000",1,0,0,0,0
"H402294","36523","10000",1,0,0,0,0
"H40231","36521","10000",1,0,0,0,0
"H40232","36521","10000",1,0,0,0,0
"H40233","36521","10000",1,0,0,0,0
"H40239","36521","10000",1,0,0,0,0
"H40241","36524","10000",1,0,0,0,0
"H40242","36524","10000",1,0,0,0,0
"H40243","36524","10000",1,0,0,0,0
"H40249","36524","10000",1,0,0,0,0
"H4030X0","36565","10000",1,0,0,0,0
"H4030X1","36565","10000",1,0,0,0,0
"H4030X2","36565","10000",1,0,0,0,0
"H4030X3","36565","10000",1,0,0,0,0
"H4030X4","36565","10000",1,0,0,0,0
"H4031X0","36565","10000",1,0,0,0,0
"H4031X1","36565","10000",1,0,0,0,0
"H4031X2","36565","10000",1,0,0,0,0
"H4031X3","36565","10000",1,0,0,0,0
"H4031X4","36565","10000",1,0,0,0,0
"H4032X0","36565","10000",1,0,0,0,0
"H4032X1","36565","10000",1,0,0,0,0
"H4032X2","36565","10000",1,0,0,0,0
"H4032X3","36565","10000",1,0,0,0,0
"H4032X4","36565","10000",1,0,0,0,0
"H4033X0","36565","10000",1,0,0,0,0
"H4033X1","36565","10000",1,0,0,0,0
"H4033X2","36565","10000",1,0,0,0,0
"H4033X3","36565","10000",1,0,0,0,0
"H4033X4","36565","10000",1,0,0,0,0
"H4040X0","36562","10000",1,0,0,0,0
"H4040X1","36562","10000",1,0,0,0,0
"H4040X2","36562","10000",1,0,0,0,0
"H4040X3","36562","10000",1,0,0,0,0
"H4040X4","36562","10000",1,0,0,0,0
"H4041X0","36562","10000",1,0,0,0,0
"H4041X1","36562","10000",1,0,0,0,0
"H4041X2","36562","10000",1,0,0,0,0
"H4041X3","36562","10000",1,0,0,0,0
"H4041X4","36562","10000",1,0,0,0,0
"H4042X0","36562","10000",1,0,0,0,0
"H4042X1","36562","10000",1,0,0,0,0
"H4042X2","36562","10000",1,0,0,0,0
"H4042X3","36562","10000",1,0,0,0,0
"H4042X4","36562","10000",1,0,0,0,0
"H4043X0","36562","10000",1,0,0,0,0
"H4043X1","36562","10000",1,0,0,0,0
"H4043X2","36562","10000",1,0,0,0,0
"H4043X3","36562","10000",1,0,0,0,0
"H4043X4","36562","10000",1,0,0,0,0
"H4050X0","36559","10000",1,0,0,0,0
"H4050X0","36560","10000",1,0,0,0,0
"H4050X0","36561","10000",1,0,0,0,0
"H4050X0","36564","10000",1,0,0,0,0
"H4050X1","36559","10000",1,0,0,0,0
"H4050X1","36560","10000",1,0,0,0,0
"H4050X1","36561","10000",1,0,0,0,0
"H4050X1","36564","10000",1,0,0,0,0
"H4050X2","36559","10000",1,0,0,0,0
"H4050X2","36560","10000",1,0,0,0,0
"H4050X2","36561","10000",1,0,0,0,0
"H4050X2","36564","10000",1,0,0,0,0
"H4050X3","36559","10000",1,0,0,0,0
"H4050X3","36560","10000",1,0,0,0,0
"H4050X3","36561","10000",1,0,0,0,0
"H4050X3","36564","10000",1,0,0,0,0
"H4050X4","36559","10000",1,0,0,0,0
"H4050X4","36560","10000",1,0,0,0,0
"H4050X4","36561","10000",1,0,0,0,0
"H4050X4","36564","10000",1,0,0,0,0
"H4051X0","36559","10000",1,0,0,0,0
"H4051X0","36560","10000",1,0,0,0,0
"H4051X0","36561","10000",1,0,0,0,0
"H4051X0","36564","10000",1,0,0,0,0
"H4051X1","36559","10000",1,0,0,0,0
"H4051X1","36560","10000",1,0,0,0,0
"H4051X1","36561","10000",1,0,0,0,0
"H4051X1","36564","10000",1,0,0,0,0
"H4051X2","36559","10000",1,0,0,0,0
"H4051X2","36560","10000",1,0,0,0,0
"H4051X2","36561","10000",1,0,0,0,0
"H4051X2","36564","10000",1,0,0,0,0
"H4051X3","36559","10000",1,0,0,0,0
"H4051X3","36560","10000",1,0,0,0,0
"H4051X3","36561","10000",1,0,0,0,0
"H4051X3","36564","10000",1,0,0,0,0
"H4051X4","36559","10000",1,0,0,0,0
"H4051X4","36560","10000",1,0,0,0,0
"H4051X4","36561","10000",1,0,0,0,0
"H4051X4","36564","10000",1,0,0,0,0
"H4052X0","36559","10000",1,0,0,0,0
"H4052X0","36560","10000",1,0,0,0,0
"H4052X0","36561","10000",1,0,0,0,0
"H4052X0","36564","10000",1,0,0,0,0
"H4052X1","36559","10000",1,0,0,0,0
"H4052X1","36560","10000",1,0,0,0,0
"H4052X1","36561","10000",1,0,0,0,0
"H4052X1","36564","10000",1,0,0,0,0
"H4052X2","36559","10000",1,0,0,0,0
"H4052X2","36560","10000",1,0,0,0,0
"H4052X2","36561","10000",1,0,0,0,0
"H4052X2","36564","10000",1,0,0,0,0
"H4052X3","36559","10000",1,0,0,0,0
"H4052X3","36560","10000",1,0,0,0,0
"H4052X3","36561","10000",1,0,0,0,0
"H4052X3","36564","10000",1,0,0,0,0
"H4052X4","36559","10000",1,0,0,0,0
"H4052X4","36560","10000",1,0,0,0,0
"H4052X4","36561","10000",1,0,0,0,0
"H4052X4","36564","10000",1,0,0,0,0
"H4053X0","36559","10000",1,0,0,0,0
"H4053X0","36560","10000",1,0,0,0,0
"H4053X0","36561","10000",1,0,0,0,0
"H4053X0","36564","10000",1,0,0,0,0
"H4053X1","36559","10000",1,0,0,0,0
"H4053X1","36560","10000",1,0,0,0,0
"H4053X1","36561","10000",1,0,0,0,0
"H4053X1","36564","10000",1,0,0,0,0
"H4053X2","36559","10000",1,0,0,0,0
"H4053X2","36560","10000",1,0,0,0,0
"H4053X2","36561","10000",1,0,0,0,0
"H4053X2","36564","10000",1,0,0,0,0
"H4053X3","36559","10000",1,0,0,0,0
"H4053X3","36560","10000",1,0,0,0,0
"H4053X3","36561","10000",1,0,0,0,0
"H4053X3","36564","10000",1,0,0,0,0
"H4053X4","36559","10000",1,0,0,0,0
"H4053X4","36560","10000",1,0,0,0,0
"H4053X4","36561","10000",1,0,0,0,0
"H4053X4","36564","10000",1,0,0,0,0
"H4060X0","36531","10000",1,0,0,0,0
"H4060X0","36532","10000",1,0,0,0,0
"H4060X1","36531","10000",1,0,0,0,0
"H4060X1","36532","10000",1,0,0,0,0
"H4060X2","36531","10000",1,0,0,0,0
"H4060X2","36532","10000",1,0,0,0,0
"H4060X3","36531","10000",1,0,0,0,0
"H4060X3","36532","10000",1,0,0,0,0
"H4060X4","36531","10000",1,0,0,0,0
"H4060X4","36532","10000",1,0,0,0,0
"H4061X0","36531","10000",1,0,0,0,0
"H4061X0","36532","10000",1,0,0,0,0
"H4061X1","36531","10000",1,0,0,0,0
"H4061X1","36532","10000",1,0,0,0,0
"H4061X2","36531","10000",1,0,0,0,0
"H4061X2","36532","10000",1,0,0,0,0
"H4061X3","36531","10000",1,0,0,0,0
"H4061X3","36532","10000",1,0,0,0,0
"H4061X4","36531","10000",1,0,0,0,0
"H4061X4","36532","10000",1,0,0,0,0
"H4062X0","36531","10000",1,0,0,0,0
"H4062X0","36532","10000",1,0,0,0,0
"H4062X1","36531","10000",1,0,0,0,0
"H4062X1","36532","10000",1,0,0,0,0
"H4062X2","36531","10000",1,0,0,0,0
"H4062X2","36532","10000",1,0,0,0,0
"H4062X3","36531","10000",1,0,0,0,0
"H4062X3","36532","10000",1,0,0,0,0
"H4062X4","36531","10000",1,0,0,0,0
"H4062X4","36532","10000",1,0,0,0,0
"H4063X0","36531","10000",1,0,0,0,0
"H4063X0","36532","10000",1,0,0,0,0
"H4063X1","36531","10000",1,0,0,0,0
"H4063X1","36532","10000",1,0,0,0,0
"H4063X2","36531","10000",1,0,0,0,0
"H4063X2","36532","10000",1,0,0,0,0
"H4063X3","36531","10000",1,0,0,0,0
"H4063X3","36532","10000",1,0,0,0,0
"H4063X4","36531","10000",1,0,0,0,0
"H4063X4","36532","10000",1,0,0,0,0
"H40811","36582","10000",1,0,0,0,0
"H40812","36582","10000",1,0,0,0,0
"H40813","36582","10000",1,0,0,0,0
"H40819","36582","10000",1,0,0,0,0
"H40821","36581","10000",1,0,0,0,0
"H40822","36581","10000",1,0,0,0,0
"H40823","36581","10000",1,0,0,0,0
"H40829","36581","10000",1,0,0,0,0
"H40831","36583","10000",1,0,0,0,0
"H40832","36583","10000",1,0,0,0,0
"H40833","36583","10000",1,0,0,0,0
"H40839","36583","10000",1,0,0,0,0
"H4089","36589","10000",1,0,0,0,0
"H409","3659","00000",0,0,0,0,0
"H42","36544","10000",1,0,0,0,0
"H4300","37926","10000",1,0,0,0,0
"H4301","37926","10000",1,0,0,0,0
"H4302","37926","10000",1,0,0,0,0
"H4303","37926","10000",1,0,0,0,0
"H4310","37923","10000",1,0,0,0,0
"H4311","37923","10000",1,0,0,0,0
"H4312","37923","10000",1,0,0,0,0
"H4313","37923","10000",1,0,0,0,0
"H4320","37922","10000",1,0,0,0,0
"H4321","37922","10000",1,0,0,0,0
"H4322","37922","10000",1,0,0,0,0
"H4323","37922","10000",1,0,0,0,0
"H43311","37925","10000",1,0,0,0,0
"H43312","37925","10000",1,0,0,0,0
"H43313","37925","10000",1,0,0,0,0
"H43319","37925","10000",1,0,0,0,0
"H43391","37924","10000",1,0,0,0,0
"H43392","37924","10000",1,0,0,0,0
"H43393","37924","10000",1,0,0,0,0
"H43399","37924","10000",1,0,0,0,0
"H43811","37921","10000",1,0,0,0,0
"H43812","37921","10000",1,0,0,0,0
"H43813","37921","10000",1,0,0,0,0
"H43819","37921","10000",1,0,0,0,0
"H43821","37927","10000",1,0,0,0,0
"H43822","37927","10000",1,0,0,0,0
"H43823","37927","10000",1,0,0,0,0
"H43829","37927","10000",1,0,0,0,0
"H4389","37929","10000",1,0,0,0,0
"H439","37929","10000",1,0,0,0,0
"H44001","36000","10000",1,0,0,0,0
"H44001","36001","10000",1,0,0,0,0
"H44001","36003","10000",1,0,0,0,0
"H44002","36000","10000",1,0,0,0,0
"H44002","36001","10000",1,0,0,0,0
"H44002","36003","10000",1,0,0,0,0
"H44003","36000","10000",1,0,0,0,0
"H44003","36001","10000",1,0,0,0,0
"H44003","36003","10000",1,0,0,0,0
"H44009","36000","10000",1,0,0,0,0
"H44009","36001","10000",1,0,0,0,0
"H44009","36003","10000",1,0,0,0,0
"H44011","36002","10000",1,0,0,0,0
"H44012","36002","10000",1,0,0,0,0
"H44013","36002","10000",1,0,0,0,0
"H44019","36002","10000",1,0,0,0,0
"H44021","36004","10000",1,0,0,0,0
"H44022","36004","10000",1,0,0,0,0
"H44023","36004","10000",1,0,0,0,0
"H44029","36004","10000",1,0,0,0,0
"H44111","36012","10000",1,0,0,0,0
"H44112","36012","10000",1,0,0,0,0
"H44113","36012","10000",1,0,0,0,0
"H44119","36012","10000",1,0,0,0,0
"H44121","36013","10000",1,0,0,0,0
"H44122","36013","10000",1,0,0,0,0
"H44123","36013","10000",1,0,0,0,0
"H44129","36013","10000",1,0,0,0,0
"H44131","36011","10000",1,0,0,0,0
"H44132","36011","10000",1,0,0,0,0
"H44133","36011","10000",1,0,0,0,0
"H44139","36011","10000",1,0,0,0,0
"H4419","36019","00000",0,0,0,0,0
"H4420","36021","10000",1,0,0,0,0
"H4421","36021","10000",1,0,0,0,0
"H4422","36021","10000",1,0,0,0,0
"H4423","36021","10000",1,0,0,0,0
"H4430","36020","00000",0,0,0,0,0
"H44311","36024","10000",1,0,0,0,0
"H44312","36024","10000",1,0,0,0,0
"H44313","36024","10000",1,0,0,0,0
"H44319","36024","10000",1,0,0,0,0
"H44321","36023","10000",1,0,0,0,0
"H44322","36023","10000",1,0,0,0,0
"H44323","36023","10000",1,0,0,0,0
"H44329","36023","10000",1,0,0,0,0
"H44391","36029","10000",1,0,0,0,0
"H44392","36029","10000",1,0,0,0,0
"H44393","36029","10000",1,0,0,0,0
"H44399","36029","10000",1,0,0,0,0
"H4440","36030","00000",0,0,0,0,0
"H44411","36034","10000",1,0,0,0,0
"H44412","36034","10000",1,0,0,0,0
"H44413","36034","10000",1,0,0,0,0
"H44419","36034","10000",1,0,0,0,0
"H44421","36032","10000",1,0,0,0,0
"H44422","36032","10000",1,0,0,0,0
"H44423","36032","10000",1,0,0,0,0
"H44429","36032","10000",1,0,0,0,0
"H44431","36033","10000",1,0,0,0,0
"H44432","36033","10000",1,0,0,0,0
"H44433","36033","10000",1,0,0,0,0
"H44439","36033","10000",1,0,0,0,0
"H44441","36031","10000",1,0,0,0,0
"H44442","36031","10000",1,0,0,0,0
"H44443","36031","10000",1,0,0,0,0
"H44449","36031","10000",1,0,0,0,0
"H4450","36040","00000",0,0,0,0,0
"H44511","36042","10000",1,0,0,0,0
"H44512","36042","10000",1,0,0,0,0
"H44513","36042","10000",1,0,0,0,0
"H44519","36042","10000",1,0,0,0,0
"H44521","36041","10000",1,0,0,0,0
"H44522","36041","10000",1,0,0,0,0
"H44523","36041","10000",1,0,0,0,0
"H44529","36041","10000",1,0,0,0,0
"H44531","36044","10000",1,0,0,0,0
"H44532","36044","10000",1,0,0,0,0
"H44533","36044","10000",1,0,0,0,0
"H44539","36044","10000",1,0,0,0,0
"H44601","36050","10000",1,0,0,0,0
"H44602","36050","10000",1,0,0,0,0
"H44603","36050","10000",1,0,0,0,0
"H44609","36050","10000",1,0,0,0,0
"H44611","36051","10000",1,0,0,0,0
"H44612","36051","10000",1,0,0,0,0
"H44613","36051","10000",1,0,0,0,0
"H44619","36051","10000",1,0,0,0,0
"H44621","36052","10000",1,0,0,0,0
"H44622","36052","10000",1,0,0,0,0
"H44623","36052","10000",1,0,0,0,0
"H44629","36052","10000",1,0,0,0,0
"H44631","36053","10000",1,0,0,0,0
"H44632","36053","10000",1,0,0,0,0
"H44633","36053","10000",1,0,0,0,0
"H44639","36053","10000",1,0,0,0,0
"H44641","36055","10000",1,0,0,0,0
"H44642","36055","10000",1,0,0,0,0
"H44643","36055","10000",1,0,0,0,0
"H44649","36055","10000",1,0,0,0,0
"H44651","36054","10000",1,0,0,0,0
"H44652","36054","10000",1,0,0,0,0
"H44653","36054","10000",1,0,0,0,0
"H44659","36054","10000",1,0,0,0,0
"H44691","36059","10000",1,0,0,0,0
"H44692","36059","10000",1,0,0,0,0
"H44693","36059","10000",1,0,0,0,0
"H44699","36059","10000",1,0,0,0,0
"H44701","36060","10000",1,0,0,0,0
"H44702","36060","10000",1,0,0,0,0
"H44703","36060","10000",1,0,0,0,0
"H44709","36060","10000",1,0,0,0,0
"H44711","36061","10000",1,0,0,0,0
"H44712","36061","10000",1,0,0,0,0
"H44713","36061","10000",1,0,0,0,0
"H44719","36061","10000",1,0,0,0,0
"H44721","36062","10000",1,0,0,0,0
"H44722","36062","10000",1,0,0,0,0
"H44723","36062","10000",1,0,0,0,0
"H44729","36062","10000",1,0,0,0,0
"H44731","36063","10000",1,0,0,0,0
"H44732","36063","10000",1,0,0,0,0
"H44733","36063","10000",1,0,0,0,0
"H44739","36063","10000",1,0,0,0,0
"H44741","36065","10000",1,0,0,0,0
"H44742","36065","10000",1,0,0,0,0
"H44743","36065","10000",1,0,0,0,0
"H44749","36065","10000",1,0,0,0,0
"H44751","36064","10000",1,0,0,0,0
"H44752","36064","10000",1,0,0,0,0
"H44753","36064","10000",1,0,0,0,0
"H44759","36064","10000",1,0,0,0,0
"H44791","36069","10000",1,0,0,0,0
"H44792","36069","10000",1,0,0,0,0
"H44793","36069","10000",1,0,0,0,0
"H44799","36069","10000",1,0,0,0,0
"H44811","36043","10000",1,0,0,0,0
"H44812","36043","10000",1,0,0,0,0
"H44813","36043","10000",1,0,0,0,0
"H44819","36043","10000",1,0,0,0,0
"H44821","36081","10000",1,0,0,0,0
"H44822","36081","10000",1,0,0,0,0
"H44823","36081","10000",1,0,0,0,0
"H44829","36081","10000",1,0,0,0,0
"H4489","36089","00000",0,0,0,0,0
"H449","3609","00000",0,0,0,0,0
"H4600","37731","10000",1,0,0,0,0
"H4601","37731","10000",1,0,0,0,0
"H4602","37731","10000",1,0,0,0,0
"H4603","37731","10000",1,0,0,0,0
"H4610","37732","10000",1,0,0,0,0
"H4611","37732","10000",1,0,0,0,0
"H4612","37732","10000",1,0,0,0,0
"H4613","37732","10000",1,0,0,0,0
"H462","37733","00000",0,0,0,0,0
"H463","37734","00000",0,0,0,0,0
"H468","37739","00000",0,0,0,0,0
"H469","37730","00000",0,0,0,0,0
"H47011","37741","10000",1,0,0,0,0
"H47012","37741","10000",1,0,0,0,0
"H47013","37741","10000",1,0,0,0,0
"H47019","37741","10000",1,0,0,0,0
"H47021","37742","10000",1,0,0,0,0
"H47022","37742","10000",1,0,0,0,0
"H47023","37742","10000",1,0,0,0,0
"H47029","37742","10000",1,0,0,0,0
"H47031","37743","10000",1,0,0,0,0
"H47032","37743","10000",1,0,0,0,0
"H47033","37743","10000",1,0,0,0,0
"H47039","37743","10000",1,0,0,0,0
"H47091","37749","10000",1,0,0,0,0
"H47092","37749","10000",1,0,0,0,0
"H47093","37749","10000",1,0,0,0,0
"H47099","37749","10000",1,0,0,0,0
"H4710","37700","00000",0,0,0,0,0
"H4711","37701","00000",0,0,0,0,0
"H4712","37702","00000",0,0,0,0,0
"H4713","37703","00000",0,0,0,0,0
"H47141","37704","10000",1,0,0,0,0
"H47142","37704","10000",1,0,0,0,0
"H47143","37704","10000",1,0,0,0,0
"H47149","37704","10000",1,0,0,0,0
"H4720","37710","00000",0,0,0,0,0
"H47211","37711","10000",1,0,0,0,0
"H47212","37711","10000",1,0,0,0,0
"H47213","37711","10000",1,0,0,0,0
"H47219","37711","10000",1,0,0,0,0
"H4722","37716","00000",0,0,0,0,0
"H47231","37714","10000",1,0,0,0,0
"H47232","37714","10000",1,0,0,0,0
"H47233","37714","10000",1,0,0,0,0
"H47239","37714","10000",1,0,0,0,0
"H47291","37712","10000",1,0,0,0,0
"H47291","37713","10000",1,0,0,0,0
"H47291","37715","10000",1,0,0,0,0
"H47292","37712","10000",1,0,0,0,0
"H47292","37713","10000",1,0,0,0,0
"H47292","37715","10000",1,0,0,0,0
"H47293","37712","10000",1,0,0,0,0
"H47293","37713","10000",1,0,0,0,0
"H47293","37715","10000",1,0,0,0,0
"H47299","37712","10000",1,0,0,0,0
"H47299","37713","10000",1,0,0,0,0
"H47299","37715","10000",1,0,0,0,0
"H47311","37723","10000",1,0,0,0,0
"H47312","37723","10000",1,0,0,0,0
"H47313","37723","10000",1,0,0,0,0
"H47319","37723","10000",1,0,0,0,0
"H47321","37721","10000",1,0,0,0,0
"H47322","37721","10000",1,0,0,0,0
"H47323","37721","10000",1,0,0,0,0
"H47329","37721","10000",1,0,0,0,0
"H47331","37724","10000",1,0,0,0,0
"H47332","37724","10000",1,0,0,0,0
"H47333","37724","10000",1,0,0,0,0
"H47339","37724","10000",1,0,0,0,0
"H47391","37722","10000",1,0,0,0,0
"H47392","37722","10000",1,0,0,0,0
"H47393","37722","10000",1,0,0,0,0
"H47399","37722","10000",1,0,0,0,0
"H4741","37754","00000",0,0,0,0,0
"H4742","37752","10000",1,0,0,0,0
"H4743","37753","00000",0,0,0,0,0
"H4749","37751","10000",1,0,0,0,0
"H47511","37763","10000",1,0,0,0,0
"H47512","37763","10000",1,0,0,0,0
"H47519","37763","10000",1,0,0,0,0
"H47521","37761","10000",1,0,0,0,0
"H47522","37761","10000",1,0,0,0,0
"H47529","37761","10000",1,0,0,0,0
"H47531","37762","10000",1,0,0,0,0
"H47532","37762","10000",1,0,0,0,0
"H47539","37762","10000",1,0,0,0,0
"H47611","37775","10000",1,0,0,0,0
"H47612","37775","10000",1,0,0,0,0
"H47619","37775","10000",1,0,0,0,0
"H47621","37773","10000",1,0,0,0,0
"H47622","37773","10000",1,0,0,0,0
"H47629","37773","10000",1,0,0,0,0
"H47631","37771","10000",1,0,0,0,0
"H47632","37771","10000",1,0,0,0,0
"H47639","37771","10000",1,0,0,0,0
"H47641","37772","10000",1,0,0,0,0
"H47642","37772","10000",1,0,0,0,0
"H47649","37772","10000",1,0,0,0,0
"H479","3779","10000",1,0,0,0,0
"H4900","37851","10000",1,0,0,0,0
"H4900","37852","10000",1,0,0,0,0
"H4901","37851","10000",1,0,0,0,0
"H4901","37852","10000",1,0,0,0,0
"H4902","37851","10000",1,0,0,0,0
"H4902","37852","10000",1,0,0,0,0
"H4903","37851","10000",1,0,0,0,0
"H4903","37852","10000",1,0,0,0,0
"H4910","37853","10000",1,0,0,0,0
"H4911","37853","10000",1,0,0,0,0
"H4912","37853","10000",1,0,0,0,0
"H4913","37853","10000",1,0,0,0,0
"H4920","37854","10000",1,0,0,0,0
"H4921","37854","10000",1,0,0,0,0
"H4922","37854","10000",1,0,0,0,0
"H4923","37854","10000",1,0,0,0,0
"H4930","37856","10000",1,0,0,0,0
"H4931","37856","10000",1,0,0,0,0
"H4932","37856","10000",1,0,0,0,0
"H4933","37856","10000",1,0,0,0,0
"H4940","37855","10000",1,0,0,0,0
"H4941","37855","10000",1,0,0,0,0
"H4942","37855","10000",1,0,0,0,0
"H4943","37855","10000",1,0,0,0,0
"H49811","27787","10000",1,0,0,0,0
"H49812","27787","10000",1,0,0,0,0
"H49813","27787","10000",1,0,0,0,0
"H49819","27787","10000",1,0,0,0,0
"H49881","37850","10000",1,0,0,0,0
"H49882","37850","10000",1,0,0,0,0
"H49883","37850","10000",1,0,0,0,0
"H49889","37850","10000",1,0,0,0,0
"H499","37850","10000",1,0,0,0,0
"H5000","37800","00000",0,0,0,0,0
"H50011","37801","10000",1,0,0,0,0
"H50012","37801","10000",1,0,0,0,0
"H50021","37802","10000",1,0,0,0,0
"H50022","37802","10000",1,0,0,0,0
"H50031","37803","10000",1,0,0,0,0
"H50032","37803","10000",1,0,0,0,0
"H50041","37804","10000",1,0,0,0,0
"H50042","37804","10000",1,0,0,0,0
"H5005","37805","00000",0,0,0,0,0
"H5006","37806","00000",0,0,0,0,0
"H5007","37807","00000",0,0,0,0,0
"H5008","37808","00000",0,0,0,0,0
"H5010","37810","00000",0,0,0,0,0
"H50111","37811","10000",1,0,0,0,0
"H50112","37811","10000",1,0,0,0,0
"H50121","37812","10000",1,0,0,0,0
"H50122","37812","10000",1,0,0,0,0
"H50131","37813","10000",1,0,0,0,0
"H50132","37813","10000",1,0,0,0,0
"H50141","37814","10000",1,0,0,0,0
"H50142","37814","10000",1,0,0,0,0
"H5015","37815","00000",0,0,0,0,0
"H5016","37816","00000",0,0,0,0,0
"H5017","37817","00000",0,0,0,0,0
"H5018","37818","00000",0,0,0,0,0
"H5021","37831","10000",1,0,0,0,0
"H5022","37831","10000",1,0,0,0,0
"H5030","37820","00000",0,0,0,0,0
"H50311","37821","10000",1,0,0,0,0
"H50312","37821","10000",1,0,0,0,0
"H5032","37822","00000",0,0,0,0,0
"H50331","37823","10000",1,0,0,0,0
"H50332","37823","10000",1,0,0,0,0
"H5034","37824","00000",0,0,0,0,0
"H5040","37830","00000",0,0,0,0,0
"H50411","37833","10000",1,0,0,0,0
"H50412","37833","10000",1,0,0,0,0
"H5042","37834","00000",0,0,0,0,0
"H5043","37835","00000",0,0,0,0,0
"H5050","37840","00000",0,0,0,0,0
"H5051","37841","00000",0,0,0,0,0
"H5052","37842","00000",0,0,0,0,0
"H5053","37843","00000",0,0,0,0,0
"H5054","37844","00000",0,0,0,0,0
"H5055","37845","00000",0,0,0,0,0
"H5060","37860","00000",0,0,0,0,0
"H50611","37861","10000",1,0,0,0,0
"H50612","37861","10000",1,0,0,0,0
"H5069","37862","10000",1,0,0,0,0
"H5069","37863","10000",1,0,0,0,0
"H50811","37871","10000",1,0,0,0,0
"H50812","37871","10000",1,0,0,0,0
"H5089","37873","10000",1,0,0,0,0
"H509","3789","10000",1,0,0,0,0
"H510","37881","10000",1,0,0,0,0
"H510","37882","10000",1,0,0,0,0
"H5111","37883","00000",0,0,0,0,0
"H5112","37884","00000",0,0,0,0,0
"H5120","37886","10000",1,0,0,0,0
"H5121","37886","10000",1,0,0,0,0
"H5122","37886","10000",1,0,0,0,0
"H5123","37886","10000",1,0,0,0,0
"H518","37885","10000",1,0,0,0,0
"H518","37887","10000",1,0,0,0,0
"H519","3789","10000",1,0,0,0,0
"H5200","3670","10000",1,0,0,0,0
"H5201","3670","10000",1,0,0,0,0
"H5202","3670","10000",1,0,0,0,0
"H5203","3670","10000",1,0,0,0,0
"H5210","3671","10000",1,0,0,0,0
"H5211","3671","10000",1,0,0,0,0
"H5212","3671","10000",1,0,0,0,0
"H5213","3671","10000",1,0,0,0,0
"H52201","36720","10000",1,0,0,0,0
"H52202","36720","10000",1,0,0,0,0
"H52203","36720","10000",1,0,0,0,0
"H52209","36720","10000",1,0,0,0,0
"H52211","36722","10000",1,0,0,0,0
"H52212","36722","10000",1,0,0,0,0
"H52213","36722","10000",1,0,0,0,0
"H52219","36722","10000",1,0,0,0,0
"H52221","36721","10000",1,0,0,0,0
"H52222","36721","10000",1,0,0,0,0
"H52223","36721","10000",1,0,0,0,0
"H52229","36721","10000",1,0,0,0,0
"H5231","36731","00000",0,0,0,0,0
"H5232","36732","00000",0,0,0,0,0
"H524","3674","00000",0,0,0,0,0
"H52511","36752","10000",1,0,0,0,0
"H52512","36752","10000",1,0,0,0,0
"H52513","36752","10000",1,0,0,0,0
"H52519","36752","10000",1,0,0,0,0
"H52521","36751","10000",1,0,0,0,0
"H52522","36751","10000",1,0,0,0,0
"H52523","36751","10000",1,0,0,0,0
"H52529","36751","10000",1,0,0,0,0
"H52531","36753","10000",1,0,0,0,0
"H52532","36753","10000",1,0,0,0,0
"H52533","36753","10000",1,0,0,0,0
"H52539","36753","10000",1,0,0,0,0
"H526","36789","10000",1,0,0,0,0
"H527","3679","00000",0,0,0,0,0
"H53001","36800","10000",1,0,0,0,0
"H53002","36800","10000",1,0,0,0,0
"H53003","36800","10000",1,0,0,0,0
"H53009","36800","10000",1,0,0,0,0
"H53011","36802","10000",1,0,0,0,0
"H53012","36802","10000",1,0,0,0,0
"H53013","36802","10000",1,0,0,0,0
"H53019","36802","10000",1,0,0,0,0
"H53021","36803","10000",1,0,0,0,0
"H53022","36803","10000",1,0,0,0,0
"H53023","36803","10000",1,0,0,0,0
"H53029","36803","10000",1,0,0,0,0
"H53031","36801","10000",1,0,0,0,0
"H53032","36801","10000",1,0,0,0,0
"H53033","36801","10000",1,0,0,0,0
"H53039","36801","10000",1,0,0,0,0
"H5310","36810","10000",1,0,0,0,0
"H5311","36810","10000",1,0,0,0,0
"H53121","36812","10000",1,0,0,0,0
"H53122","36812","10000",1,0,0,0,0
"H53123","36812","10000",1,0,0,0,0
"H53129","36812","10000",1,0,0,0,0
"H53131","36811","10000",1,0,0,0,0
"H53132","36811","10000",1,0,0,0,0
"H53133","36811","10000",1,0,0,0,0
"H53139","36811","10000",1,0,0,0,0
"H53141","36813","10000",1,0,0,0,0
"H53142","36813","10000",1,0,0,0,0
"H53143","36813","10000",1,0,0,0,0
"H53149","36813","10000",1,0,0,0,0
"H5315","36814","00000",0,0,0,0,0
"H5316","36816","10000",1,0,0,0,0
"H5319","36815","10000",1,0,0,0,0
"H532","3682","00000",0,0,0,0,0
"H5330","36830","00000",0,0,0,0,0
"H5331","36834","00000",0,0,0,0,0
"H5332","36833","00000",0,0,0,0,0
"H5333","36832","00000",0,0,0,0,0
"H5334","36831","00000",0,0,0,0,0
"H5340","36840","00000",0,0,0,0,0
"H53411","36841","10000",1,0,0,0,0
"H53412","36841","10000",1,0,0,0,0
"H53413","36841","10000",1,0,0,0,0
"H53419","36841","10000",1,0,0,0,0
"H53421","36842","10000",1,0,0,0,0
"H53422","36842","10000",1,0,0,0,0
"H53423","36842","10000",1,0,0,0,0
"H53429","36842","10000",1,0,0,0,0
"H53431","36843","10000",1,0,0,0,0
"H53432","36843","10000",1,0,0,0,0
"H53433","36843","10000",1,0,0,0,0
"H53439","36843","10000",1,0,0,0,0
"H53451","36844","10000",1,0,0,0,0
"H53452","36844","10000",1,0,0,0,0
"H53453","36844","10000",1,0,0,0,0
"H53459","36844","10000",1,0,0,0,0
"H53461","36846","10000",1,0,0,0,0
"H53462","36846","10000",1,0,0,0,0
"H53469","36846","10000",1,0,0,0,0
"H5347","36847","00000",0,0,0,0,0
"H53481","36845","10000",1,0,0,0,0
"H53482","36845","10000",1,0,0,0,0
"H53483","36845","10000",1,0,0,0,0
"H53489","36845","10000",1,0,0,0,0
"H5350","36859","10000",1,0,0,0,0
"H5351","36854","00000",0,0,0,0,0
"H5352","36855","00000",0,0,0,0,0
"H5353","36852","00000",0,0,0,0,0
"H5354","36851","00000",0,0,0,0,0
"H5355","36853","00000",0,0,0,0,0
"H5359","36859","10000",1,0,0,0,0
"H5360","36860","00000",0,0,0,0,0
"H5361","36863","00000",0,0,0,0,0
"H5362","36862","00000",0,0,0,0,0
"H5363","36861","00000",0,0,0,0,0
"H5369","36869","00000",0,0,0,0,0
"H5371","3688","10000",1,0,0,0,0
"H5372","3688","10000",1,0,0,0,0
"H538","3688","10000",1,0,0,0,0
"H539","3689","00000",0,0,0,0,0
"H540","36900","10000",1,0,0,0,0
"H540","36901","10000",1,0,0,0,0
"H5410","36910","10000",1,0,0,0,0
"H5411","36910","10000",1,0,0,0,0
"H5412","36910","10000",1,0,0,0,0
"H542","36920","10000",1,0,0,0,0
"H542","36925","10000",1,0,0,0,0
"H543","3693","00000",0,0,0,0,0
"H5440","36960","10000",1,0,0,0,0
"H5440","36971","10000",1,0,0,0,0
"H5441","36963","10000",1,0,0,0,0
"H5441","36966","10000",1,0,0,0,0
"H5441","36969","10000",1,0,0,0,0
"H5442","36963","10000",1,0,0,0,0
"H5442","36966","10000",1,0,0,0,0
"H5442","36969","10000",1,0,0,0,0
"H5450","36970","10000",1,0,0,0,0
"H5451","36970","10000",1,0,0,0,0
"H5452","36970","10000",1,0,0,0,0
"H5460","3698","10000",1,0,0,0,0
"H5461","3698","10000",1,0,0,0,0
"H5462","3698","10000",1,0,0,0,0
"H547","3699","10000",1,0,0,0,0
"H547","V410","10000",1,0,0,0,0
"H548","3694","10000",1,0,0,0,0
"H5500","37950","00000",0,0,0,0,0
"H5501","37951","00000",0,0,0,0,0
"H5502","37952","00000",0,0,0,0,0
"H5503","37953","00000",0,0,0,0,0
"H5504","37955","00000",0,0,0,0,0
"H5509","37956","10000",1,0,0,0,0
"H5581","37957","00000",0,0,0,0,0
"H5589","37959","10000",1,0,0,0,0
"H5700","37940","10000",1,0,0,0,0
"H5701","37945","00000",0,0,0,0,0
"H5702","37941","00000",0,0,0,0,0
"H5703","37942","00000",0,0,0,0,0
"H5704","37943","00000",0,0,0,0,0
"H57051","37946","10000",1,0,0,0,0
"H57052","37946","10000",1,0,0,0,0
"H57053","37946","10000",1,0,0,0,0
"H57059","37946","10000",1,0,0,0,0
"H5709","37949","00000",0,0,0,0,0
"H5710","37991","10000",1,0,0,0,0
"H5711","37991","10000",1,0,0,0,0
"H5712","37991","10000",1,0,0,0,0
"H5713","37991","10000",1,0,0,0,0
"H578","3798","10000",1,0,0,0,0
"H579","37940","10000",1,0,0,0,0
"H579","37990","10000",1,0,0,0,0
"H579","V411","10000",1,0,0,0,0
"H59011","99799","10000",1,0,0,0,0
"H59012","99799","10000",1,0,0,0,0
"H59013","99799","10000",1,0,0,0,0
"H59019","99799","10000",1,0,0,0,0
"H59021","99882","10000",1,0,0,0,0
"H59022","99882","10000",1,0,0,0,0
"H59023","99882","10000",1,0,0,0,0
"H59029","99882","10000",1,0,0,0,0
"H59031","99799","10000",1,0,0,0,0
"H59032","99799","10000",1,0,0,0,0
"H59033","99799","10000",1,0,0,0,0
"H59039","99799","10000",1,0,0,0,0
"H59091","99799","10000",1,0,0,0,0
"H59092","99799","10000",1,0,0,0,0
"H59093","99799","10000",1,0,0,0,0
"H59099","99799","10000",1,0,0,0,0
"H59111","99811","10000",1,0,0,0,0
"H59111","99812","10000",1,0,0,0,0
"H59112","99811","10000",1,0,0,0,0
"H59112","99812","10000",1,0,0,0,0
"H59113","99811","10000",1,0,0,0,0
"H59113","99812","10000",1,0,0,0,0
"H59119","99811","10000",1,0,0,0,0
"H59119","99812","10000",1,0,0,0,0
"H59121","99811","10000",1,0,0,0,0
"H59121","99812","10000",1,0,0,0,0
"H59122","99811","10000",1,0,0,0,0
"H59122","99812","10000",1,0,0,0,0
"H59123","99811","10000",1,0,0,0,0
"H59123","99812","10000",1,0,0,0,0
"H59129","99811","10000",1,0,0,0,0
"H59129","99812","10000",1,0,0,0,0
"H59211","9982","10000",1,0,0,0,0
"H59212","9982","10000",1,0,0,0,0
"H59213","9982","10000",1,0,0,0,0
"H59219","9982","10000",1,0,0,0,0
"H59221","9982","10000",1,0,0,0,0
"H59222","9982","10000",1,0,0,0,0
"H59223","9982","10000",1,0,0,0,0
"H59229","9982","10000",1,0,0,0,0
"H59311","99811","10000",1,0,0,0,0
"H59311","99812","10000",1,0,0,0,0
"H59312","99811","10000",1,0,0,0,0
"H59312","99812","10000",1,0,0,0,0
"H59313","99811","10000",1,0,0,0,0
"H59313","99812","10000",1,0,0,0,0
"H59319","99811","10000",1,0,0,0,0
"H59319","99812","10000",1,0,0,0,0
"H59321","99811","10000",1,0,0,0,0
"H59321","99812","10000",1,0,0,0,0
"H59322","99811","10000",1,0,0,0,0
"H59322","99812","10000",1,0,0,0,0
"H59323","99811","10000",1,0,0,0,0
"H59323","99812","10000",1,0,0,0,0
"H59329","99811","10000",1,0,0,0,0
"H59329","99812","10000",1,0,0,0,0
"H5940","37960","00000",0,0,0,0,0
"H5941","37961","00000",0,0,0,0,0
"H5942","37962","00000",0,0,0,0,0
"H5943","37963","00000",0,0,0,0,0
"H59811","99799","10000",1,0,0,0,0
"H59812","99799","10000",1,0,0,0,0
"H59813","99799","10000",1,0,0,0,0
"H59819","99799","10000",1,0,0,0,0
"H5988","99799","10000",1,0,0,0,0
"H5989","99799","10000",1,0,0,0,0
"H6000","38010","10000",1,0,0,0,0
"H6001","38010","10000",1,0,0,0,0
"H6002","38010","10000",1,0,0,0,0
"H6003","38010","10000",1,0,0,0,0
"H6010","38010","10000",1,0,0,0,0
"H6011","38010","10000",1,0,0,0,0
"H6012","38010","10000",1,0,0,0,0
"H6013","38010","10000",1,0,0,0,0
"H6020","38014","10000",1,0,0,0,0
"H6021","38014","10000",1,0,0,0,0
"H6022","38014","10000",1,0,0,0,0
"H6023","38014","10000",1,0,0,0,0
"H60311","38010","10000",1,0,0,0,0
"H60312","38010","10000",1,0,0,0,0
"H60313","38010","10000",1,0,0,0,0
"H60319","38010","10000",1,0,0,0,0
"H60321","38010","10000",1,0,0,0,0
"H60322","38010","10000",1,0,0,0,0
"H60323","38010","10000",1,0,0,0,0
"H60329","38010","10000",1,0,0,0,0
"H60331","38012","10000",1,0,0,0,0
"H60332","38012","10000",1,0,0,0,0
"H60333","38012","10000",1,0,0,0,0
"H60339","38012","10000",1,0,0,0,0
"H60391","38010","10000",1,0,0,0,0
"H60392","38010","10000",1,0,0,0,0
"H60393","38010","10000",1,0,0,0,0
"H60399","38010","10000",1,0,0,0,0
"H6040","38021","10000",1,0,0,0,0
"H6041","38021","10000",1,0,0,0,0
"H6042","38021","10000",1,0,0,0,0
"H6043","38021","10000",1,0,0,0,0
"H60501","38022","10000",1,0,0,0,0
"H60502","38022","10000",1,0,0,0,0
"H60503","38022","10000",1,0,0,0,0
"H60509","38022","10000",1,0,0,0,0
"H60511","38022","10000",1,0,0,0,0
"H60512","38022","10000",1,0,0,0,0
"H60513","38022","10000",1,0,0,0,0
"H60519","38022","10000",1,0,0,0,0
"H60521","38022","10000",1,0,0,0,0
"H60522","38022","10000",1,0,0,0,0
"H60523","38022","10000",1,0,0,0,0
"H60529","38022","10000",1,0,0,0,0
"H60531","38022","10000",1,0,0,0,0
"H60532","38022","10000",1,0,0,0,0
"H60533","38022","10000",1,0,0,0,0
"H60539","38022","10000",1,0,0,0,0
"H60541","38022","10000",1,0,0,0,0
"H60542","38022","10000",1,0,0,0,0
"H60543","38022","10000",1,0,0,0,0
"H60549","38022","10000",1,0,0,0,0
"H60551","38022","10000",1,0,0,0,0
"H60552","38022","10000",1,0,0,0,0
"H60553","38022","10000",1,0,0,0,0
"H60559","38022","10000",1,0,0,0,0
"H60591","38022","10000",1,0,0,0,0
"H60592","38022","10000",1,0,0,0,0
"H60593","38022","10000",1,0,0,0,0
"H60599","38022","10000",1,0,0,0,0
"H6060","38023","10000",1,0,0,0,0
"H6061","38023","10000",1,0,0,0,0
"H6062","38023","10000",1,0,0,0,0
"H6063","38023","10000",1,0,0,0,0
"H608X1","38023","10000",1,0,0,0,0
"H608X2","38023","10000",1,0,0,0,0
"H608X3","38023","10000",1,0,0,0,0
"H608X9","38023","10000",1,0,0,0,0
"H6090","38023","10000",1,0,0,0,0
"H6091","38023","10000",1,0,0,0,0
"H6092","38023","10000",1,0,0,0,0
"H6093","38023","10000",1,0,0,0,0
"H61001","38000","10000",1,0,0,0,0
"H61002","38000","10000",1,0,0,0,0
"H61003","38000","10000",1,0,0,0,0
"H61009","38000","10000",1,0,0,0,0
"H61011","38001","10000",1,0,0,0,0
"H61012","38001","10000",1,0,0,0,0
"H61013","38001","10000",1,0,0,0,0
"H61019","38001","10000",1,0,0,0,0
"H61021","38002","10000",1,0,0,0,0
"H61022","38002","10000",1,0,0,0,0
"H61023","38002","10000",1,0,0,0,0
"H61029","38002","10000",1,0,0,0,0
"H61031","38003","10000",1,0,0,0,0
"H61032","38003","10000",1,0,0,0,0
"H61033","38003","10000",1,0,0,0,0
"H61039","38003","10000",1,0,0,0,0
"H61101","38030","10000",1,0,0,0,0
"H61102","38030","10000",1,0,0,0,0
"H61103","38030","10000",1,0,0,0,0
"H61109","38030","10000",1,0,0,0,0
"H61111","38032","10000",1,0,0,0,0
"H61112","38032","10000",1,0,0,0,0
"H61113","38032","10000",1,0,0,0,0
"H61119","38032","10000",1,0,0,0,0
"H61121","38031","10000",1,0,0,0,0
"H61122","38031","10000",1,0,0,0,0
"H61123","38031","10000",1,0,0,0,0
"H61129","38031","10000",1,0,0,0,0
"H61191","38039","10000",1,0,0,0,0
"H61192","38039","10000",1,0,0,0,0
"H61193","38039","10000",1,0,0,0,0
"H61199","38039","10000",1,0,0,0,0
"H6120","3804","10000",1,0,0,0,0
"H6121","3804","10000",1,0,0,0,0
"H6122","3804","10000",1,0,0,0,0
"H6123","3804","10000",1,0,0,0,0
"H61301","38050","10000",1,0,0,0,0
"H61302","38050","10000",1,0,0,0,0
"H61303","38050","10000",1,0,0,0,0
"H61309","38050","10000",1,0,0,0,0
"H61311","38051","10000",1,0,0,0,0
"H61312","38051","10000",1,0,0,0,0
"H61313","38051","10000",1,0,0,0,0
"H61319","38051","10000",1,0,0,0,0
"H61321","38053","10000",1,0,0,0,0
"H61322","38053","10000",1,0,0,0,0
"H61323","38053","10000",1,0,0,0,0
"H61329","38053","10000",1,0,0,0,0
"H61391","38050","10000",1,0,0,0,0
"H61391","38052","10000",1,0,0,0,0
"H61392","38050","10000",1,0,0,0,0
"H61392","38052","10000",1,0,0,0,0
"H61393","38050","10000",1,0,0,0,0
"H61393","38052","10000",1,0,0,0,0
"H61399","38050","10000",1,0,0,0,0
"H61399","38052","10000",1,0,0,0,0
"H61811","38081","10000",1,0,0,0,0
"H61812","38081","10000",1,0,0,0,0
"H61813","38081","10000",1,0,0,0,0
"H61819","38081","10000",1,0,0,0,0
"H61891","38089","10000",1,0,0,0,0
"H61892","38089","10000",1,0,0,0,0
"H61893","38089","10000",1,0,0,0,0
"H61899","38089","10000",1,0,0,0,0
"H6190","38011","10000",1,0,0,0,0
"H6190","3809","10000",1,0,0,0,0
"H6191","38011","10000",1,0,0,0,0
"H6191","3809","10000",1,0,0,0,0
"H6192","38011","10000",1,0,0,0,0
"H6192","3809","10000",1,0,0,0,0
"H6193","38011","10000",1,0,0,0,0
"H6193","3809","10000",1,0,0,0,0
"H6240","38013","10000",1,0,0,0,0
"H6241","38013","10000",1,0,0,0,0
"H6242","38013","10000",1,0,0,0,0
"H6243","38013","10000",1,0,0,0,0
"H628X1","38013","10000",1,0,0,0,0
"H628X1","38015","10000",1,0,0,0,0
"H628X2","38013","10000",1,0,0,0,0
"H628X2","38015","10000",1,0,0,0,0
"H628X3","38013","10000",1,0,0,0,0
"H628X3","38015","10000",1,0,0,0,0
"H628X9","38013","10000",1,0,0,0,0
"H628X9","38015","10000",1,0,0,0,0
"H6500","38101","10000",1,0,0,0,0
"H6501","38101","10000",1,0,0,0,0
"H6502","38101","10000",1,0,0,0,0
"H6503","38101","10000",1,0,0,0,0
"H6504","38101","10000",1,0,0,0,0
"H6505","38101","10000",1,0,0,0,0
"H6506","38101","10000",1,0,0,0,0
"H6507","38101","10000",1,0,0,0,0
"H65111","38102","10000",1,0,0,0,0
"H65111","38103","10000",1,0,0,0,0
"H65111","38104","10000",1,0,0,0,0
"H65111","38105","10000",1,0,0,0,0
"H65111","38106","10000",1,0,0,0,0
"H65112","38102","10000",1,0,0,0,0
"H65112","38103","10000",1,0,0,0,0
"H65112","38104","10000",1,0,0,0,0
"H65112","38105","10000",1,0,0,0,0
"H65112","38106","10000",1,0,0,0,0
"H65113","38102","10000",1,0,0,0,0
"H65113","38103","10000",1,0,0,0,0
"H65113","38104","10000",1,0,0,0,0
"H65113","38105","10000",1,0,0,0,0
"H65113","38106","10000",1,0,0,0,0
"H65114","38102","10000",1,0,0,0,0
"H65114","38103","10000",1,0,0,0,0
"H65114","38104","10000",1,0,0,0,0
"H65114","38105","10000",1,0,0,0,0
"H65114","38106","10000",1,0,0,0,0
"H65115","38102","10000",1,0,0,0,0
"H65115","38103","10000",1,0,0,0,0
"H65115","38104","10000",1,0,0,0,0
"H65115","38105","10000",1,0,0,0,0
"H65115","38106","10000",1,0,0,0,0
"H65116","38102","10000",1,0,0,0,0
"H65116","38103","10000",1,0,0,0,0
"H65116","38104","10000",1,0,0,0,0
"H65116","38105","10000",1,0,0,0,0
"H65116","38106","10000",1,0,0,0,0
"H65117","38102","10000",1,0,0,0,0
"H65117","38103","10000",1,0,0,0,0
"H65117","38104","10000",1,0,0,0,0
"H65117","38105","10000",1,0,0,0,0
"H65117","38106","10000",1,0,0,0,0
"H65119","38102","10000",1,0,0,0,0
"H65119","38103","10000",1,0,0,0,0
"H65119","38104","10000",1,0,0,0,0
"H65119","38105","10000",1,0,0,0,0
"H65119","38106","10000",1,0,0,0,0
"H65191","38100","10000",1,0,0,0,0
"H65192","38100","10000",1,0,0,0,0
"H65193","38100","10000",1,0,0,0,0
"H65194","38100","10000",1,0,0,0,0
"H65195","38100","10000",1,0,0,0,0
"H65196","38100","10000",1,0,0,0,0
"H65197","38100","10000",1,0,0,0,0
"H65199","38100","10000",1,0,0,0,0
"H6520","38110","10000",1,0,0,0,0
"H6520","38119","10000",1,0,0,0,0
"H6521","38110","10000",1,0,0,0,0
"H6521","38119","10000",1,0,0,0,0
"H6522","38110","10000",1,0,0,0,0
"H6522","38119","10000",1,0,0,0,0
"H6523","38110","10000",1,0,0,0,0
"H6523","38119","10000",1,0,0,0,0
"H6530","38120","10000",1,0,0,0,0
"H6530","38129","10000",1,0,0,0,0
"H6531","38120","10000",1,0,0,0,0
"H6531","38129","10000",1,0,0,0,0
"H6532","38120","10000",1,0,0,0,0
"H6532","38129","10000",1,0,0,0,0
"H6533","38120","10000",1,0,0,0,0
"H6533","38129","10000",1,0,0,0,0
"H65411","3813","10000",1,0,0,0,0
"H65412","3813","10000",1,0,0,0,0
"H65413","3813","10000",1,0,0,0,0
"H65419","3813","10000",1,0,0,0,0
"H65491","3813","10000",1,0,0,0,0
"H65492","3813","10000",1,0,0,0,0
"H65493","3813","10000",1,0,0,0,0
"H65499","3813","10000",1,0,0,0,0
"H6590","3814","10000",1,0,0,0,0
"H6591","3814","10000",1,0,0,0,0
"H6592","3814","10000",1,0,0,0,0
"H6593","3814","10000",1,0,0,0,0
"H66001","38200","10000",1,0,0,0,0
"H66002","38200","10000",1,0,0,0,0
"H66003","38200","10000",1,0,0,0,0
"H66004","38200","10000",1,0,0,0,0
"H66005","38200","10000",1,0,0,0,0
"H66006","38200","10000",1,0,0,0,0
"H66007","38200","10000",1,0,0,0,0
"H66009","38200","10000",1,0,0,0,0
"H66011","38201","10000",1,0,0,0,0
"H66012","38201","10000",1,0,0,0,0
"H66013","38201","10000",1,0,0,0,0
"H66014","38201","10000",1,0,0,0,0
"H66015","38201","10000",1,0,0,0,0
"H66016","38201","10000",1,0,0,0,0
"H66017","38201","10000",1,0,0,0,0
"H66019","38201","10000",1,0,0,0,0
"H6610","3821","10000",1,0,0,0,0
"H6611","3821","10000",1,0,0,0,0
"H6612","3821","10000",1,0,0,0,0
"H6613","3821","10000",1,0,0,0,0
"H6620","3822","10000",1,0,0,0,0
"H6621","3822","10000",1,0,0,0,0
"H6622","3822","10000",1,0,0,0,0
"H6623","3822","10000",1,0,0,0,0
"H663X1","3823","10000",1,0,0,0,0
"H663X2","3823","10000",1,0,0,0,0
"H663X3","3823","10000",1,0,0,0,0
"H663X9","3823","10000",1,0,0,0,0
"H6640","3824","10000",1,0,0,0,0
"H6641","3824","10000",1,0,0,0,0
"H6642","3824","10000",1,0,0,0,0
"H6643","3824","10000",1,0,0,0,0
"H6690","3829","10000",1,0,0,0,0
"H6691","3829","10000",1,0,0,0,0
"H6692","3829","10000",1,0,0,0,0
"H6693","3829","10000",1,0,0,0,0
"H671","38202","10000",1,0,0,0,0
"H672","38202","10000",1,0,0,0,0
"H673","38202","10000",1,0,0,0,0
"H679","38202","10000",1,0,0,0,0
"H68001","38150","10000",1,0,0,0,0
"H68002","38150","10000",1,0,0,0,0
"H68003","38150","10000",1,0,0,0,0
"H68009","38150","10000",1,0,0,0,0
"H68011","38151","10000",1,0,0,0,0
"H68012","38151","10000",1,0,0,0,0
"H68013","38151","10000",1,0,0,0,0
"H68019","38151","10000",1,0,0,0,0
"H68021","38152","10000",1,0,0,0,0
"H68022","38152","10000",1,0,0,0,0
"H68023","38152","10000",1,0,0,0,0
"H68029","38152","10000",1,0,0,0,0
"H68101","38160","10000",1,0,0,0,0
"H68102","38160","10000",1,0,0,0,0
"H68103","38160","10000",1,0,0,0,0
"H68109","38160","10000",1,0,0,0,0
"H68111","38161","10000",1,0,0,0,0
"H68112","38161","10000",1,0,0,0,0
"H68113","38161","10000",1,0,0,0,0
"H68119","38161","10000",1,0,0,0,0
"H68121","38162","10000",1,0,0,0,0
"H68122","38162","10000",1,0,0,0,0
"H68123","38162","10000",1,0,0,0,0
"H68129","38162","10000",1,0,0,0,0
"H68131","38163","10000",1,0,0,0,0
"H68132","38163","10000",1,0,0,0,0
"H68133","38163","10000",1,0,0,0,0
"H68139","38163","10000",1,0,0,0,0
"H6900","3817","10000",1,0,0,0,0
"H6901","3817","10000",1,0,0,0,0
"H6902","3817","10000",1,0,0,0,0
"H6903","3817","10000",1,0,0,0,0
"H6980","38181","10000",1,0,0,0,0
"H6980","38189","10000",1,0,0,0,0
"H6981","38181","10000",1,0,0,0,0
"H6981","38189","10000",1,0,0,0,0
"H6982","38181","10000",1,0,0,0,0
"H6982","38189","10000",1,0,0,0,0
"H6983","38181","10000",1,0,0,0,0
"H6983","38189","10000",1,0,0,0,0
"H6990","3819","10000",1,0,0,0,0
"H6991","3819","10000",1,0,0,0,0
"H6992","3819","10000",1,0,0,0,0
"H6993","3819","10000",1,0,0,0,0
"H70001","38300","10000",1,0,0,0,0
"H70002","38300","10000",1,0,0,0,0
"H70003","38300","10000",1,0,0,0,0
"H70009","38300","10000",1,0,0,0,0
"H70011","38301","10000",1,0,0,0,0
"H70012","38301","10000",1,0,0,0,0
"H70013","38301","10000",1,0,0,0,0
"H70019","38301","10000",1,0,0,0,0
"H70091","38302","10000",1,0,0,0,0
"H70092","38302","10000",1,0,0,0,0
"H70093","38302","10000",1,0,0,0,0
"H70099","38302","10000",1,0,0,0,0
"H7010","3831","10000",1,0,0,0,0
"H7011","3831","10000",1,0,0,0,0
"H7012","3831","10000",1,0,0,0,0
"H7013","3831","10000",1,0,0,0,0
"H70201","38320","10000",1,0,0,0,0
"H70202","38320","10000",1,0,0,0,0
"H70203","38320","10000",1,0,0,0,0
"H70209","38320","10000",1,0,0,0,0
"H70211","38321","10000",1,0,0,0,0
"H70212","38321","10000",1,0,0,0,0
"H70213","38321","10000",1,0,0,0,0
"H70219","38321","10000",1,0,0,0,0
"H70221","38322","10000",1,0,0,0,0
"H70222","38322","10000",1,0,0,0,0
"H70223","38322","10000",1,0,0,0,0
"H70229","38322","10000",1,0,0,0,0
"H70811","38381","10000",1,0,0,0,0
"H70812","38381","10000",1,0,0,0,0
"H70813","38381","10000",1,0,0,0,0
"H70819","38381","10000",1,0,0,0,0
"H70891","38389","10000",1,0,0,0,0
"H70892","38389","10000",1,0,0,0,0
"H70893","38389","10000",1,0,0,0,0
"H70899","38389","10000",1,0,0,0,0
"H7090","3839","10000",1,0,0,0,0
"H7091","3839","10000",1,0,0,0,0
"H7092","3839","10000",1,0,0,0,0
"H7093","3839","10000",1,0,0,0,0
"H7100","38531","10000",1,0,0,0,0
"H7101","38531","10000",1,0,0,0,0
"H7102","38531","10000",1,0,0,0,0
"H7103","38531","10000",1,0,0,0,0
"H7110","38532","10000",1,0,0,0,0
"H7111","38532","10000",1,0,0,0,0
"H7112","38532","10000",1,0,0,0,0
"H7113","38532","10000",1,0,0,0,0
"H7120","38533","10000",1,0,0,0,0
"H7121","38533","10000",1,0,0,0,0
"H7122","38533","10000",1,0,0,0,0
"H7123","38533","10000",1,0,0,0,0
"H7130","38535","10000",1,0,0,0,0
"H7131","38535","10000",1,0,0,0,0
"H7132","38535","10000",1,0,0,0,0
"H7133","38535","10000",1,0,0,0,0
"H7190","38530","10000",1,0,0,0,0
"H7191","38530","10000",1,0,0,0,0
"H7192","38530","10000",1,0,0,0,0
"H7193","38530","10000",1,0,0,0,0
"H7200","38421","10000",1,0,0,0,0
"H7201","38421","10000",1,0,0,0,0
"H7202","38421","10000",1,0,0,0,0
"H7203","38421","10000",1,0,0,0,0
"H7210","38422","10000",1,0,0,0,0
"H7211","38422","10000",1,0,0,0,0
"H7212","38422","10000",1,0,0,0,0
"H7213","38422","10000",1,0,0,0,0
"H722X1","38423","10000",1,0,0,0,0
"H722X2","38423","10000",1,0,0,0,0
"H722X3","38423","10000",1,0,0,0,0
"H722X9","38423","10000",1,0,0,0,0
"H72811","38424","10000",1,0,0,0,0
"H72812","38424","10000",1,0,0,0,0
"H72813","38424","10000",1,0,0,0,0
"H72819","38424","10000",1,0,0,0,0
"H72821","38425","10000",1,0,0,0,0
"H72822","38425","10000",1,0,0,0,0
"H72823","38425","10000",1,0,0,0,0
"H72829","38425","10000",1,0,0,0,0
"H7290","38420","10000",1,0,0,0,0
"H7291","38420","10000",1,0,0,0,0
"H7292","38420","10000",1,0,0,0,0
"H7293","38420","10000",1,0,0,0,0
"H73001","38400","10000",1,0,0,0,0
"H73002","38400","10000",1,0,0,0,0
"H73003","38400","10000",1,0,0,0,0
"H73009","38400","10000",1,0,0,0,0
"H73011","38401","10000",1,0,0,0,0
"H73012","38401","10000",1,0,0,0,0
"H73013","38401","10000",1,0,0,0,0
"H73019","38401","10000",1,0,0,0,0
"H73091","38409","10000",1,0,0,0,0
"H73092","38409","10000",1,0,0,0,0
"H73093","38409","10000",1,0,0,0,0
"H73099","38409","10000",1,0,0,0,0
"H7310","3841","10000",1,0,0,0,0
"H7311","3841","10000",1,0,0,0,0
"H7312","3841","10000",1,0,0,0,0
"H7313","3841","10000",1,0,0,0,0
"H7320","38400","10000",1,0,0,0,0
"H7321","38400","10000",1,0,0,0,0
"H7322","38400","10000",1,0,0,0,0
"H7323","38400","10000",1,0,0,0,0
"H73811","38481","10000",1,0,0,0,0
"H73812","38481","10000",1,0,0,0,0
"H73813","38481","10000",1,0,0,0,0
"H73819","38481","10000",1,0,0,0,0
"H73821","38482","10000",1,0,0,0,0
"H73822","38482","10000",1,0,0,0,0
"H73823","38482","10000",1,0,0,0,0
"H73829","38482","10000",1,0,0,0,0
"H73891","3849","10000",1,0,0,0,0
"H73892","3849","10000",1,0,0,0,0
"H73893","3849","10000",1,0,0,0,0
"H73899","3849","10000",1,0,0,0,0
"H7390","3849","10000",1,0,0,0,0
"H7391","3849","10000",1,0,0,0,0
"H7392","3849","10000",1,0,0,0,0
"H7393","3849","10000",1,0,0,0,0
"H7401","38500","10000",1,0,0,0,0
"H7401","38501","10000",1,0,0,0,0
"H7401","38502","10000",1,0,0,0,0
"H7401","38503","10000",1,0,0,0,0
"H7401","38509","10000",1,0,0,0,0
"H7402","38500","10000",1,0,0,0,0
"H7402","38501","10000",1,0,0,0,0
"H7402","38502","10000",1,0,0,0,0
"H7402","38503","10000",1,0,0,0,0
"H7402","38509","10000",1,0,0,0,0
"H7403","38500","10000",1,0,0,0,0
"H7403","38501","10000",1,0,0,0,0
"H7403","38502","10000",1,0,0,0,0
"H7403","38503","10000",1,0,0,0,0
"H7403","38509","10000",1,0,0,0,0
"H7409","38500","10000",1,0,0,0,0
"H7409","38501","10000",1,0,0,0,0
"H7409","38502","10000",1,0,0,0,0
"H7409","38503","10000",1,0,0,0,0
"H7409","38509","10000",1,0,0,0,0
"H7411","38510","10000",1,0,0,0,0
"H7411","38511","10000",1,0,0,0,0
"H7411","38512","10000",1,0,0,0,0
"H7411","38513","10000",1,0,0,0,0
"H7411","38519","10000",1,0,0,0,0
"H7412","38510","10000",1,0,0,0,0
"H7412","38511","10000",1,0,0,0,0
"H7412","38512","10000",1,0,0,0,0
"H7412","38513","10000",1,0,0,0,0
"H7412","38519","10000",1,0,0,0,0
"H7413","38510","10000",1,0,0,0,0
"H7413","38511","10000",1,0,0,0,0
"H7413","38512","10000",1,0,0,0,0
"H7413","38513","10000",1,0,0,0,0
"H7413","38519","10000",1,0,0,0,0
"H7419","38510","10000",1,0,0,0,0
"H7420","38523","10000",1,0,0,0,0
"H7421","38523","10000",1,0,0,0,0
"H7422","38523","10000",1,0,0,0,0
"H7423","38523","10000",1,0,0,0,0
"H74311","38521","10000",1,0,0,0,0
"H74311","38522","10000",1,0,0,0,0
"H74312","38521","10000",1,0,0,0,0
"H74312","38522","10000",1,0,0,0,0
"H74313","38521","10000",1,0,0,0,0
"H74313","38522","10000",1,0,0,0,0
"H74319","38521","10000",1,0,0,0,0
"H74319","38522","10000",1,0,0,0,0
"H74321","38524","10000",1,0,0,0,0
"H74322","38524","10000",1,0,0,0,0
"H74323","38524","10000",1,0,0,0,0
"H74329","38524","10000",1,0,0,0,0
"H74391","38523","10000",1,0,0,0,0
"H74392","38523","10000",1,0,0,0,0
"H74393","38523","10000",1,0,0,0,0
"H74399","38523","10000",1,0,0,0,0
"H7440","38532","10000",1,0,0,0,0
"H7441","38532","10000",1,0,0,0,0
"H7442","38532","10000",1,0,0,0,0
"H7443","38532","10000",1,0,0,0,0
"H748X1","38589","10000",1,0,0,0,0
"H748X2","38589","10000",1,0,0,0,0
"H748X3","38589","10000",1,0,0,0,0
"H748X9","38589","10000",1,0,0,0,0
"H7490","3859","10000",1,0,0,0,0
"H7491","3859","10000",1,0,0,0,0
"H7492","3859","10000",1,0,0,0,0
"H7493","3859","10000",1,0,0,0,0
"H7500","38389","10000",1,0,0,0,0
"H7501","38389","10000",1,0,0,0,0
"H7502","38389","10000",1,0,0,0,0
"H7503","38389","10000",1,0,0,0,0
"H7580","38389","10000",1,0,0,0,0
"H7581","38389","10000",1,0,0,0,0
"H7582","38389","10000",1,0,0,0,0
"H7583","38389","10000",1,0,0,0,0
"H8000","3870","10000",1,0,0,0,0
"H8001","3870","10000",1,0,0,0,0
"H8002","3870","10000",1,0,0,0,0
"H8003","3870","10000",1,0,0,0,0
"H8010","3871","10000",1,0,0,0,0
"H8011","3871","10000",1,0,0,0,0
"H8012","3871","10000",1,0,0,0,0
"H8013","3871","10000",1,0,0,0,0
"H8020","3872","10000",1,0,0,0,0
"H8021","3872","10000",1,0,0,0,0
"H8022","3872","10000",1,0,0,0,0
"H8023","3872","10000",1,0,0,0,0
"H8080","3878","10000",1,0,0,0,0
"H8081","3878","10000",1,0,0,0,0
"H8082","3878","10000",1,0,0,0,0
"H8083","3878","10000",1,0,0,0,0
"H8090","3879","10000",1,0,0,0,0
"H8091","3879","10000",1,0,0,0,0
"H8092","3879","10000",1,0,0,0,0
"H8093","3879","10000",1,0,0,0,0
"H8101","38600","10000",1,0,0,0,0
"H8101","38601","10000",1,0,0,0,0
"H8101","38602","10000",1,0,0,0,0
"H8101","38603","10000",1,0,0,0,0
"H8101","38604","10000",1,0,0,0,0
"H8102","38600","10000",1,0,0,0,0
"H8102","38601","10000",1,0,0,0,0
"H8102","38602","10000",1,0,0,0,0
"H8102","38603","10000",1,0,0,0,0
"H8102","38604","10000",1,0,0,0,0
"H8103","38600","10000",1,0,0,0,0
"H8103","38601","10000",1,0,0,0,0
"H8103","38602","10000",1,0,0,0,0
"H8103","38603","10000",1,0,0,0,0
"H8103","38604","10000",1,0,0,0,0
"H8109","38600","10000",1,0,0,0,0
"H8109","38601","10000",1,0,0,0,0
"H8109","38602","10000",1,0,0,0,0
"H8109","38603","10000",1,0,0,0,0
"H8109","38604","10000",1,0,0,0,0
"H8110","38611","10000",1,0,0,0,0
"H8111","38611","10000",1,0,0,0,0
"H8112","38611","10000",1,0,0,0,0
"H8113","38611","10000",1,0,0,0,0
"H8120","38612","10000",1,0,0,0,0
"H8121","38612","10000",1,0,0,0,0
"H8122","38612","10000",1,0,0,0,0
"H8123","38612","10000",1,0,0,0,0
"H81311","38619","10000",1,0,0,0,0
"H81312","38619","10000",1,0,0,0,0
"H81313","38619","10000",1,0,0,0,0
"H81319","38619","10000",1,0,0,0,0
"H81391","38610","10000",1,0,0,0,0
"H81392","38610","10000",1,0,0,0,0
"H81393","38610","10000",1,0,0,0,0
"H81399","38610","10000",1,0,0,0,0
"H8141","3862","10000",1,0,0,0,0
"H8142","3862","10000",1,0,0,0,0
"H8143","3862","10000",1,0,0,0,0
"H8149","3862","10000",1,0,0,0,0
"H818X1","3868","10000",1,0,0,0,0
"H818X2","3868","10000",1,0,0,0,0
"H818X3","3868","10000",1,0,0,0,0
"H818X9","3868","10000",1,0,0,0,0
"H8190","3869","10000",1,0,0,0,0
"H8191","3869","10000",1,0,0,0,0
"H8192","3869","10000",1,0,0,0,0
"H8193","3869","10000",1,0,0,0,0
"H821","3868","10000",1,0,0,0,0
"H822","3868","10000",1,0,0,0,0
"H823","3868","10000",1,0,0,0,0
"H829","3868","10000",1,0,0,0,0
"H8301","38630","10000",1,0,0,0,0
"H8301","38631","10000",1,0,0,0,0
"H8301","38632","10000",1,0,0,0,0
"H8301","38633","10000",1,0,0,0,0
"H8301","38634","10000",1,0,0,0,0
"H8301","38635","10000",1,0,0,0,0
"H8302","38630","10000",1,0,0,0,0
"H8302","38631","10000",1,0,0,0,0
"H8302","38632","10000",1,0,0,0,0
"H8302","38633","10000",1,0,0,0,0
"H8302","38634","10000",1,0,0,0,0
"H8302","38635","10000",1,0,0,0,0
"H8303","38630","10000",1,0,0,0,0
"H8303","38631","10000",1,0,0,0,0
"H8303","38632","10000",1,0,0,0,0
"H8303","38633","10000",1,0,0,0,0
"H8303","38634","10000",1,0,0,0,0
"H8303","38635","10000",1,0,0,0,0
"H8309","38630","10000",1,0,0,0,0
"H8309","38631","10000",1,0,0,0,0
"H8309","38632","10000",1,0,0,0,0
"H8309","38633","10000",1,0,0,0,0
"H8309","38634","10000",1,0,0,0,0
"H8309","38635","10000",1,0,0,0,0
"H8311","38640","10000",1,0,0,0,0
"H8311","38641","10000",1,0,0,0,0
"H8311","38642","10000",1,0,0,0,0
"H8311","38643","10000",1,0,0,0,0
"H8311","38648","10000",1,0,0,0,0
"H8312","38640","10000",1,0,0,0,0
"H8312","38641","10000",1,0,0,0,0
"H8312","38642","10000",1,0,0,0,0
"H8312","38643","10000",1,0,0,0,0
"H8312","38648","10000",1,0,0,0,0
"H8313","38640","10000",1,0,0,0,0
"H8313","38641","10000",1,0,0,0,0
"H8313","38642","10000",1,0,0,0,0
"H8313","38643","10000",1,0,0,0,0
"H8313","38648","10000",1,0,0,0,0
"H8319","38640","10000",1,0,0,0,0
"H8319","38641","10000",1,0,0,0,0
"H8319","38642","10000",1,0,0,0,0
"H8319","38643","10000",1,0,0,0,0
"H8319","38648","10000",1,0,0,0,0
"H832X1","38650","10000",1,0,0,0,0
"H832X1","38651","10000",1,0,0,0,0
"H832X1","38653","10000",1,0,0,0,0
"H832X1","38655","10000",1,0,0,0,0
"H832X1","38658","10000",1,0,0,0,0
"H832X2","38650","10000",1,0,0,0,0
"H832X2","38651","10000",1,0,0,0,0
"H832X2","38653","10000",1,0,0,0,0
"H832X2","38655","10000",1,0,0,0,0
"H832X2","38658","10000",1,0,0,0,0
"H832X3","38650","10000",1,0,0,0,0
"H832X3","38652","10000",1,0,0,0,0
"H832X3","38654","10000",1,0,0,0,0
"H832X3","38656","10000",1,0,0,0,0
"H832X3","38658","10000",1,0,0,0,0
"H832X9","38650","10000",1,0,0,0,0
"H832X9","38651","10000",1,0,0,0,0
"H832X9","38652","10000",1,0,0,0,0
"H832X9","38653","10000",1,0,0,0,0
"H832X9","38654","10000",1,0,0,0,0
"H832X9","38655","10000",1,0,0,0,0
"H832X9","38656","10000",1,0,0,0,0
"H832X9","38658","10000",1,0,0,0,0
"H833X1","38810","10000",1,0,0,0,0
"H833X1","38812","10000",1,0,0,0,0
"H833X2","38810","10000",1,0,0,0,0
"H833X2","38812","10000",1,0,0,0,0
"H833X3","38810","10000",1,0,0,0,0
"H833X3","38812","10000",1,0,0,0,0
"H833X9","38810","10000",1,0,0,0,0
"H833X9","38812","10000",1,0,0,0,0
"H838X1","3868","10000",1,0,0,0,0
"H838X2","3868","10000",1,0,0,0,0
"H838X3","3868","10000",1,0,0,0,0
"H838X9","3868","10000",1,0,0,0,0
"H8390","3869","10000",1,0,0,0,0
"H8391","3869","10000",1,0,0,0,0
"H8392","3869","10000",1,0,0,0,0
"H8393","3869","10000",1,0,0,0,0
"H900","38901","10000",1,0,0,0,0
"H900","38902","10000",1,0,0,0,0
"H900","38903","10000",1,0,0,0,0
"H900","38904","10000",1,0,0,0,0
"H900","38906","10000",1,0,0,0,0
"H900","38908","10000",1,0,0,0,0
"H9011","38901","10000",1,0,0,0,0
"H9011","38902","10000",1,0,0,0,0
"H9011","38903","10000",1,0,0,0,0
"H9011","38904","10000",1,0,0,0,0
"H9011","38905","10000",1,0,0,0,0
"H9011","38908","10000",1,0,0,0,0
"H9012","38901","10000",1,0,0,0,0
"H9012","38902","10000",1,0,0,0,0
"H9012","38903","10000",1,0,0,0,0
"H9012","38904","10000",1,0,0,0,0
"H9012","38905","10000",1,0,0,0,0
"H9012","38908","10000",1,0,0,0,0
"H902","38900","10000",1,0,0,0,0
"H903","38911","10000",1,0,0,0,0
"H903","38912","10000",1,0,0,0,0
"H903","38914","10000",1,0,0,0,0
"H903","38918","10000",1,0,0,0,0
"H9041","38913","10000",1,0,0,0,0
"H9041","38914","10000",1,0,0,0,0
"H9041","38915","10000",1,0,0,0,0
"H9041","38917","10000",1,0,0,0,0
"H9042","38913","10000",1,0,0,0,0
"H9042","38914","10000",1,0,0,0,0
"H9042","38915","10000",1,0,0,0,0
"H9042","38917","10000",1,0,0,0,0
"H905","38910","10000",1,0,0,0,0
"H905","38914","10000",1,0,0,0,0
"H905","38916","10000",1,0,0,0,0
"H906","38922","00000",0,0,0,0,0
"H9071","38921","10000",1,0,0,0,0
"H9072","38921","10000",1,0,0,0,0
"H908","38920","00000",0,0,0,0,0
"H9101","3898","10000",1,0,0,0,0
"H9102","3898","10000",1,0,0,0,0
"H9103","3898","10000",1,0,0,0,0
"H9109","3898","10000",1,0,0,0,0
"H9110","38801","10000",1,0,0,0,0
"H9111","38801","10000",1,0,0,0,0
"H9112","38801","10000",1,0,0,0,0
"H9113","38801","10000",1,0,0,0,0
"H9120","3882","10000",1,0,0,0,0
"H9121","3882","10000",1,0,0,0,0
"H9122","3882","10000",1,0,0,0,0
"H9123","3882","10000",1,0,0,0,0
"H913","3897","00000",0,0,0,0,0
"H918X1","38811","10000",1,0,0,0,0
"H918X1","3898","10000",1,0,0,0,0
"H918X2","38811","10000",1,0,0,0,0
"H918X2","3898","10000",1,0,0,0,0
"H918X3","38811","10000",1,0,0,0,0
"H918X3","3898","10000",1,0,0,0,0
"H918X9","38811","10000",1,0,0,0,0
"H918X9","3898","10000",1,0,0,0,0
"H9190","3899","10000",1,0,0,0,0
"H9191","3899","10000",1,0,0,0,0
"H9192","3899","10000",1,0,0,0,0
"H9193","3899","10000",1,0,0,0,0
"H9201","38870","10000",1,0,0,0,0
"H9202","38870","10000",1,0,0,0,0
"H9203","38870","10000",1,0,0,0,0
"H9209","38870","10000",1,0,0,0,0
"H9210","38860","10000",1,0,0,0,0
"H9211","38860","10000",1,0,0,0,0
"H9212","38860","10000",1,0,0,0,0
"H9213","38860","10000",1,0,0,0,0
"H9220","38869","10000",1,0,0,0,0
"H9221","38869","10000",1,0,0,0,0
"H9222","38869","10000",1,0,0,0,0
"H9223","38869","10000",1,0,0,0,0
"H93011","38802","10000",1,0,0,0,0
"H93012","38802","10000",1,0,0,0,0
"H93013","38802","10000",1,0,0,0,0
"H93019","38802","10000",1,0,0,0,0
"H93091","38800","10000",1,0,0,0,0
"H93092","38800","10000",1,0,0,0,0
"H93093","38800","10000",1,0,0,0,0
"H93099","38800","10000",1,0,0,0,0
"H9311","38830","10000",1,0,0,0,0
"H9311","38831","10000",1,0,0,0,0
"H9311","38832","10000",1,0,0,0,0
"H9312","38830","10000",1,0,0,0,0
"H9312","38831","10000",1,0,0,0,0
"H9312","38832","10000",1,0,0,0,0
"H9313","38830","10000",1,0,0,0,0
"H9313","38831","10000",1,0,0,0,0
"H9313","38832","10000",1,0,0,0,0
"H9319","38830","10000",1,0,0,0,0
"H9319","38831","10000",1,0,0,0,0
"H9319","38832","10000",1,0,0,0,0
"H93211","38844","10000",1,0,0,0,0
"H93212","38844","10000",1,0,0,0,0
"H93213","38844","10000",1,0,0,0,0
"H93219","38844","10000",1,0,0,0,0
"H93221","38841","10000",1,0,0,0,0
"H93222","38841","10000",1,0,0,0,0
"H93223","38841","10000",1,0,0,0,0
"H93229","38841","10000",1,0,0,0,0
"H93231","38842","10000",1,0,0,0,0
"H93232","38842","10000",1,0,0,0,0
"H93233","38842","10000",1,0,0,0,0
"H93239","38842","10000",1,0,0,0,0
"H93241","38840","10000",1,0,0,0,0
"H93242","38840","10000",1,0,0,0,0
"H93243","38840","10000",1,0,0,0,0
"H93249","38840","10000",1,0,0,0,0
"H9325","31532","10000",1,0,0,0,0
"H93291","38840","10000",1,0,0,0,0
"H93292","38840","10000",1,0,0,0,0
"H93293","38840","10000",1,0,0,0,0
"H93299","38840","10000",1,0,0,0,0
"H933X1","3885","10000",1,0,0,0,0
"H933X2","3885","10000",1,0,0,0,0
"H933X3","3885","10000",1,0,0,0,0
"H933X9","3885","10000",1,0,0,0,0
"H938X1","3888","10000",1,0,0,0,0
"H938X2","3888","10000",1,0,0,0,0
"H938X3","3888","10000",1,0,0,0,0
"H938X9","3888","10000",1,0,0,0,0
"H9390","3889","10000",1,0,0,0,0
"H9390","V413","10000",1,0,0,0,0
"H9391","3889","10000",1,0,0,0,0
"H9391","V413","10000",1,0,0,0,0
"H9392","3889","10000",1,0,0,0,0
"H9392","V413","10000",1,0,0,0,0
"H9393","3889","10000",1,0,0,0,0
"H9393","V413","10000",1,0,0,0,0
"H9400","3885","10000",1,0,0,0,0
"H9401","3885","10000",1,0,0,0,0
"H9402","3885","10000",1,0,0,0,0
"H9403","3885","10000",1,0,0,0,0
"H9480","3888","10000",1,0,0,0,0
"H9481","3888","10000",1,0,0,0,0
"H9482","3888","10000",1,0,0,0,0
"H9483","3888","10000",1,0,0,0,0
"H9500","38332","10000",1,0,0,0,0
"H9501","38332","10000",1,0,0,0,0
"H9502","38332","10000",1,0,0,0,0
"H9503","38332","10000",1,0,0,0,0
"H95111","38330","10000",1,0,0,0,0
"H95112","38330","10000",1,0,0,0,0
"H95113","38330","10000",1,0,0,0,0
"H95119","38330","10000",1,0,0,0,0
"H95121","38333","10000",1,0,0,0,0
"H95122","38333","10000",1,0,0,0,0
"H95123","38333","10000",1,0,0,0,0
"H95129","38333","10000",1,0,0,0,0
"H95131","38331","10000",1,0,0,0,0
"H95132","38331","10000",1,0,0,0,0
"H95133","38331","10000",1,0,0,0,0
"H95139","38331","10000",1,0,0,0,0
"H95191","38330","10000",1,0,0,0,0
"H95192","38330","10000",1,0,0,0,0
"H95193","38330","10000",1,0,0,0,0
"H95199","38330","10000",1,0,0,0,0
"H9521","99811","10000",1,0,0,0,0
"H9521","99812","10000",1,0,0,0,0
"H9522","99811","10000",1,0,0,0,0
"H9522","99812","10000",1,0,0,0,0
"H9531","9982","10000",1,0,0,0,0
"H9532","9982","10000",1,0,0,0,0
"H9541","99811","10000",1,0,0,0,0
"H9541","99812","10000",1,0,0,0,0
"H9542","99811","10000",1,0,0,0,0
"H9542","99812","10000",1,0,0,0,0
"H95811","99799","10000",1,0,0,0,0
"H95812","99799","10000",1,0,0,0,0
"H95813","99799","10000",1,0,0,0,0
"H95819","99799","10000",1,0,0,0,0
"H9588","99799","10000",1,0,0,0,0
"H9589","99799","10000",1,0,0,0,0
"I00","390","00000",0,0,0,0,0
"I010","3910","00000",0,0,0,0,0
"I011","3911","00000",0,0,0,0,0
"I012","3912","00000",0,0,0,0,0
"I018","3918","00000",0,0,0,0,0
"I019","3919","00000",0,0,0,0,0
"I020","3920","00000",0,0,0,0,0
"I029","3929","00000",0,0,0,0,0
"I050","3940","00000",0,0,0,0,0
"I051","3941","00000",0,0,0,0,0
"I052","3942","00000",0,0,0,0,0
"I058","3949","10000",1,0,0,0,0
"I059","3949","10000",1,0,0,0,0
"I060","3950","00000",0,0,0,0,0
"I061","3951","00000",0,0,0,0,0
"I062","3952","00000",0,0,0,0,0
"I068","3959","10000",1,0,0,0,0
"I069","3959","10000",1,0,0,0,0
"I070","3970","10000",1,0,0,0,0
"I071","3970","10000",1,0,0,0,0
"I072","3970","10000",1,0,0,0,0
"I078","3970","10000",1,0,0,0,0
"I079","3970","10000",1,0,0,0,0
"I080","3960","10000",1,0,0,0,0
"I080","3961","10000",1,0,0,0,0
"I080","3962","10000",1,0,0,0,0
"I080","3963","10000",1,0,0,0,0
"I081","3979","10000",1,0,0,0,0
"I082","3979","10000",1,0,0,0,0
"I083","3979","10000",1,0,0,0,0
"I088","3968","10000",1,0,0,0,0
"I088","3979","10000",1,0,0,0,0
"I089","3969","10000",1,0,0,0,0
"I089","3979","10000",1,0,0,0,0
"I090","3980","00000",0,0,0,0,0
"I091","3979","10000",1,0,0,0,0
"I092","393","00000",0,0,0,0,0
"I0981","39891","00000",0,0,0,0,0
"I0989","3971","10000",1,0,0,0,0
"I0989","39899","10000",1,0,0,0,0
"I099","39890","00000",0,0,0,0,0
"I10","4010","10000",1,0,0,0,0
"I10","4011","10000",1,0,0,0,0
"I10","4019","10000",1,0,0,0,0
"I110","40201","10000",1,0,0,0,0
"I110","40211","10000",1,0,0,0,0
"I110","40291","10000",1,0,0,0,0
"I119","40200","10000",1,0,0,0,0
"I119","40210","10000",1,0,0,0,0
"I119","40290","10000",1,0,0,0,0
"I120","40301","10000",1,0,0,0,0
"I120","40311","10000",1,0,0,0,0
"I120","40391","10000",1,0,0,0,0
"I129","40300","10000",1,0,0,0,0
"I129","40310","10000",1,0,0,0,0
"I129","40390","10000",1,0,0,0,0
"I130","40401","10000",1,0,0,0,0
"I130","40411","10000",1,0,0,0,0
"I130","40491","10000",1,0,0,0,0
"I1310","40400","10000",1,0,0,0,0
"I1310","40410","10000",1,0,0,0,0
"I1310","40490","10000",1,0,0,0,0
"I1311","40402","10000",1,0,0,0,0
"I1311","40412","10000",1,0,0,0,0
"I1311","40492","10000",1,0,0,0,0
"I132","40403","10000",1,0,0,0,0
"I132","40413","10000",1,0,0,0,0
"I132","40493","10000",1,0,0,0,0
"I150","40501","10000",1,0,0,0,0
"I150","40511","10000",1,0,0,0,0
"I150","40591","10000",1,0,0,0,0
"I151","40591","10000",1,0,0,0,0
"I152","40599","10000",1,0,0,0,0
"I158","40509","10000",1,0,0,0,0
"I158","40519","10000",1,0,0,0,0
"I158","40599","10000",1,0,0,0,0
"I159","40599","10000",1,0,0,0,0
"I200","4111","10000",1,0,0,0,0
"I201","4131","00000",0,0,0,0,0
"I208","4139","10000",1,0,0,0,0
"I209","4139","10000",1,0,0,0,0
"I2101","41011","10000",1,0,0,0,0
"I2102","41011","10000",1,0,0,0,0
"I2109","41001","10000",1,0,0,0,0
"I2109","41011","10000",1,0,0,0,0
"I2111","41031","10000",1,0,0,0,0
"I2119","41021","10000",1,0,0,0,0
"I2119","41041","10000",1,0,0,0,0
"I2121","41081","10000",1,0,0,0,0
"I2129","41051","10000",1,0,0,0,0
"I2129","41061","10000",1,0,0,0,0
"I2129","41081","10000",1,0,0,0,0
"I213","41091","10000",1,0,0,0,0
"I214","41071","10000",1,0,0,0,0
"I220","41001","10000",1,0,0,0,0
"I220","41011","10000",1,0,0,0,0
"I221","41021","10000",1,0,0,0,0
"I221","41031","10000",1,0,0,0,0
"I221","41041","10000",1,0,0,0,0
"I222","41071","10000",1,0,0,0,0
"I228","41051","10000",1,0,0,0,0
"I228","41061","10000",1,0,0,0,0
"I228","41081","10000",1,0,0,0,0
"I229","41091","10000",1,0,0,0,0
"I230","42979","10000",1,0,0,0,0
"I231","42971","10000",1,0,0,0,0
"I232","42971","10000",1,0,0,0,0
"I233","42979","10000",1,0,0,0,0
"I234","4295","10000",1,0,0,0,0
"I235","4296","10000",1,0,0,0,0
"I236","42979","10000",1,0,0,0,0
"I237","42979","10000",1,0,0,0,0
"I238","42979","10000",1,0,0,0,0
"I240","41181","00000",0,0,0,0,0
"I241","4110","00000",0,0,0,0,0
"I248","41189","10000",1,0,0,0,0
"I249","41189","10000",1,0,0,0,0
"I2510","41401","10000",1,0,0,0,0
"I2510","4292","10000",1,0,0,0,0
"I25110","4111","10112",1,0,1,1,2
"I25110","41401","10111",1,0,1,1,1
"I25111","4139","10112",1,0,1,1,2
"I25111","41401","10111",1,0,1,1,1
"I25118","4139","10112",1,0,1,1,2
"I25118","41401","10111",1,0,1,1,1
"I25119","4139","10112",1,0,1,1,2
"I25119","41401","10111",1,0,1,1,1
"I252","412","00000",0,0,0,0,0
"I253","41410","10000",1,0,0,0,0
"I253","41419","10000",1,0,0,0,0
"I2541","41411","00000",0,0,0,0,0
"I2542","41412","00000",0,0,0,0,0
"I255","4148","10000",1,0,0,0,0
"I256","4148","10000",1,0,0,0,0
"I25700","4111","10112",1,0,1,1,2
"I25700","41405","10111",1,0,1,1,1
"I25701","4139","10112",1,0,1,1,2
"I25701","41405","10111",1,0,1,1,1
"I25708","4139","10112",1,0,1,1,2
"I25708","41405","10111",1,0,1,1,1
"I25709","4139","10112",1,0,1,1,2
"I25709","41405","10111",1,0,1,1,1
"I25710","4111","10112",1,0,1,1,2
"I25710","41402","10111",1,0,1,1,1
"I25711","4139","10112",1,0,1,1,2
"I25711","41402","10111",1,0,1,1,1
"I25718","4139","10112",1,0,1,1,2
"I25718","41402","10111",1,0,1,1,1
"I25719","4139","10112",1,0,1,1,2
"I25719","41402","10111",1,0,1,1,1
"I25720","4111","10112",1,0,1,1,2
"I25720","41404","10111",1,0,1,1,1
"I25721","4139","10112",1,0,1,1,2
"I25721","41404","10111",1,0,1,1,1
"I25728","4139","10112",1,0,1,1,2
"I25728","41404","10111",1,0,1,1,1
"I25729","4139","10112",1,0,1,1,2
"I25729","41404","10111",1,0,1,1,1
"I25730","4111","10112",1,0,1,1,2
"I25730","41403","10111",1,0,1,1,1
"I25731","4139","10112",1,0,1,1,2
"I25731","41403","10111",1,0,1,1,1
"I25738","4139","10112",1,0,1,1,2
"I25738","41403","10111",1,0,1,1,1
"I25739","4139","10112",1,0,1,1,2
"I25739","41403","10111",1,0,1,1,1
"I25750","4111","10112",1,0,1,1,2
"I25750","41406","10111",1,0,1,1,1
"I25751","4139","10112",1,0,1,1,2
"I25751","41406","10111",1,0,1,1,1
"I25758","4139","10112",1,0,1,1,2
"I25758","41406","10111",1,0,1,1,1
"I25759","4139","10112",1,0,1,1,2
"I25759","41406","10111",1,0,1,1,1
"I25760","4111","10112",1,0,1,1,2
"I25760","41407","10111",1,0,1,1,1
"I25761","4139","10112",1,0,1,1,2
"I25761","41407","10111",1,0,1,1,1
"I25768","4139","10112",1,0,1,1,2
"I25768","41407","10111",1,0,1,1,1
"I25769","4139","10112",1,0,1,1,2
"I25769","41407","10111",1,0,1,1,1
"I25790","4111","10112",1,0,1,1,2
"I25790","41404","10111",1,0,1,1,1
"I25790","41405","10111",1,0,1,1,1
"I25791","4139","10112",1,0,1,1,2
"I25791","41404","10111",1,0,1,1,1
"I25791","41405","10111",1,0,1,1,1
"I25798","4139","10112",1,0,1,1,2
"I25798","41404","10111",1,0,1,1,1
"I25798","41405","10111",1,0,1,1,1
"I25799","4139","10112",1,0,1,1,2
"I25799","41404","10111",1,0,1,1,1
"I25799","41405","10111",1,0,1,1,1
"I25810","41405","10000",1,0,0,0,0
"I25811","41406","10000",1,0,0,0,0
"I25812","41407","10000",1,0,0,0,0
"I2582","4142","00000",0,0,0,0,0
"I2583","4143","00000",0,0,0,0,0
"I2584","4144","00000",0,0,0,0,0
"I2589","4148","10000",1,0,0,0,0
"I259","4148","10000",1,0,0,0,0
"I259","4149","10000",1,0,0,0,0
"I2601","4150","10112",1,0,1,1,2
"I2601","41512","10111",1,0,1,1,1
"I2602","4150","10112",1,0,1,1,2
"I2602","41513","10111",1,0,1,1,1
"I2609","4150","10112",1,0,1,1,2
"I2609","41519","10111",1,0,1,1,1
"I2690","41512","10000",1,0,0,0,0
"I2692","41513","10000",1,0,0,0,0
"I2699","41519","10000",1,0,0,0,0
"I270","4160","00000",0,0,0,0,0
"I271","4161","00000",0,0,0,0,0
"I272","4168","10000",1,0,0,0,0
"I2781","4169","10000",1,0,0,0,0
"I2782","4162","00000",0,0,0,0,0
"I2789","4168","10000",1,0,0,0,0
"I279","4169","10000",1,0,0,0,0
"I280","4170","00000",0,0,0,0,0
"I281","4171","00000",0,0,0,0,0
"I288","4178","00000",0,0,0,0,0
"I289","4179","00000",0,0,0,0,0
"I300","42091","00000",0,0,0,0,0
"I301","42090","10000",1,0,0,0,0
"I308","42099","10000",1,0,0,0,0
"I309","42090","10000",1,0,0,0,0
"I309","42099","10000",1,0,0,0,0
"I310","4231","00000",0,0,0,0,0
"I311","4232","00000",0,0,0,0,0
"I312","4230","00000",0,0,0,0,0
"I313","4239","10000",1,0,0,0,0
"I314","4233","00000",0,0,0,0,0
"I318","4238","10000",1,0,0,0,0
"I319","4239","10000",1,0,0,0,0
"I32","4200","10000",1,0,0,0,0
"I330","4210","10000",1,0,0,0,0
"I339","4219","00000",0,0,0,0,0
"I340","4240","10000",1,0,0,0,0
"I341","4240","10000",1,0,0,0,0
"I342","4240","10000",1,0,0,0,0
"I348","4240","10000",1,0,0,0,0
"I349","4240","10000",1,0,0,0,0
"I350","4241","10000",1,0,0,0,0
"I351","4241","10000",1,0,0,0,0
"I352","4241","10000",1,0,0,0,0
"I358","4241","10000",1,0,0,0,0
"I359","4241","10000",1,0,0,0,0
"I360","4242","10000",1,0,0,0,0
"I361","4242","10000",1,0,0,0,0
"I362","4242","10000",1,0,0,0,0
"I368","4242","10000",1,0,0,0,0
"I369","4242","10000",1,0,0,0,0
"I370","4243","10000",1,0,0,0,0
"I371","4243","10000",1,0,0,0,0
"I372","4243","10000",1,0,0,0,0
"I378","4243","10000",1,0,0,0,0
"I379","4243","10000",1,0,0,0,0
"I38","42490","10000",1,0,0,0,0
"I38","42499","10000",1,0,0,0,0
"I39","4211","10000",1,0,0,0,0
"I39","42491","10000",1,0,0,0,0
"I400","42291","10000",1,0,0,0,0
"I400","42292","10000",1,0,0,0,0
"I401","42291","10000",1,0,0,0,0
"I408","42293","10000",1,0,0,0,0
"I408","42299","10000",1,0,0,0,0
"I409","42290","00000",0,0,0,0,0
"I41","4220","10000",1,0,0,0,0
"I420","4254","10000",1,0,0,0,0
"I421","42511","00000",0,0,0,0,0
"I422","42518","00000",0,0,0,0,0
"I423","4250","10000",1,0,0,0,0
"I424","4253","00000",0,0,0,0,0
"I425","4254","10000",1,0,0,0,0
"I426","4255","00000",0,0,0,0,0
"I427","4259","10000",1,0,0,0,0
"I428","4252","10000",1,0,0,0,0
"I428","4254","10000",1,0,0,0,0
"I429","4254","10000",1,0,0,0,0
"I429","4259","10000",1,0,0,0,0
"I43","4258","10000",1,0,0,0,0
"I440","42611","00000",0,0,0,0,0
"I441","42612","10000",1,0,0,0,0
"I441","42613","10000",1,0,0,0,0
"I442","4260","00000",0,0,0,0,0
"I4430","42610","10000",1,0,0,0,0
"I4430","42650","10000",1,0,0,0,0
"I4439","42650","10000",1,0,0,0,0
"I444","4262","10000",1,0,0,0,0
"I445","4262","10000",1,0,0,0,0
"I4460","4262","10000",1,0,0,0,0
"I4469","4262","10000",1,0,0,0,0
"I447","4263","10000",1,0,0,0,0
"I450","4264","10000",1,0,0,0,0
"I4510","4264","10000",1,0,0,0,0
"I4519","4264","10000",1,0,0,0,0
"I452","42651","10000",1,0,0,0,0
"I452","42652","10000",1,0,0,0,0
"I452","42653","10000",1,0,0,0,0
"I453","42654","00000",0,0,0,0,0
"I454","42650","10000",1,0,0,0,0
"I455","4266","00000",0,0,0,0,0
"I456","4267","10000",1,0,0,0,0
"I456","42681","10000",1,0,0,0,0
"I4581","42682","00000",0,0,0,0,0
"I4589","42689","00000",0,0,0,0,0
"I459","4269","00000",0,0,0,0,0
"I462","4275","10000",1,0,0,0,0
"I468","4275","10000",1,0,0,0,0
"I469","4275","10000",1,0,0,0,0
"I470","4271","10000",1,0,0,0,0
"I471","4270","10000",1,0,0,0,0
"I472","4271","10000",1,0,0,0,0
"I479","4272","00000",0,0,0,0,0
"I480","42731","10000",1,0,0,0,0
"I481","42732","10000",1,0,0,0,0
"I482","42731","10000",1,0,0,0,0
"I483","42732","10000",1,0,0,0,0
"I484","42732","10000",1,0,0,0,0
"I4891","42731","10000",1,0,0,0,0
"I4892","42732","10000",1,0,0,0,0
"I4901","42741","00000",0,0,0,0,0
"I4902","42742","00000",0,0,0,0,0
"I491","42761","00000",0,0,0,0,0
"I492","4270","10000",1,0,0,0,0
"I493","42769","10000",1,0,0,0,0
"I4940","42760","00000",0,0,0,0,0
"I4949","42769","10000",1,0,0,0,0
"I495","42781","10000",1,0,0,0,0
"I498","42789","10000",1,0,0,0,0
"I499","4279","00000",0,0,0,0,0
"I501","4281","00000",0,0,0,0,0
"I5020","4280","10112",1,0,1,1,2
"I5020","42820","10000",1,0,0,0,0
"I5020","42820","10111",1,0,1,1,1
"I5021","4280","10112",1,0,1,1,2
"I5021","42821","10000",1,0,0,0,0
"I5021","42821","10111",1,0,1,1,1
"I5022","4280","10112",1,0,1,1,2
"I5022","42822","10000",1,0,0,0,0
"I5022","42822","10111",1,0,1,1,1
"I5023","4280","10112",1,0,1,1,2
"I5023","42823","10000",1,0,0,0,0
"I5023","42823","10111",1,0,1,1,1
"I5030","4280","10112",1,0,1,1,2
"I5030","42830","10000",1,0,0,0,0
"I5030","42830","10111",1,0,1,1,1
"I5031","4280","10112",1,0,1,1,2
"I5031","42831","10000",1,0,0,0,0
"I5031","42831","10111",1,0,1,1,1
"I5032","4280","10112",1,0,1,1,2
"I5032","42832","10000",1,0,0,0,0
"I5032","42832","10111",1,0,1,1,1
"I5033","4280","10112",1,0,1,1,2
"I5033","42833","10000",1,0,0,0,0
"I5033","42833","10111",1,0,1,1,1
"I5040","4280","10112",1,0,1,1,2
"I5040","42840","10000",1,0,0,0,0
"I5040","42840","10111",1,0,1,1,1
"I5041","4280","10112",1,0,1,1,2
"I5041","42841","10000",1,0,0,0,0
"I5041","42841","10111",1,0,1,1,1
"I5042","4280","10112",1,0,1,1,2
"I5042","42842","10000",1,0,0,0,0
"I5042","42842","10111",1,0,1,1,1
"I5043","4280","10112",1,0,1,1,2
"I5043","42843","10000",1,0,0,0,0
"I5043","42843","10111",1,0,1,1,1
"I509","4280","10000",1,0,0,0,0
"I509","4289","10000",1,0,0,0,0
"I510","42971","10000",1,0,0,0,0
"I511","4295","10000",1,0,0,0,0
"I512","4296","10000",1,0,0,0,0
"I513","42979","10000",1,0,0,0,0
"I514","4290","00000",0,0,0,0,0
"I515","4291","00000",0,0,0,0,0
"I517","4293","00000",0,0,0,0,0
"I5181","42983","00000",0,0,0,0,0
"I5189","42981","10000",1,0,0,0,0
"I5189","42982","10000",1,0,0,0,0
"I5189","42989","10000",1,0,0,0,0
"I519","4299","10000",1,0,0,0,0
"I52","4299","10000",1,0,0,0,0
"I6000","430","10000",1,0,0,0,0
"I6001","430","10000",1,0,0,0,0
"I6002","430","10000",1,0,0,0,0
"I6010","430","10000",1,0,0,0,0
"I6011","430","10000",1,0,0,0,0
"I6012","430","10000",1,0,0,0,0
"I6020","430","10000",1,0,0,0,0
"I6021","430","10000",1,0,0,0,0
"I6022","430","10000",1,0,0,0,0
"I6030","430","10000",1,0,0,0,0
"I6031","430","10000",1,0,0,0,0
"I6032","430","10000",1,0,0,0,0
"I604","430","10000",1,0,0,0,0
"I6050","430","10000",1,0,0,0,0
"I6051","430","10000",1,0,0,0,0
"I6052","430","10000",1,0,0,0,0
"I606","430","10000",1,0,0,0,0
"I607","430","10000",1,0,0,0,0
"I608","430","10000",1,0,0,0,0
"I609","430","10000",1,0,0,0,0
"I610","431","10000",1,0,0,0,0
"I611","431","10000",1,0,0,0,0
"I612","431","10000",1,0,0,0,0
"I613","431","10000",1,0,0,0,0
"I614","431","10000",1,0,0,0,0
"I615","431","10000",1,0,0,0,0
"I616","431","10000",1,0,0,0,0
"I618","431","10000",1,0,0,0,0
"I619","431","10000",1,0,0,0,0
"I6200","4321","10000",1,0,0,0,0
"I6201","4321","10000",1,0,0,0,0
"I6202","4321","10000",1,0,0,0,0
"I6203","4321","10000",1,0,0,0,0
"I621","4320","00000",0,0,0,0,0
"I629","4329","00000",0,0,0,0,0
"I6300","43391","10000",1,0,0,0,0
"I63011","43321","10000",1,0,0,0,0
"I63012","43321","10000",1,0,0,0,0
"I63019","43321","10000",1,0,0,0,0
"I6302","43301","10000",1,0,0,0,0
"I63031","43311","10000",1,0,0,0,0
"I63032","43311","10000",1,0,0,0,0
"I63039","43311","10000",1,0,0,0,0
"I6309","43381","10000",1,0,0,0,0
"I6310","43391","10000",1,0,0,0,0
"I63111","43321","10000",1,0,0,0,0
"I63112","43321","10000",1,0,0,0,0
"I63119","43321","10000",1,0,0,0,0
"I6312","43301","10000",1,0,0,0,0
"I63131","43311","10000",1,0,0,0,0
"I63132","43311","10000",1,0,0,0,0
"I63139","43311","10000",1,0,0,0,0
"I6319","43381","10000",1,0,0,0,0
"I6320","43391","10000",1,0,0,0,0
"I63211","43321","10000",1,0,0,0,0
"I63212","43321","10000",1,0,0,0,0
"I63219","43321","10000",1,0,0,0,0
"I6322","43301","10000",1,0,0,0,0
"I63231","43311","10000",1,0,0,0,0
"I63232","43311","10000",1,0,0,0,0
"I63239","43311","10000",1,0,0,0,0
"I6329","43391","10000",1,0,0,0,0
"I6330","43401","10000",1,0,0,0,0
"I63311","43401","10000",1,0,0,0,0
"I63312","43401","10000",1,0,0,0,0
"I63319","43401","10000",1,0,0,0,0
"I63321","43401","10000",1,0,0,0,0
"I63322","43401","10000",1,0,0,0,0
"I63329","43401","10000",1,0,0,0,0
"I63331","43401","10000",1,0,0,0,0
"I63332","43401","10000",1,0,0,0,0
"I63339","43401","10000",1,0,0,0,0
"I63341","43401","10000",1,0,0,0,0
"I63342","43401","10000",1,0,0,0,0
"I63349","43401","10000",1,0,0,0,0
"I6339","43401","10000",1,0,0,0,0
"I6340","43411","10000",1,0,0,0,0
"I63411","43411","10000",1,0,0,0,0
"I63412","43411","10000",1,0,0,0,0
"I63419","43411","10000",1,0,0,0,0
"I63421","43411","10000",1,0,0,0,0
"I63422","43411","10000",1,0,0,0,0
"I63429","43411","10000",1,0,0,0,0
"I63431","43411","10000",1,0,0,0,0
"I63432","43411","10000",1,0,0,0,0
"I63439","43411","10000",1,0,0,0,0
"I63441","43411","10000",1,0,0,0,0
"I63442","43411","10000",1,0,0,0,0
"I63449","43411","10000",1,0,0,0,0
"I6349","43411","10000",1,0,0,0,0
"I6350","43491","10000",1,0,0,0,0
"I63511","43491","10000",1,0,0,0,0
"I63512","43491","10000",1,0,0,0,0
"I63519","43491","10000",1,0,0,0,0
"I63521","43491","10000",1,0,0,0,0
"I63522","43491","10000",1,0,0,0,0
"I63529","43491","10000",1,0,0,0,0
"I63531","43491","10000",1,0,0,0,0
"I63532","43491","10000",1,0,0,0,0
"I63539","43491","10000",1,0,0,0,0
"I63541","43491","10000",1,0,0,0,0
"I63542","43491","10000",1,0,0,0,0
"I63549","43491","10000",1,0,0,0,0
"I6359","43331","10000",1,0,0,0,0
"I6359","43381","10000",1,0,0,0,0
"I6359","43491","10000",1,0,0,0,0
"I636","43401","10000",1,0,0,0,0
"I638","43491","10000",1,0,0,0,0
"I639","43491","10000",1,0,0,0,0
"I6501","43320","10000",1,0,0,0,0
"I6502","43320","10000",1,0,0,0,0
"I6503","43320","10000",1,0,0,0,0
"I6509","43320","10000",1,0,0,0,0
"I651","43300","00000",0,0,0,0,0
"I6521","43310","10000",1,0,0,0,0
"I6522","43310","10000",1,0,0,0,0
"I6523","43310","10000",1,0,0,0,0
"I6529","43310","10000",1,0,0,0,0
"I658","43380","10000",1,0,0,0,0
"I659","43390","10000",1,0,0,0,0
"I6601","43400","10000",1,0,0,0,0
"I6601","43410","10000",1,0,0,0,0
"I6601","43490","10000",1,0,0,0,0
"I6602","43400","10000",1,0,0,0,0
"I6602","43410","10000",1,0,0,0,0
"I6602","43490","10000",1,0,0,0,0
"I6603","43400","10000",1,0,0,0,0
"I6603","43410","10000",1,0,0,0,0
"I6603","43490","10000",1,0,0,0,0
"I6609","43400","10000",1,0,0,0,0
"I6609","43410","10000",1,0,0,0,0
"I6609","43490","10000",1,0,0,0,0
"I6611","43400","10000",1,0,0,0,0
"I6611","43410","10000",1,0,0,0,0
"I6611","43490","10000",1,0,0,0,0
"I6612","43400","10000",1,0,0,0,0
"I6612","43410","10000",1,0,0,0,0
"I6612","43490","10000",1,0,0,0,0
"I6613","43400","10000",1,0,0,0,0
"I6613","43410","10000",1,0,0,0,0
"I6613","43490","10000",1,0,0,0,0
"I6619","43400","10000",1,0,0,0,0
"I6619","43410","10000",1,0,0,0,0
"I6619","43490","10000",1,0,0,0,0
"I6621","43400","10000",1,0,0,0,0
"I6621","43410","10000",1,0,0,0,0
"I6621","43490","10000",1,0,0,0,0
"I6622","43400","10000",1,0,0,0,0
"I6622","43410","10000",1,0,0,0,0
"I6622","43490","10000",1,0,0,0,0
"I6623","43400","10000",1,0,0,0,0
"I6623","43410","10000",1,0,0,0,0
"I6623","43490","10000",1,0,0,0,0
"I6629","43400","10000",1,0,0,0,0
"I6629","43410","10000",1,0,0,0,0
"I6629","43490","10000",1,0,0,0,0
"I663","43400","10000",1,0,0,0,0
"I663","43410","10000",1,0,0,0,0
"I663","43490","10000",1,0,0,0,0
"I668","43490","10000",1,0,0,0,0
"I669","43410","10000",1,0,0,0,0
"I669","43490","10000",1,0,0,0,0
"I670","44329","10000",1,0,0,0,0
"I671","4373","10000",1,0,0,0,0
"I672","4370","00000",0,0,0,0,0
"I673","0463","10000",1,0,0,0,0
"I674","4372","00000",0,0,0,0,0
"I675","4375","00000",0,0,0,0,0
"I676","4376","00000",0,0,0,0,0
"I677","4374","10000",1,0,0,0,0
"I6781","4371","10000",1,0,0,0,0
"I6782","4371","10000",1,0,0,0,0
"I6783","34839","10000",1,0,0,0,0
"I67841","4359","10000",1,0,0,0,0
"I67848","4359","10000",1,0,0,0,0
"I6789","436","10000",1,0,0,0,0
"I6789","4371","10000",1,0,0,0,0
"I6789","4378","10000",1,0,0,0,0
"I679","4379","00000",0,0,0,0,0
"I680","4378","10000",1,0,0,0,0
"I682","4374","10000",1,0,0,0,0
"I688","4378","10000",1,0,0,0,0
"I6900","4389","10000",1,0,0,0,0
"I6901","4380","10000",1,0,0,0,0
"I69020","43811","10000",1,0,0,0,0
"I69021","43812","10000",1,0,0,0,0
"I69022","43813","10000",1,0,0,0,0
"I69023","43814","10000",1,0,0,0,0
"I69028","43819","10000",1,0,0,0,0
"I69031","43831","10000",1,0,0,0,0
"I69032","43831","10000",1,0,0,0,0
"I69033","43832","10000",1,0,0,0,0
"I69034","43832","10000",1,0,0,0,0
"I69039","43830","10000",1,0,0,0,0
"I69041","43841","10000",1,0,0,0,0
"I69042","43841","10000",1,0,0,0,0
"I69043","43842","10000",1,0,0,0,0
"I69044","43842","10000",1,0,0,0,0
"I69049","43840","10000",1,0,0,0,0
"I69051","43821","10000",1,0,0,0,0
"I69052","43821","10000",1,0,0,0,0
"I69053","43822","10000",1,0,0,0,0
"I69054","43822","10000",1,0,0,0,0
"I69059","43820","10000",1,0,0,0,0
"I69061","43851","10000",1,0,0,0,0
"I69062","43851","10000",1,0,0,0,0
"I69063","43852","10000",1,0,0,0,0
"I69064","43852","10000",1,0,0,0,0
"I69065","43853","10000",1,0,0,0,0
"I69069","43850","10000",1,0,0,0,0
"I69090","43881","10000",1,0,0,0,0
"I69091","43882","10000",1,0,0,0,0
"I69092","43883","10000",1,0,0,0,0
"I69093","43884","10000",1,0,0,0,0
"I69098","43889","10000",1,0,0,0,0
"I6910","4389","10000",1,0,0,0,0
"I6911","4380","10000",1,0,0,0,0
"I69120","43811","10000",1,0,0,0,0
"I69121","43812","10000",1,0,0,0,0
"I69122","43813","10000",1,0,0,0,0
"I69123","43814","10000",1,0,0,0,0
"I69128","43819","10000",1,0,0,0,0
"I69131","43831","10000",1,0,0,0,0
"I69132","43831","10000",1,0,0,0,0
"I69133","43832","10000",1,0,0,0,0
"I69134","43832","10000",1,0,0,0,0
"I69139","43830","10000",1,0,0,0,0
"I69141","43841","10000",1,0,0,0,0
"I69142","43841","10000",1,0,0,0,0
"I69143","43842","10000",1,0,0,0,0
"I69144","43842","10000",1,0,0,0,0
"I69149","43840","10000",1,0,0,0,0
"I69151","43821","10000",1,0,0,0,0
"I69152","43821","10000",1,0,0,0,0
"I69153","43822","10000",1,0,0,0,0
"I69154","43822","10000",1,0,0,0,0
"I69159","43820","10000",1,0,0,0,0
"I69161","43851","10000",1,0,0,0,0
"I69162","43851","10000",1,0,0,0,0
"I69163","43852","10000",1,0,0,0,0
"I69164","43852","10000",1,0,0,0,0
"I69165","43853","10000",1,0,0,0,0
"I69169","43850","10000",1,0,0,0,0
"I69190","43881","10000",1,0,0,0,0
"I69191","43882","10000",1,0,0,0,0
"I69192","43883","10000",1,0,0,0,0
"I69193","43884","10000",1,0,0,0,0
"I69198","43889","10000",1,0,0,0,0
"I6920","4389","10000",1,0,0,0,0
"I6921","4380","10000",1,0,0,0,0
"I69220","43811","10000",1,0,0,0,0
"I69221","43812","10000",1,0,0,0,0
"I69222","43813","10000",1,0,0,0,0
"I69223","43814","10000",1,0,0,0,0
"I69228","43819","10000",1,0,0,0,0
"I69231","43831","10000",1,0,0,0,0
"I69232","43831","10000",1,0,0,0,0
"I69233","43832","10000",1,0,0,0,0
"I69234","43832","10000",1,0,0,0,0
"I69239","43830","10000",1,0,0,0,0
"I69241","43841","10000",1,0,0,0,0
"I69242","43841","10000",1,0,0,0,0
"I69243","43842","10000",1,0,0,0,0
"I69244","43842","10000",1,0,0,0,0
"I69249","43840","10000",1,0,0,0,0
"I69251","43821","10000",1,0,0,0,0
"I69252","43821","10000",1,0,0,0,0
"I69253","43822","10000",1,0,0,0,0
"I69254","43822","10000",1,0,0,0,0
"I69259","43820","10000",1,0,0,0,0
"I69261","43851","10000",1,0,0,0,0
"I69262","43851","10000",1,0,0,0,0
"I69263","43852","10000",1,0,0,0,0
"I69264","43852","10000",1,0,0,0,0
"I69265","43853","10000",1,0,0,0,0
"I69269","43850","10000",1,0,0,0,0
"I69290","43881","10000",1,0,0,0,0
"I69291","43882","10000",1,0,0,0,0
"I69292","43883","10000",1,0,0,0,0
"I69293","43884","10000",1,0,0,0,0
"I69298","43889","10000",1,0,0,0,0
"I6930","4389","10000",1,0,0,0,0
"I6931","4380","10000",1,0,0,0,0
"I69320","43811","10000",1,0,0,0,0
"I69321","43812","10000",1,0,0,0,0
"I69322","43813","10000",1,0,0,0,0
"I69323","43814","10000",1,0,0,0,0
"I69328","43819","10000",1,0,0,0,0
"I69331","43831","10000",1,0,0,0,0
"I69332","43831","10000",1,0,0,0,0
"I69333","43832","10000",1,0,0,0,0
"I69334","43832","10000",1,0,0,0,0
"I69339","43830","10000",1,0,0,0,0
"I69341","43841","10000",1,0,0,0,0
"I69342","43841","10000",1,0,0,0,0
"I69343","43842","10000",1,0,0,0,0
"I69344","43842","10000",1,0,0,0,0
"I69349","43840","10000",1,0,0,0,0
"I69351","43821","10000",1,0,0,0,0
"I69352","43821","10000",1,0,0,0,0
"I69353","43822","10000",1,0,0,0,0
"I69354","43822","10000",1,0,0,0,0
"I69359","43820","10000",1,0,0,0,0
"I69361","43851","10000",1,0,0,0,0
"I69362","43851","10000",1,0,0,0,0
"I69363","43852","10000",1,0,0,0,0
"I69364","43852","10000",1,0,0,0,0
"I69365","43853","10000",1,0,0,0,0
"I69369","43850","10000",1,0,0,0,0
"I69390","43881","10000",1,0,0,0,0
"I69391","43882","10000",1,0,0,0,0
"I69392","43883","10000",1,0,0,0,0
"I69393","43884","10000",1,0,0,0,0
"I69398","43889","10000",1,0,0,0,0
"I6980","4389","10000",1,0,0,0,0
"I6981","4380","10000",1,0,0,0,0
"I69820","43811","10000",1,0,0,0,0
"I69821","43812","10000",1,0,0,0,0
"I69822","43813","10000",1,0,0,0,0
"I69823","43814","10000",1,0,0,0,0
"I69828","43819","10000",1,0,0,0,0
"I69831","43831","10000",1,0,0,0,0
"I69832","43831","10000",1,0,0,0,0
"I69833","43832","10000",1,0,0,0,0
"I69834","43832","10000",1,0,0,0,0
"I69839","43830","10000",1,0,0,0,0
"I69841","43841","10000",1,0,0,0,0
"I69842","43841","10000",1,0,0,0,0
"I69843","43842","10000",1,0,0,0,0
"I69844","43842","10000",1,0,0,0,0
"I69849","43840","10000",1,0,0,0,0
"I69851","43821","10000",1,0,0,0,0
"I69852","43821","10000",1,0,0,0,0
"I69853","43822","10000",1,0,0,0,0
"I69854","43822","10000",1,0,0,0,0
"I69859","43820","10000",1,0,0,0,0
"I69861","43851","10000",1,0,0,0,0
"I69862","43851","10000",1,0,0,0,0
"I69863","43852","10000",1,0,0,0,0
"I69864","43852","10000",1,0,0,0,0
"I69865","43853","10000",1,0,0,0,0
"I69869","43850","10000",1,0,0,0,0
"I69890","43881","10000",1,0,0,0,0
"I69891","43882","10000",1,0,0,0,0
"I69892","43883","10000",1,0,0,0,0
"I69893","43884","10000",1,0,0,0,0
"I69898","43889","10000",1,0,0,0,0
"I6990","4389","10000",1,0,0,0,0
"I6991","4380","10000",1,0,0,0,0
"I69920","43811","10000",1,0,0,0,0
"I69921","43812","10000",1,0,0,0,0
"I69922","43813","10000",1,0,0,0,0
"I69923","43814","10000",1,0,0,0,0
"I69928","43810","10000",1,0,0,0,0
"I69928","43819","10000",1,0,0,0,0
"I69931","43831","10000",1,0,0,0,0
"I69932","43831","10000",1,0,0,0,0
"I69933","43832","10000",1,0,0,0,0
"I69934","43832","10000",1,0,0,0,0
"I69939","43830","10000",1,0,0,0,0
"I69941","43841","10000",1,0,0,0,0
"I69942","43841","10000",1,0,0,0,0
"I69943","43842","10000",1,0,0,0,0
"I69944","43842","10000",1,0,0,0,0
"I69949","43840","10000",1,0,0,0,0
"I69951","43821","10000",1,0,0,0,0
"I69952","43821","10000",1,0,0,0,0
"I69953","43822","10000",1,0,0,0,0
"I69954","43822","10000",1,0,0,0,0
"I69959","43820","10000",1,0,0,0,0
"I69961","43851","10000",1,0,0,0,0
"I69962","43851","10000",1,0,0,0,0
"I69963","43852","10000",1,0,0,0,0
"I69964","43852","10000",1,0,0,0,0
"I69965","43853","10000",1,0,0,0,0
"I69969","43850","10000",1,0,0,0,0
"I69990","43881","10000",1,0,0,0,0
"I69991","43882","10000",1,0,0,0,0
"I69992","43883","10000",1,0,0,0,0
"I69993","43884","10000",1,0,0,0,0
"I69998","4386","10000",1,0,0,0,0
"I69998","4387","10000",1,0,0,0,0
"I69998","43889","10000",1,0,0,0,0
"I700","4400","00000",0,0,0,0,0
"I701","4401","00000",0,0,0,0,0
"I70201","44020","10000",1,0,0,0,0
"I70202","44020","10000",1,0,0,0,0
"I70203","44020","10000",1,0,0,0,0
"I70208","44020","10000",1,0,0,0,0
"I70209","44020","10000",1,0,0,0,0
"I70211","44021","10000",1,0,0,0,0
"I70212","44021","10000",1,0,0,0,0
"I70213","44021","10000",1,0,0,0,0
"I70218","44021","10000",1,0,0,0,0
"I70219","44021","10000",1,0,0,0,0
"I70221","44022","10000",1,0,0,0,0
"I70222","44022","10000",1,0,0,0,0
"I70223","44022","10000",1,0,0,0,0
"I70228","44022","10000",1,0,0,0,0
"I70229","44022","10000",1,0,0,0,0
"I70231","44023","10111",1,0,1,1,1
"I70231","70711","10112",1,0,1,1,2
"I70232","44023","10111",1,0,1,1,1
"I70232","70712","10112",1,0,1,1,2
"I70233","44023","10111",1,0,1,1,1
"I70233","70713","10112",1,0,1,1,2
"I70234","44023","10111",1,0,1,1,1
"I70234","70714","10112",1,0,1,1,2
"I70235","44023","10111",1,0,1,1,1
"I70235","70715","10112",1,0,1,1,2
"I70238","44023","10111",1,0,1,1,1
"I70238","70719","10112",1,0,1,1,2
"I70239","44023","10111",1,0,1,1,1
"I70239","70719","10112",1,0,1,1,2
"I70241","44023","10111",1,0,1,1,1
"I70241","70711","10112",1,0,1,1,2
"I70242","44023","10111",1,0,1,1,1
"I70242","70712","10112",1,0,1,1,2
"I70243","44023","10111",1,0,1,1,1
"I70243","70713","10112",1,0,1,1,2
"I70244","44023","10111",1,0,1,1,1
"I70244","70714","10112",1,0,1,1,2
"I70245","44023","10111",1,0,1,1,1
"I70245","70715","10112",1,0,1,1,2
"I70248","44023","10111",1,0,1,1,1
"I70248","70719","10112",1,0,1,1,2
"I70249","44023","10111",1,0,1,1,1
"I70249","70719","10112",1,0,1,1,2
"I7025","44023","10111",1,0,1,1,1
"I7025","7079","10112",1,0,1,1,2
"I70261","44024","10000",1,0,0,0,0
"I70262","44024","10000",1,0,0,0,0
"I70263","44024","10000",1,0,0,0,0
"I70268","44024","10000",1,0,0,0,0
"I70269","44024","10000",1,0,0,0,0
"I70291","44029","10000",1,0,0,0,0
"I70292","44029","10000",1,0,0,0,0
"I70293","44029","10000",1,0,0,0,0
"I70298","44029","10000",1,0,0,0,0
"I70299","44029","10000",1,0,0,0,0
"I70301","44030","10000",1,0,0,0,0
"I70302","44030","10000",1,0,0,0,0
"I70303","44030","10000",1,0,0,0,0
"I70308","44030","10000",1,0,0,0,0
"I70309","44030","10000",1,0,0,0,0
"I70311","44030","10000",1,0,0,0,0
"I70312","44030","10000",1,0,0,0,0
"I70313","44030","10000",1,0,0,0,0
"I70318","44030","10000",1,0,0,0,0
"I70319","44030","10000",1,0,0,0,0
"I70321","44030","10000",1,0,0,0,0
"I70322","44030","10000",1,0,0,0,0
"I70323","44030","10000",1,0,0,0,0
"I70328","44030","10000",1,0,0,0,0
"I70329","44030","10000",1,0,0,0,0
"I70331","44030","10111",1,0,1,1,1
"I70331","70711","10112",1,0,1,1,2
"I70332","44030","10111",1,0,1,1,1
"I70332","70712","10112",1,0,1,1,2
"I70333","44030","10111",1,0,1,1,1
"I70333","70713","10112",1,0,1,1,2
"I70334","44030","10111",1,0,1,1,1
"I70334","70714","10112",1,0,1,1,2
"I70335","44030","10111",1,0,1,1,1
"I70335","70715","10112",1,0,1,1,2
"I70338","44030","10111",1,0,1,1,1
"I70338","70719","10112",1,0,1,1,2
"I70339","44030","10111",1,0,1,1,1
"I70339","70719","10112",1,0,1,1,2
"I70341","44030","10111",1,0,1,1,1
"I70341","70711","10112",1,0,1,1,2
"I70342","44030","10111",1,0,1,1,1
"I70342","70712","10112",1,0,1,1,2
"I70343","44030","10111",1,0,1,1,1
"I70343","70713","10112",1,0,1,1,2
"I70344","44030","10111",1,0,1,1,1
"I70344","70714","10112",1,0,1,1,2
"I70345","44030","10111",1,0,1,1,1
"I70345","70715","10112",1,0,1,1,2
"I70348","44030","10111",1,0,1,1,1
"I70348","70719","10112",1,0,1,1,2
"I70349","44030","10111",1,0,1,1,1
"I70349","70719","10112",1,0,1,1,2
"I7035","44030","10111",1,0,1,1,1
"I7035","7079","10112",1,0,1,1,2
"I70361","44030","10111",1,0,1,1,1
"I70361","7854","10112",1,0,1,1,2
"I70362","44030","10111",1,0,1,1,1
"I70362","7854","10112",1,0,1,1,2
"I70363","44030","10111",1,0,1,1,1
"I70363","7854","10112",1,0,1,1,2
"I70368","44030","10111",1,0,1,1,1
"I70368","7854","10112",1,0,1,1,2
"I70369","44030","10111",1,0,1,1,1
"I70369","7854","10112",1,0,1,1,2
"I70391","44030","10000",1,0,0,0,0
"I70392","44030","10000",1,0,0,0,0
"I70393","44030","10000",1,0,0,0,0
"I70398","44030","10000",1,0,0,0,0
"I70399","44030","10000",1,0,0,0,0
"I70401","44031","10000",1,0,0,0,0
"I70402","44031","10000",1,0,0,0,0
"I70403","44031","10000",1,0,0,0,0
"I70408","44031","10000",1,0,0,0,0
"I70409","44031","10000",1,0,0,0,0
"I70411","44031","10000",1,0,0,0,0
"I70412","44031","10000",1,0,0,0,0
"I70413","44031","10000",1,0,0,0,0
"I70418","44031","10000",1,0,0,0,0
"I70419","44031","10000",1,0,0,0,0
"I70421","44031","10000",1,0,0,0,0
"I70422","44031","10000",1,0,0,0,0
"I70423","44031","10000",1,0,0,0,0
"I70428","44031","10000",1,0,0,0,0
"I70429","44031","10000",1,0,0,0,0
"I70431","44031","10111",1,0,1,1,1
"I70431","70711","10112",1,0,1,1,2
"I70432","44031","10111",1,0,1,1,1
"I70432","70712","10112",1,0,1,1,2
"I70433","44031","10111",1,0,1,1,1
"I70433","70713","10112",1,0,1,1,2
"I70434","44031","10111",1,0,1,1,1
"I70434","70714","10112",1,0,1,1,2
"I70435","44031","10111",1,0,1,1,1
"I70435","70715","10112",1,0,1,1,2
"I70438","44031","10111",1,0,1,1,1
"I70438","70719","10112",1,0,1,1,2
"I70439","44031","10111",1,0,1,1,1
"I70439","70719","10112",1,0,1,1,2
"I70441","44031","10111",1,0,1,1,1
"I70441","70711","10112",1,0,1,1,2
"I70442","44031","10111",1,0,1,1,1
"I70442","70712","10112",1,0,1,1,2
"I70443","44031","10111",1,0,1,1,1
"I70443","70713","10112",1,0,1,1,2
"I70444","44031","10111",1,0,1,1,1
"I70444","70714","10112",1,0,1,1,2
"I70445","44031","10111",1,0,1,1,1
"I70445","70715","10112",1,0,1,1,2
"I70448","44031","10111",1,0,1,1,1
"I70448","70719","10112",1,0,1,1,2
"I70449","44031","10111",1,0,1,1,1
"I70449","70719","10112",1,0,1,1,2
"I7045","44031","10111",1,0,1,1,1
"I7045","7079","10112",1,0,1,1,2
"I70461","44031","10111",1,0,1,1,1
"I70461","7854","10112",1,0,1,1,2
"I70462","44031","10111",1,0,1,1,1
"I70462","7854","10112",1,0,1,1,2
"I70463","44031","10111",1,0,1,1,1
"I70463","7854","10112",1,0,1,1,2
"I70468","44031","10111",1,0,1,1,1
"I70468","7854","10112",1,0,1,1,2
"I70469","44031","10111",1,0,1,1,1
"I70469","7854","10112",1,0,1,1,2
"I70491","44031","10000",1,0,0,0,0
"I70492","44031","10000",1,0,0,0,0
"I70493","44031","10000",1,0,0,0,0
"I70498","44031","10000",1,0,0,0,0
"I70499","44031","10000",1,0,0,0,0
"I70501","44032","10000",1,0,0,0,0
"I70502","44032","10000",1,0,0,0,0
"I70503","44032","10000",1,0,0,0,0
"I70508","44032","10000",1,0,0,0,0
"I70509","44032","10000",1,0,0,0,0
"I70511","44032","10000",1,0,0,0,0
"I70512","44032","10000",1,0,0,0,0
"I70513","44032","10000",1,0,0,0,0
"I70518","44032","10000",1,0,0,0,0
"I70519","44032","10000",1,0,0,0,0
"I70521","44032","10000",1,0,0,0,0
"I70522","44032","10000",1,0,0,0,0
"I70523","44032","10000",1,0,0,0,0
"I70528","44032","10000",1,0,0,0,0
"I70529","44032","10000",1,0,0,0,0
"I70531","44032","10111",1,0,1,1,1
"I70531","70711","10112",1,0,1,1,2
"I70532","44032","10111",1,0,1,1,1
"I70532","70712","10112",1,0,1,1,2
"I70533","44032","10111",1,0,1,1,1
"I70533","70713","10112",1,0,1,1,2
"I70534","44032","10111",1,0,1,1,1
"I70534","70714","10112",1,0,1,1,2
"I70535","44032","10111",1,0,1,1,1
"I70535","70715","10112",1,0,1,1,2
"I70538","44032","10111",1,0,1,1,1
"I70538","70719","10112",1,0,1,1,2
"I70539","44032","10111",1,0,1,1,1
"I70539","70719","10112",1,0,1,1,2
"I70541","44032","10111",1,0,1,1,1
"I70541","70711","10112",1,0,1,1,2
"I70542","44032","10111",1,0,1,1,1
"I70542","70712","10112",1,0,1,1,2
"I70543","44032","10111",1,0,1,1,1
"I70543","70713","10112",1,0,1,1,2
"I70544","44032","10111",1,0,1,1,1
"I70544","70714","10112",1,0,1,1,2
"I70545","44032","10111",1,0,1,1,1
"I70545","70715","10112",1,0,1,1,2
"I70548","44032","10111",1,0,1,1,1
"I70548","70719","10112",1,0,1,1,2
"I70549","44032","10111",1,0,1,1,1
"I70549","70719","10112",1,0,1,1,2
"I7055","44032","10111",1,0,1,1,1
"I7055","7079","10112",1,0,1,1,2
"I70561","44032","10111",1,0,1,1,1
"I70561","7854","10112",1,0,1,1,2
"I70562","44032","10111",1,0,1,1,1
"I70562","7854","10112",1,0,1,1,2
"I70563","44032","10111",1,0,1,1,1
"I70563","7854","10112",1,0,1,1,2
"I70568","44032","10111",1,0,1,1,1
"I70568","7854","10112",1,0,1,1,2
"I70569","44032","10111",1,0,1,1,1
"I70569","7854","10112",1,0,1,1,2
"I70591","44032","10000",1,0,0,0,0
"I70592","44032","10000",1,0,0,0,0
"I70593","44032","10000",1,0,0,0,0
"I70598","44032","10000",1,0,0,0,0
"I70599","44032","10000",1,0,0,0,0
"I70601","44030","10000",1,0,0,0,0
"I70602","44030","10000",1,0,0,0,0
"I70603","44030","10000",1,0,0,0,0
"I70608","44030","10000",1,0,0,0,0
"I70609","44030","10000",1,0,0,0,0
"I70611","44030","10000",1,0,0,0,0
"I70612","44030","10000",1,0,0,0,0
"I70613","44030","10000",1,0,0,0,0
"I70618","44030","10000",1,0,0,0,0
"I70619","44030","10000",1,0,0,0,0
"I70621","44030","10000",1,0,0,0,0
"I70622","44030","10000",1,0,0,0,0
"I70623","44030","10000",1,0,0,0,0
"I70628","44030","10000",1,0,0,0,0
"I70629","44030","10000",1,0,0,0,0
"I70631","44030","10111",1,0,1,1,1
"I70631","70711","10112",1,0,1,1,2
"I70632","44030","10111",1,0,1,1,1
"I70632","70712","10112",1,0,1,1,2
"I70633","44030","10111",1,0,1,1,1
"I70633","70713","10112",1,0,1,1,2
"I70634","44030","10111",1,0,1,1,1
"I70634","70714","10112",1,0,1,1,2
"I70635","44030","10111",1,0,1,1,1
"I70635","70715","10112",1,0,1,1,2
"I70638","44030","10111",1,0,1,1,1
"I70638","70719","10112",1,0,1,1,2
"I70639","44030","10111",1,0,1,1,1
"I70639","70719","10112",1,0,1,1,2
"I70641","44030","10111",1,0,1,1,1
"I70641","70711","10112",1,0,1,1,2
"I70642","44030","10111",1,0,1,1,1
"I70642","70712","10112",1,0,1,1,2
"I70643","44030","10111",1,0,1,1,1
"I70643","70713","10112",1,0,1,1,2
"I70644","44030","10111",1,0,1,1,1
"I70644","70714","10112",1,0,1,1,2
"I70645","44030","10111",1,0,1,1,1
"I70645","70715","10112",1,0,1,1,2
"I70648","44030","10111",1,0,1,1,1
"I70648","70719","10112",1,0,1,1,2
"I70649","44030","10111",1,0,1,1,1
"I70649","70719","10112",1,0,1,1,2
"I7065","44030","10111",1,0,1,1,1
"I7065","7079","10112",1,0,1,1,2
"I70661","44030","10111",1,0,1,1,1
"I70661","7854","10112",1,0,1,1,2
"I70662","44030","10111",1,0,1,1,1
"I70662","7854","10112",1,0,1,1,2
"I70663","44030","10111",1,0,1,1,1
"I70663","7854","10112",1,0,1,1,2
"I70668","44030","10111",1,0,1,1,1
"I70668","7854","10112",1,0,1,1,2
"I70669","44030","10111",1,0,1,1,1
"I70669","7854","10112",1,0,1,1,2
"I70691","44030","10000",1,0,0,0,0
"I70692","44030","10000",1,0,0,0,0
"I70693","44030","10000",1,0,0,0,0
"I70698","44030","10000",1,0,0,0,0
"I70699","44030","10000",1,0,0,0,0
"I70701","44030","10000",1,0,0,0,0
"I70702","44030","10000",1,0,0,0,0
"I70703","44030","10000",1,0,0,0,0
"I70708","44030","10000",1,0,0,0,0
"I70709","44030","10000",1,0,0,0,0
"I70711","44030","10000",1,0,0,0,0
"I70712","44030","10000",1,0,0,0,0
"I70713","44030","10000",1,0,0,0,0
"I70718","44030","10000",1,0,0,0,0
"I70719","44030","10000",1,0,0,0,0
"I70721","44030","10000",1,0,0,0,0
"I70722","44030","10000",1,0,0,0,0
"I70723","44030","10000",1,0,0,0,0
"I70728","44030","10000",1,0,0,0,0
"I70729","44030","10000",1,0,0,0,0
"I70731","44030","10111",1,0,1,1,1
"I70731","70711","10112",1,0,1,1,2
"I70732","44030","10111",1,0,1,1,1
"I70732","70712","10112",1,0,1,1,2
"I70733","44030","10111",1,0,1,1,1
"I70733","70713","10112",1,0,1,1,2
"I70734","44030","10111",1,0,1,1,1
"I70734","70714","10112",1,0,1,1,2
"I70735","44030","10111",1,0,1,1,1
"I70735","70715","10112",1,0,1,1,2
"I70738","44030","10111",1,0,1,1,1
"I70738","70719","10112",1,0,1,1,2
"I70739","44030","10111",1,0,1,1,1
"I70739","70719","10112",1,0,1,1,2
"I70741","44030","10111",1,0,1,1,1
"I70741","70711","10112",1,0,1,1,2
"I70742","44030","10111",1,0,1,1,1
"I70742","70712","10112",1,0,1,1,2
"I70743","44030","10111",1,0,1,1,1
"I70743","70713","10112",1,0,1,1,2
"I70744","44030","10111",1,0,1,1,1
"I70744","70714","10112",1,0,1,1,2
"I70745","44030","10111",1,0,1,1,1
"I70745","70715","10112",1,0,1,1,2
"I70748","44030","10111",1,0,1,1,1
"I70748","70719","10112",1,0,1,1,2
"I70749","44030","10111",1,0,1,1,1
"I70749","70719","10112",1,0,1,1,2
"I7075","44030","10111",1,0,1,1,1
"I7075","7079","10112",1,0,1,1,2
"I70761","44030","10111",1,0,1,1,1
"I70761","7854","10112",1,0,1,1,2
"I70762","44030","10111",1,0,1,1,1
"I70762","7854","10112",1,0,1,1,2
"I70763","44030","10111",1,0,1,1,1
"I70763","7854","10112",1,0,1,1,2
"I70768","44030","10111",1,0,1,1,1
"I70768","7854","10112",1,0,1,1,2
"I70769","44030","10111",1,0,1,1,1
"I70769","7854","10112",1,0,1,1,2
"I70791","44030","10000",1,0,0,0,0
"I70792","44030","10000",1,0,0,0,0
"I70793","44030","10000",1,0,0,0,0
"I70798","44030","10000",1,0,0,0,0
"I70799","44030","10000",1,0,0,0,0
"I708","4408","10000",1,0,0,0,0
"I7090","4409","10000",1,0,0,0,0
"I7091","4409","10000",1,0,0,0,0
"I7092","4404","00000",0,0,0,0,0
"I7100","44100","00000",0,0,0,0,0
"I7101","44101","00000",0,0,0,0,0
"I7102","44102","00000",0,0,0,0,0
"I7103","44103","00000",0,0,0,0,0
"I711","4411","00000",0,0,0,0,0
"I712","4412","00000",0,0,0,0,0
"I713","4413","00000",0,0,0,0,0
"I714","4414","00000",0,0,0,0,0
"I715","4416","00000",0,0,0,0,0
"I716","4417","00000",0,0,0,0,0
"I718","4415","00000",0,0,0,0,0
"I719","4419","10000",1,0,0,0,0
"I720","44281","00000",0,0,0,0,0
"I721","4420","00000",0,0,0,0,0
"I722","4421","00000",0,0,0,0,0
"I723","4422","00000",0,0,0,0,0
"I724","4423","00000",0,0,0,0,0
"I728","44282","10000",1,0,0,0,0
"I728","44283","10000",1,0,0,0,0
"I728","44289","10000",1,0,0,0,0
"I729","4429","00000",0,0,0,0,0
"I7300","4430","10000",1,0,0,0,0
"I7301","4430","10111",1,0,1,1,1
"I7301","7854","10112",1,0,1,1,2
"I731","4431","00000",0,0,0,0,0
"I7381","44382","00000",0,0,0,0,0
"I7389","44389","10000",1,0,0,0,0
"I739","4439","00000",0,0,0,0,0
"I7401","44401","00000",0,0,0,0,0
"I7409","44409","10000",1,0,0,0,0
"I7410","44409","10000",1,0,0,0,0
"I7411","4441","00000",0,0,0,0,0
"I7419","44409","10000",1,0,0,0,0
"I742","44421","00000",0,0,0,0,0
"I743","44422","10000",1,0,0,0,0
"I744","44422","10000",1,0,0,0,0
"I745","44481","00000",0,0,0,0,0
"I748","44489","00000",0,0,0,0,0
"I749","4449","00000",0,0,0,0,0
"I75011","44501","10000",1,0,0,0,0
"I75012","44501","10000",1,0,0,0,0
"I75013","44501","10000",1,0,0,0,0
"I75019","44501","10000",1,0,0,0,0
"I75021","44502","10000",1,0,0,0,0
"I75022","44502","10000",1,0,0,0,0
"I75023","44502","10000",1,0,0,0,0
"I75029","44502","10000",1,0,0,0,0
"I7581","44581","00000",0,0,0,0,0
"I7589","44589","00000",0,0,0,0,0
"I76","449","00000",0,0,0,0,0
"I770","4470","00000",0,0,0,0,0
"I771","4471","00000",0,0,0,0,0
"I772","4472","00000",0,0,0,0,0
"I773","4473","10000",1,0,0,0,0
"I773","4478","10000",1,0,0,0,0
"I774","4474","00000",0,0,0,0,0
"I775","4475","10000",1,0,0,0,0
"I776","4476","00000",0,0,0,0,0
"I7771","44321","00000",0,0,0,0,0
"I7772","44322","00000",0,0,0,0,0
"I7773","44323","00000",0,0,0,0,0
"I7774","44324","00000",0,0,0,0,0
"I7779","44329","10000",1,0,0,0,0
"I77810","44771","00000",0,0,0,0,0
"I77811","44772","00000",0,0,0,0,0
"I77812","44773","00000",0,0,0,0,0
"I77819","44770","00000",0,0,0,0,0
"I7789","4478","10000",1,0,0,0,0
"I779","4479","00000",0,0,0,0,0
"I780","4480","00000",0,0,0,0,0
"I781","4481","00000",0,0,0,0,0
"I788","4489","10000",1,0,0,0,0
"I789","4489","10000",1,0,0,0,0
"I790","4419","10000",1,0,0,0,0
"I791","44381","10000",1,0,0,0,0
"I798","44381","10000",1,0,0,0,0
"I8000","4510","10000",1,0,0,0,0
"I8001","4510","10000",1,0,0,0,0
"I8002","4510","10000",1,0,0,0,0
"I8003","4510","10000",1,0,0,0,0
"I8010","45111","10000",1,0,0,0,0
"I8011","45111","10000",1,0,0,0,0
"I8012","45111","10000",1,0,0,0,0
"I8013","45111","10000",1,0,0,0,0
"I80201","45119","10000",1,0,0,0,0
"I80202","45119","10000",1,0,0,0,0
"I80203","45119","10000",1,0,0,0,0
"I80209","45119","10000",1,0,0,0,0
"I80211","45181","10000",1,0,0,0,0
"I80212","45181","10000",1,0,0,0,0
"I80213","45181","10000",1,0,0,0,0
"I80219","45181","10000",1,0,0,0,0
"I80221","45119","10000",1,0,0,0,0
"I80222","45119","10000",1,0,0,0,0
"I80223","45119","10000",1,0,0,0,0
"I80229","45119","10000",1,0,0,0,0
"I80231","45119","10000",1,0,0,0,0
"I80232","45119","10000",1,0,0,0,0
"I80233","45119","10000",1,0,0,0,0
"I80239","45119","10000",1,0,0,0,0
"I80291","45119","10000",1,0,0,0,0
"I80292","45119","10000",1,0,0,0,0
"I80293","45119","10000",1,0,0,0,0
"I80299","45119","10000",1,0,0,0,0
"I803","4512","00000",0,0,0,0,0
"I808","45189","10000",1,0,0,0,0
"I809","4519","00000",0,0,0,0,0
"I81","452","00000",0,0,0,0,0
"I820","4530","00000",0,0,0,0,0
"I821","4531","00000",0,0,0,0,0
"I82210","45387","10000",1,0,0,0,0
"I82211","45377","10000",1,0,0,0,0
"I82220","4532","10000",1,0,0,0,0
"I82221","4532","10000",1,0,0,0,0
"I82290","45387","10000",1,0,0,0,0
"I82291","45377","10000",1,0,0,0,0
"I823","4533","00000",0,0,0,0,0
"I82401","45340","10000",1,0,0,0,0
"I82402","45340","10000",1,0,0,0,0
"I82403","45340","10000",1,0,0,0,0
"I82409","45340","10000",1,0,0,0,0
"I82411","45341","10000",1,0,0,0,0
"I82412","45341","10000",1,0,0,0,0
"I82413","45341","10000",1,0,0,0,0
"I82419","45341","10000",1,0,0,0,0
"I82421","45341","10000",1,0,0,0,0
"I82422","45341","10000",1,0,0,0,0
"I82423","45341","10000",1,0,0,0,0
"I82429","45341","10000",1,0,0,0,0
"I82431","45341","10000",1,0,0,0,0
"I82432","45341","10000",1,0,0,0,0
"I82433","45341","10000",1,0,0,0,0
"I82439","45341","10000",1,0,0,0,0
"I82441","45342","10000",1,0,0,0,0
"I82442","45342","10000",1,0,0,0,0
"I82443","45342","10000",1,0,0,0,0
"I82449","45342","10000",1,0,0,0,0
"I82491","45342","10000",1,0,0,0,0
"I82492","45342","10000",1,0,0,0,0
"I82493","45342","10000",1,0,0,0,0
"I82499","45342","10000",1,0,0,0,0
"I824Y1","45341","10000",1,0,0,0,0
"I824Y2","45341","10000",1,0,0,0,0
"I824Y3","45341","10000",1,0,0,0,0
"I824Y9","45341","10000",1,0,0,0,0
"I824Z1","45342","10000",1,0,0,0,0
"I824Z2","45342","10000",1,0,0,0,0
"I824Z3","45342","10000",1,0,0,0,0
"I824Z9","45342","10000",1,0,0,0,0
"I82501","45350","10000",1,0,0,0,0
"I82502","45350","10000",1,0,0,0,0
"I82503","45350","10000",1,0,0,0,0
"I82509","45350","10000",1,0,0,0,0
"I82511","45351","10000",1,0,0,0,0
"I82512","45351","10000",1,0,0,0,0
"I82513","45351","10000",1,0,0,0,0
"I82519","45351","10000",1,0,0,0,0
"I82521","45351","10000",1,0,0,0,0
"I82522","45351","10000",1,0,0,0,0
"I82523","45351","10000",1,0,0,0,0
"I82529","45351","10000",1,0,0,0,0
"I82531","45351","10000",1,0,0,0,0
"I82532","45351","10000",1,0,0,0,0
"I82533","45351","10000",1,0,0,0,0
"I82539","45351","10000",1,0,0,0,0
"I82541","45352","10000",1,0,0,0,0
"I82542","45352","10000",1,0,0,0,0
"I82543","45352","10000",1,0,0,0,0
"I82549","45352","10000",1,0,0,0,0
"I82591","45350","10000",1,0,0,0,0
"I82592","45350","10000",1,0,0,0,0
"I82593","45350","10000",1,0,0,0,0
"I82599","45350","10000",1,0,0,0,0
"I825Y1","45351","10000",1,0,0,0,0
"I825Y2","45351","10000",1,0,0,0,0
"I825Y3","45351","10000",1,0,0,0,0
"I825Y9","45351","10000",1,0,0,0,0
"I825Z1","45352","10000",1,0,0,0,0
"I825Z2","45352","10000",1,0,0,0,0
"I825Z3","45352","10000",1,0,0,0,0
"I825Z9","45352","10000",1,0,0,0,0
"I82601","45383","10000",1,0,0,0,0
"I82602","45383","10000",1,0,0,0,0
"I82603","45383","10000",1,0,0,0,0
"I82609","45383","10000",1,0,0,0,0
"I82611","45381","10000",1,0,0,0,0
"I82612","45381","10000",1,0,0,0,0
"I82613","45381","10000",1,0,0,0,0
"I82619","45381","10000",1,0,0,0,0
"I82621","45382","10000",1,0,0,0,0
"I82622","45382","10000",1,0,0,0,0
"I82623","45382","10000",1,0,0,0,0
"I82629","45382","10000",1,0,0,0,0
"I82701","45373","10000",1,0,0,0,0
"I82702","45373","10000",1,0,0,0,0
"I82703","45373","10000",1,0,0,0,0
"I82709","45373","10000",1,0,0,0,0
"I82711","45371","10000",1,0,0,0,0
"I82712","45371","10000",1,0,0,0,0
"I82713","45371","10000",1,0,0,0,0
"I82719","45371","10000",1,0,0,0,0
"I82721","45372","10000",1,0,0,0,0
"I82722","45372","10000",1,0,0,0,0
"I82723","45372","10000",1,0,0,0,0
"I82729","45372","10000",1,0,0,0,0
"I82811","4536","10000",1,0,0,0,0
"I82812","4536","10000",1,0,0,0,0
"I82813","4536","10000",1,0,0,0,0
"I82819","4536","10000",1,0,0,0,0
"I82890","45389","10000",1,0,0,0,0
"I82891","45379","10000",1,0,0,0,0
"I8290","45389","10000",1,0,0,0,0
"I8291","45379","10000",1,0,0,0,0
"I82A11","45384","10000",1,0,0,0,0
"I82A12","45384","10000",1,0,0,0,0
"I82A13","45384","10000",1,0,0,0,0
"I82A19","45384","10000",1,0,0,0,0
"I82A21","45374","10000",1,0,0,0,0
"I82A22","45374","10000",1,0,0,0,0
"I82A23","45374","10000",1,0,0,0,0
"I82A29","45374","10000",1,0,0,0,0
"I82B11","45385","10000",1,0,0,0,0
"I82B12","45385","10000",1,0,0,0,0
"I82B13","45385","10000",1,0,0,0,0
"I82B19","45385","10000",1,0,0,0,0
"I82B21","45375","10000",1,0,0,0,0
"I82B22","45375","10000",1,0,0,0,0
"I82B23","45375","10000",1,0,0,0,0
"I82B29","45375","10000",1,0,0,0,0
"I82C11","45386","10000",1,0,0,0,0
"I82C12","45386","10000",1,0,0,0,0
"I82C13","45386","10000",1,0,0,0,0
"I82C19","45386","10000",1,0,0,0,0
"I82C21","45376","10000",1,0,0,0,0
"I82C22","45376","10000",1,0,0,0,0
"I82C23","45376","10000",1,0,0,0,0
"I82C29","45376","10000",1,0,0,0,0
"I83001","4540","10000",1,0,0,0,0
"I83002","4540","10000",1,0,0,0,0
"I83003","4540","10000",1,0,0,0,0
"I83004","4540","10000",1,0,0,0,0
"I83005","4540","10000",1,0,0,0,0
"I83008","4540","10000",1,0,0,0,0
"I83009","4540","10000",1,0,0,0,0
"I83011","4540","10000",1,0,0,0,0
"I83012","4540","10000",1,0,0,0,0
"I83013","4540","10000",1,0,0,0,0
"I83014","4540","10000",1,0,0,0,0
"I83015","4540","10000",1,0,0,0,0
"I83018","4540","10000",1,0,0,0,0
"I83019","4540","10000",1,0,0,0,0
"I83021","4540","10000",1,0,0,0,0
"I83022","4540","10000",1,0,0,0,0
"I83023","4540","10000",1,0,0,0,0
"I83024","4540","10000",1,0,0,0,0
"I83025","4540","10000",1,0,0,0,0
"I83028","4540","10000",1,0,0,0,0
"I83029","4540","10000",1,0,0,0,0
"I8310","4541","10000",1,0,0,0,0
"I8311","4541","10000",1,0,0,0,0
"I8312","4541","10000",1,0,0,0,0
"I83201","4542","10000",1,0,0,0,0
"I83202","4542","10000",1,0,0,0,0
"I83203","4542","10000",1,0,0,0,0
"I83204","4542","10000",1,0,0,0,0
"I83205","4542","10000",1,0,0,0,0
"I83208","4542","10000",1,0,0,0,0
"I83209","4542","10000",1,0,0,0,0
"I83211","4542","10000",1,0,0,0,0
"I83212","4542","10000",1,0,0,0,0
"I83213","4542","10000",1,0,0,0,0
"I83214","4542","10000",1,0,0,0,0
"I83215","4542","10000",1,0,0,0,0
"I83218","4542","10000",1,0,0,0,0
"I83219","4542","10000",1,0,0,0,0
"I83221","4542","10000",1,0,0,0,0
"I83222","4542","10000",1,0,0,0,0
"I83223","4542","10000",1,0,0,0,0
"I83224","4542","10000",1,0,0,0,0
"I83225","4542","10000",1,0,0,0,0
"I83228","4542","10000",1,0,0,0,0
"I83229","4542","10000",1,0,0,0,0
"I83811","4548","10000",1,0,0,0,0
"I83812","4548","10000",1,0,0,0,0
"I83813","4548","10000",1,0,0,0,0
"I83819","4548","10000",1,0,0,0,0
"I83891","4548","10000",1,0,0,0,0
"I83892","4548","10000",1,0,0,0,0
"I83893","4548","10000",1,0,0,0,0
"I83899","4548","10000",1,0,0,0,0
"I8390","4549","10000",1,0,0,0,0
"I8391","4549","10000",1,0,0,0,0
"I8392","4549","10000",1,0,0,0,0
"I8393","4549","10000",1,0,0,0,0
"I8500","4561","00000",0,0,0,0,0
"I8501","4560","00000",0,0,0,0,0
"I8510","45621","00000",0,0,0,0,0
"I8511","45620","00000",0,0,0,0,0
"I860","4563","00000",0,0,0,0,0
"I861","4564","00000",0,0,0,0,0
"I862","4565","00000",0,0,0,0,0
"I863","4566","00000",0,0,0,0,0
"I864","4568","10000",1,0,0,0,0
"I868","4568","10000",1,0,0,0,0
"I87001","45910","10000",1,0,0,0,0
"I87002","45910","10000",1,0,0,0,0
"I87003","45910","10000",1,0,0,0,0
"I87009","45910","10000",1,0,0,0,0
"I87011","45911","10000",1,0,0,0,0
"I87012","45911","10000",1,0,0,0,0
"I87013","45911","10000",1,0,0,0,0
"I87019","45911","10000",1,0,0,0,0
"I87021","45912","10000",1,0,0,0,0
"I87022","45912","10000",1,0,0,0,0
"I87023","45912","10000",1,0,0,0,0
"I87029","45912","10000",1,0,0,0,0
"I87031","45913","10000",1,0,0,0,0
"I87032","45913","10000",1,0,0,0,0
"I87033","45913","10000",1,0,0,0,0
"I87039","45913","10000",1,0,0,0,0
"I87091","45919","10000",1,0,0,0,0
"I87092","45919","10000",1,0,0,0,0
"I87093","45919","10000",1,0,0,0,0
"I87099","45919","10000",1,0,0,0,0
"I871","4592","00000",0,0,0,0,0
"I872","45981","10000",1,0,0,0,0
"I87301","45930","10000",1,0,0,0,0
"I87302","45930","10000",1,0,0,0,0
"I87303","45930","10000",1,0,0,0,0
"I87309","45930","10000",1,0,0,0,0
"I87311","45931","10000",1,0,0,0,0
"I87312","45931","10000",1,0,0,0,0
"I87313","45931","10000",1,0,0,0,0
"I87319","45931","10000",1,0,0,0,0
"I87321","45932","10000",1,0,0,0,0
"I87322","45932","10000",1,0,0,0,0
"I87323","45932","10000",1,0,0,0,0
"I87329","45932","10000",1,0,0,0,0
"I87331","45933","10000",1,0,0,0,0
"I87332","45933","10000",1,0,0,0,0
"I87333","45933","10000",1,0,0,0,0
"I87339","45933","10000",1,0,0,0,0
"I87391","45939","10000",1,0,0,0,0
"I87392","45939","10000",1,0,0,0,0
"I87393","45939","10000",1,0,0,0,0
"I87399","45939","10000",1,0,0,0,0
"I878","45989","10000",1,0,0,0,0
"I879","45981","10000",1,0,0,0,0
"I880","2892","00000",0,0,0,0,0
"I881","2891","00000",0,0,0,0,0
"I888","2893","10000",1,0,0,0,0
"I889","2893","10000",1,0,0,0,0
"I890","4571","00000",0,0,0,0,0
"I891","4572","00000",0,0,0,0,0
"I898","4578","00000",0,0,0,0,0
"I899","4579","00000",0,0,0,0,0
"I950","4581","10000",1,0,0,0,0
"I951","4580","00000",0,0,0,0,0
"I952","45829","10000",1,0,0,0,0
"I953","45821","00000",0,0,0,0,0
"I9581","45829","10000",1,0,0,0,0
"I9589","4581","10000",1,0,0,0,0
"I9589","4588","10000",1,0,0,0,0
"I959","4589","00000",0,0,0,0,0
"I96","7854","10000",1,0,0,0,0
"I970","4294","10000",1,0,0,0,0
"I97110","4294","10000",1,0,0,0,0
"I97110","4294","10112",1,0,1,1,2
"I97110","9971","10111",1,0,1,1,1
"I97111","4294","10000",1,0,0,0,0
"I97111","4294","10112",1,0,1,1,2
"I97111","9971","10111",1,0,1,1,1
"I97120","4294","10000",1,0,0,0,0
"I97120","4294","10112",1,0,1,1,2
"I97120","9971","10111",1,0,1,1,1
"I97121","4294","10000",1,0,0,0,0
"I97121","4294","10112",1,0,1,1,2
"I97121","9971","10111",1,0,1,1,1
"I97130","4294","10000",1,0,0,0,0
"I97130","4294","10112",1,0,1,1,2
"I97130","9971","10111",1,0,1,1,1
"I97131","4294","10000",1,0,0,0,0
"I97131","4294","10112",1,0,1,1,2
"I97131","9971","10111",1,0,1,1,1
"I97190","4294","10000",1,0,0,0,0
"I97190","4294","10112",1,0,1,1,2
"I97190","9971","10111",1,0,1,1,1
"I97191","4294","10000",1,0,0,0,0
"I97191","4294","10112",1,0,1,1,2
"I97191","9971","10111",1,0,1,1,1
"I972","4570","00000",0,0,0,0,0
"I973","99791","00000",0,0,0,0,0
"I97410","99811","10000",1,0,0,0,0
"I97410","99812","10000",1,0,0,0,0
"I97411","99811","10000",1,0,0,0,0
"I97411","99812","10000",1,0,0,0,0
"I97418","99811","10000",1,0,0,0,0
"I97418","99812","10000",1,0,0,0,0
"I9742","99811","10000",1,0,0,0,0
"I9742","99812","10000",1,0,0,0,0
"I9751","9982","10000",1,0,0,0,0
"I9752","9982","10000",1,0,0,0,0
"I97610","99811","10000",1,0,0,0,0
"I97610","99812","10000",1,0,0,0,0
"I97611","99811","10000",1,0,0,0,0
"I97611","99812","10000",1,0,0,0,0
"I97618","99811","10000",1,0,0,0,0
"I97618","99812","10000",1,0,0,0,0
"I9762","99811","10000",1,0,0,0,0
"I9762","99812","10000",1,0,0,0,0
"I97710","9971","10000",1,0,0,0,0
"I97711","9971","10000",1,0,0,0,0
"I97790","9971","10000",1,0,0,0,0
"I97791","9971","10000",1,0,0,0,0
"I97810","99702","10000",1,0,0,0,0
"I97811","99702","10000",1,0,0,0,0
"I97820","99702","10000",1,0,0,0,0
"I97821","99702","10000",1,0,0,0,0
"I9788","9971","10000",1,0,0,0,0
"I9789","9971","10000",1,0,0,0,0
"I998","45989","10000",1,0,0,0,0
"I999","4599","00000",0,0,0,0,0
"J00","460","00000",0,0,0,0,0
"J0100","4610","10000",1,0,0,0,0
"J0101","4610","10000",1,0,0,0,0
"J0110","4611","10000",1,0,0,0,0
"J0111","4611","10000",1,0,0,0,0
"J0120","4612","10000",1,0,0,0,0
"J0121","4612","10000",1,0,0,0,0
"J0130","4613","10000",1,0,0,0,0
"J0131","4613","10000",1,0,0,0,0
"J0140","4618","10000",1,0,0,0,0
"J0141","4618","10000",1,0,0,0,0
"J0180","4618","10000",1,0,0,0,0
"J0181","4618","10000",1,0,0,0,0
"J0190","4619","10000",1,0,0,0,0
"J0191","4619","10000",1,0,0,0,0
"J020","0340","10000",1,0,0,0,0
"J028","462","10000",1,0,0,0,0
"J029","462","10000",1,0,0,0,0
"J0300","0340","10000",1,0,0,0,0
"J0301","0340","10000",1,0,0,0,0
"J0380","463","10000",1,0,0,0,0
"J0381","463","10000",1,0,0,0,0
"J0390","463","10000",1,0,0,0,0
"J0391","463","10000",1,0,0,0,0
"J040","46400","00000",0,0,0,0,0
"J0410","46410","00000",0,0,0,0,0
"J0411","46411","00000",0,0,0,0,0
"J042","46420","00000",0,0,0,0,0
"J0430","46450","00000",0,0,0,0,0
"J0431","46451","00000",0,0,0,0,0
"J050","46401","10000",1,0,0,0,0
"J050","46421","10000",1,0,0,0,0
"J050","4644","10000",1,0,0,0,0
"J0510","46430","00000",0,0,0,0,0
"J0511","46431","00000",0,0,0,0,0
"J060","4650","00000",0,0,0,0,0
"J069","4658","10000",1,0,0,0,0
"J069","4659","10000",1,0,0,0,0
"J09X1","48801","10000",1,0,0,0,0
"J09X1","48881","10000",1,0,0,0,0
"J09X2","48802","10000",1,0,0,0,0
"J09X2","48882","10000",1,0,0,0,0
"J09X3","48809","10000",1,0,0,0,0
"J09X3","48889","10000",1,0,0,0,0
"J09X9","48809","10000",1,0,0,0,0
"J09X9","48819","10000",1,0,0,0,0
"J09X9","48889","10000",1,0,0,0,0
"J1000","4870","10000",1,0,0,0,0
"J1001","4871","10000",1,0,0,0,0
"J1008","4870","10000",1,0,0,0,0
"J1008","48811","10000",1,0,0,0,0
"J101","4871","10000",1,0,0,0,0
"J101","48812","10000",1,0,0,0,0
"J102","4878","10000",1,0,0,0,0
"J1081","4878","10000",1,0,0,0,0
"J1082","4878","10000",1,0,0,0,0
"J1083","4878","10000",1,0,0,0,0
"J1089","4878","10000",1,0,0,0,0
"J1100","4870","10000",1,0,0,0,0
"J1108","4870","10000",1,0,0,0,0
"J111","4871","10000",1,0,0,0,0
"J112","4878","10000",1,0,0,0,0
"J1181","4878","10000",1,0,0,0,0
"J1182","4878","10000",1,0,0,0,0
"J1183","4878","10000",1,0,0,0,0
"J1189","4878","10000",1,0,0,0,0
"J120","4800","00000",0,0,0,0,0
"J121","4801","00000",0,0,0,0,0
"J122","4802","00000",0,0,0,0,0
"J123","4808","10000",1,0,0,0,0
"J1281","4803","00000",0,0,0,0,0
"J1289","4808","10000",1,0,0,0,0
"J129","4809","10000",1,0,0,0,0
"J129","4870","10000",1,0,0,0,0
"J13","481","10000",1,0,0,0,0
"J14","4822","00000",0,0,0,0,0
"J150","4820","00000",0,0,0,0,0
"J151","4821","00000",0,0,0,0,0
"J1520","48240","00000",0,0,0,0,0
"J15211","48241","00000",0,0,0,0,0
"J15212","48242","00000",0,0,0,0,0
"J1529","48249","00000",0,0,0,0,0
"J153","48232","00000",0,0,0,0,0
"J154","48231","10000",1,0,0,0,0
"J154","48239","10000",1,0,0,0,0
"J155","48282","00000",0,0,0,0,0
"J156","48283","00000",0,0,0,0,0
"J157","4830","00000",0,0,0,0,0
"J158","48281","10000",1,0,0,0,0
"J158","48289","10000",1,0,0,0,0
"J159","4829","00000",0,0,0,0,0
"J160","4831","00000",0,0,0,0,0
"J168","4838","00000",0,0,0,0,0
"J17","4847","10000",1,0,0,0,0
"J17","4848","10000",1,0,0,0,0
"J17","5171","10000",1,0,0,0,0
"J180","485","00000",0,0,0,0,0
"J181","481","10000",1,0,0,0,0
"J182","514","10000",1,0,0,0,0
"J188","486","10000",1,0,0,0,0
"J189","486","10000",1,0,0,0,0
"J200","04181","10112",1,0,1,1,2
"J200","4660","10111",1,0,1,1,1
"J201","0415","10112",1,0,1,1,2
"J201","4660","10111",1,0,1,1,1
"J202","04100","10112",1,0,1,1,2
"J202","4660","10111",1,0,1,1,1
"J203","0792","10112",1,0,1,1,2
"J203","4660","10111",1,0,1,1,1
"J204","07989","10112",1,0,1,1,2
"J204","4660","10111",1,0,1,1,1
"J205","0796","10112",1,0,1,1,2
"J205","4660","10111",1,0,1,1,1
"J206","0793","10112",1,0,1,1,2
"J206","4660","10111",1,0,1,1,1
"J207","0791","10112",1,0,1,1,2
"J207","4660","10111",1,0,1,1,1
"J208","4660","10000",1,0,0,0,0
"J209","4660","10000",1,0,0,0,0
"J210","46611","00000",0,0,0,0,0
"J211","46619","10000",1,0,0,0,0
"J218","46619","10000",1,0,0,0,0
"J219","46619","10000",1,0,0,0,0
"J22","5198","10000",1,0,0,0,0
"J300","4779","10000",1,0,0,0,0
"J301","4770","00000",0,0,0,0,0
"J302","4778","10000",1,0,0,0,0
"J305","4771","00000",0,0,0,0,0
"J3081","4772","00000",0,0,0,0,0
"J3089","4778","10000",1,0,0,0,0
"J309","4779","10000",1,0,0,0,0
"J310","4720","00000",0,0,0,0,0
"J311","4722","00000",0,0,0,0,0
"J312","4721","00000",0,0,0,0,0
"J320","4730","00000",0,0,0,0,0
"J321","4731","00000",0,0,0,0,0
"J322","4732","00000",0,0,0,0,0
"J323","4733","00000",0,0,0,0,0
"J324","4738","10000",1,0,0,0,0
"J328","4738","10000",1,0,0,0,0
"J329","4739","00000",0,0,0,0,0
"J330","4710","00000",0,0,0,0,0
"J331","4711","00000",0,0,0,0,0
"J338","4718","00000",0,0,0,0,0
"J339","4719","00000",0,0,0,0,0
"J340","47819","10000",1,0,0,0,0
"J341","47819","10000",1,0,0,0,0
"J342","470","00000",0,0,0,0,0
"J343","4780","00000",0,0,0,0,0
"J3481","47811","00000",0,0,0,0,0
"J3489","47819","10000",1,0,0,0,0
"J349","47819","10000",1,0,0,0,0
"J3501","47400","00000",0,0,0,0,0
"J3502","47401","00000",0,0,0,0,0
"J3503","47402","00000",0,0,0,0,0
"J351","47411","00000",0,0,0,0,0
"J352","47412","00000",0,0,0,0,0
"J353","47410","00000",0,0,0,0,0
"J358","4742","10000",1,0,0,0,0
"J358","4748","10000",1,0,0,0,0
"J359","4749","00000",0,0,0,0,0
"J36","475","00000",0,0,0,0,0
"J370","4760","00000",0,0,0,0,0
"J371","4761","00000",0,0,0,0,0
"J3800","47830","00000",0,0,0,0,0
"J3801","47831","10000",1,0,0,0,0
"J3801","47832","10000",1,0,0,0,0
"J3802","47833","10000",1,0,0,0,0
"J3802","47834","10000",1,0,0,0,0
"J381","4784","00000",0,0,0,0,0
"J382","4785","10000",1,0,0,0,0
"J383","4785","10000",1,0,0,0,0
"J384","4786","00000",0,0,0,0,0
"J385","47875","00000",0,0,0,0,0
"J386","47874","00000",0,0,0,0,0
"J387","47871","10000",1,0,0,0,0
"J387","47879","10000",1,0,0,0,0
"J390","47822","10000",1,0,0,0,0
"J390","47824","10000",1,0,0,0,0
"J391","47821","10000",1,0,0,0,0
"J392","47825","10000",1,0,0,0,0
"J392","47826","10000",1,0,0,0,0
"J392","47829","10000",1,0,0,0,0
"J393","4788","00000",0,0,0,0,0
"J398","4789","10000",1,0,0,0,0
"J398","51919","10000",1,0,0,0,0
"J399","4789","10000",1,0,0,0,0
"J40","490","00000",0,0,0,0,0
"J410","4910","00000",0,0,0,0,0
"J411","4911","00000",0,0,0,0,0
"J418","4918","10000",1,0,0,0,0
"J42","4919","00000",0,0,0,0,0
"J430","4928","10000",1,0,0,0,0
"J431","4928","10000",1,0,0,0,0
"J432","4928","10000",1,0,0,0,0
"J438","4928","10000",1,0,0,0,0
"J439","4920","10000",1,0,0,0,0
"J439","4928","10000",1,0,0,0,0
"J440","49122","10000",1,0,0,0,0
"J440","49321","10000",1,0,0,0,0
"J441","49121","10000",1,0,0,0,0
"J441","49322","10000",1,0,0,0,0
"J449","49120","10000",1,0,0,0,0
"J449","49320","10000",1,0,0,0,0
"J449","496","10000",1,0,0,0,0
"J4520","49300","10000",1,0,0,0,0
"J4520","49310","10000",1,0,0,0,0
"J4521","49302","10000",1,0,0,0,0
"J4521","49312","10000",1,0,0,0,0
"J4522","49301","10000",1,0,0,0,0
"J4522","49311","10000",1,0,0,0,0
"J4530","49300","10000",1,0,0,0,0
"J4530","49310","10000",1,0,0,0,0
"J4531","49302","10000",1,0,0,0,0
"J4531","49312","10000",1,0,0,0,0
"J4532","49301","10000",1,0,0,0,0
"J4532","49311","10000",1,0,0,0,0
"J4540","49300","10000",1,0,0,0,0
"J4540","49310","10000",1,0,0,0,0
"J4541","49302","10000",1,0,0,0,0
"J4541","49312","10000",1,0,0,0,0
"J4542","49301","10000",1,0,0,0,0
"J4542","49311","10000",1,0,0,0,0
"J4550","49300","10000",1,0,0,0,0
"J4550","49310","10000",1,0,0,0,0
"J4551","49302","10000",1,0,0,0,0
"J4551","49312","10000",1,0,0,0,0
"J4552","49301","10000",1,0,0,0,0
"J4552","49311","10000",1,0,0,0,0
"J45901","49392","00000",0,0,0,0,0
"J45902","49391","00000",0,0,0,0,0
"J45909","49390","10000",1,0,0,0,0
"J45990","49381","00000",0,0,0,0,0
"J45991","49382","00000",0,0,0,0,0
"J45998","49390","10000",1,0,0,0,0
"J470","4941","10000",1,0,0,0,0
"J471","4941","10000",1,0,0,0,0
"J479","4940","00000",0,0,0,0,0
"J60","500","00000",0,0,0,0,0
"J61","501","10000",1,0,0,0,0
"J620","502","10000",1,0,0,0,0
"J628","502","10000",1,0,0,0,0
"J630","503","10000",1,0,0,0,0
"J631","503","10000",1,0,0,0,0
"J632","503","10000",1,0,0,0,0
"J633","503","10000",1,0,0,0,0
"J634","503","10000",1,0,0,0,0
"J635","503","10000",1,0,0,0,0
"J636","503","10000",1,0,0,0,0
"J64","505","10000",1,0,0,0,0
"J65","505","10000",1,0,0,0,0
"J660","504","10000",1,0,0,0,0
"J661","504","10000",1,0,0,0,0
"J662","504","10000",1,0,0,0,0
"J668","504","10000",1,0,0,0,0
"J670","4950","00000",0,0,0,0,0
"J671","4951","00000",0,0,0,0,0
"J672","4952","00000",0,0,0,0,0
"J673","4953","00000",0,0,0,0,0
"J674","4954","00000",0,0,0,0,0
"J675","4955","00000",0,0,0,0,0
"J676","4956","00000",0,0,0,0,0
"J677","4957","00000",0,0,0,0,0
"J678","4958","00000",0,0,0,0,0
"J679","4959","00000",0,0,0,0,0
"J680","5060","00000",0,0,0,0,0
"J681","5061","00000",0,0,0,0,0
"J682","5062","00000",0,0,0,0,0
"J683","5063","00000",0,0,0,0,0
"J684","5064","00000",0,0,0,0,0
"J688","5069","10000",1,0,0,0,0
"J689","5069","10000",1,0,0,0,0
"J690","5070","00000",0,0,0,0,0
"J691","5071","00000",0,0,0,0,0
"J698","5078","00000",0,0,0,0,0
"J700","5080","00000",0,0,0,0,0
"J701","5081","00000",0,0,0,0,0
"J702","5088","10000",1,0,0,0,0
"J703","5088","10000",1,0,0,0,0
"J704","5088","10000",1,0,0,0,0
"J705","5082","00000",0,0,0,0,0
"J708","5088","10000",1,0,0,0,0
"J709","5089","00000",0,0,0,0,0
"J80","51882","10000",1,0,0,0,0
"J810","5184","00000",0,0,0,0,0
"J811","514","10000",1,0,0,0,0
"J82","5183","00000",0,0,0,0,0
"J8401","5160","00000",0,0,0,0,0
"J8402","5162","00000",0,0,0,0,0
"J8403","5161","00000",0,0,0,0,0
"J8409","5168","10000",1,0,0,0,0
"J8410","515","10000",1,0,0,0,0
"J84111","51630","00000",0,0,0,0,0
"J84112","51631","00000",0,0,0,0,0
"J84113","51632","00000",0,0,0,0,0
"J84114","51633","00000",0,0,0,0,0
"J84115","51634","00000",0,0,0,0,0
"J84116","51636","00000",0,0,0,0,0
"J84117","51637","00000",0,0,0,0,0
"J8417","515","10000",1,0,0,0,0
"J842","51635","00000",0,0,0,0,0
"J8481","5164","00000",0,0,0,0,0
"J8482","5165","00000",0,0,0,0,0
"J8483","51663","00000",0,0,0,0,0
"J84841","51661","00000",0,0,0,0,0
"J84842","51662","00000",0,0,0,0,0
"J84843","51664","00000",0,0,0,0,0
"J84848","51669","00000",0,0,0,0,0
"J8489","515","10000",1,0,0,0,0
"J849","5169","10000",1,0,0,0,0
"J850","5130","10000",1,0,0,0,0
"J851","5130","10000",1,0,0,0,0
"J852","5130","10000",1,0,0,0,0
"J853","5131","00000",0,0,0,0,0
"J860","5100","10000",1,0,0,0,0
"J860","53084","10000",1,0,0,0,0
"J869","5109","10000",1,0,0,0,0
"J869","5110","10000",1,0,0,0,0
"J90","5111","10000",1,0,0,0,0
"J90","51189","10000",1,0,0,0,0
"J910","51181","00000",0,0,0,0,0
"J918","5119","10000",1,0,0,0,0
"J920","5110","10000",1,0,0,0,0
"J929","5110","10000",1,0,0,0,0
"J930","5120","00000",0,0,0,0,0
"J9311","51281","00000",0,0,0,0,0
"J9312","51282","00000",0,0,0,0,0
"J9381","51283","00000",0,0,0,0,0
"J9382","51284","00000",0,0,0,0,0
"J9383","51289","10000",1,0,0,0,0
"J939","51289","10000",1,0,0,0,0
"J940","51189","10000",1,0,0,0,0
"J941","5110","10000",1,0,0,0,0
"J942","5111","10000",1,0,0,0,0
"J942","51189","10000",1,0,0,0,0
"J948","5110","10000",1,0,0,0,0
"J948","51189","10000",1,0,0,0,0
"J949","5110","10000",1,0,0,0,0
"J9500","51900","00000",0,0,0,0,0
"J9501","51909","10000",1,0,0,0,0
"J9502","51901","00000",0,0,0,0,0
"J9503","51902","10000",1,0,0,0,0
"J9503","51909","10000",1,0,0,0,0
"J9504","51909","10000",1,0,0,0,0
"J9509","51909","10000",1,0,0,0,0
"J951","51852","10000",1,0,0,0,0
"J952","51852","10000",1,0,0,0,0
"J953","51852","10000",1,0,0,0,0
"J954","99739","10000",1,0,0,0,0
"J955","99739","10000",1,0,0,0,0
"J9561","99811","10000",1,0,0,0,0
"J9561","99812","10000",1,0,0,0,0
"J9562","99811","10000",1,0,0,0,0
"J9562","99812","10000",1,0,0,0,0
"J9571","9982","10000",1,0,0,0,0
"J9572","9982","10000",1,0,0,0,0
"J95811","5121","10000",1,0,0,0,0
"J95812","5122","00000",0,0,0,0,0
"J95821","51851","10000",1,0,0,0,0
"J95822","51853","10000",1,0,0,0,0
"J95830","99811","10000",1,0,0,0,0
"J95830","99812","10000",1,0,0,0,0
"J95831","99811","10000",1,0,0,0,0
"J95831","99812","10000",1,0,0,0,0
"J9584","5187","00000",0,0,0,0,0
"J95850","V4614","00000",0,0,0,0,0
"J95851","99731","00000",0,0,0,0,0
"J95859","99739","10000",1,0,0,0,0
"J9588","99739","10000",1,0,0,0,0
"J9589","99732","10000",1,0,0,0,0
"J9589","99739","10000",1,0,0,0,0
"J9600","51851","10000",1,0,0,0,0
"J9600","51881","10000",1,0,0,0,0
"J9601","51851","10000",1,0,0,0,0
"J9601","51881","10000",1,0,0,0,0
"J9602","51851","10000",1,0,0,0,0
"J9602","51881","10000",1,0,0,0,0
"J9610","51883","10000",1,0,0,0,0
"J9611","51883","10000",1,0,0,0,0
"J9612","51883","10000",1,0,0,0,0
"J9620","51853","10000",1,0,0,0,0
"J9620","51884","10000",1,0,0,0,0
"J9621","51853","10000",1,0,0,0,0
"J9621","51884","10000",1,0,0,0,0
"J9622","51853","10000",1,0,0,0,0
"J9622","51884","10000",1,0,0,0,0
"J9690","51881","10000",1,0,0,0,0
"J9691","51881","10000",1,0,0,0,0
"J9692","51881","10000",1,0,0,0,0
"J9801","51911","00000",0,0,0,0,0
"J9809","51919","10000",1,0,0,0,0
"J9811","5180","10000",1,0,0,0,0
"J9819","5180","10000",1,0,0,0,0
"J982","5181","00000",0,0,0,0,0
"J983","5182","00000",0,0,0,0,0
"J984","51889","00000",0,0,0,0,0
"J985","5192","10000",1,0,0,0,0
"J985","5193","10000",1,0,0,0,0
"J986","5194","00000",0,0,0,0,0
"J988","5198","10000",1,0,0,0,0
"J989","5199","00000",0,0,0,0,0
"J99","5178","10000",1,0,0,0,0
"K000","5200","00000",0,0,0,0,0
"K001","5201","00000",0,0,0,0,0
"K002","5202","00000",0,0,0,0,0
"K003","5203","00000",0,0,0,0,0
"K004","5204","00000",0,0,0,0,0
"K005","5205","00000",0,0,0,0,0
"K006","5206","10000",1,0,0,0,0
"K007","5207","00000",0,0,0,0,0
"K008","5208","10000",1,0,0,0,0
"K009","5209","00000",0,0,0,0,0
"K010","5206","10000",1,0,0,0,0
"K011","5206","10000",1,0,0,0,0
"K023","52104","00000",0,0,0,0,0
"K0251","52101","10112",1,0,1,1,2
"K0251","52106","10111",1,0,1,1,1
"K0252","52102","10112",1,0,1,1,2
"K0252","52106","10111",1,0,1,1,1
"K0253","52103","10112",1,0,1,1,2
"K0253","52106","10111",1,0,1,1,1
"K0261","52101","10111",1,0,1,1,1
"K0261","52107","10112",1,0,1,1,2
"K0262","52102","10111",1,0,1,1,1
"K0262","52107","10112",1,0,1,1,2
"K0263","52103","10111",1,0,1,1,1
"K0263","52107","10112",1,0,1,1,2
"K027","52108","00000",0,0,0,0,0
"K029","52100","10000",1,0,0,0,0
"K030","52110","10000",1,0,0,0,0
"K031","52120","10000",1,0,0,0,0
"K032","52130","10000",1,0,0,0,0
"K033","52140","10000",1,0,0,0,0
"K033","52141","10000",1,0,0,0,0
"K033","52142","10000",1,0,0,0,0
"K034","5215","00000",0,0,0,0,0
"K035","5216","00000",0,0,0,0,0
"K036","5236","00000",0,0,0,0,0
"K037","5217","10000",1,0,0,0,0
"K0381","52181","00000",0,0,0,0,0
"K0389","52105","10000",1,0,0,0,0
"K0389","52189","10000",1,0,0,0,0
"K039","5219","00000",0,0,0,0,0
"K040","5220","00000",0,0,0,0,0
"K041","5221","00000",0,0,0,0,0
"K042","5222","00000",0,0,0,0,0
"K043","5223","00000",0,0,0,0,0
"K044","5224","00000",0,0,0,0,0
"K045","5226","00000",0,0,0,0,0
"K046","5227","00000",0,0,0,0,0
"K047","5225","00000",0,0,0,0,0
"K048","5228","00000",0,0,0,0,0
"K0490","5229","10000",1,0,0,0,0
"K0499","5229","10000",1,0,0,0,0
"K0500","52300","00000",0,0,0,0,0
"K0501","52301","00000",0,0,0,0,0
"K0510","52310","00000",0,0,0,0,0
"K0511","52311","00000",0,0,0,0,0
"K0520","52330","10000",1,0,0,0,0
"K0520","52333","10000",1,0,0,0,0
"K0521","52331","00000",0,0,0,0,0
"K0522","52332","00000",0,0,0,0,0
"K0530","52340","00000",0,0,0,0,0
"K0531","52341","00000",0,0,0,0,0
"K0532","52342","00000",0,0,0,0,0
"K054","5235","00000",0,0,0,0,0
"K055","5238","10000",1,0,0,0,0
"K056","5239","10000",1,0,0,0,0
"K060","52320","10000",1,0,0,0,0
"K061","5238","10000",1,0,0,0,0
"K062","5238","10000",1,0,0,0,0
"K068","5238","10000",1,0,0,0,0
"K069","5239","10000",1,0,0,0,0
"K080","5250","00000",0,0,0,0,0
"K08101","52510","10112",1,0,1,1,2
"K08101","52541","10111",1,0,1,1,1
"K08102","52510","10112",1,0,1,1,2
"K08102","52542","10111",1,0,1,1,1
"K08103","52510","10112",1,0,1,1,2
"K08103","52543","10111",1,0,1,1,1
"K08104","52510","10112",1,0,1,1,2
"K08104","52544","10111",1,0,1,1,1
"K08109","52510","10112",1,0,1,1,2
"K08109","52540","10111",1,0,1,1,1
"K08111","52511","10112",1,0,1,1,2
"K08111","52541","10111",1,0,1,1,1
"K08112","52511","10112",1,0,1,1,2
"K08112","52542","10111",1,0,1,1,1
"K08113","52511","10112",1,0,1,1,2
"K08113","52543","10111",1,0,1,1,1
"K08114","52511","10112",1,0,1,1,2
"K08114","52544","10111",1,0,1,1,1
"K08119","52511","10112",1,0,1,1,2
"K08119","52540","10111",1,0,1,1,1
"K08121","52512","10112",1,0,1,1,2
"K08121","52541","10111",1,0,1,1,1
"K08122","52512","10112",1,0,1,1,2
"K08122","52542","10111",1,0,1,1,1
"K08123","52512","10112",1,0,1,1,2
"K08123","52543","10111",1,0,1,1,1
"K08124","52512","10112",1,0,1,1,2
"K08124","52544","10111",1,0,1,1,1
"K08129","52512","10112",1,0,1,1,2
"K08129","52540","10111",1,0,1,1,1
"K08131","52513","10112",1,0,1,1,2
"K08131","52541","10111",1,0,1,1,1
"K08132","52513","10112",1,0,1,1,2
"K08132","52542","10111",1,0,1,1,1
"K08133","52513","10112",1,0,1,1,2
"K08133","52543","10111",1,0,1,1,1
"K08134","52513","10112",1,0,1,1,2
"K08134","52544","10111",1,0,1,1,1
"K08139","52513","10112",1,0,1,1,2
"K08139","52540","10111",1,0,1,1,1
"K08191","52519","10112",1,0,1,1,2
"K08191","52541","10111",1,0,1,1,1
"K08192","52519","10112",1,0,1,1,2
"K08192","52542","10111",1,0,1,1,1
"K08193","52519","10112",1,0,1,1,2
"K08193","52543","10111",1,0,1,1,1
"K08194","52519","10112",1,0,1,1,2
"K08194","52544","10111",1,0,1,1,1
"K08199","52519","10112",1,0,1,1,2
"K08199","52540","10111",1,0,1,1,1
"K0820","52520","00000",0,0,0,0,0
"K0821","52521","00000",0,0,0,0,0
"K0822","52522","00000",0,0,0,0,0
"K0823","52523","00000",0,0,0,0,0
"K0824","52524","00000",0,0,0,0,0
"K0825","52525","00000",0,0,0,0,0
"K0826","52526","00000",0,0,0,0,0
"K083","5253","00000",0,0,0,0,0
"K08401","52510","10112",1,0,1,1,2
"K08401","52551","10111",1,0,1,1,1
"K08402","52510","10112",1,0,1,1,2
"K08402","52552","10111",1,0,1,1,1
"K08403","52510","10112",1,0,1,1,2
"K08403","52553","10111",1,0,1,1,1
"K08404","52510","10112",1,0,1,1,2
"K08404","52554","10111",1,0,1,1,1
"K08409","52510","10112",1,0,1,1,2
"K08409","52550","10111",1,0,1,1,1
"K08411","52511","10112",1,0,1,1,2
"K08411","52551","10111",1,0,1,1,1
"K08412","52511","10112",1,0,1,1,2
"K08412","52552","10111",1,0,1,1,1
"K08413","52511","10112",1,0,1,1,2
"K08413","52553","10111",1,0,1,1,1
"K08414","52511","10112",1,0,1,1,2
"K08414","52554","10111",1,0,1,1,1
"K08419","52511","10112",1,0,1,1,2
"K08419","52550","10111",1,0,1,1,1
"K08421","52512","10112",1,0,1,1,2
"K08421","52551","10111",1,0,1,1,1
"K08422","52512","10112",1,0,1,1,2
"K08422","52552","10111",1,0,1,1,1
"K08423","52512","10112",1,0,1,1,2
"K08423","52553","10111",1,0,1,1,1
"K08424","52512","10112",1,0,1,1,2
"K08424","52554","10111",1,0,1,1,1
"K08429","52512","10112",1,0,1,1,2
"K08429","52550","10111",1,0,1,1,1
"K08431","52513","10112",1,0,1,1,2
"K08431","52551","10111",1,0,1,1,1
"K08432","52513","10112",1,0,1,1,2
"K08432","52552","10111",1,0,1,1,1
"K08433","52513","10112",1,0,1,1,2
"K08433","52553","10111",1,0,1,1,1
"K08434","52513","10112",1,0,1,1,2
"K08434","52554","10111",1,0,1,1,1
"K08439","52513","10112",1,0,1,1,2
"K08439","52550","10111",1,0,1,1,1
"K08491","52519","10112",1,0,1,1,2
"K08491","52551","10111",1,0,1,1,1
"K08492","52519","10112",1,0,1,1,2
"K08492","52552","10111",1,0,1,1,1
"K08493","52519","10112",1,0,1,1,2
"K08493","52553","10111",1,0,1,1,1
"K08494","52519","10112",1,0,1,1,2
"K08494","52554","10111",1,0,1,1,1
"K08499","52519","10112",1,0,1,1,2
"K08499","52550","10111",1,0,1,1,1
"K0850","52560","00000",0,0,0,0,0
"K0851","52561","00000",0,0,0,0,0
"K0852","52562","00000",0,0,0,0,0
"K08530","52563","00000",0,0,0,0,0
"K08531","52564","00000",0,0,0,0,0
"K08539","52569","10000",1,0,0,0,0
"K0854","52565","00000",0,0,0,0,0
"K0855","52566","00000",0,0,0,0,0
"K0856","52567","00000",0,0,0,0,0
"K0859","52569","10000",1,0,0,0,0
"K088","5258","10000",1,0,0,0,0
"K089","5259","00000",0,0,0,0,0
"K090","5260","00000",0,0,0,0,0
"K091","5261","10000",1,0,0,0,0
"K098","5284","10000",1,0,0,0,0
"K099","5284","10000",1,0,0,0,0
"K110","5270","00000",0,0,0,0,0
"K111","5271","00000",0,0,0,0,0
"K1120","5272","10000",1,0,0,0,0
"K1121","5272","10000",1,0,0,0,0
"K1122","5272","10000",1,0,0,0,0
"K1123","5272","10000",1,0,0,0,0
"K113","5273","00000",0,0,0,0,0
"K114","5274","00000",0,0,0,0,0
"K115","5275","00000",0,0,0,0,0
"K116","5276","00000",0,0,0,0,0
"K117","5277","10000",1,0,0,0,0
"K118","5278","10000",1,0,0,0,0
"K119","5279","00000",0,0,0,0,0
"K120","5282","00000",0,0,0,0,0
"K121","52809","10000",1,0,0,0,0
"K122","52800","10000",1,0,0,0,0
"K122","5283","10000",1,0,0,0,0
"K122","6820","10000",1,0,0,0,0
"K1230","52800","10000",1,0,0,0,0
"K1231","52801","10000",1,0,0,0,0
"K1232","52802","00000",0,0,0,0,0
"K1233","52801","10000",1,0,0,0,0
"K1239","52809","10000",1,0,0,0,0
"K130","5285","00000",0,0,0,0,0
"K131","5289","10000",1,0,0,0,0
"K1321","5286","10000",1,0,0,0,0
"K1322","52871","00000",0,0,0,0,0
"K1323","52872","00000",0,0,0,0,0
"K1324","52879","10000",1,0,0,0,0
"K1329","52879","10000",1,0,0,0,0
"K133","5286","10000",1,0,0,0,0
"K134","5289","10000",1,0,0,0,0
"K135","5288","00000",0,0,0,0,0
"K136","5289","10000",1,0,0,0,0
"K1370","5289","10000",1,0,0,0,0
"K1379","5289","10000",1,0,0,0,0
"K140","5290","00000",0,0,0,0,0
"K141","5291","00000",0,0,0,0,0
"K142","5292","00000",0,0,0,0,0
"K143","5293","00000",0,0,0,0,0
"K144","5294","00000",0,0,0,0,0
"K145","5295","00000",0,0,0,0,0
"K146","5296","00000",0,0,0,0,0
"K148","5298","00000",0,0,0,0,0
"K149","5299","00000",0,0,0,0,0
"K200","53013","00000",0,0,0,0,0
"K208","53019","00000",0,0,0,0,0
"K209","53010","10000",1,0,0,0,0
"K209","53012","10000",1,0,0,0,0
"K210","53011","00000",0,0,0,0,0
"K219","53081","00000",0,0,0,0,0
"K220","5300","10000",1,0,0,0,0
"K2210","53020","00000",0,0,0,0,0
"K2211","53021","00000",0,0,0,0,0
"K222","5303","00000",0,0,0,0,0
"K223","5304","00000",0,0,0,0,0
"K224","5305","00000",0,0,0,0,0
"K225","5306","00000",0,0,0,0,0
"K226","5307","00000",0,0,0,0,0
"K2270","53085","10000",1,0,0,0,0
"K22710","53085","10000",1,0,0,0,0
"K22711","53085","10000",1,0,0,0,0
"K22719","53085","10000",1,0,0,0,0
"K228","53082","10000",1,0,0,0,0
"K228","53083","10000",1,0,0,0,0
"K228","53089","10000",1,0,0,0,0
"K229","5309","00000",0,0,0,0,0
"K23","53089","10000",1,0,0,0,0
"K250","53100","10000",1,0,0,0,0
"K251","53110","10000",1,0,0,0,0
"K252","53120","10000",1,0,0,0,0
"K253","53130","10000",1,0,0,0,0
"K254","53140","10000",1,0,0,0,0
"K255","53150","10000",1,0,0,0,0
"K256","53160","10000",1,0,0,0,0
"K257","53170","10000",1,0,0,0,0
"K259","53190","10000",1,0,0,0,0
"K260","53200","10000",1,0,0,0,0
"K261","53210","10000",1,0,0,0,0
"K262","53220","10000",1,0,0,0,0
"K263","53230","10000",1,0,0,0,0
"K264","53240","10000",1,0,0,0,0
"K265","53250","10000",1,0,0,0,0
"K266","53260","10000",1,0,0,0,0
"K267","53270","10000",1,0,0,0,0
"K269","53290","10000",1,0,0,0,0
"K270","53300","10000",1,0,0,0,0
"K271","53310","10000",1,0,0,0,0
"K272","53320","10000",1,0,0,0,0
"K273","53330","10000",1,0,0,0,0
"K274","53340","10000",1,0,0,0,0
"K275","53350","10000",1,0,0,0,0
"K276","53360","10000",1,0,0,0,0
"K277","53370","10000",1,0,0,0,0
"K279","53390","10000",1,0,0,0,0
"K280","53400","10000",1,0,0,0,0
"K281","53410","10000",1,0,0,0,0
"K282","53420","10000",1,0,0,0,0
"K283","53430","10000",1,0,0,0,0
"K284","53440","10000",1,0,0,0,0
"K285","53450","10000",1,0,0,0,0
"K286","53460","10000",1,0,0,0,0
"K287","53470","10000",1,0,0,0,0
"K289","53490","10000",1,0,0,0,0
"K2900","53500","00000",0,0,0,0,0
"K2901","53501","00000",0,0,0,0,0
"K2920","53530","00000",0,0,0,0,0
"K2921","53531","00000",0,0,0,0,0
"K2930","53510","10000",1,0,0,0,0
"K2930","53540","10000",1,0,0,0,0
"K2931","53511","10000",1,0,0,0,0
"K2931","53541","10000",1,0,0,0,0
"K2940","53510","10000",1,0,0,0,0
"K2941","53511","10000",1,0,0,0,0
"K2950","53510","10000",1,0,0,0,0
"K2951","53511","10000",1,0,0,0,0
"K2960","53520","10000",1,0,0,0,0
"K2960","53540","10000",1,0,0,0,0
"K2961","53521","10000",1,0,0,0,0
"K2961","53541","10000",1,0,0,0,0
"K2970","53550","10000",1,0,0,0,0
"K2971","53551","10000",1,0,0,0,0
"K2980","53560","00000",0,0,0,0,0
"K2981","53561","00000",0,0,0,0,0
"K2990","53550","10000",1,0,0,0,0
"K2991","53551","10000",1,0,0,0,0
"K30","5368","00000",0,0,0,0,0
"K310","5361","00000",0,0,0,0,0
"K311","5370","00000",0,0,0,0,0
"K312","5376","00000",0,0,0,0,0
"K313","53781","00000",0,0,0,0,0
"K314","5371","00000",0,0,0,0,0
"K315","5372","10000",1,0,0,0,0
"K315","5373","10000",1,0,0,0,0
"K316","5374","00000",0,0,0,0,0
"K317","2111","10000",1,0,0,0,0
"K31811","53783","00000",0,0,0,0,0
"K31819","53782","00000",0,0,0,0,0
"K3182","53784","00000",0,0,0,0,0
"K3183","5360","00000",0,0,0,0,0
"K3184","5363","10000",1,0,0,0,0
"K3189","5375","10000",1,0,0,0,0
"K3189","53789","10000",1,0,0,0,0
"K319","5369","10000",1,0,0,0,0
"K319","5379","10000",1,0,0,0,0
"K352","5400","00000",0,0,0,0,0
"K353","5401","10000",1,0,0,0,0
"K3580","5409","10000",1,0,0,0,0
"K3589","5409","10000",1,0,0,0,0
"K36","542","00000",0,0,0,0,0
"K37","541","00000",0,0,0,0,0
"K380","5430","00000",0,0,0,0,0
"K381","5439","10000",1,0,0,0,0
"K382","5439","10000",1,0,0,0,0
"K383","5439","10000",1,0,0,0,0
"K388","5439","10000",1,0,0,0,0
"K389","5439","10000",1,0,0,0,0
"K4000","55012","00000",0,0,0,0,0
"K4001","55013","00000",0,0,0,0,0
"K4010","55002","00000",0,0,0,0,0
"K4011","55003","00000",0,0,0,0,0
"K4020","55092","00000",0,0,0,0,0
"K4021","55093","00000",0,0,0,0,0
"K4030","55010","00000",0,0,0,0,0
"K4031","55011","00000",0,0,0,0,0
"K4040","55000","00000",0,0,0,0,0
"K4041","55001","00000",0,0,0,0,0
"K4090","55090","00000",0,0,0,0,0
"K4091","55091","00000",0,0,0,0,0
"K4100","55202","00000",0,0,0,0,0
"K4101","55203","00000",0,0,0,0,0
"K4110","55102","00000",0,0,0,0,0
"K4111","55103","00000",0,0,0,0,0
"K4120","55302","00000",0,0,0,0,0
"K4121","55303","00000",0,0,0,0,0
"K4130","55200","00000",0,0,0,0,0
"K4131","55201","00000",0,0,0,0,0
"K4140","55100","00000",0,0,0,0,0
"K4141","55101","00000",0,0,0,0,0
"K4190","55300","00000",0,0,0,0,0
"K4191","55301","00000",0,0,0,0,0
"K420","5521","00000",0,0,0,0,0
"K421","5511","00000",0,0,0,0,0
"K429","5531","00000",0,0,0,0,0
"K430","55221","00000",0,0,0,0,0
"K431","55121","00000",0,0,0,0,0
"K432","55321","00000",0,0,0,0,0
"K433","55229","10000",1,0,0,0,0
"K434","55129","10000",1,0,0,0,0
"K435","55329","10000",1,0,0,0,0
"K436","55220","10000",1,0,0,0,0
"K436","55229","10000",1,0,0,0,0
"K437","55120","10000",1,0,0,0,0
"K437","55129","10000",1,0,0,0,0
"K439","55320","10000",1,0,0,0,0
"K439","55329","10000",1,0,0,0,0
"K440","5523","00000",0,0,0,0,0
"K441","5513","00000",0,0,0,0,0
"K449","5533","00000",0,0,0,0,0
"K450","5528","00000",0,0,0,0,0
"K451","5518","00000",0,0,0,0,0
"K458","5538","00000",0,0,0,0,0
"K460","5529","00000",0,0,0,0,0
"K461","5519","00000",0,0,0,0,0
"K469","55329","10000",1,0,0,0,0
"K469","5539","10000",1,0,0,0,0
"K5000","5550","10000",1,0,0,0,0
"K50011","5550","10000",1,0,0,0,0
"K50012","5550","10111",1,0,1,1,1
"K50012","5609","10112",1,0,1,1,2
"K50013","5550","10111",1,0,1,1,1
"K50013","56981","10112",1,0,1,1,2
"K50014","5550","10111",1,0,1,1,1
"K50014","566","10112",1,0,1,1,2
"K50014","5695","10112",1,0,1,1,2
"K50018","5550","10000",1,0,0,0,0
"K50019","5550","10000",1,0,0,0,0
"K5010","5551","10000",1,0,0,0,0
"K50111","5551","10000",1,0,0,0,0
"K50112","5551","10111",1,0,1,1,1
"K50112","5609","10112",1,0,1,1,2
"K50113","5551","10111",1,0,1,1,1
"K50113","56981","10112",1,0,1,1,2
"K50114","5551","10111",1,0,1,1,1
"K50114","566","10112",1,0,1,1,2
"K50114","5695","10112",1,0,1,1,2
"K50118","5551","10000",1,0,0,0,0
"K50119","5551","10000",1,0,0,0,0
"K5080","5552","10000",1,0,0,0,0
"K50811","5552","10000",1,0,0,0,0
"K50812","5552","10111",1,0,1,1,1
"K50812","5609","10112",1,0,1,1,2
"K50813","5552","10111",1,0,1,1,1
"K50813","56981","10112",1,0,1,1,2
"K50814","5552","10111",1,0,1,1,1
"K50814","566","10112",1,0,1,1,2
"K50814","5695","10112",1,0,1,1,2
"K50818","5552","10000",1,0,0,0,0
"K50819","5552","10000",1,0,0,0,0
"K5090","5559","10000",1,0,0,0,0
"K50911","5559","10000",1,0,0,0,0
"K50912","5559","10111",1,0,1,1,1
"K50912","5609","10112",1,0,1,1,2
"K50913","5559","10111",1,0,1,1,1
"K50913","56981","10112",1,0,1,1,2
"K50914","5559","10111",1,0,1,1,1
"K50914","566","10112",1,0,1,1,2
"K50914","5695","10112",1,0,1,1,2
"K50918","5559","10000",1,0,0,0,0
"K50919","5559","10000",1,0,0,0,0
"K5100","5566","10000",1,0,0,0,0
"K51011","5566","10000",1,0,0,0,0
"K51012","5566","10111",1,0,1,1,1
"K51012","56089","10112",1,0,1,1,2
"K51013","5566","10111",1,0,1,1,1
"K51013","56981","10112",1,0,1,1,2
"K51014","5566","10111",1,0,1,1,1
"K51014","5695","10112",1,0,1,1,2
"K51018","5566","10000",1,0,0,0,0
"K51019","5566","10000",1,0,0,0,0
"K5120","5562","10000",1,0,0,0,0
"K51211","5562","10000",1,0,0,0,0
"K51212","5562","10111",1,0,1,1,1
"K51212","56089","10112",1,0,1,1,2
"K51213","5562","10111",1,0,1,1,1
"K51213","56981","10112",1,0,1,1,2
"K51214","5562","10111",1,0,1,1,1
"K51214","5695","10112",1,0,1,1,2
"K51218","5562","10000",1,0,0,0,0
"K51219","5562","10000",1,0,0,0,0
"K5130","5563","10000",1,0,0,0,0
"K51311","5563","10000",1,0,0,0,0
"K51312","5563","10111",1,0,1,1,1
"K51312","56089","10112",1,0,1,1,2
"K51313","5563","10111",1,0,1,1,1
"K51313","56981","10112",1,0,1,1,2
"K51314","5563","10111",1,0,1,1,1
"K51314","5695","10112",1,0,1,1,2
"K51318","5563","10000",1,0,0,0,0
"K51319","5563","10000",1,0,0,0,0
"K5140","5564","10000",1,0,0,0,0
"K51411","5564","10000",1,0,0,0,0
"K51412","5564","10111",1,0,1,1,1
"K51412","56089","10112",1,0,1,1,2
"K51413","5564","10111",1,0,1,1,1
"K51413","56981","10112",1,0,1,1,2
"K51414","5564","10111",1,0,1,1,1
"K51414","5695","10112",1,0,1,1,2
"K51418","5564","10000",1,0,0,0,0
"K51419","5564","10000",1,0,0,0,0
"K5150","5565","10000",1,0,0,0,0
"K51511","5565","10000",1,0,0,0,0
"K51512","5565","10111",1,0,1,1,1
"K51512","56089","10112",1,0,1,1,2
"K51513","5565","10111",1,0,1,1,1
"K51513","56981","10112",1,0,1,1,2
"K51514","5565","10111",1,0,1,1,1
"K51514","5695","10112",1,0,1,1,2
"K51518","5565","10000",1,0,0,0,0
"K51519","5565","10000",1,0,0,0,0
"K5180","5568","10000",1,0,0,0,0
"K51811","5568","10000",1,0,0,0,0
"K51812","5568","10111",1,0,1,1,1
"K51812","56089","10112",1,0,1,1,2
"K51813","5568","10111",1,0,1,1,1
"K51813","56981","10112",1,0,1,1,2
"K51814","5568","10111",1,0,1,1,1
"K51814","5695","10112",1,0,1,1,2
"K51818","5568","10000",1,0,0,0,0
"K51819","5568","10000",1,0,0,0,0
"K5190","5569","10000",1,0,0,0,0
"K51911","5569","10000",1,0,0,0,0
"K51912","5569","10111",1,0,1,1,1
"K51912","56089","10112",1,0,1,1,2
"K51913","5569","10111",1,0,1,1,1
"K51913","56981","10112",1,0,1,1,2
"K51914","5569","10111",1,0,1,1,1
"K51914","5695","10112",1,0,1,1,2
"K51918","5569","10000",1,0,0,0,0
"K51919","5569","10000",1,0,0,0,0
"K520","5581","00000",0,0,0,0,0
"K521","5582","00000",0,0,0,0,0
"K522","5583","00000",0,0,0,0,0
"K522","78791","10000",1,0,0,0,0
"K5281","53570","10000",1,0,0,0,0
"K5281","53571","10000",1,0,0,0,0
"K5281","55841","10000",1,0,0,0,0
"K5282","55842","00000",0,0,0,0,0
"K5289","5589","10000",1,0,0,0,0
"K5289","78791","10000",1,0,0,0,0
"K529","5589","10000",1,0,0,0,0
"K550","5570","00000",0,0,0,0,0
"K551","5571","00000",0,0,0,0,0
"K5520","56984","00000",0,0,0,0,0
"K5521","56985","00000",0,0,0,0,0
"K558","5579","10000",1,0,0,0,0
"K559","5579","10000",1,0,0,0,0
"K560","5601","10000",1,0,0,0,0
"K561","5600","00000",0,0,0,0,0
"K562","5602","00000",0,0,0,0,0
"K563","56031","00000",0,0,0,0,0
"K5641","56032","00000",0,0,0,0,0
"K5649","56030","10000",1,0,0,0,0
"K5649","56039","00000",0,0,0,0,0
"K565","56081","00000",0,0,0,0,0
"K5660","5609","10000",1,0,0,0,0
"K5669","56089","10000",1,0,0,0,0
"K567","5601","10000",1,0,0,0,0
"K5700","56201","10111",1,0,1,1,1
"K5700","5695","10112",1,0,1,1,2
"K5701","56203","10111",1,0,1,1,1
"K5701","5695","10112",1,0,1,1,2
"K5710","56200","10000",1,0,0,0,0
"K5711","56202","10000",1,0,0,0,0
"K5712","56201","10000",1,0,0,0,0
"K5713","56203","10000",1,0,0,0,0
"K5720","56211","10111",1,0,1,1,1
"K5720","5695","10112",1,0,1,1,2
"K5721","56213","10111",1,0,1,1,1
"K5721","5695","10112",1,0,1,1,2
"K5730","56210","10000",1,0,0,0,0
"K5731","56212","10000",1,0,0,0,0
"K5732","56211","10000",1,0,0,0,0
"K5733","56213","10000",1,0,0,0,0
"K5740","56201","10112",1,0,1,1,2
"K5740","56211","10111",1,0,1,1,1
"K5740","5695","10113",1,0,1,1,3
"K5741","56203","10112",1,0,1,1,2
"K5741","56213","10111",1,0,1,1,1
"K5741","5695","10113",1,0,1,1,3
"K5750","56200","10112",1,0,1,1,2
"K5750","56210","10111",1,0,1,1,1
"K5751","56202","10112",1,0,1,1,2
"K5751","56212","10111",1,0,1,1,1
"K5752","56201","10112",1,0,1,1,2
"K5752","56211","10111",1,0,1,1,1
"K5753","56203","10112",1,0,1,1,2
"K5753","56213","10111",1,0,1,1,1
"K5780","56211","10111",1,0,1,1,1
"K5780","5695","10112",1,0,1,1,2
"K5781","56213","10111",1,0,1,1,1
"K5781","5695","10112",1,0,1,1,2
"K5790","56210","10000",1,0,0,0,0
"K5791","56212","10000",1,0,0,0,0
"K5792","56211","10000",1,0,0,0,0
"K5793","56213","10000",1,0,0,0,0
"K580","5641","10000",1,0,0,0,0
"K589","5641","10000",1,0,0,0,0
"K5900","56400","00000",0,0,0,0,0
"K5901","56401","00000",0,0,0,0,0
"K5902","56402","00000",0,0,0,0,0
"K5909","56409","00000",0,0,0,0,0
"K591","5645","00000",0,0,0,0,0
"K592","56481","00000",0,0,0,0,0
"K593","5647","00000",0,0,0,0,0
"K594","5646","00000",0,0,0,0,0
"K598","56489","00000",0,0,0,0,0
"K599","5649","00000",0,0,0,0,0
"K600","5650","10000",1,0,0,0,0
"K601","5650","10000",1,0,0,0,0
"K602","5650","10000",1,0,0,0,0
"K603","5651","10000",1,0,0,0,0
"K604","5651","10000",1,0,0,0,0
"K605","5651","10000",1,0,0,0,0
"K610","566","10000",1,0,0,0,0
"K611","566","10000",1,0,0,0,0
"K612","566","10000",1,0,0,0,0
"K613","566","10000",1,0,0,0,0
"K614","566","10000",1,0,0,0,0
"K620","5690","10000",1,0,0,0,0
"K621","5690","10000",1,0,0,0,0
"K622","5691","10000",1,0,0,0,0
"K623","5691","10000",1,0,0,0,0
"K624","5692","00000",0,0,0,0,0
"K625","5693","00000",0,0,0,0,0
"K626","56941","00000",0,0,0,0,0
"K627","56949","10000",1,0,0,0,0
"K6281","56943","00000",0,0,0,0,0
"K6282","56944","00000",0,0,0,0,0
"K6289","56942","10000",1,0,0,0,0
"K6289","56949","10000",1,0,0,0,0
"K629","56949","10000",1,0,0,0,0
"K630","5695","10000",1,0,0,0,0
"K631","56983","00000",0,0,0,0,0
"K632","56981","10000",1,0,0,0,0
"K633","56982","00000",0,0,0,0,0
"K634","56989","10000",1,0,0,0,0
"K635","2113","10000",1,0,0,0,0
"K6381","56986","00000",0,0,0,0,0
"K6389","56989","10000",1,0,0,0,0
"K639","5699","10000",1,0,0,0,0
"K640","4550","10000",1,0,0,0,0
"K640","4551","10000",1,0,0,0,0
"K640","4552","10000",1,0,0,0,0
"K640","4555","10000",1,0,0,0,0
"K640","4556","10000",1,0,0,0,0
"K640","4557","10000",1,0,0,0,0
"K640","4558","10000",1,0,0,0,0
"K641","4550","10000",1,0,0,0,0
"K641","4551","10000",1,0,0,0,0
"K641","4552","10000",1,0,0,0,0
"K641","4555","10000",1,0,0,0,0
"K641","4556","10000",1,0,0,0,0
"K641","4557","10000",1,0,0,0,0
"K641","4558","10000",1,0,0,0,0
"K642","4550","10000",1,0,0,0,0
"K642","4551","10000",1,0,0,0,0
"K642","4552","10000",1,0,0,0,0
"K642","4555","10000",1,0,0,0,0
"K642","4556","10000",1,0,0,0,0
"K642","4557","10000",1,0,0,0,0
"K642","4558","10000",1,0,0,0,0
"K643","4550","10000",1,0,0,0,0
"K643","4551","10000",1,0,0,0,0
"K643","4552","10000",1,0,0,0,0
"K643","4555","10000",1,0,0,0,0
"K643","4556","10000",1,0,0,0,0
"K643","4557","10000",1,0,0,0,0
"K643","4558","10000",1,0,0,0,0
"K644","4553","10000",1,0,0,0,0
"K644","4559","00000",0,0,0,0,0
"K645","4554","10000",1,0,0,0,0
"K645","4557","10000",1,0,0,0,0
"K648","4550","10000",1,0,0,0,0
"K648","4551","10000",1,0,0,0,0
"K648","4552","10000",1,0,0,0,0
"K648","4558","10000",1,0,0,0,0
"K649","4556","10000",1,0,0,0,0
"K650","56721","10000",1,0,0,0,0
"K650","56729","10000",1,0,0,0,0
"K651","56722","00000",0,0,0,0,0
"K652","56723","00000",0,0,0,0,0
"K653","56781","00000",0,0,0,0,0
"K654","56782","00000",0,0,0,0,0
"K658","56789","10000",1,0,0,0,0
"K659","5679","00000",0,0,0,0,0
"K660","5680","10000",1,0,0,0,0
"K661","56881","00000",0,0,0,0,0
"K668","56889","10000",1,0,0,0,0
"K669","5689","00000",0,0,0,0,0
"K67","5670","00000",0,0,0,0,0
"K6811","99859","10000",1,0,0,0,0
"K6812","56731","00000",0,0,0,0,0
"K6819","56738","00000",0,0,0,0,0
"K689","56739","10000",1,0,0,0,0
"K689","56889","10000",1,0,0,0,0
"K700","5710","00000",0,0,0,0,0
"K7010","5711","10000",1,0,0,0,0
"K7011","5711","10000",1,0,0,0,0
"K702","5712","10000",1,0,0,0,0
"K7030","5712","10000",1,0,0,0,0
"K7031","5712","10000",1,0,0,0,0
"K7040","5713","10000",1,0,0,0,0
"K7041","5713","10111",1,0,1,1,1
"K7041","5722","10112",1,0,1,1,2
"K709","5713","10000",1,0,0,0,0
"K710","5733","10000",1,0,0,0,0
"K7110","5733","10000",1,0,0,0,0
"K7111","5722","10112",1,0,1,1,2
"K7111","5733","10111",1,0,1,1,1
"K712","5733","10000",1,0,0,0,0
"K713","5733","10000",1,0,0,0,0
"K714","5733","10000",1,0,0,0,0
"K7150","5733","10000",1,0,0,0,0
"K7151","5733","10000",1,0,0,0,0
"K716","5733","10000",1,0,0,0,0
"K717","5733","10000",1,0,0,0,0
"K718","5733","10000",1,0,0,0,0
"K719","5733","10000",1,0,0,0,0
"K7200","570","10000",1,0,0,0,0
"K7201","570","10111",1,0,1,1,1
"K7201","5722","10112",1,0,1,1,2
"K7210","5728","10000",1,0,0,0,0
"K7211","5722","10112",1,0,1,1,2
"K7211","5728","10111",1,0,1,1,1
"K7290","5728","10000",1,0,0,0,0
"K7291","5722","10000",1,0,0,0,0
"K7291","5722","10112",1,0,1,1,2
"K7291","5728","10111",1,0,1,1,1
"K730","57141","00000",0,0,0,0,0
"K731","57149","10000",1,0,0,0,0
"K732","57149","10000",1,0,0,0,0
"K738","57149","10000",1,0,0,0,0
"K739","57140","00000",0,0,0,0,0
"K740","5715","10000",1,0,0,0,0
"K741","5719","10000",1,0,0,0,0
"K742","5719","10000",1,0,0,0,0
"K743","5716","10000",1,0,0,0,0
"K744","5716","10000",1,0,0,0,0
"K745","5716","10000",1,0,0,0,0
"K7460","5715","10000",1,0,0,0,0
"K7469","5715","10000",1,0,0,0,0
"K750","5720","00000",0,0,0,0,0
"K751","5721","10000",1,0,0,0,0
"K752","5733","10000",1,0,0,0,0
"K753","5733","10000",1,0,0,0,0
"K754","57142","00000",0,0,0,0,0
"K7581","5718","10000",1,0,0,0,0
"K7581","5733","10000",1,0,0,0,0
"K7589","5733","10000",1,0,0,0,0
"K759","5733","10000",1,0,0,0,0
"K760","5718","10000",1,0,0,0,0
"K761","5730","00000",0,0,0,0,0
"K761","5738","10000",1,0,0,0,0
"K762","570","10000",1,0,0,0,0
"K763","5734","00000",0,0,0,0,0
"K764","5733","10000",1,0,0,0,0
"K765","5738","10000",1,0,0,0,0
"K766","5723","00000",0,0,0,0,0
"K767","5724","00000",0,0,0,0,0
"K7681","5735","00000",0,0,0,0,0
"K7689","5718","10000",1,0,0,0,0
"K7689","5738","10000",1,0,0,0,0
"K769","5719","10000",1,0,0,0,0
"K769","5739","10000",1,0,0,0,0
"K77","5738","10000",1,0,0,0,0
"K8000","57400","10000",1,0,0,0,0
"K8001","57401","10000",1,0,0,0,0
"K8010","57410","10000",1,0,0,0,0
"K8011","57411","10000",1,0,0,0,0
"K8012","57400","10111",1,0,1,1,1
"K8012","57410","10112",1,0,1,1,2
"K8013","57401","10111",1,0,1,1,1
"K8013","57411","10112",1,0,1,1,2
"K8018","57410","10000",1,0,0,0,0
"K8019","57411","10000",1,0,0,0,0
"K8020","57420","10000",1,0,0,0,0
"K8021","57421","00000",0,0,0,0,0
"K8030","57450","10111",1,0,1,1,1
"K8030","5761","10112",1,0,1,1,2
"K8031","57451","10111",1,0,1,1,1
"K8031","5761","10112",1,0,1,1,2
"K8032","57450","10111",1,0,1,1,1
"K8032","5761","10112",1,0,1,1,2
"K8033","57451","10111",1,0,1,1,1
"K8033","5761","10112",1,0,1,1,2
"K8034","57450","10111",1,0,1,1,1
"K8034","5761","10112",1,0,1,1,2
"K8035","57451","10111",1,0,1,1,1
"K8035","5761","10112",1,0,1,1,2
"K8036","57450","10111",1,0,1,1,1
"K8036","5761","10112",1,0,1,1,2
"K8037","57451","10111",1,0,1,1,1
"K8037","5761","10112",1,0,1,1,2
"K8040","57440","10000",1,0,0,0,0
"K8041","57441","10000",1,0,0,0,0
"K8042","57430","10000",1,0,0,0,0
"K8043","57431","10000",1,0,0,0,0
"K8044","57440","10000",1,0,0,0,0
"K8045","57441","10000",1,0,0,0,0
"K8046","57430","10111",1,0,1,1,1
"K8046","57440","10112",1,0,1,1,2
"K8047","57431","10111",1,0,1,1,1
"K8047","57441","10112",1,0,1,1,2
"K8050","57450","10000",1,0,0,0,0
"K8051","57451","10000",1,0,0,0,0
"K8060","57470","10000",1,0,0,0,0
"K8061","57471","10000",1,0,0,0,0
"K8062","57460","00000",0,0,0,0,0
"K8063","57461","00000",0,0,0,0,0
"K8064","57470","10000",1,0,0,0,0
"K8065","57471","10000",1,0,0,0,0
"K8066","57480","00000",0,0,0,0,0
"K8067","57481","00000",0,0,0,0,0
"K8070","57490","00000",0,0,0,0,0
"K8071","57491","00000",0,0,0,0,0
"K8080","57420","10000",1,0,0,0,0
"K8081","57441","10000",1,0,0,0,0
"K810","5750","00000",0,0,0,0,0
"K811","57511","00000",0,0,0,0,0
"K812","57512","00000",0,0,0,0,0
"K819","57510","00000",0,0,0,0,0
"K820","5752","00000",0,0,0,0,0
"K821","5753","00000",0,0,0,0,0
"K822","5754","00000",0,0,0,0,0
"K823","5755","00000",0,0,0,0,0
"K824","5756","00000",0,0,0,0,0
"K828","5758","00000",0,0,0,0,0
"K829","5759","00000",0,0,0,0,0
"K830","5761","10000",1,0,0,0,0
"K831","5762","00000",0,0,0,0,0
"K832","5763","00000",0,0,0,0,0
"K833","5764","00000",0,0,0,0,0
"K834","5765","00000",0,0,0,0,0
"K835","5768","10000",1,0,0,0,0
"K838","5768","10000",1,0,0,0,0
"K839","5769","00000",0,0,0,0,0
"K850","5770","10000",1,0,0,0,0
"K851","5770","10000",1,0,0,0,0
"K852","5770","10000",1,0,0,0,0
"K853","5770","10000",1,0,0,0,0
"K858","5770","10000",1,0,0,0,0
"K859","5770","10000",1,0,0,0,0
"K860","5771","10000",1,0,0,0,0
"K861","5771","10000",1,0,0,0,0
"K861","5778","10000",1,0,0,0,0
"K862","5772","10000",1,0,0,0,0
"K863","5772","10000",1,0,0,0,0
"K868","5778","10000",1,0,0,0,0
"K869","5779","00000",0,0,0,0,0
"K87","5768","10000",1,0,0,0,0
"K87","5778","10000",1,0,0,0,0
"K900","5790","00000",0,0,0,0,0
"K901","5791","00000",0,0,0,0,0
"K902","5792","00000",0,0,0,0,0
"K903","5794","00000",0,0,0,0,0
"K904","5798","10000",1,0,0,0,0
"K9081","0402","00000",0,0,0,0,0
"K9089","5798","10000",1,0,0,0,0
"K909","5799","00000",0,0,0,0,0
"K910","5643","00000",0,0,0,0,0
"K911","5642","00000",0,0,0,0,0
"K912","5793","00000",0,0,0,0,0
"K913","99749","10000",1,0,0,0,0
"K915","5760","00000",0,0,0,0,0
"K9161","99811","10000",1,0,0,0,0
"K9161","99812","10000",1,0,0,0,0
"K9162","99811","10000",1,0,0,0,0
"K9162","99812","10000",1,0,0,0,0
"K9171","9982","10000",1,0,0,0,0
"K9172","9982","10000",1,0,0,0,0
"K9181","99749","10000",1,0,0,0,0
"K9182","99749","10000",1,0,0,0,0
"K9183","99749","10000",1,0,0,0,0
"K91840","99811","10000",1,0,0,0,0
"K91840","99812","10000",1,0,0,0,0
"K91841","99811","10000",1,0,0,0,0
"K91841","99812","10000",1,0,0,0,0
"K91850","56971","00000",0,0,0,0,0
"K91858","56979","00000",0,0,0,0,0
"K9186","99741","00000",0,0,0,0,0
"K9189","5644","10000",1,0,0,0,0
"K9189","99749","10000",1,0,0,0,0
"K920","5780","00000",0,0,0,0,0
"K921","5781","00000",0,0,0,0,0
"K922","5789","00000",0,0,0,0,0
"K9281","538","00000",0,0,0,0,0
"K9289","56989","10000",1,0,0,0,0
"K929","5699","10000",1,0,0,0,0
"K9400","56960","10000",1,0,0,0,0
"K9401","56969","10000",1,0,0,0,0
"K9402","56961","10000",1,0,0,0,0
"K9403","56962","10000",1,0,0,0,0
"K9409","56969","10000",1,0,0,0,0
"K9410","56960","10000",1,0,0,0,0
"K9411","56969","10000",1,0,0,0,0
"K9412","56961","10000",1,0,0,0,0
"K9413","56962","10000",1,0,0,0,0
"K9419","56969","10000",1,0,0,0,0
"K9420","53640","00000",0,0,0,0,0
"K9421","53649","10000",1,0,0,0,0
"K9422","53641","00000",0,0,0,0,0
"K9423","53642","00000",0,0,0,0,0
"K9429","53649","10000",1,0,0,0,0
"K9430","53087","10000",1,0,0,0,0
"K9431","53087","10000",1,0,0,0,0
"K9432","53086","00000",0,0,0,0,0
"K9433","53087","10000",1,0,0,0,0
"K9439","53087","10000",1,0,0,0,0
"K9501","53901","00000",0,0,0,0,0
"K9509","53909","00000",0,0,0,0,0
"K9581","53981","00000",0,0,0,0,0
"K9589","53989","00000",0,0,0,0,0
"L00","69581","10000",1,0,0,0,0
"L0100","684","10000",1,0,0,0,0
"L0101","684","10000",1,0,0,0,0
"L0102","684","10000",1,0,0,0,0
"L0103","684","10000",1,0,0,0,0
"L0109","684","10000",1,0,0,0,0
"L011","684","10000",1,0,0,0,0
"L0201","6820","10000",1,0,0,0,0
"L0202","6800","10000",1,0,0,0,0
"L0203","6800","10000",1,0,0,0,0
"L0211","6821","10000",1,0,0,0,0
"L0212","6801","10000",1,0,0,0,0
"L0213","6801","10000",1,0,0,0,0
"L02211","6822","10000",1,0,0,0,0
"L02212","6822","10000",1,0,0,0,0
"L02213","6822","10000",1,0,0,0,0
"L02214","6822","10000",1,0,0,0,0
"L02215","6822","10000",1,0,0,0,0
"L02216","6822","10000",1,0,0,0,0
"L02219","6822","10000",1,0,0,0,0
"L02221","6802","10000",1,0,0,0,0
"L02222","6802","10000",1,0,0,0,0
"L02223","6802","10000",1,0,0,0,0
"L02224","6802","10000",1,0,0,0,0
"L02225","6802","10000",1,0,0,0,0
"L02226","6802","10000",1,0,0,0,0
"L02229","6802","10000",1,0,0,0,0
"L02231","6802","10000",1,0,0,0,0
"L02232","6802","10000",1,0,0,0,0
"L02233","6802","10000",1,0,0,0,0
"L02234","6802","10000",1,0,0,0,0
"L02235","6802","10000",1,0,0,0,0
"L02236","6802","10000",1,0,0,0,0
"L02239","6802","10000",1,0,0,0,0
"L0231","6825","10000",1,0,0,0,0
"L0232","6805","10000",1,0,0,0,0
"L0233","6805","10000",1,0,0,0,0
"L02411","6823","10000",1,0,0,0,0
"L02412","6823","10000",1,0,0,0,0
"L02413","6823","10000",1,0,0,0,0
"L02414","6823","10000",1,0,0,0,0
"L02415","6826","10000",1,0,0,0,0
"L02416","6826","10000",1,0,0,0,0
"L02419","6823","10000",1,0,0,0,0
"L02419","6826","10000",1,0,0,0,0
"L02421","6803","10000",1,0,0,0,0
"L02422","6803","10000",1,0,0,0,0
"L02423","6803","10000",1,0,0,0,0
"L02424","6803","10000",1,0,0,0,0
"L02425","6806","10000",1,0,0,0,0
"L02426","6806","10000",1,0,0,0,0
"L02429","6803","10000",1,0,0,0,0
"L02429","6806","10000",1,0,0,0,0
"L02431","6803","10000",1,0,0,0,0
"L02432","6803","10000",1,0,0,0,0
"L02433","6803","10000",1,0,0,0,0
"L02434","6803","10000",1,0,0,0,0
"L02435","6806","10000",1,0,0,0,0
"L02436","6806","10000",1,0,0,0,0
"L02439","6803","10000",1,0,0,0,0
"L02439","6806","10000",1,0,0,0,0
"L02511","68100","10000",1,0,0,0,0
"L02511","6824","10000",1,0,0,0,0
"L02512","68100","10000",1,0,0,0,0
"L02512","6824","10000",1,0,0,0,0
"L02519","68100","10000",1,0,0,0,0
"L02519","6824","10000",1,0,0,0,0
"L02521","6804","10000",1,0,0,0,0
"L02522","6804","10000",1,0,0,0,0
"L02529","6804","10000",1,0,0,0,0
"L02531","6804","10000",1,0,0,0,0
"L02532","6804","10000",1,0,0,0,0
"L02539","6804","10000",1,0,0,0,0
"L02611","68110","10000",1,0,0,0,0
"L02611","6827","10000",1,0,0,0,0
"L02612","68110","10000",1,0,0,0,0
"L02612","6827","10000",1,0,0,0,0
"L02619","68110","10000",1,0,0,0,0
"L02619","6827","10000",1,0,0,0,0
"L02621","6807","10000",1,0,0,0,0
"L02622","6807","10000",1,0,0,0,0
"L02629","6807","10000",1,0,0,0,0
"L02631","6807","10000",1,0,0,0,0
"L02632","6807","10000",1,0,0,0,0
"L02639","6807","10000",1,0,0,0,0
"L02811","6828","10000",1,0,0,0,0
"L02818","6828","10000",1,0,0,0,0
"L02821","6808","10000",1,0,0,0,0
"L02828","6808","10000",1,0,0,0,0
"L02831","6808","10000",1,0,0,0,0
"L02838","6808","10000",1,0,0,0,0
"L0291","6829","10000",1,0,0,0,0
"L0292","6809","10000",1,0,0,0,0
"L0293","6809","10000",1,0,0,0,0
"L03011","68100","10000",1,0,0,0,0
"L03011","68101","10000",1,0,0,0,0
"L03011","68102","10000",1,0,0,0,0
"L03012","68100","10000",1,0,0,0,0
"L03012","68101","10000",1,0,0,0,0
"L03012","68102","10000",1,0,0,0,0
"L03019","68100","10000",1,0,0,0,0
"L03019","68101","10000",1,0,0,0,0
"L03019","68102","10000",1,0,0,0,0
"L03019","6819","10000",1,0,0,0,0
"L03021","68100","10000",1,0,0,0,0
"L03022","68100","10000",1,0,0,0,0
"L03029","68100","10000",1,0,0,0,0
"L03029","6819","10000",1,0,0,0,0
"L03031","68110","10000",1,0,0,0,0
"L03031","68111","10000",1,0,0,0,0
"L03032","68110","10000",1,0,0,0,0
"L03032","68111","10000",1,0,0,0,0
"L03039","68110","10000",1,0,0,0,0
"L03039","68111","10000",1,0,0,0,0
"L03039","6819","10000",1,0,0,0,0
"L03041","68110","10000",1,0,0,0,0
"L03042","68110","10000",1,0,0,0,0
"L03049","68110","10000",1,0,0,0,0
"L03049","6819","10000",1,0,0,0,0
"L03111","6823","10000",1,0,0,0,0
"L03112","6823","10000",1,0,0,0,0
"L03113","6823","10000",1,0,0,0,0
"L03113","6824","10000",1,0,0,0,0
"L03114","6823","10000",1,0,0,0,0
"L03114","6824","10000",1,0,0,0,0
"L03115","6826","10000",1,0,0,0,0
"L03115","6827","10000",1,0,0,0,0
"L03116","6826","10000",1,0,0,0,0
"L03116","6827","10000",1,0,0,0,0
"L03119","6823","10000",1,0,0,0,0
"L03119","6824","10000",1,0,0,0,0
"L03119","6826","10000",1,0,0,0,0
"L03119","6827","10000",1,0,0,0,0
"L03121","6823","10000",1,0,0,0,0
"L03122","6823","10000",1,0,0,0,0
"L03123","6823","10000",1,0,0,0,0
"L03123","6824","10000",1,0,0,0,0
"L03124","6823","10000",1,0,0,0,0
"L03124","6824","10000",1,0,0,0,0
"L03125","6826","10000",1,0,0,0,0
"L03125","6827","10000",1,0,0,0,0
"L03126","6826","10000",1,0,0,0,0
"L03126","6827","10000",1,0,0,0,0
"L03129","6823","10000",1,0,0,0,0
"L03129","6824","10000",1,0,0,0,0
"L03129","6826","10000",1,0,0,0,0
"L03129","6827","10000",1,0,0,0,0
"L03211","6820","10000",1,0,0,0,0
"L03212","6820","10000",1,0,0,0,0
"L03221","6821","10000",1,0,0,0,0
"L03222","6821","10000",1,0,0,0,0
"L03311","6822","10000",1,0,0,0,0
"L03312","6822","10000",1,0,0,0,0
"L03313","6822","10000",1,0,0,0,0
"L03314","6822","10000",1,0,0,0,0
"L03315","6822","10000",1,0,0,0,0
"L03316","6822","10000",1,0,0,0,0
"L03317","6825","10000",1,0,0,0,0
"L03319","6822","10000",1,0,0,0,0
"L03321","6822","10000",1,0,0,0,0
"L03322","6822","10000",1,0,0,0,0
"L03323","6822","10000",1,0,0,0,0
"L03324","6822","10000",1,0,0,0,0
"L03325","6822","10000",1,0,0,0,0
"L03326","6822","10000",1,0,0,0,0
"L03327","6825","10000",1,0,0,0,0
"L03329","6822","10000",1,0,0,0,0
"L03811","6828","10000",1,0,0,0,0
"L03818","6828","10000",1,0,0,0,0
"L03891","6828","10000",1,0,0,0,0
"L03898","6828","10000",1,0,0,0,0
"L0390","6829","10000",1,0,0,0,0
"L0391","6829","10000",1,0,0,0,0
"L040","683","10000",1,0,0,0,0
"L041","683","10000",1,0,0,0,0
"L042","683","10000",1,0,0,0,0
"L043","683","10000",1,0,0,0,0
"L048","683","10000",1,0,0,0,0
"L049","683","10000",1,0,0,0,0
"L0501","6850","10000",1,0,0,0,0
"L0502","6850","10000",1,0,0,0,0
"L0591","6851","10000",1,0,0,0,0
"L0592","6851","10000",1,0,0,0,0
"L080","68600","10000",1,0,0,0,0
"L081","0390","10000",1,0,0,0,0
"L0881","68609","10000",1,0,0,0,0
"L0882","6868","10000",1,0,0,0,0
"L0889","68609","10000",1,0,0,0,0
"L0889","6868","10000",1,0,0,0,0
"L089","6869","00000",0,0,0,0,0
"L100","6944","10000",1,0,0,0,0
"L101","6944","10000",1,0,0,0,0
"L102","6944","10000",1,0,0,0,0
"L103","6944","10000",1,0,0,0,0
"L104","6944","10000",1,0,0,0,0
"L105","6944","10000",1,0,0,0,0
"L1081","6944","10000",1,0,0,0,0
"L1089","6944","10000",1,0,0,0,0
"L109","6944","10000",1,0,0,0,0
"L110","7011","10000",1,0,0,0,0
"L111","7028","10000",1,0,0,0,0
"L118","7018","10000",1,0,0,0,0
"L119","7018","10000",1,0,0,0,0
"L120","6945","10000",1,0,0,0,0
"L121","69460","10000",1,0,0,0,0
"L121","69461","10000",1,0,0,0,0
"L122","6942","00000",0,0,0,0,0
"L1230","69515","10000",1,0,0,0,0
"L1231","69515","10000",1,0,0,0,0
"L1235","69515","10000",1,0,0,0,0
"L128","6945","10000",1,0,0,0,0
"L129","6945","10000",1,0,0,0,0
"L130","6940","00000",0,0,0,0,0
"L131","6941","00000",0,0,0,0,0
"L138","6948","10000",1,0,0,0,0
"L139","6949","00000",0,0,0,0,0
"L14","6948","10000",1,0,0,0,0
"L200","6918","10000",1,0,0,0,0
"L2081","6918","10000",1,0,0,0,0
"L2082","6918","10000",1,0,0,0,0
"L2083","69012","10000",1,0,0,0,0
"L2084","6918","10000",1,0,0,0,0
"L2089","6918","10000",1,0,0,0,0
"L209","6918","10000",1,0,0,0,0
"L210","69011","00000",0,0,0,0,0
"L211","69012","10000",1,0,0,0,0
"L218","69018","00000",0,0,0,0,0
"L219","69010","10000",1,0,0,0,0
"L219","7063","10000",1,0,0,0,0
"L22","6910","00000",0,0,0,0,0
"L230","69283","10000",1,0,0,0,0
"L231","6924","10000",1,0,0,0,0
"L232","69281","10000",1,0,0,0,0
"L233","6923","10000",1,0,0,0,0
"L234","69289","10000",1,0,0,0,0
"L235","6924","10000",1,0,0,0,0
"L236","6925","10000",1,0,0,0,0
"L237","6926","10000",1,0,0,0,0
"L2381","69284","10000",1,0,0,0,0
"L2389","69289","10000",1,0,0,0,0
"L239","6929","10000",1,0,0,0,0
"L240","6920","00000",0,0,0,0,0
"L241","6921","00000",0,0,0,0,0
"L242","6922","00000",0,0,0,0,0
"L243","69281","10000",1,0,0,0,0
"L244","6923","10000",1,0,0,0,0
"L245","6924","10000",1,0,0,0,0
"L246","6925","10000",1,0,0,0,0
"L247","6926","10000",1,0,0,0,0
"L2481","69283","10000",1,0,0,0,0
"L2489","69289","10000",1,0,0,0,0
"L249","6929","10000",1,0,0,0,0
"L250","69281","10000",1,0,0,0,0
"L251","6923","10000",1,0,0,0,0
"L252","69289","10000",1,0,0,0,0
"L253","6924","10000",1,0,0,0,0
"L254","6925","10000",1,0,0,0,0
"L255","6926","10000",1,0,0,0,0
"L258","69289","10000",1,0,0,0,0
"L259","6929","10000",1,0,0,0,0
"L26","69589","10000",1,0,0,0,0
"L270","6930","10000",1,0,0,0,0
"L271","6930","10000",1,0,0,0,0
"L272","6931","00000",0,0,0,0,0
"L278","6938","00000",0,0,0,0,0
"L279","6939","00000",0,0,0,0,0
"L280","6983","10000",1,0,0,0,0
"L281","6983","10000",1,0,0,0,0
"L282","6982","00000",0,0,0,0,0
"L290","6980","00000",0,0,0,0,0
"L291","6981","10000",1,0,0,0,0
"L292","6981","10000",1,0,0,0,0
"L293","6981","10000",1,0,0,0,0
"L298","6988","10000",1,0,0,0,0
"L299","6989","00000",0,0,0,0,0
"L300","6929","10000",1,0,0,0,0
"L301","70581","00000",0,0,0,0,0
"L302","6929","10000",1,0,0,0,0
"L303","6908","10000",1,0,0,0,0
"L304","69589","10000",1,0,0,0,0
"L305","6965","10000",1,0,0,0,0
"L308","6929","10000",1,0,0,0,0
"L309","6929","10000",1,0,0,0,0
"L400","6961","10000",1,0,0,0,0
"L401","6943","10000",1,0,0,0,0
"L401","6961","10000",1,0,0,0,0
"L402","6961","10000",1,0,0,0,0
"L403","6961","10000",1,0,0,0,0
"L404","6961","10000",1,0,0,0,0
"L4050","6960","10000",1,0,0,0,0
"L4051","6960","10000",1,0,0,0,0
"L4052","6960","10000",1,0,0,0,0
"L4053","6960","10000",1,0,0,0,0
"L4054","6960","10000",1,0,0,0,0
"L4059","6960","10000",1,0,0,0,0
"L408","6961","10000",1,0,0,0,0
"L409","6961","10000",1,0,0,0,0
"L410","6962","10000",1,0,0,0,0
"L411","6962","10000",1,0,0,0,0
"L413","6962","10000",1,0,0,0,0
"L414","6962","10000",1,0,0,0,0
"L415","6962","10000",1,0,0,0,0
"L418","6962","10000",1,0,0,0,0
"L419","6962","10000",1,0,0,0,0
"L42","6963","00000",0,0,0,0,0
"L430","6970","10000",1,0,0,0,0
"L431","6970","10000",1,0,0,0,0
"L432","6970","10000",1,0,0,0,0
"L433","6970","10000",1,0,0,0,0
"L438","6970","10000",1,0,0,0,0
"L439","6970","10000",1,0,0,0,0
"L440","6964","10000",1,0,0,0,0
"L440","6968","10000",1,0,0,0,0
"L441","6971","00000",0,0,0,0,0
"L442","6978","10000",1,0,0,0,0
"L443","6978","10000",1,0,0,0,0
"L444","0578","10000",1,0,0,0,0
"L448","6968","10000",1,0,0,0,0
"L448","7098","10000",1,0,0,0,0
"L449","7098","10000",1,0,0,0,0
"L45","6968","10000",1,0,0,0,0
"L45","7098","10000",1,0,0,0,0
"L490","69550","00000",0,0,0,0,0
"L491","69551","00000",0,0,0,0,0
"L492","69552","00000",0,0,0,0,0
"L493","69553","00000",0,0,0,0,0
"L494","69554","00000",0,0,0,0,0
"L495","69555","00000",0,0,0,0,0
"L496","69556","00000",0,0,0,0,0
"L497","69557","00000",0,0,0,0,0
"L498","69558","00000",0,0,0,0,0
"L499","69559","00000",0,0,0,0,0
"L500","7080","00000",0,0,0,0,0
"L501","7081","00000",0,0,0,0,0
"L502","7082","00000",0,0,0,0,0
"L503","7083","00000",0,0,0,0,0
"L504","7084","00000",0,0,0,0,0
"L505","7085","00000",0,0,0,0,0
"L506","7088","10000",1,0,0,0,0
"L508","7088","10000",1,0,0,0,0
"L509","7089","00000",0,0,0,0,0
"L510","69510","10000",1,0,0,0,0
"L511","69513","00000",0,0,0,0,0
"L512","69515","10000",1,0,0,0,0
"L513","69514","00000",0,0,0,0,0
"L518","69511","10000",1,0,0,0,0
"L518","69512","10000",1,0,0,0,0
"L518","69519","10000",1,0,0,0,0
"L519","69510","10000",1,0,0,0,0
"L52","6952","00000",0,0,0,0,0
"L530","6950","10000",1,0,0,0,0
"L531","6950","10000",1,0,0,0,0
"L532","6950","10000",1,0,0,0,0
"L533","6950","10000",1,0,0,0,0
"L538","69589","10000",1,0,0,0,0
"L539","6959","00000",0,0,0,0,0
"L54","69589","10000",1,0,0,0,0
"L550","69271","10000",1,0,0,0,0
"L551","69276","00000",0,0,0,0,0
"L552","69277","00000",0,0,0,0,0
"L559","69271","10000",1,0,0,0,0
"L560","69272","10000",1,0,0,0,0
"L561","69272","10000",1,0,0,0,0
"L562","69272","10000",1,0,0,0,0
"L563","69272","10000",1,0,0,0,0
"L564","69282","10000",1,0,0,0,0
"L565","69275","00000",0,0,0,0,0
"L568","69279","10000",1,0,0,0,0
"L569","69279","10000",1,0,0,0,0
"L570","7020","00000",0,0,0,0,0
"L571","69273","10000",1,0,0,0,0
"L572","7018","10000",1,0,0,0,0
"L573","70909","10000",1,0,0,0,0
"L574","7018","10000",1,0,0,0,0
"L575","69273","10000",1,0,0,0,0
"L578","69270","10000",1,0,0,0,0
"L578","69274","10000",1,0,0,0,0
"L579","69274","10000",1,0,0,0,0
"L580","69282","10000",1,0,0,0,0
"L581","69282","10000",1,0,0,0,0
"L589","69282","10000",1,0,0,0,0
"L590","69282","10000",1,0,0,0,0
"L598","69282","10000",1,0,0,0,0
"L599","69282","10000",1,0,0,0,0
"L600","7030","00000",0,0,0,0,0
"L601","7038","10000",1,0,0,0,0
"L602","7038","10000",1,0,0,0,0
"L603","7038","10000",1,0,0,0,0
"L604","7038","10000",1,0,0,0,0
"L605","7038","10000",1,0,0,0,0
"L608","7038","10000",1,0,0,0,0
"L609","7039","00000",0,0,0,0,0
"L62","7038","10000",1,0,0,0,0
"L630","70409","10000",1,0,0,0,0
"L631","70409","10000",1,0,0,0,0
"L632","70401","10000",1,0,0,0,0
"L638","70401","10000",1,0,0,0,0
"L639","70401","10000",1,0,0,0,0
"L640","70409","10000",1,0,0,0,0
"L648","70409","10000",1,0,0,0,0
"L649","70400","10000",1,0,0,0,0
"L650","70402","00000",0,0,0,0,0
"L651","70409","10000",1,0,0,0,0
"L652","70409","10000",1,0,0,0,0
"L658","70409","10000",1,0,0,0,0
"L659","70400","10000",1,0,0,0,0
"L660","70409","10000",1,0,0,0,0
"L661","6970","10000",1,0,0,0,0
"L662","70409","10000",1,0,0,0,0
"L663","7048","10000",1,0,0,0,0
"L664","7018","10000",1,0,0,0,0
"L668","70409","10000",1,0,0,0,0
"L669","70409","10000",1,0,0,0,0
"L670","7042","10000",1,0,0,0,0
"L671","7043","00000",0,0,0,0,0
"L678","7042","10000",1,0,0,0,0
"L679","7042","10000",1,0,0,0,0
"L680","7041","10000",1,0,0,0,0
"L681","7041","10000",1,0,0,0,0
"L682","7041","10000",1,0,0,0,0
"L683","7041","10000",1,0,0,0,0
"L688","7041","10000",1,0,0,0,0
"L689","7041","10000",1,0,0,0,0
"L700","7061","10000",1,0,0,0,0
"L701","7061","10000",1,0,0,0,0
"L702","7060","00000",0,0,0,0,0
"L703","7061","10000",1,0,0,0,0
"L704","7061","10000",1,0,0,0,0
"L705","7061","10000",1,0,0,0,0
"L708","7061","10000",1,0,0,0,0
"L709","7061","10000",1,0,0,0,0
"L710","6953","10000",1,0,0,0,0
"L711","6953","10000",1,0,0,0,0
"L718","6953","10000",1,0,0,0,0
"L719","6953","10000",1,0,0,0,0
"L720","7062","10000",1,0,0,0,0
"L7211","70441","00000",0,0,0,0,0
"L7212","70442","00000",0,0,0,0,0
"L722","7062","10000",1,0,0,0,0
"L723","7062","10000",1,0,0,0,0
"L728","7062","10000",1,0,0,0,0
"L729","7062","10000",1,0,0,0,0
"L730","7061","10000",1,0,0,0,0
"L731","7048","10000",1,0,0,0,0
"L732","70583","00000",0,0,0,0,0
"L738","7048","10000",1,0,0,0,0
"L739","7049","10000",1,0,0,0,0
"L739","7069","10000",1,0,0,0,0
"L740","7051","10000",1,0,0,0,0
"L741","7051","10000",1,0,0,0,0
"L742","7051","10000",1,0,0,0,0
"L743","7051","10000",1,0,0,0,0
"L744","7050","00000",0,0,0,0,0
"L74510","70521","10000",1,0,0,0,0
"L74511","70521","10000",1,0,0,0,0
"L74512","70521","10000",1,0,0,0,0
"L74513","70521","10000",1,0,0,0,0
"L74519","70521","10000",1,0,0,0,0
"L7452","70522","00000",0,0,0,0,0
"L748","70589","10000",1,0,0,0,0
"L749","7059","10000",1,0,0,0,0
"L750","70589","10000",1,0,0,0,0
"L751","70589","10000",1,0,0,0,0
"L752","70582","00000",0,0,0,0,0
"L758","70589","10000",1,0,0,0,0
"L759","7059","10000",1,0,0,0,0
"L7601","99811","10000",1,0,0,0,0
"L7601","99812","10000",1,0,0,0,0
"L7602","99811","10000",1,0,0,0,0
"L7602","99812","10000",1,0,0,0,0
"L7611","9982","10000",1,0,0,0,0
"L7612","9982","10000",1,0,0,0,0
"L7621","99811","10000",1,0,0,0,0
"L7621","99812","10000",1,0,0,0,0
"L7622","99811","10000",1,0,0,0,0
"L7622","99812","10000",1,0,0,0,0
"L7681","99889","10000",1,0,0,0,0
"L7682","99889","10000",1,0,0,0,0
"L80","70901","00000",0,0,0,0,0
"L810","70909","10000",1,0,0,0,0
"L811","70909","10000",1,0,0,0,0
"L812","70909","10000",1,0,0,0,0
"L813","70909","10000",1,0,0,0,0
"L814","70909","10000",1,0,0,0,0
"L815","70909","10000",1,0,0,0,0
"L816","70909","10000",1,0,0,0,0
"L817","70909","10000",1,0,0,0,0
"L818","70909","10000",1,0,0,0,0
"L819","70900","00000",0,0,0,0,0
"L820","70211","00000",0,0,0,0,0
"L821","70219","00000",0,0,0,0,0
"L83","7012","00000",0,0,0,0,0
"L84","700","00000",0,0,0,0,0
"L850","7011","10000",1,0,0,0,0
"L851","7011","10000",1,0,0,0,0
"L852","7011","10000",1,0,0,0,0
"L853","7068","10000",1,0,0,0,0
"L858","7018","10000",1,0,0,0,0
"L859","7019","10000",1,0,0,0,0
"L86","7011","10000",1,0,0,0,0
"L870","7011","10000",1,0,0,0,0
"L871","7018","10000",1,0,0,0,0
"L872","7011","10000",1,0,0,0,0
"L878","7018","10000",1,0,0,0,0
"L879","7019","10000",1,0,0,0,0
"L88","68601","00000",0,0,0,0,0
"L89000","70701","10111",1,0,1,1,1
"L89000","70725","10112",1,0,1,1,2
"L89001","70701","10111",1,0,1,1,1
"L89001","70721","10112",1,0,1,1,2
"L89002","70701","10111",1,0,1,1,1
"L89002","70722","10112",1,0,1,1,2
"L89003","70701","10111",1,0,1,1,1
"L89003","70723","10112",1,0,1,1,2
"L89004","70701","10111",1,0,1,1,1
"L89004","70724","10112",1,0,1,1,2
"L89009","70701","10111",1,0,1,1,1
"L89009","70720","10112",1,0,1,1,2
"L89010","70701","10111",1,0,1,1,1
"L89010","70725","10112",1,0,1,1,2
"L89011","70701","10111",1,0,1,1,1
"L89011","70721","10112",1,0,1,1,2
"L89012","70701","10111",1,0,1,1,1
"L89012","70722","10112",1,0,1,1,2
"L89013","70701","10111",1,0,1,1,1
"L89013","70723","10112",1,0,1,1,2
"L89014","70701","10111",1,0,1,1,1
"L89014","70724","10112",1,0,1,1,2
"L89019","70701","10111",1,0,1,1,1
"L89019","70720","10112",1,0,1,1,2
"L89020","70701","10111",1,0,1,1,1
"L89020","70725","10112",1,0,1,1,2
"L89021","70701","10111",1,0,1,1,1
"L89021","70721","10112",1,0,1,1,2
"L89022","70701","10111",1,0,1,1,1
"L89022","70722","10112",1,0,1,1,2
"L89023","70701","10111",1,0,1,1,1
"L89023","70723","10112",1,0,1,1,2
"L89024","70701","10111",1,0,1,1,1
"L89024","70724","10112",1,0,1,1,2
"L89029","70701","10111",1,0,1,1,1
"L89029","70720","10112",1,0,1,1,2
"L89100","70702","10111",1,0,1,1,1
"L89100","70725","10112",1,0,1,1,2
"L89101","70702","10111",1,0,1,1,1
"L89101","70721","10112",1,0,1,1,2
"L89102","70702","10111",1,0,1,1,1
"L89102","70722","10112",1,0,1,1,2
"L89103","70702","10111",1,0,1,1,1
"L89103","70723","10112",1,0,1,1,2
"L89104","70702","10111",1,0,1,1,1
"L89104","70724","10112",1,0,1,1,2
"L89109","70702","10111",1,0,1,1,1
"L89109","70720","10112",1,0,1,1,2
"L89110","70702","10111",1,0,1,1,1
"L89110","70725","10112",1,0,1,1,2
"L89111","70702","10111",1,0,1,1,1
"L89111","70721","10112",1,0,1,1,2
"L89112","70702","10111",1,0,1,1,1
"L89112","70722","10112",1,0,1,1,2
"L89113","70702","10111",1,0,1,1,1
"L89113","70723","10112",1,0,1,1,2
"L89114","70702","10111",1,0,1,1,1
"L89114","70724","10112",1,0,1,1,2
"L89119","70702","10111",1,0,1,1,1
"L89119","70720","10112",1,0,1,1,2
"L89120","70702","10111",1,0,1,1,1
"L89120","70725","10112",1,0,1,1,2
"L89121","70702","10111",1,0,1,1,1
"L89121","70721","10112",1,0,1,1,2
"L89122","70702","10111",1,0,1,1,1
"L89122","70722","10112",1,0,1,1,2
"L89123","70702","10111",1,0,1,1,1
"L89123","70723","10112",1,0,1,1,2
"L89124","70702","10111",1,0,1,1,1
"L89124","70724","10112",1,0,1,1,2
"L89129","70702","10111",1,0,1,1,1
"L89129","70720","10112",1,0,1,1,2
"L89130","70703","10111",1,0,1,1,1
"L89130","70725","10112",1,0,1,1,2
"L89131","70703","10111",1,0,1,1,1
"L89131","70721","10112",1,0,1,1,2
"L89132","70703","10111",1,0,1,1,1
"L89132","70722","10112",1,0,1,1,2
"L89133","70703","10111",1,0,1,1,1
"L89133","70723","10112",1,0,1,1,2
"L89134","70703","10111",1,0,1,1,1
"L89134","70724","10112",1,0,1,1,2
"L89139","70703","10111",1,0,1,1,1
"L89139","70720","10112",1,0,1,1,2
"L89140","70703","10111",1,0,1,1,1
"L89140","70725","10112",1,0,1,1,2
"L89141","70703","10111",1,0,1,1,1
"L89141","70721","10112",1,0,1,1,2
"L89142","70703","10111",1,0,1,1,1
"L89142","70722","10112",1,0,1,1,2
"L89143","70703","10111",1,0,1,1,1
"L89143","70723","10112",1,0,1,1,2
"L89144","70703","10111",1,0,1,1,1
"L89144","70724","10112",1,0,1,1,2
"L89149","70703","10111",1,0,1,1,1
"L89149","70720","10112",1,0,1,1,2
"L89150","70703","10111",1,0,1,1,1
"L89150","70725","10112",1,0,1,1,2
"L89151","70703","10111",1,0,1,1,1
"L89151","70721","10112",1,0,1,1,2
"L89152","70703","10111",1,0,1,1,1
"L89152","70722","10112",1,0,1,1,2
"L89153","70703","10111",1,0,1,1,1
"L89153","70723","10112",1,0,1,1,2
"L89154","70703","10111",1,0,1,1,1
"L89154","70724","10112",1,0,1,1,2
"L89159","70703","10111",1,0,1,1,1
"L89159","70720","10112",1,0,1,1,2
"L89200","70704","10111",1,0,1,1,1
"L89200","70725","10112",1,0,1,1,2
"L89201","70704","10111",1,0,1,1,1
"L89201","70721","10112",1,0,1,1,2
"L89202","70704","10111",1,0,1,1,1
"L89202","70722","10112",1,0,1,1,2
"L89203","70704","10111",1,0,1,1,1
"L89203","70723","10112",1,0,1,1,2
"L89204","70704","10111",1,0,1,1,1
"L89204","70724","10112",1,0,1,1,2
"L89209","70704","10111",1,0,1,1,1
"L89209","70720","10112",1,0,1,1,2
"L89210","70704","10111",1,0,1,1,1
"L89210","70725","10112",1,0,1,1,2
"L89211","70704","10111",1,0,1,1,1
"L89211","70721","10112",1,0,1,1,2
"L89212","70704","10111",1,0,1,1,1
"L89212","70722","10112",1,0,1,1,2
"L89213","70704","10111",1,0,1,1,1
"L89213","70723","10112",1,0,1,1,2
"L89214","70704","10111",1,0,1,1,1
"L89214","70724","10112",1,0,1,1,2
"L89219","70704","10111",1,0,1,1,1
"L89219","70720","10112",1,0,1,1,2
"L89220","70704","10111",1,0,1,1,1
"L89220","70725","10112",1,0,1,1,2
"L89221","70704","10111",1,0,1,1,1
"L89221","70721","10112",1,0,1,1,2
"L89222","70704","10111",1,0,1,1,1
"L89222","70722","10112",1,0,1,1,2
"L89223","70704","10111",1,0,1,1,1
"L89223","70723","10112",1,0,1,1,2
"L89224","70704","10111",1,0,1,1,1
"L89224","70724","10112",1,0,1,1,2
"L89229","70704","10111",1,0,1,1,1
"L89229","70720","10112",1,0,1,1,2
"L89300","70705","10111",1,0,1,1,1
"L89300","70725","10112",1,0,1,1,2
"L89301","70705","10111",1,0,1,1,1
"L89301","70721","10112",1,0,1,1,2
"L89302","70705","10111",1,0,1,1,1
"L89302","70722","10112",1,0,1,1,2
"L89303","70705","10111",1,0,1,1,1
"L89303","70723","10112",1,0,1,1,2
"L89304","70705","10111",1,0,1,1,1
"L89304","70724","10112",1,0,1,1,2
"L89309","70705","10111",1,0,1,1,1
"L89309","70720","10112",1,0,1,1,2
"L89310","70705","10111",1,0,1,1,1
"L89310","70725","10112",1,0,1,1,2
"L89311","70705","10111",1,0,1,1,1
"L89311","70721","10112",1,0,1,1,2
"L89312","70705","10111",1,0,1,1,1
"L89312","70722","10112",1,0,1,1,2
"L89313","70705","10111",1,0,1,1,1
"L89313","70723","10112",1,0,1,1,2
"L89314","70705","10111",1,0,1,1,1
"L89314","70724","10112",1,0,1,1,2
"L89319","70705","10111",1,0,1,1,1
"L89319","70720","10112",1,0,1,1,2
"L89320","70705","10111",1,0,1,1,1
"L89320","70725","10112",1,0,1,1,2
"L89321","70705","10111",1,0,1,1,1
"L89321","70721","10112",1,0,1,1,2
"L89322","70705","10111",1,0,1,1,1
"L89322","70722","10112",1,0,1,1,2
"L89323","70705","10111",1,0,1,1,1
"L89323","70723","10112",1,0,1,1,2
"L89324","70705","10111",1,0,1,1,1
"L89324","70724","10112",1,0,1,1,2
"L89329","70705","10111",1,0,1,1,1
"L89329","70720","10112",1,0,1,1,2
"L8940","70703","10111",1,0,1,1,1
"L8940","70704","10113",1,0,1,1,3
"L8940","70705","10112",1,0,1,1,2
"L8940","70720","10114",1,0,1,1,4
"L8941","70703","10111",1,0,1,1,1
"L8941","70704","10113",1,0,1,1,3
"L8941","70705","10112",1,0,1,1,2
"L8941","70721","10114",1,0,1,1,4
"L8942","70703","10111",1,0,1,1,1
"L8942","70704","10113",1,0,1,1,3
"L8942","70705","10112",1,0,1,1,2
"L8942","70722","10114",1,0,1,1,4
"L8943","70703","10111",1,0,1,1,1
"L8943","70704","10113",1,0,1,1,3
"L8943","70705","10112",1,0,1,1,2
"L8943","70723","10114",1,0,1,1,4
"L8944","70703","10111",1,0,1,1,1
"L8944","70704","10113",1,0,1,1,3
"L8944","70705","10112",1,0,1,1,2
"L8944","70724","10114",1,0,1,1,4
"L8945","70703","10111",1,0,1,1,1
"L8945","70704","10113",1,0,1,1,3
"L8945","70705","10112",1,0,1,1,2
"L8945","70725","10114",1,0,1,1,4
"L89500","70706","10111",1,0,1,1,1
"L89500","70725","10112",1,0,1,1,2
"L89501","70706","10111",1,0,1,1,1
"L89501","70721","10112",1,0,1,1,2
"L89502","70706","10111",1,0,1,1,1
"L89502","70722","10112",1,0,1,1,2
"L89503","70706","10111",1,0,1,1,1
"L89503","70723","10112",1,0,1,1,2
"L89504","70706","10111",1,0,1,1,1
"L89504","70724","10112",1,0,1,1,2
"L89509","70706","10111",1,0,1,1,1
"L89509","70720","10112",1,0,1,1,2
"L89510","70706","10111",1,0,1,1,1
"L89510","70725","10112",1,0,1,1,2
"L89511","70706","10111",1,0,1,1,1
"L89511","70721","10112",1,0,1,1,2
"L89512","70706","10111",1,0,1,1,1
"L89512","70722","10112",1,0,1,1,2
"L89513","70706","10111",1,0,1,1,1
"L89513","70723","10112",1,0,1,1,2
"L89514","70706","10111",1,0,1,1,1
"L89514","70724","10112",1,0,1,1,2
"L89519","70706","10111",1,0,1,1,1
"L89519","70720","10112",1,0,1,1,2
"L89520","70706","10111",1,0,1,1,1
"L89520","70725","10112",1,0,1,1,2
"L89521","70706","10111",1,0,1,1,1
"L89521","70721","10112",1,0,1,1,2
"L89522","70706","10111",1,0,1,1,1
"L89522","70722","10112",1,0,1,1,2
"L89523","70706","10111",1,0,1,1,1
"L89523","70723","10112",1,0,1,1,2
"L89524","70706","10111",1,0,1,1,1
"L89524","70724","10112",1,0,1,1,2
"L89529","70706","10111",1,0,1,1,1
"L89529","70720","10112",1,0,1,1,2
"L89600","70707","10111",1,0,1,1,1
"L89600","70725","10112",1,0,1,1,2
"L89601","70707","10111",1,0,1,1,1
"L89601","70721","10112",1,0,1,1,2
"L89602","70707","10111",1,0,1,1,1
"L89602","70722","10112",1,0,1,1,2
"L89603","70707","10111",1,0,1,1,1
"L89603","70723","10112",1,0,1,1,2
"L89604","70707","10111",1,0,1,1,1
"L89604","70724","10112",1,0,1,1,2
"L89609","70707","10111",1,0,1,1,1
"L89609","70720","10112",1,0,1,1,2
"L89610","70707","10111",1,0,1,1,1
"L89610","70725","10112",1,0,1,1,2
"L89611","70707","10111",1,0,1,1,1
"L89611","70721","10112",1,0,1,1,2
"L89612","70707","10111",1,0,1,1,1
"L89612","70722","10112",1,0,1,1,2
"L89613","70707","10111",1,0,1,1,1
"L89613","70723","10112",1,0,1,1,2
"L89614","70707","10111",1,0,1,1,1
"L89614","70724","10112",1,0,1,1,2
"L89619","70707","10111",1,0,1,1,1
"L89619","70720","10112",1,0,1,1,2
"L89620","70707","10111",1,0,1,1,1
"L89620","70725","10112",1,0,1,1,2
"L89621","70707","10111",1,0,1,1,1
"L89621","70721","10112",1,0,1,1,2
"L89622","70707","10111",1,0,1,1,1
"L89622","70722","10112",1,0,1,1,2
"L89623","70707","10111",1,0,1,1,1
"L89623","70723","10112",1,0,1,1,2
"L89624","70707","10111",1,0,1,1,1
"L89624","70724","10112",1,0,1,1,2
"L89629","70707","10111",1,0,1,1,1
"L89629","70720","10112",1,0,1,1,2
"L89810","70709","10111",1,0,1,1,1
"L89810","70725","10112",1,0,1,1,2
"L89811","70709","10111",1,0,1,1,1
"L89811","70721","10112",1,0,1,1,2
"L89812","70709","10111",1,0,1,1,1
"L89812","70722","10112",1,0,1,1,2
"L89813","70709","10111",1,0,1,1,1
"L89813","70723","10112",1,0,1,1,2
"L89814","70709","10111",1,0,1,1,1
"L89814","70724","10112",1,0,1,1,2
"L89819","70709","10111",1,0,1,1,1
"L89819","70720","10112",1,0,1,1,2
"L89890","70709","10111",1,0,1,1,1
"L89890","70725","10112",1,0,1,1,2
"L89891","70709","10111",1,0,1,1,1
"L89891","70721","10112",1,0,1,1,2
"L89892","70709","10111",1,0,1,1,1
"L89892","70722","10112",1,0,1,1,2
"L89893","70709","10111",1,0,1,1,1
"L89893","70723","10112",1,0,1,1,2
"L89894","70709","10111",1,0,1,1,1
"L89894","70724","10112",1,0,1,1,2
"L89899","70709","10111",1,0,1,1,1
"L89899","70720","10112",1,0,1,1,2
"L8990","70700","10111",1,0,1,1,1
"L8990","70720","10112",1,0,1,1,2
"L8991","70700","10111",1,0,1,1,1
"L8991","70721","10112",1,0,1,1,2
"L8992","70700","10111",1,0,1,1,1
"L8992","70722","10112",1,0,1,1,2
"L8993","70700","10111",1,0,1,1,1
"L8993","70723","10112",1,0,1,1,2
"L8994","70700","10111",1,0,1,1,1
"L8994","70724","10112",1,0,1,1,2
"L8995","70700","10111",1,0,1,1,1
"L8995","70725","10112",1,0,1,1,2
"L900","7010","10000",1,0,0,0,0
"L901","7013","10000",1,0,0,0,0
"L902","7013","10000",1,0,0,0,0
"L903","7018","10000",1,0,0,0,0
"L904","7018","10000",1,0,0,0,0
"L905","7092","00000",0,0,0,0,0
"L906","7013","10000",1,0,0,0,0
"L908","7018","10000",1,0,0,0,0
"L909","7019","10000",1,0,0,0,0
"L910","7014","00000",0,0,0,0,0
"L918","7018","10000",1,0,0,0,0
"L919","7019","10000",1,0,0,0,0
"L920","69589","10000",1,0,0,0,0
"L921","7093","10000",1,0,0,0,0
"L922","7018","10000",1,0,0,0,0
"L923","7094","00000",0,0,0,0,0
"L928","6861","10000",1,0,0,0,0
"L929","7015","10000",1,0,0,0,0
"L930","6954","10000",1,0,0,0,0
"L931","6954","10000",1,0,0,0,0
"L932","6954","10000",1,0,0,0,0
"L940","7010","10000",1,0,0,0,0
"L941","7010","10000",1,0,0,0,0
"L942","7093","10000",1,0,0,0,0
"L942","7098","10000",1,0,0,0,0
"L943","7010","10000",1,0,0,0,0
"L944","7098","10000",1,0,0,0,0
"L945","6962","10000",1,0,0,0,0
"L946","1360","00000",0,0,0,0,0
"L948","7018","10000",1,0,0,0,0
"L949","7019","10000",1,0,0,0,0
"L950","7091","10000",1,0,0,0,0
"L951","69589","10000",1,0,0,0,0
"L958","7091","10000",1,0,0,0,0
"L959","7091","10000",1,0,0,0,0
"L97101","70711","10000",1,0,0,0,0
"L97102","70711","10000",1,0,0,0,0
"L97103","70711","10000",1,0,0,0,0
"L97104","70711","10000",1,0,0,0,0
"L97109","70711","10000",1,0,0,0,0
"L97111","70711","10000",1,0,0,0,0
"L97112","70711","10000",1,0,0,0,0
"L97113","70711","10000",1,0,0,0,0
"L97114","70711","10000",1,0,0,0,0
"L97119","70711","10000",1,0,0,0,0
"L97121","70711","10000",1,0,0,0,0
"L97122","70711","10000",1,0,0,0,0
"L97123","70711","10000",1,0,0,0,0
"L97124","70711","10000",1,0,0,0,0
"L97129","70711","10000",1,0,0,0,0
"L97201","70712","10000",1,0,0,0,0
"L97202","70712","10000",1,0,0,0,0
"L97203","70712","10000",1,0,0,0,0
"L97204","70712","10000",1,0,0,0,0
"L97209","70712","10000",1,0,0,0,0
"L97211","70712","10000",1,0,0,0,0
"L97212","70712","10000",1,0,0,0,0
"L97213","70712","10000",1,0,0,0,0
"L97214","70712","10000",1,0,0,0,0
"L97219","70712","10000",1,0,0,0,0
"L97221","70712","10000",1,0,0,0,0
"L97222","70712","10000",1,0,0,0,0
"L97223","70712","10000",1,0,0,0,0
"L97224","70712","10000",1,0,0,0,0
"L97229","70712","10000",1,0,0,0,0
"L97301","70713","10000",1,0,0,0,0
"L97302","70713","10000",1,0,0,0,0
"L97303","70713","10000",1,0,0,0,0
"L97304","70713","10000",1,0,0,0,0
"L97309","70713","10000",1,0,0,0,0
"L97311","70713","10000",1,0,0,0,0
"L97312","70713","10000",1,0,0,0,0
"L97313","70713","10000",1,0,0,0,0
"L97314","70713","10000",1,0,0,0,0
"L97319","70713","10000",1,0,0,0,0
"L97321","70713","10000",1,0,0,0,0
"L97322","70713","10000",1,0,0,0,0
"L97323","70713","10000",1,0,0,0,0
"L97324","70713","10000",1,0,0,0,0
"L97329","70713","10000",1,0,0,0,0
"L97401","70714","10000",1,0,0,0,0
"L97402","70714","10000",1,0,0,0,0
"L97403","70714","10000",1,0,0,0,0
"L97404","70714","10000",1,0,0,0,0
"L97409","70714","10000",1,0,0,0,0
"L97411","70714","10000",1,0,0,0,0
"L97412","70714","10000",1,0,0,0,0
"L97413","70714","10000",1,0,0,0,0
"L97414","70714","10000",1,0,0,0,0
"L97419","70714","10000",1,0,0,0,0
"L97421","70714","10000",1,0,0,0,0
"L97422","70714","10000",1,0,0,0,0
"L97423","70714","10000",1,0,0,0,0
"L97424","70714","10000",1,0,0,0,0
"L97429","70714","10000",1,0,0,0,0
"L97501","70715","10000",1,0,0,0,0
"L97502","70715","10000",1,0,0,0,0
"L97503","70715","10000",1,0,0,0,0
"L97504","70715","10000",1,0,0,0,0
"L97509","70715","10000",1,0,0,0,0
"L97511","70715","10000",1,0,0,0,0
"L97512","70715","10000",1,0,0,0,0
"L97513","70715","10000",1,0,0,0,0
"L97514","70715","10000",1,0,0,0,0
"L97519","70715","10000",1,0,0,0,0
"L97521","70715","10000",1,0,0,0,0
"L97522","70715","10000",1,0,0,0,0
"L97523","70715","10000",1,0,0,0,0
"L97524","70715","10000",1,0,0,0,0
"L97529","70715","10000",1,0,0,0,0
"L97801","70719","10000",1,0,0,0,0
"L97802","70719","10000",1,0,0,0,0
"L97803","70719","10000",1,0,0,0,0
"L97804","70719","10000",1,0,0,0,0
"L97809","70719","10000",1,0,0,0,0
"L97811","70719","10000",1,0,0,0,0
"L97812","70719","10000",1,0,0,0,0
"L97813","70719","10000",1,0,0,0,0
"L97814","70719","10000",1,0,0,0,0
"L97819","70719","10000",1,0,0,0,0
"L97821","70719","10000",1,0,0,0,0
"L97822","70719","10000",1,0,0,0,0
"L97823","70719","10000",1,0,0,0,0
"L97824","70719","10000",1,0,0,0,0
"L97829","70719","10000",1,0,0,0,0
"L97901","70710","10000",1,0,0,0,0
"L97902","70710","10000",1,0,0,0,0
"L97903","70710","10000",1,0,0,0,0
"L97904","70710","10000",1,0,0,0,0
"L97909","70710","10000",1,0,0,0,0
"L97911","70710","10000",1,0,0,0,0
"L97912","70710","10000",1,0,0,0,0
"L97913","70710","10000",1,0,0,0,0
"L97914","70710","10000",1,0,0,0,0
"L97919","70710","10000",1,0,0,0,0
"L97921","70710","10000",1,0,0,0,0
"L97922","70710","10000",1,0,0,0,0
"L97923","70710","10000",1,0,0,0,0
"L97924","70710","10000",1,0,0,0,0
"L97929","70710","10000",1,0,0,0,0
"L980","6861","10000",1,0,0,0,0
"L981","6984","00000",0,0,0,0,0
"L982","69589","10000",1,0,0,0,0
"L983","6829","10000",1,0,0,0,0
"L98411","7078","10000",1,0,0,0,0
"L98412","7078","10000",1,0,0,0,0
"L98413","7078","10000",1,0,0,0,0
"L98414","7078","10000",1,0,0,0,0
"L98419","7078","10000",1,0,0,0,0
"L98421","7078","10000",1,0,0,0,0
"L98422","7078","10000",1,0,0,0,0
"L98423","7078","10000",1,0,0,0,0
"L98424","7078","10000",1,0,0,0,0
"L98429","7078","10000",1,0,0,0,0
"L98491","7079","10000",1,0,0,0,0
"L98492","7079","10000",1,0,0,0,0
"L98493","7079","10000",1,0,0,0,0
"L98494","7079","10000",1,0,0,0,0
"L98499","7079","10000",1,0,0,0,0
"L985","7018","10000",1,0,0,0,0
"L986","7018","10000",1,0,0,0,0
"L988","7098","10000",1,0,0,0,0
"L989","7099","10000",1,0,0,0,0
"L99","7018","10000",1,0,0,0,0
"L99","7098","10000",1,0,0,0,0
"M0000","71100","10000",1,0,0,0,0
"M00011","71101","10000",1,0,0,0,0
"M00012","71101","10000",1,0,0,0,0
"M00019","71101","10000",1,0,0,0,0
"M00021","71102","10000",1,0,0,0,0
"M00022","71102","10000",1,0,0,0,0
"M00029","71102","10000",1,0,0,0,0
"M00031","71103","10000",1,0,0,0,0
"M00032","71103","10000",1,0,0,0,0
"M00039","71103","10000",1,0,0,0,0
"M00041","71104","10000",1,0,0,0,0
"M00042","71104","10000",1,0,0,0,0
"M00049","71104","10000",1,0,0,0,0
"M00051","71105","10000",1,0,0,0,0
"M00052","71105","10000",1,0,0,0,0
"M00059","71105","10000",1,0,0,0,0
"M00061","71106","10000",1,0,0,0,0
"M00062","71106","10000",1,0,0,0,0
"M00069","71106","10000",1,0,0,0,0
"M00071","71107","10000",1,0,0,0,0
"M00072","71107","10000",1,0,0,0,0
"M00079","71107","10000",1,0,0,0,0
"M0008","71108","10000",1,0,0,0,0
"M0009","71109","10000",1,0,0,0,0
"M0010","0412","10112",1,0,1,1,2
"M0010","71100","10111",1,0,1,1,1
"M00111","0412","10112",1,0,1,1,2
"M00111","71101","10111",1,0,1,1,1
"M00112","0412","10112",1,0,1,1,2
"M00112","71101","10111",1,0,1,1,1
"M00119","0412","10112",1,0,1,1,2
"M00119","71101","10111",1,0,1,1,1
"M00121","0412","10112",1,0,1,1,2
"M00121","71102","10111",1,0,1,1,1
"M00122","0412","10112",1,0,1,1,2
"M00122","71102","10111",1,0,1,1,1
"M00129","0412","10112",1,0,1,1,2
"M00129","71102","10111",1,0,1,1,1
"M00131","0412","10112",1,0,1,1,2
"M00131","71103","10111",1,0,1,1,1
"M00132","0412","10112",1,0,1,1,2
"M00132","71103","10111",1,0,1,1,1
"M00139","0412","10112",1,0,1,1,2
"M00139","71103","10111",1,0,1,1,1
"M00141","0412","10112",1,0,1,1,2
"M00141","71104","10111",1,0,1,1,1
"M00142","0412","10112",1,0,1,1,2
"M00142","71104","10111",1,0,1,1,1
"M00149","0412","10112",1,0,1,1,2
"M00149","71104","10111",1,0,1,1,1
"M00151","0412","10112",1,0,1,1,2
"M00151","71105","10111",1,0,1,1,1
"M00152","0412","10112",1,0,1,1,2
"M00152","71105","10111",1,0,1,1,1
"M00159","0412","10112",1,0,1,1,2
"M00159","71105","10111",1,0,1,1,1
"M00161","0412","10112",1,0,1,1,2
"M00161","71106","10111",1,0,1,1,1
"M00162","0412","10112",1,0,1,1,2
"M00162","71106","10111",1,0,1,1,1
"M00169","0412","10112",1,0,1,1,2
"M00169","71106","10111",1,0,1,1,1
"M00171","0412","10112",1,0,1,1,2
"M00171","71107","10111",1,0,1,1,1
"M00172","0412","10112",1,0,1,1,2
"M00172","71107","10111",1,0,1,1,1
"M00179","0412","10112",1,0,1,1,2
"M00179","71107","10111",1,0,1,1,1
"M0018","0412","10112",1,0,1,1,2
"M0018","71108","10111",1,0,1,1,1
"M0019","0412","10112",1,0,1,1,2
"M0019","71109","10111",1,0,1,1,1
"M0020","71100","10000",1,0,0,0,0
"M00211","71101","10000",1,0,0,0,0
"M00212","71101","10000",1,0,0,0,0
"M00219","71101","10000",1,0,0,0,0
"M00221","71102","10000",1,0,0,0,0
"M00222","71102","10000",1,0,0,0,0
"M00229","71102","10000",1,0,0,0,0
"M00231","71103","10000",1,0,0,0,0
"M00232","71103","10000",1,0,0,0,0
"M00239","71103","10000",1,0,0,0,0
"M00241","71104","10000",1,0,0,0,0
"M00242","71104","10000",1,0,0,0,0
"M00249","71104","10000",1,0,0,0,0
"M00251","71105","10000",1,0,0,0,0
"M00252","71105","10000",1,0,0,0,0
"M00259","71105","10000",1,0,0,0,0
"M00261","71106","10000",1,0,0,0,0
"M00262","71106","10000",1,0,0,0,0
"M00269","71106","10000",1,0,0,0,0
"M00271","71107","10000",1,0,0,0,0
"M00272","71107","10000",1,0,0,0,0
"M00279","71107","10000",1,0,0,0,0
"M0028","71108","10000",1,0,0,0,0
"M0029","71109","10000",1,0,0,0,0
"M0080","71100","10000",1,0,0,0,0
"M00811","71101","10000",1,0,0,0,0
"M00812","71101","10000",1,0,0,0,0
"M00819","71101","10000",1,0,0,0,0
"M00821","71102","10000",1,0,0,0,0
"M00822","71102","10000",1,0,0,0,0
"M00829","71102","10000",1,0,0,0,0
"M00831","71103","10000",1,0,0,0,0
"M00832","71103","10000",1,0,0,0,0
"M00839","71103","10000",1,0,0,0,0
"M00841","71104","10000",1,0,0,0,0
"M00842","71104","10000",1,0,0,0,0
"M00849","71104","10000",1,0,0,0,0
"M00851","71105","10000",1,0,0,0,0
"M00852","71105","10000",1,0,0,0,0
"M00859","71105","10000",1,0,0,0,0
"M00861","71106","10000",1,0,0,0,0
"M00862","71106","10000",1,0,0,0,0
"M00869","71106","10000",1,0,0,0,0
"M00871","71107","10000",1,0,0,0,0
"M00872","71107","10000",1,0,0,0,0
"M00879","71107","10000",1,0,0,0,0
"M0088","71108","10000",1,0,0,0,0
"M0089","71109","10000",1,0,0,0,0
"M009","71100","10000",1,0,0,0,0
"M01X0","71140","10000",1,0,0,0,0
"M01X0","71150","10000",1,0,0,0,0
"M01X0","71160","10000",1,0,0,0,0
"M01X0","71170","10000",1,0,0,0,0
"M01X0","71180","10000",1,0,0,0,0
"M01X11","71141","10000",1,0,0,0,0
"M01X11","71151","10000",1,0,0,0,0
"M01X11","71161","10000",1,0,0,0,0
"M01X11","71171","10000",1,0,0,0,0
"M01X11","71181","10000",1,0,0,0,0
"M01X12","71141","10000",1,0,0,0,0
"M01X12","71151","10000",1,0,0,0,0
"M01X12","71161","10000",1,0,0,0,0
"M01X12","71171","10000",1,0,0,0,0
"M01X12","71181","10000",1,0,0,0,0
"M01X19","71141","10000",1,0,0,0,0
"M01X19","71151","10000",1,0,0,0,0
"M01X19","71161","10000",1,0,0,0,0
"M01X19","71171","10000",1,0,0,0,0
"M01X19","71181","10000",1,0,0,0,0
"M01X21","71142","10000",1,0,0,0,0
"M01X21","71152","10000",1,0,0,0,0
"M01X21","71162","10000",1,0,0,0,0
"M01X21","71172","10000",1,0,0,0,0
"M01X21","71182","10000",1,0,0,0,0
"M01X22","71142","10000",1,0,0,0,0
"M01X22","71152","10000",1,0,0,0,0
"M01X22","71162","10000",1,0,0,0,0
"M01X22","71172","10000",1,0,0,0,0
"M01X22","71182","10000",1,0,0,0,0
"M01X29","71142","10000",1,0,0,0,0
"M01X29","71152","10000",1,0,0,0,0
"M01X29","71162","10000",1,0,0,0,0
"M01X29","71172","10000",1,0,0,0,0
"M01X29","71182","10000",1,0,0,0,0
"M01X31","71143","10000",1,0,0,0,0
"M01X31","71153","10000",1,0,0,0,0
"M01X31","71163","10000",1,0,0,0,0
"M01X31","71173","10000",1,0,0,0,0
"M01X31","71183","10000",1,0,0,0,0
"M01X32","71143","10000",1,0,0,0,0
"M01X32","71153","10000",1,0,0,0,0
"M01X32","71163","10000",1,0,0,0,0
"M01X32","71173","10000",1,0,0,0,0
"M01X32","71183","10000",1,0,0,0,0
"M01X39","71143","10000",1,0,0,0,0
"M01X39","71153","10000",1,0,0,0,0
"M01X39","71163","10000",1,0,0,0,0
"M01X39","71173","10000",1,0,0,0,0
"M01X39","71183","10000",1,0,0,0,0
"M01X41","71144","10000",1,0,0,0,0
"M01X41","71154","10000",1,0,0,0,0
"M01X41","71164","10000",1,0,0,0,0
"M01X41","71174","10000",1,0,0,0,0
"M01X41","71184","10000",1,0,0,0,0
"M01X42","71144","10000",1,0,0,0,0
"M01X42","71154","10000",1,0,0,0,0
"M01X42","71164","10000",1,0,0,0,0
"M01X42","71174","10000",1,0,0,0,0
"M01X42","71184","10000",1,0,0,0,0
"M01X49","71144","10000",1,0,0,0,0
"M01X49","71154","10000",1,0,0,0,0
"M01X49","71164","10000",1,0,0,0,0
"M01X49","71174","10000",1,0,0,0,0
"M01X49","71184","10000",1,0,0,0,0
"M01X51","71145","10000",1,0,0,0,0
"M01X51","71155","10000",1,0,0,0,0
"M01X51","71165","10000",1,0,0,0,0
"M01X51","71175","10000",1,0,0,0,0
"M01X51","71185","10000",1,0,0,0,0
"M01X52","71145","10000",1,0,0,0,0
"M01X52","71155","10000",1,0,0,0,0
"M01X52","71165","10000",1,0,0,0,0
"M01X52","71175","10000",1,0,0,0,0
"M01X52","71185","10000",1,0,0,0,0
"M01X59","71145","10000",1,0,0,0,0
"M01X59","71155","10000",1,0,0,0,0
"M01X59","71165","10000",1,0,0,0,0
"M01X59","71175","10000",1,0,0,0,0
"M01X59","71185","10000",1,0,0,0,0
"M01X61","71146","10000",1,0,0,0,0
"M01X61","71156","10000",1,0,0,0,0
"M01X61","71166","10000",1,0,0,0,0
"M01X61","71176","10000",1,0,0,0,0
"M01X61","71186","10000",1,0,0,0,0
"M01X62","71146","10000",1,0,0,0,0
"M01X62","71156","10000",1,0,0,0,0
"M01X62","71166","10000",1,0,0,0,0
"M01X62","71176","10000",1,0,0,0,0
"M01X62","71186","10000",1,0,0,0,0
"M01X69","71146","10000",1,0,0,0,0
"M01X69","71156","10000",1,0,0,0,0
"M01X69","71166","10000",1,0,0,0,0
"M01X69","71176","10000",1,0,0,0,0
"M01X69","71186","10000",1,0,0,0,0
"M01X71","71147","10000",1,0,0,0,0
"M01X71","71157","10000",1,0,0,0,0
"M01X71","71167","10000",1,0,0,0,0
"M01X71","71177","10000",1,0,0,0,0
"M01X71","71187","10000",1,0,0,0,0
"M01X72","71147","10000",1,0,0,0,0
"M01X72","71157","10000",1,0,0,0,0
"M01X72","71167","10000",1,0,0,0,0
"M01X72","71177","10000",1,0,0,0,0
"M01X72","71187","10000",1,0,0,0,0
"M01X79","71147","10000",1,0,0,0,0
"M01X79","71157","10000",1,0,0,0,0
"M01X79","71167","10000",1,0,0,0,0
"M01X79","71177","10000",1,0,0,0,0
"M01X79","71187","10000",1,0,0,0,0
"M01X8","71148","10000",1,0,0,0,0
"M01X8","71158","10000",1,0,0,0,0
"M01X8","71168","10000",1,0,0,0,0
"M01X8","71178","10000",1,0,0,0,0
"M01X8","71188","10000",1,0,0,0,0
"M01X9","71149","10000",1,0,0,0,0
"M01X9","71159","10000",1,0,0,0,0
"M01X9","71169","10000",1,0,0,0,0
"M01X9","71179","10000",1,0,0,0,0
"M01X9","71189","10000",1,0,0,0,0
"M0200","7131","10000",1,0,0,0,0
"M02011","7131","10000",1,0,0,0,0
"M02012","7131","10000",1,0,0,0,0
"M02019","7131","10000",1,0,0,0,0
"M02021","7131","10000",1,0,0,0,0
"M02022","7131","10000",1,0,0,0,0
"M02029","7131","10000",1,0,0,0,0
"M02031","7131","10000",1,0,0,0,0
"M02032","7131","10000",1,0,0,0,0
"M02039","7131","10000",1,0,0,0,0
"M02041","7131","10000",1,0,0,0,0
"M02042","7131","10000",1,0,0,0,0
"M02049","7131","10000",1,0,0,0,0
"M02051","7131","10000",1,0,0,0,0
"M02052","7131","10000",1,0,0,0,0
"M02059","7131","10000",1,0,0,0,0
"M02061","7131","10000",1,0,0,0,0
"M02062","7131","10000",1,0,0,0,0
"M02069","7131","10000",1,0,0,0,0
"M02071","7131","10000",1,0,0,0,0
"M02072","7131","10000",1,0,0,0,0
"M02079","7131","10000",1,0,0,0,0
"M0208","7131","10000",1,0,0,0,0
"M0209","7131","10000",1,0,0,0,0
"M0210","71130","00000",0,0,0,0,0
"M02111","71131","10000",1,0,0,0,0
"M02112","71131","10000",1,0,0,0,0
"M02119","71131","10000",1,0,0,0,0
"M02121","71132","10000",1,0,0,0,0
"M02122","71132","10000",1,0,0,0,0
"M02129","71132","10000",1,0,0,0,0
"M02131","71133","10000",1,0,0,0,0
"M02132","71133","10000",1,0,0,0,0
"M02139","71133","10000",1,0,0,0,0
"M02141","71134","10000",1,0,0,0,0
"M02142","71134","10000",1,0,0,0,0
"M02149","71134","10000",1,0,0,0,0
"M02151","71135","10000",1,0,0,0,0
"M02152","71135","10000",1,0,0,0,0
"M02159","71135","10000",1,0,0,0,0
"M02161","71136","10000",1,0,0,0,0
"M02162","71136","10000",1,0,0,0,0
"M02169","71136","10000",1,0,0,0,0
"M02171","71137","10000",1,0,0,0,0
"M02172","71137","10000",1,0,0,0,0
"M02179","71137","10000",1,0,0,0,0
"M0218","71138","10000",1,0,0,0,0
"M0219","71139","00000",0,0,0,0,0
"M0220","7136","10000",1,0,0,0,0
"M02211","7136","10000",1,0,0,0,0
"M02211","7136","10112",1,0,1,1,2
"M02211","99952","10111",1,0,1,1,1
"M02212","7136","10000",1,0,0,0,0
"M02212","7136","10112",1,0,1,1,2
"M02212","99952","10111",1,0,1,1,1
"M02219","7136","10000",1,0,0,0,0
"M02219","7136","10112",1,0,1,1,2
"M02219","99952","10111",1,0,1,1,1
"M02221","7136","10000",1,0,0,0,0
"M02221","7136","10112",1,0,1,1,2
"M02221","99952","10111",1,0,1,1,1
"M02222","7136","10000",1,0,0,0,0
"M02222","7136","10112",1,0,1,1,2
"M02222","99952","10111",1,0,1,1,1
"M02229","7136","10000",1,0,0,0,0
"M02229","7136","10112",1,0,1,1,2
"M02229","99952","10111",1,0,1,1,1
"M02231","7136","10000",1,0,0,0,0
"M02231","7136","10112",1,0,1,1,2
"M02231","99952","10111",1,0,1,1,1
"M02232","7136","10000",1,0,0,0,0
"M02232","7136","10112",1,0,1,1,2
"M02232","99952","10111",1,0,1,1,1
"M02239","7136","10000",1,0,0,0,0
"M02239","7136","10112",1,0,1,1,2
"M02239","99952","10111",1,0,1,1,1
"M02241","7136","10000",1,0,0,0,0
"M02241","7136","10112",1,0,1,1,2
"M02241","99952","10111",1,0,1,1,1
"M02242","7136","10000",1,0,0,0,0
"M02242","7136","10112",1,0,1,1,2
"M02242","99952","10111",1,0,1,1,1
"M02249","7136","10000",1,0,0,0,0
"M02249","7136","10112",1,0,1,1,2
"M02249","99952","10111",1,0,1,1,1
"M02251","7136","10000",1,0,0,0,0
"M02251","7136","10112",1,0,1,1,2
"M02251","99952","10111",1,0,1,1,1
"M02252","7136","10000",1,0,0,0,0
"M02252","7136","10112",1,0,1,1,2
"M02252","99952","10111",1,0,1,1,1
"M02259","7136","10000",1,0,0,0,0
"M02259","7136","10112",1,0,1,1,2
"M02259","99952","10111",1,0,1,1,1
"M02261","7136","10000",1,0,0,0,0
"M02261","7136","10112",1,0,1,1,2
"M02261","99952","10111",1,0,1,1,1
"M02262","7136","10000",1,0,0,0,0
"M02262","7136","10112",1,0,1,1,2
"M02262","99952","10111",1,0,1,1,1
"M02269","7136","10000",1,0,0,0,0
"M02269","7136","10112",1,0,1,1,2
"M02269","99952","10111",1,0,1,1,1
"M02271","7136","10000",1,0,0,0,0
"M02271","7136","10112",1,0,1,1,2
"M02271","99952","10111",1,0,1,1,1
"M02272","7136","10000",1,0,0,0,0
"M02272","7136","10112",1,0,1,1,2
"M02272","99952","10111",1,0,1,1,1
"M02279","7136","10000",1,0,0,0,0
"M02279","7136","10112",1,0,1,1,2
"M02279","99952","10111",1,0,1,1,1
"M0228","7136","10000",1,0,0,0,0
"M0228","7136","10112",1,0,1,1,2
"M0228","99952","10111",1,0,1,1,1
"M0229","7136","10000",1,0,0,0,0
"M0229","7136","10112",1,0,1,1,2
"M0229","99952","10111",1,0,1,1,1
"M0230","0993","10111",1,0,1,1,1
"M0230","71110","10112",1,0,1,1,2
"M02311","0993","10111",1,0,1,1,1
"M02311","71111","10112",1,0,1,1,2
"M02312","0993","10111",1,0,1,1,1
"M02312","71111","10112",1,0,1,1,2
"M02319","0993","10111",1,0,1,1,1
"M02319","71111","10112",1,0,1,1,2
"M02321","0993","10111",1,0,1,1,1
"M02321","71112","10112",1,0,1,1,2
"M02322","0993","10111",1,0,1,1,1
"M02322","71112","10112",1,0,1,1,2
"M02329","0993","10111",1,0,1,1,1
"M02329","71112","10112",1,0,1,1,2
"M02331","0993","10111",1,0,1,1,1
"M02331","71113","10112",1,0,1,1,2
"M02332","0993","10111",1,0,1,1,1
"M02332","71113","10112",1,0,1,1,2
"M02339","0993","10111",1,0,1,1,1
"M02339","71113","10112",1,0,1,1,2
"M02341","0993","10111",1,0,1,1,1
"M02341","71114","10112",1,0,1,1,2
"M02342","0993","10111",1,0,1,1,1
"M02342","71114","10112",1,0,1,1,2
"M02349","0993","10111",1,0,1,1,1
"M02349","71114","10112",1,0,1,1,2
"M02351","0993","10111",1,0,1,1,1
"M02351","71115","10112",1,0,1,1,2
"M02352","0993","10111",1,0,1,1,1
"M02352","71115","10112",1,0,1,1,2
"M02359","0993","10111",1,0,1,1,1
"M02359","71115","10112",1,0,1,1,2
"M02361","0993","10111",1,0,1,1,1
"M02361","71116","10112",1,0,1,1,2
"M02362","0993","10111",1,0,1,1,1
"M02362","71116","10112",1,0,1,1,2
"M02369","0993","10111",1,0,1,1,1
"M02369","71116","10112",1,0,1,1,2
"M02371","0993","10111",1,0,1,1,1
"M02371","71117","10112",1,0,1,1,2
"M02372","0993","10111",1,0,1,1,1
"M02372","71117","10112",1,0,1,1,2
"M02379","0993","10111",1,0,1,1,1
"M02379","71117","10112",1,0,1,1,2
"M0238","0993","10111",1,0,1,1,1
"M0238","71118","10112",1,0,1,1,2
"M0239","0993","10111",1,0,1,1,1
"M0239","71119","10112",1,0,1,1,2
"M0280","71140","10000",1,0,0,0,0
"M0280","71150","10000",1,0,0,0,0
"M0280","71180","10000",1,0,0,0,0
"M02811","71141","10000",1,0,0,0,0
"M02811","71151","10000",1,0,0,0,0
"M02811","71181","10000",1,0,0,0,0
"M02812","71141","10000",1,0,0,0,0
"M02812","71151","10000",1,0,0,0,0
"M02812","71181","10000",1,0,0,0,0
"M02819","71141","10000",1,0,0,0,0
"M02819","71151","10000",1,0,0,0,0
"M02819","71181","10000",1,0,0,0,0
"M02821","71142","10000",1,0,0,0,0
"M02821","71152","10000",1,0,0,0,0
"M02821","71182","10000",1,0,0,0,0
"M02822","71142","10000",1,0,0,0,0
"M02822","71152","10000",1,0,0,0,0
"M02822","71182","10000",1,0,0,0,0
"M02829","71142","10000",1,0,0,0,0
"M02829","71152","10000",1,0,0,0,0
"M02829","71182","10000",1,0,0,0,0
"M02831","71143","10000",1,0,0,0,0
"M02831","71153","10000",1,0,0,0,0
"M02831","71183","10000",1,0,0,0,0
"M02832","71143","10000",1,0,0,0,0
"M02832","71153","10000",1,0,0,0,0
"M02832","71183","10000",1,0,0,0,0
"M02839","71143","10000",1,0,0,0,0
"M02839","71153","10000",1,0,0,0,0
"M02839","71183","10000",1,0,0,0,0
"M02841","71144","10000",1,0,0,0,0
"M02841","71154","10000",1,0,0,0,0
"M02841","71184","10000",1,0,0,0,0
"M02842","71144","10000",1,0,0,0,0
"M02842","71154","10000",1,0,0,0,0
"M02842","71184","10000",1,0,0,0,0
"M02849","71144","10000",1,0,0,0,0
"M02849","71154","10000",1,0,0,0,0
"M02849","71184","10000",1,0,0,0,0
"M02851","71145","10000",1,0,0,0,0
"M02851","71155","10000",1,0,0,0,0
"M02851","71185","10000",1,0,0,0,0
"M02852","71145","10000",1,0,0,0,0
"M02852","71155","10000",1,0,0,0,0
"M02852","71185","10000",1,0,0,0,0
"M02859","71145","10000",1,0,0,0,0
"M02859","71155","10000",1,0,0,0,0
"M02859","71185","10000",1,0,0,0,0
"M02861","71146","10000",1,0,0,0,0
"M02861","71156","10000",1,0,0,0,0
"M02861","71186","10000",1,0,0,0,0
"M02862","71146","10000",1,0,0,0,0
"M02862","71156","10000",1,0,0,0,0
"M02862","71186","10000",1,0,0,0,0
"M02869","71146","10000",1,0,0,0,0
"M02869","71156","10000",1,0,0,0,0
"M02869","71186","10000",1,0,0,0,0
"M02871","71147","10000",1,0,0,0,0
"M02871","71157","10000",1,0,0,0,0
"M02871","71187","10000",1,0,0,0,0
"M02872","71147","10000",1,0,0,0,0
"M02872","71157","10000",1,0,0,0,0
"M02872","71187","10000",1,0,0,0,0
"M02879","71147","10000",1,0,0,0,0
"M02879","71157","10000",1,0,0,0,0
"M02879","71187","10000",1,0,0,0,0
"M0288","71148","10000",1,0,0,0,0
"M0288","71158","10000",1,0,0,0,0
"M0288","71188","10000",1,0,0,0,0
"M0289","71149","10000",1,0,0,0,0
"M0289","71159","10000",1,0,0,0,0
"M0289","71189","10000",1,0,0,0,0
"M029","7137","10000",1,0,0,0,0
"M0500","7141","10000",1,0,0,0,0
"M05011","7141","10000",1,0,0,0,0
"M05012","7141","10000",1,0,0,0,0
"M05019","7141","10000",1,0,0,0,0
"M05021","7141","10000",1,0,0,0,0
"M05022","7141","10000",1,0,0,0,0
"M05029","7141","10000",1,0,0,0,0
"M05031","7141","10000",1,0,0,0,0
"M05032","7141","10000",1,0,0,0,0
"M05039","7141","10000",1,0,0,0,0
"M05041","7141","10000",1,0,0,0,0
"M05042","7141","10000",1,0,0,0,0
"M05049","7141","10000",1,0,0,0,0
"M05051","7141","10000",1,0,0,0,0
"M05052","7141","10000",1,0,0,0,0
"M05059","7141","10000",1,0,0,0,0
"M05061","7141","10000",1,0,0,0,0
"M05062","7141","10000",1,0,0,0,0
"M05069","7141","10000",1,0,0,0,0
"M05071","7141","10000",1,0,0,0,0
"M05072","7141","10000",1,0,0,0,0
"M05079","7141","10000",1,0,0,0,0
"M0509","7141","10000",1,0,0,0,0
"M0510","71481","10000",1,0,0,0,0
"M05111","71481","10000",1,0,0,0,0
"M05112","71481","10000",1,0,0,0,0
"M05119","71481","10000",1,0,0,0,0
"M05121","71481","10000",1,0,0,0,0
"M05122","71481","10000",1,0,0,0,0
"M05129","71481","10000",1,0,0,0,0
"M05131","71481","10000",1,0,0,0,0
"M05132","71481","10000",1,0,0,0,0
"M05139","71481","10000",1,0,0,0,0
"M05141","71481","10000",1,0,0,0,0
"M05142","71481","10000",1,0,0,0,0
"M05149","71481","10000",1,0,0,0,0
"M05151","71481","10000",1,0,0,0,0
"M05152","71481","10000",1,0,0,0,0
"M05159","71481","10000",1,0,0,0,0
"M05161","71481","10000",1,0,0,0,0
"M05162","71481","10000",1,0,0,0,0
"M05169","71481","10000",1,0,0,0,0
"M05171","71481","10000",1,0,0,0,0
"M05172","71481","10000",1,0,0,0,0
"M05179","71481","10000",1,0,0,0,0
"M0519","71481","10000",1,0,0,0,0
"M0520","7142","10000",1,0,0,0,0
"M05211","7142","10000",1,0,0,0,0
"M05212","7142","10000",1,0,0,0,0
"M05219","7142","10000",1,0,0,0,0
"M05221","7142","10000",1,0,0,0,0
"M05222","7142","10000",1,0,0,0,0
"M05229","7142","10000",1,0,0,0,0
"M05231","7142","10000",1,0,0,0,0
"M05232","7142","10000",1,0,0,0,0
"M05239","7142","10000",1,0,0,0,0
"M05241","7142","10000",1,0,0,0,0
"M05242","7142","10000",1,0,0,0,0
"M05249","7142","10000",1,0,0,0,0
"M05251","7142","10000",1,0,0,0,0
"M05252","7142","10000",1,0,0,0,0
"M05259","7142","10000",1,0,0,0,0
"M05261","7142","10000",1,0,0,0,0
"M05262","7142","10000",1,0,0,0,0
"M05269","7142","10000",1,0,0,0,0
"M05271","7142","10000",1,0,0,0,0
"M05272","7142","10000",1,0,0,0,0
"M05279","7142","10000",1,0,0,0,0
"M0529","7142","10000",1,0,0,0,0
"M0530","7142","10000",1,0,0,0,0
"M05311","7142","10000",1,0,0,0,0
"M05312","7142","10000",1,0,0,0,0
"M05319","7142","10000",1,0,0,0,0
"M05321","7142","10000",1,0,0,0,0
"M05322","7142","10000",1,0,0,0,0
"M05329","7142","10000",1,0,0,0,0
"M05331","7142","10000",1,0,0,0,0
"M05332","7142","10000",1,0,0,0,0
"M05339","7142","10000",1,0,0,0,0
"M05341","7142","10000",1,0,0,0,0
"M05342","7142","10000",1,0,0,0,0
"M05349","7142","10000",1,0,0,0,0
"M05351","7142","10000",1,0,0,0,0
"M05352","7142","10000",1,0,0,0,0
"M05359","7142","10000",1,0,0,0,0
"M05361","7142","10000",1,0,0,0,0
"M05362","7142","10000",1,0,0,0,0
"M05369","7142","10000",1,0,0,0,0
"M05371","7142","10000",1,0,0,0,0
"M05372","7142","10000",1,0,0,0,0
"M05379","7142","10000",1,0,0,0,0
"M0539","7142","10000",1,0,0,0,0
"M0540","3596","10112",1,0,1,1,2
"M0540","7140","10111",1,0,1,1,1
"M05411","3596","10112",1,0,1,1,2
"M05411","7140","10111",1,0,1,1,1
"M05412","3596","10112",1,0,1,1,2
"M05412","7140","10111",1,0,1,1,1
"M05419","3596","10112",1,0,1,1,2
"M05419","7140","10111",1,0,1,1,1
"M05421","3596","10112",1,0,1,1,2
"M05421","7140","10111",1,0,1,1,1
"M05422","3596","10112",1,0,1,1,2
"M05422","7140","10111",1,0,1,1,1
"M05429","3596","10112",1,0,1,1,2
"M05429","7140","10111",1,0,1,1,1
"M05431","3596","10112",1,0,1,1,2
"M05431","7140","10111",1,0,1,1,1
"M05432","3596","10112",1,0,1,1,2
"M05432","7140","10111",1,0,1,1,1
"M05439","3596","10112",1,0,1,1,2
"M05439","7140","10111",1,0,1,1,1
"M05441","3596","10112",1,0,1,1,2
"M05441","7140","10111",1,0,1,1,1
"M05442","3596","10112",1,0,1,1,2
"M05442","7140","10111",1,0,1,1,1
"M05449","3596","10112",1,0,1,1,2
"M05449","7140","10111",1,0,1,1,1
"M05451","3596","10112",1,0,1,1,2
"M05451","7140","10111",1,0,1,1,1
"M05452","3596","10112",1,0,1,1,2
"M05452","7140","10111",1,0,1,1,1
"M05459","3596","10112",1,0,1,1,2
"M05459","7140","10111",1,0,1,1,1
"M05461","3596","10112",1,0,1,1,2
"M05461","7140","10111",1,0,1,1,1
"M05462","3596","10112",1,0,1,1,2
"M05462","7140","10111",1,0,1,1,1
"M05469","3596","10112",1,0,1,1,2
"M05469","7140","10111",1,0,1,1,1
"M05471","3596","10112",1,0,1,1,2
"M05471","7140","10111",1,0,1,1,1
"M05472","3596","10112",1,0,1,1,2
"M05472","7140","10111",1,0,1,1,1
"M05479","3596","10112",1,0,1,1,2
"M05479","7140","10111",1,0,1,1,1
"M0549","3596","10112",1,0,1,1,2
"M0549","7140","10111",1,0,1,1,1
"M0550","3571","10112",1,0,1,1,2
"M0550","7140","10111",1,0,1,1,1
"M05511","3571","10112",1,0,1,1,2
"M05511","7140","10111",1,0,1,1,1
"M05512","3571","10112",1,0,1,1,2
"M05512","7140","10111",1,0,1,1,1
"M05519","3571","10112",1,0,1,1,2
"M05519","7140","10111",1,0,1,1,1
"M05521","3571","10112",1,0,1,1,2
"M05521","7140","10111",1,0,1,1,1
"M05522","3571","10112",1,0,1,1,2
"M05522","7140","10111",1,0,1,1,1
"M05529","3571","10112",1,0,1,1,2
"M05529","7140","10111",1,0,1,1,1
"M05531","3571","10112",1,0,1,1,2
"M05531","7140","10111",1,0,1,1,1
"M05532","3571","10112",1,0,1,1,2
"M05532","7140","10111",1,0,1,1,1
"M05539","3571","10112",1,0,1,1,2
"M05539","7140","10111",1,0,1,1,1
"M05541","3571","10112",1,0,1,1,2
"M05541","7140","10111",1,0,1,1,1
"M05542","3571","10112",1,0,1,1,2
"M05542","7140","10111",1,0,1,1,1
"M05549","3571","10112",1,0,1,1,2
"M05549","7140","10111",1,0,1,1,1
"M05551","3571","10112",1,0,1,1,2
"M05551","7140","10111",1,0,1,1,1
"M05552","3571","10112",1,0,1,1,2
"M05552","7140","10111",1,0,1,1,1
"M05559","3571","10112",1,0,1,1,2
"M05559","7140","10111",1,0,1,1,1
"M05561","3571","10112",1,0,1,1,2
"M05561","7140","10111",1,0,1,1,1
"M05562","3571","10112",1,0,1,1,2
"M05562","7140","10111",1,0,1,1,1
"M05569","3571","10112",1,0,1,1,2
"M05569","7140","10111",1,0,1,1,1
"M05571","3571","10112",1,0,1,1,2
"M05571","7140","10111",1,0,1,1,1
"M05572","3571","10112",1,0,1,1,2
"M05572","7140","10111",1,0,1,1,1
"M05579","3571","10112",1,0,1,1,2
"M05579","7140","10111",1,0,1,1,1
"M0559","3571","10112",1,0,1,1,2
"M0559","7140","10111",1,0,1,1,1
"M0560","7142","10000",1,0,0,0,0
"M05611","7142","10000",1,0,0,0,0
"M05612","7142","10000",1,0,0,0,0
"M05619","7142","10000",1,0,0,0,0
"M05621","7142","10000",1,0,0,0,0
"M05622","7142","10000",1,0,0,0,0
"M05629","7142","10000",1,0,0,0,0
"M05631","7142","10000",1,0,0,0,0
"M05632","7142","10000",1,0,0,0,0
"M05639","7142","10000",1,0,0,0,0
"M05641","7142","10000",1,0,0,0,0
"M05642","7142","10000",1,0,0,0,0
"M05649","7142","10000",1,0,0,0,0
"M05651","7142","10000",1,0,0,0,0
"M05652","7142","10000",1,0,0,0,0
"M05659","7142","10000",1,0,0,0,0
"M05661","7142","10000",1,0,0,0,0
"M05662","7142","10000",1,0,0,0,0
"M05669","7142","10000",1,0,0,0,0
"M05671","7142","10000",1,0,0,0,0
"M05672","7142","10000",1,0,0,0,0
"M05679","7142","10000",1,0,0,0,0
"M0569","7142","10000",1,0,0,0,0
"M0570","7140","10000",1,0,0,0,0
"M05711","7140","10000",1,0,0,0,0
"M05712","7140","10000",1,0,0,0,0
"M05719","7140","10000",1,0,0,0,0
"M05721","7140","10000",1,0,0,0,0
"M05722","7140","10000",1,0,0,0,0
"M05729","7140","10000",1,0,0,0,0
"M05731","7140","10000",1,0,0,0,0
"M05732","7140","10000",1,0,0,0,0
"M05739","7140","10000",1,0,0,0,0
"M05741","7140","10000",1,0,0,0,0
"M05742","7140","10000",1,0,0,0,0
"M05749","7140","10000",1,0,0,0,0
"M05751","7140","10000",1,0,0,0,0
"M05752","7140","10000",1,0,0,0,0
"M05759","7140","10000",1,0,0,0,0
"M05761","7140","10000",1,0,0,0,0
"M05762","7140","10000",1,0,0,0,0
"M05769","7140","10000",1,0,0,0,0
"M05771","7140","10000",1,0,0,0,0
"M05772","7140","10000",1,0,0,0,0
"M05779","7140","10000",1,0,0,0,0
"M0579","7140","10000",1,0,0,0,0
"M0580","7140","10000",1,0,0,0,0
"M05811","7140","10000",1,0,0,0,0
"M05812","7140","10000",1,0,0,0,0
"M05819","7140","10000",1,0,0,0,0
"M05821","7140","10000",1,0,0,0,0
"M05822","7140","10000",1,0,0,0,0
"M05829","7140","10000",1,0,0,0,0
"M05831","7140","10000",1,0,0,0,0
"M05832","7140","10000",1,0,0,0,0
"M05839","7140","10000",1,0,0,0,0
"M05841","7140","10000",1,0,0,0,0
"M05842","7140","10000",1,0,0,0,0
"M05849","7140","10000",1,0,0,0,0
"M05851","7140","10000",1,0,0,0,0
"M05852","7140","10000",1,0,0,0,0
"M05859","7140","10000",1,0,0,0,0
"M05861","7140","10000",1,0,0,0,0
"M05862","7140","10000",1,0,0,0,0
"M05869","7140","10000",1,0,0,0,0
"M05871","7140","10000",1,0,0,0,0
"M05872","7140","10000",1,0,0,0,0
"M05879","7140","10000",1,0,0,0,0
"M0589","7140","10000",1,0,0,0,0
"M059","7140","10000",1,0,0,0,0
"M0600","7140","10000",1,0,0,0,0
"M06011","7140","10000",1,0,0,0,0
"M06012","7140","10000",1,0,0,0,0
"M06019","7140","10000",1,0,0,0,0
"M06021","7140","10000",1,0,0,0,0
"M06022","7140","10000",1,0,0,0,0
"M06029","7140","10000",1,0,0,0,0
"M06031","7140","10000",1,0,0,0,0
"M06032","7140","10000",1,0,0,0,0
"M06039","7140","10000",1,0,0,0,0
"M06041","7140","10000",1,0,0,0,0
"M06042","7140","10000",1,0,0,0,0
"M06049","7140","10000",1,0,0,0,0
"M06051","7140","10000",1,0,0,0,0
"M06052","7140","10000",1,0,0,0,0
"M06059","7140","10000",1,0,0,0,0
"M06061","7140","10000",1,0,0,0,0
"M06062","7140","10000",1,0,0,0,0
"M06069","7140","10000",1,0,0,0,0
"M06071","7140","10000",1,0,0,0,0
"M06072","7140","10000",1,0,0,0,0
"M06079","7140","10000",1,0,0,0,0
"M0608","7140","10000",1,0,0,0,0
"M0609","7140","10000",1,0,0,0,0
"M061","7142","10000",1,0,0,0,0
"M0620","7140","10000",1,0,0,0,0
"M06211","7140","10000",1,0,0,0,0
"M06212","7140","10000",1,0,0,0,0
"M06219","7140","10000",1,0,0,0,0
"M06221","7140","10000",1,0,0,0,0
"M06222","7140","10000",1,0,0,0,0
"M06229","7140","10000",1,0,0,0,0
"M06231","7140","10000",1,0,0,0,0
"M06232","7140","10000",1,0,0,0,0
"M06239","7140","10000",1,0,0,0,0
"M06241","7140","10000",1,0,0,0,0
"M06242","7140","10000",1,0,0,0,0
"M06249","7140","10000",1,0,0,0,0
"M06251","7140","10000",1,0,0,0,0
"M06252","7140","10000",1,0,0,0,0
"M06259","7140","10000",1,0,0,0,0
"M06261","7140","10000",1,0,0,0,0
"M06262","7140","10000",1,0,0,0,0
"M06269","7140","10000",1,0,0,0,0
"M06271","7140","10000",1,0,0,0,0
"M06272","7140","10000",1,0,0,0,0
"M06279","7140","10000",1,0,0,0,0
"M0628","7140","10000",1,0,0,0,0
"M0629","7140","10000",1,0,0,0,0
"M0630","7140","10000",1,0,0,0,0
"M06311","7140","10000",1,0,0,0,0
"M06312","7140","10000",1,0,0,0,0
"M06319","7140","10000",1,0,0,0,0
"M06321","7140","10000",1,0,0,0,0
"M06322","7140","10000",1,0,0,0,0
"M06329","7140","10000",1,0,0,0,0
"M06331","7140","10000",1,0,0,0,0
"M06332","7140","10000",1,0,0,0,0
"M06339","7140","10000",1,0,0,0,0
"M06341","7140","10000",1,0,0,0,0
"M06342","7140","10000",1,0,0,0,0
"M06349","7140","10000",1,0,0,0,0
"M06351","7140","10000",1,0,0,0,0
"M06352","7140","10000",1,0,0,0,0
"M06359","7140","10000",1,0,0,0,0
"M06361","7140","10000",1,0,0,0,0
"M06362","7140","10000",1,0,0,0,0
"M06369","7140","10000",1,0,0,0,0
"M06371","7140","10000",1,0,0,0,0
"M06372","7140","10000",1,0,0,0,0
"M06379","7140","10000",1,0,0,0,0
"M0638","7140","10000",1,0,0,0,0
"M0639","7140","10000",1,0,0,0,0
"M064","71489","10000",1,0,0,0,0
"M064","7149","10000",1,0,0,0,0
"M0680","7140","10000",1,0,0,0,0
"M06811","7140","10000",1,0,0,0,0
"M06812","7140","10000",1,0,0,0,0
"M06819","7140","10000",1,0,0,0,0
"M06821","7140","10000",1,0,0,0,0
"M06822","7140","10000",1,0,0,0,0
"M06829","7140","10000",1,0,0,0,0
"M06831","7140","10000",1,0,0,0,0
"M06832","7140","10000",1,0,0,0,0
"M06839","7140","10000",1,0,0,0,0
"M06841","7140","10000",1,0,0,0,0
"M06842","7140","10000",1,0,0,0,0
"M06849","7140","10000",1,0,0,0,0
"M06851","7140","10000",1,0,0,0,0
"M06852","7140","10000",1,0,0,0,0
"M06859","7140","10000",1,0,0,0,0
"M06861","7140","10000",1,0,0,0,0
"M06862","7140","10000",1,0,0,0,0
"M06869","7140","10000",1,0,0,0,0
"M06871","7140","10000",1,0,0,0,0
"M06872","7140","10000",1,0,0,0,0
"M06879","7140","10000",1,0,0,0,0
"M0688","7140","10000",1,0,0,0,0
"M0689","7140","10000",1,0,0,0,0
"M069","7140","10000",1,0,0,0,0
"M0760","7131","10112",1,0,1,1,2
"M0760","71680","10111",1,0,1,1,1
"M07611","7131","10112",1,0,1,1,2
"M07611","71681","10111",1,0,1,1,1
"M07612","7131","10112",1,0,1,1,2
"M07612","71681","10111",1,0,1,1,1
"M07619","7131","10112",1,0,1,1,2
"M07619","71681","10111",1,0,1,1,1
"M07621","7131","10112",1,0,1,1,2
"M07621","71682","10111",1,0,1,1,1
"M07622","7131","10112",1,0,1,1,2
"M07622","71682","10111",1,0,1,1,1
"M07629","7131","10112",1,0,1,1,2
"M07629","71682","10111",1,0,1,1,1
"M07631","7131","10112",1,0,1,1,2
"M07631","71683","10111",1,0,1,1,1
"M07632","7131","10112",1,0,1,1,2
"M07632","71683","10111",1,0,1,1,1
"M07639","7131","10112",1,0,1,1,2
"M07639","71683","10111",1,0,1,1,1
"M07641","7131","10112",1,0,1,1,2
"M07641","71684","10111",1,0,1,1,1
"M07642","7131","10112",1,0,1,1,2
"M07642","71684","10111",1,0,1,1,1
"M07649","7131","10112",1,0,1,1,2
"M07649","71684","10111",1,0,1,1,1
"M07651","7131","10112",1,0,1,1,2
"M07651","71685","10111",1,0,1,1,1
"M07652","7131","10112",1,0,1,1,2
"M07652","71685","10111",1,0,1,1,1
"M07659","7131","10112",1,0,1,1,2
"M07659","71685","10111",1,0,1,1,1
"M07661","7131","10112",1,0,1,1,2
"M07661","71686","10111",1,0,1,1,1
"M07662","7131","10112",1,0,1,1,2
"M07662","71686","10111",1,0,1,1,1
"M07669","7131","10112",1,0,1,1,2
"M07669","71686","10111",1,0,1,1,1
"M07671","7131","10112",1,0,1,1,2
"M07671","71687","10111",1,0,1,1,1
"M07672","7131","10112",1,0,1,1,2
"M07672","71687","10111",1,0,1,1,1
"M07679","7131","10112",1,0,1,1,2
"M07679","71687","10111",1,0,1,1,1
"M0768","7131","10112",1,0,1,1,2
"M0768","71688","10111",1,0,1,1,1
"M0769","7131","10112",1,0,1,1,2
"M0769","71689","10111",1,0,1,1,1
"M0800","71430","10000",1,0,0,0,0
"M08011","71430","10000",1,0,0,0,0
"M08012","71430","10000",1,0,0,0,0
"M08019","71430","10000",1,0,0,0,0
"M08021","71430","10000",1,0,0,0,0
"M08022","71430","10000",1,0,0,0,0
"M08029","71430","10000",1,0,0,0,0
"M08031","71430","10000",1,0,0,0,0
"M08032","71430","10000",1,0,0,0,0
"M08039","71430","10000",1,0,0,0,0
"M08041","71430","10000",1,0,0,0,0
"M08042","71430","10000",1,0,0,0,0
"M08049","71430","10000",1,0,0,0,0
"M08051","71430","10000",1,0,0,0,0
"M08052","71430","10000",1,0,0,0,0
"M08059","71430","10000",1,0,0,0,0
"M08061","71430","10000",1,0,0,0,0
"M08062","71430","10000",1,0,0,0,0
"M08069","71430","10000",1,0,0,0,0
"M08071","71430","10000",1,0,0,0,0
"M08072","71430","10000",1,0,0,0,0
"M08079","71430","10000",1,0,0,0,0
"M0808","71430","10000",1,0,0,0,0
"M0809","71430","10000",1,0,0,0,0
"M081","7200","10000",1,0,0,0,0
"M0820","71430","10000",1,0,0,0,0
"M08211","71430","10000",1,0,0,0,0
"M08212","71430","10000",1,0,0,0,0
"M08219","71430","10000",1,0,0,0,0
"M08221","71430","10000",1,0,0,0,0
"M08222","71430","10000",1,0,0,0,0
"M08229","71430","10000",1,0,0,0,0
"M08231","71430","10000",1,0,0,0,0
"M08232","71430","10000",1,0,0,0,0
"M08239","71430","10000",1,0,0,0,0
"M08241","71430","10000",1,0,0,0,0
"M08242","71430","10000",1,0,0,0,0
"M08249","71430","10000",1,0,0,0,0
"M08251","71430","10000",1,0,0,0,0
"M08252","71430","10000",1,0,0,0,0
"M08259","71430","10000",1,0,0,0,0
"M08261","71430","10000",1,0,0,0,0
"M08262","71430","10000",1,0,0,0,0
"M08269","71430","10000",1,0,0,0,0
"M08271","71430","10000",1,0,0,0,0
"M08272","71430","10000",1,0,0,0,0
"M08279","71430","10000",1,0,0,0,0
"M0828","71430","10000",1,0,0,0,0
"M0829","71430","10000",1,0,0,0,0
"M083","71430","10000",1,0,0,0,0
"M0840","71432","10000",1,0,0,0,0
"M08411","71432","10000",1,0,0,0,0
"M08412","71432","10000",1,0,0,0,0
"M08419","71432","10000",1,0,0,0,0
"M08421","71432","10000",1,0,0,0,0
"M08422","71432","10000",1,0,0,0,0
"M08429","71432","10000",1,0,0,0,0
"M08431","71432","10000",1,0,0,0,0
"M08432","71432","10000",1,0,0,0,0
"M08439","71432","10000",1,0,0,0,0
"M08441","71432","10000",1,0,0,0,0
"M08442","71432","10000",1,0,0,0,0
"M08449","71432","10000",1,0,0,0,0
"M08451","71432","10000",1,0,0,0,0
"M08452","71432","10000",1,0,0,0,0
"M08459","71432","10000",1,0,0,0,0
"M08461","71432","10000",1,0,0,0,0
"M08462","71432","10000",1,0,0,0,0
"M08469","71432","10000",1,0,0,0,0
"M08471","71432","10000",1,0,0,0,0
"M08472","71432","10000",1,0,0,0,0
"M08479","71432","10000",1,0,0,0,0
"M0848","71432","10000",1,0,0,0,0
"M0880","71430","10000",1,0,0,0,0
"M08811","71430","10000",1,0,0,0,0
"M08812","71430","10000",1,0,0,0,0
"M08819","71430","10000",1,0,0,0,0
"M08821","71430","10000",1,0,0,0,0
"M08822","71430","10000",1,0,0,0,0
"M08829","71430","10000",1,0,0,0,0
"M08831","71430","10000",1,0,0,0,0
"M08832","71430","10000",1,0,0,0,0
"M08839","71430","10000",1,0,0,0,0
"M08841","71430","10000",1,0,0,0,0
"M08842","71430","10000",1,0,0,0,0
"M08849","71430","10000",1,0,0,0,0
"M08851","71430","10000",1,0,0,0,0
"M08852","71430","10000",1,0,0,0,0
"M08859","71430","10000",1,0,0,0,0
"M08861","71430","10000",1,0,0,0,0
"M08862","71430","10000",1,0,0,0,0
"M08869","71430","10000",1,0,0,0,0
"M08871","71430","10000",1,0,0,0,0
"M08872","71430","10000",1,0,0,0,0
"M08879","71430","10000",1,0,0,0,0
"M0888","71430","10000",1,0,0,0,0
"M0889","71430","10000",1,0,0,0,0
"M0890","71430","10000",1,0,0,0,0
"M08911","71430","10000",1,0,0,0,0
"M08912","71430","10000",1,0,0,0,0
"M08919","71430","10000",1,0,0,0,0
"M08921","71430","10000",1,0,0,0,0
"M08922","71430","10000",1,0,0,0,0
"M08929","71430","10000",1,0,0,0,0
"M08931","71430","10000",1,0,0,0,0
"M08932","71430","10000",1,0,0,0,0
"M08939","71430","10000",1,0,0,0,0
"M08941","71430","10000",1,0,0,0,0
"M08942","71430","10000",1,0,0,0,0
"M08949","71430","10000",1,0,0,0,0
"M08951","71430","10000",1,0,0,0,0
"M08952","71430","10000",1,0,0,0,0
"M08959","71430","10000",1,0,0,0,0
"M08961","71430","10000",1,0,0,0,0
"M08962","71430","10000",1,0,0,0,0
"M08969","71430","10000",1,0,0,0,0
"M08971","71430","10000",1,0,0,0,0
"M08972","71430","10000",1,0,0,0,0
"M08979","71430","10000",1,0,0,0,0
"M0898","71430","10000",1,0,0,0,0
"M0899","71430","10000",1,0,0,0,0
"M1000","27400","10000",1,0,0,0,0
"M1000","27401","10000",1,0,0,0,0
"M10011","27400","10000",1,0,0,0,0
"M10011","27401","10000",1,0,0,0,0
"M10012","27400","10000",1,0,0,0,0
"M10012","27401","10000",1,0,0,0,0
"M10019","27400","10000",1,0,0,0,0
"M10019","27401","10000",1,0,0,0,0
"M10021","27400","10000",1,0,0,0,0
"M10021","27401","10000",1,0,0,0,0
"M10022","27400","10000",1,0,0,0,0
"M10022","27401","10000",1,0,0,0,0
"M10029","27400","10000",1,0,0,0,0
"M10029","27401","10000",1,0,0,0,0
"M10031","27400","10000",1,0,0,0,0
"M10031","27401","10000",1,0,0,0,0
"M10032","27400","10000",1,0,0,0,0
"M10032","27401","10000",1,0,0,0,0
"M10039","27400","10000",1,0,0,0,0
"M10039","27401","10000",1,0,0,0,0
"M10041","27400","10000",1,0,0,0,0
"M10041","27401","10000",1,0,0,0,0
"M10042","27400","10000",1,0,0,0,0
"M10042","27401","10000",1,0,0,0,0
"M10049","27400","10000",1,0,0,0,0
"M10049","27401","10000",1,0,0,0,0
"M10051","27400","10000",1,0,0,0,0
"M10051","27401","10000",1,0,0,0,0
"M10052","27400","10000",1,0,0,0,0
"M10052","27401","10000",1,0,0,0,0
"M10059","27400","10000",1,0,0,0,0
"M10059","27401","10000",1,0,0,0,0
"M10061","27400","10000",1,0,0,0,0
"M10061","27401","10000",1,0,0,0,0
"M10062","27400","10000",1,0,0,0,0
"M10062","27401","10000",1,0,0,0,0
"M10069","27400","10000",1,0,0,0,0
"M10069","27401","10000",1,0,0,0,0
"M10071","27400","10000",1,0,0,0,0
"M10071","27401","10000",1,0,0,0,0
"M10072","27400","10000",1,0,0,0,0
"M10072","27401","10000",1,0,0,0,0
"M10079","27400","10000",1,0,0,0,0
"M10079","27401","10000",1,0,0,0,0
"M1008","27400","10000",1,0,0,0,0
"M1008","27401","10000",1,0,0,0,0
"M1009","27400","10000",1,0,0,0,0
"M1009","27401","10000",1,0,0,0,0
"M1010","27400","10000",1,0,0,0,0
"M10111","27400","10000",1,0,0,0,0
"M10112","27400","10000",1,0,0,0,0
"M10119","27400","10000",1,0,0,0,0
"M10121","27400","10000",1,0,0,0,0
"M10122","27400","10000",1,0,0,0,0
"M10129","27400","10000",1,0,0,0,0
"M10131","27400","10000",1,0,0,0,0
"M10132","27400","10000",1,0,0,0,0
"M10139","27400","10000",1,0,0,0,0
"M10141","27400","10000",1,0,0,0,0
"M10142","27400","10000",1,0,0,0,0
"M10149","27400","10000",1,0,0,0,0
"M10151","27400","10000",1,0,0,0,0
"M10152","27400","10000",1,0,0,0,0
"M10159","27400","10000",1,0,0,0,0
"M10161","27400","10000",1,0,0,0,0
"M10162","27400","10000",1,0,0,0,0
"M10169","27400","10000",1,0,0,0,0
"M10171","27400","10000",1,0,0,0,0
"M10172","27400","10000",1,0,0,0,0
"M10179","27400","10000",1,0,0,0,0
"M1018","27400","10000",1,0,0,0,0
"M1019","27400","10000",1,0,0,0,0
"M1020","27400","10000",1,0,0,0,0
"M1020","27401","10000",1,0,0,0,0
"M10211","27400","10000",1,0,0,0,0
"M10211","27401","10000",1,0,0,0,0
"M10212","27400","10000",1,0,0,0,0
"M10212","27401","10000",1,0,0,0,0
"M10219","27400","10000",1,0,0,0,0
"M10219","27401","10000",1,0,0,0,0
"M10221","27400","10000",1,0,0,0,0
"M10221","27401","10000",1,0,0,0,0
"M10222","27400","10000",1,0,0,0,0
"M10222","27401","10000",1,0,0,0,0
"M10229","27400","10000",1,0,0,0,0
"M10229","27401","10000",1,0,0,0,0
"M10231","27400","10000",1,0,0,0,0
"M10231","27401","10000",1,0,0,0,0
"M10232","27400","10000",1,0,0,0,0
"M10232","27401","10000",1,0,0,0,0
"M10239","27400","10000",1,0,0,0,0
"M10239","27401","10000",1,0,0,0,0
"M10241","27400","10000",1,0,0,0,0
"M10241","27401","10000",1,0,0,0,0
"M10242","27400","10000",1,0,0,0,0
"M10242","27401","10000",1,0,0,0,0
"M10249","27400","10000",1,0,0,0,0
"M10249","27401","10000",1,0,0,0,0
"M10251","27400","10000",1,0,0,0,0
"M10251","27401","10000",1,0,0,0,0
"M10252","27400","10000",1,0,0,0,0
"M10252","27401","10000",1,0,0,0,0
"M10259","27400","10000",1,0,0,0,0
"M10259","27401","10000",1,0,0,0,0
"M10261","27400","10000",1,0,0,0,0
"M10261","27401","10000",1,0,0,0,0
"M10262","27400","10000",1,0,0,0,0
"M10262","27401","10000",1,0,0,0,0
"M10269","27400","10000",1,0,0,0,0
"M10269","27401","10000",1,0,0,0,0
"M10271","27400","10000",1,0,0,0,0
"M10271","27401","10000",1,0,0,0,0
"M10272","27400","10000",1,0,0,0,0
"M10272","27401","10000",1,0,0,0,0
"M10279","27400","10000",1,0,0,0,0
"M10279","27401","10000",1,0,0,0,0
"M1028","27400","10000",1,0,0,0,0
"M1028","27401","10000",1,0,0,0,0
"M1029","27400","10000",1,0,0,0,0
"M1029","27401","10000",1,0,0,0,0
"M1030","27410","10000",1,0,0,0,0
"M10311","27410","10000",1,0,0,0,0
"M10312","27410","10000",1,0,0,0,0
"M10319","27410","10000",1,0,0,0,0
"M10321","27410","10000",1,0,0,0,0
"M10322","27410","10000",1,0,0,0,0
"M10329","27410","10000",1,0,0,0,0
"M10331","27410","10000",1,0,0,0,0
"M10332","27410","10000",1,0,0,0,0
"M10339","27410","10000",1,0,0,0,0
"M10341","27410","10000",1,0,0,0,0
"M10342","27410","10000",1,0,0,0,0
"M10349","27410","10000",1,0,0,0,0
"M10351","27410","10000",1,0,0,0,0
"M10352","27410","10000",1,0,0,0,0
"M10359","27410","10000",1,0,0,0,0
"M10361","27410","10000",1,0,0,0,0
"M10362","27410","10000",1,0,0,0,0
"M10369","27410","10000",1,0,0,0,0
"M10371","27410","10000",1,0,0,0,0
"M10372","27410","10000",1,0,0,0,0
"M10379","27410","10000",1,0,0,0,0
"M1038","27410","10000",1,0,0,0,0
"M1039","27410","10000",1,0,0,0,0
"M1040","27489","10000",1,0,0,0,0
"M10411","27489","10000",1,0,0,0,0
"M10412","27489","10000",1,0,0,0,0
"M10419","27489","10000",1,0,0,0,0
"M10421","27489","10000",1,0,0,0,0
"M10422","27489","10000",1,0,0,0,0
"M10429","27489","10000",1,0,0,0,0
"M10431","27489","10000",1,0,0,0,0
"M10432","27489","10000",1,0,0,0,0
"M10439","27489","10000",1,0,0,0,0
"M10441","27489","10000",1,0,0,0,0
"M10442","27489","10000",1,0,0,0,0
"M10449","27489","10000",1,0,0,0,0
"M10451","27489","10000",1,0,0,0,0
"M10452","27489","10000",1,0,0,0,0
"M10459","27489","10000",1,0,0,0,0
"M10461","27489","10000",1,0,0,0,0
"M10462","27489","10000",1,0,0,0,0
"M10469","27489","10000",1,0,0,0,0
"M10471","27489","10000",1,0,0,0,0
"M10472","27489","10000",1,0,0,0,0
"M10479","27489","10000",1,0,0,0,0
"M1048","27489","10000",1,0,0,0,0
"M1049","27489","10000",1,0,0,0,0
"M109","2749","10000",1,0,0,0,0
"M1100","71280","10000",1,0,0,0,0
"M11011","71281","10000",1,0,0,0,0
"M11012","71281","10000",1,0,0,0,0
"M11019","71281","10000",1,0,0,0,0
"M11021","71282","10000",1,0,0,0,0
"M11022","71282","10000",1,0,0,0,0
"M11029","71282","10000",1,0,0,0,0
"M11031","71283","10000",1,0,0,0,0
"M11032","71283","10000",1,0,0,0,0
"M11039","71283","10000",1,0,0,0,0
"M11041","71284","10000",1,0,0,0,0
"M11042","71284","10000",1,0,0,0,0
"M11049","71284","10000",1,0,0,0,0
"M11051","71285","10000",1,0,0,0,0
"M11052","71285","10000",1,0,0,0,0
"M11059","71285","10000",1,0,0,0,0
"M11061","71286","10000",1,0,0,0,0
"M11062","71286","10000",1,0,0,0,0
"M11069","71286","10000",1,0,0,0,0
"M11071","71287","10000",1,0,0,0,0
"M11072","71287","10000",1,0,0,0,0
"M11079","71287","10000",1,0,0,0,0
"M1108","71288","10000",1,0,0,0,0
"M1109","71289","10000",1,0,0,0,0
"M1110","71230","10000",1,0,0,0,0
"M11111","71231","10000",1,0,0,0,0
"M11112","71231","10000",1,0,0,0,0
"M11119","71231","10000",1,0,0,0,0
"M11121","71232","10000",1,0,0,0,0
"M11122","71232","10000",1,0,0,0,0
"M11129","71232","10000",1,0,0,0,0
"M11131","71233","10000",1,0,0,0,0
"M11132","71233","10000",1,0,0,0,0
"M11139","71233","10000",1,0,0,0,0
"M11141","71234","10000",1,0,0,0,0
"M11142","71234","10000",1,0,0,0,0
"M11149","71234","10000",1,0,0,0,0
"M11151","71235","10000",1,0,0,0,0
"M11152","71235","10000",1,0,0,0,0
"M11159","71235","10000",1,0,0,0,0
"M11161","71236","10000",1,0,0,0,0
"M11162","71236","10000",1,0,0,0,0
"M11169","71236","10000",1,0,0,0,0
"M11171","71237","10000",1,0,0,0,0
"M11172","71237","10000",1,0,0,0,0
"M11179","71237","10000",1,0,0,0,0
"M1118","71238","10000",1,0,0,0,0
"M1119","71239","10000",1,0,0,0,0
"M1120","71230","10000",1,0,0,0,0
"M11211","71231","10000",1,0,0,0,0
"M11212","71231","10000",1,0,0,0,0
"M11219","71231","10000",1,0,0,0,0
"M11221","71232","10000",1,0,0,0,0
"M11222","71232","10000",1,0,0,0,0
"M11229","71232","10000",1,0,0,0,0
"M11231","71233","10000",1,0,0,0,0
"M11232","71233","10000",1,0,0,0,0
"M11239","71233","10000",1,0,0,0,0
"M11241","71234","10000",1,0,0,0,0
"M11242","71234","10000",1,0,0,0,0
"M11249","71234","10000",1,0,0,0,0
"M11251","71235","10000",1,0,0,0,0
"M11252","71235","10000",1,0,0,0,0
"M11259","71235","10000",1,0,0,0,0
"M11261","71236","10000",1,0,0,0,0
"M11262","71236","10000",1,0,0,0,0
"M11269","71236","10000",1,0,0,0,0
"M11271","71237","10000",1,0,0,0,0
"M11272","71237","10000",1,0,0,0,0
"M11279","71237","10000",1,0,0,0,0
"M1128","71238","10000",1,0,0,0,0
"M1129","71239","10000",1,0,0,0,0
"M1180","71280","10000",1,0,0,0,0
"M11811","71281","10000",1,0,0,0,0
"M11812","71281","10000",1,0,0,0,0
"M11819","71281","10000",1,0,0,0,0
"M11819","71291","10000",1,0,0,0,0
"M11821","71282","10000",1,0,0,0,0
"M11822","71282","10000",1,0,0,0,0
"M11829","71282","10000",1,0,0,0,0
"M11829","71292","10000",1,0,0,0,0
"M11831","71283","10000",1,0,0,0,0
"M11832","71283","10000",1,0,0,0,0
"M11839","71283","10000",1,0,0,0,0
"M11839","71293","10000",1,0,0,0,0
"M11841","71284","10000",1,0,0,0,0
"M11842","71284","10000",1,0,0,0,0
"M11849","71284","10000",1,0,0,0,0
"M11849","71294","10000",1,0,0,0,0
"M11851","71285","10000",1,0,0,0,0
"M11852","71285","10000",1,0,0,0,0
"M11859","71285","10000",1,0,0,0,0
"M11859","71295","10000",1,0,0,0,0
"M11861","71286","10000",1,0,0,0,0
"M11862","71286","10000",1,0,0,0,0
"M11869","71286","10000",1,0,0,0,0
"M11869","71296","10000",1,0,0,0,0
"M11871","71287","10000",1,0,0,0,0
"M11872","71287","10000",1,0,0,0,0
"M11879","71287","10000",1,0,0,0,0
"M11879","71297","10000",1,0,0,0,0
"M1188","71288","10000",1,0,0,0,0
"M1188","71298","10000",1,0,0,0,0
"M1189","71289","10000",1,0,0,0,0
"M119","71290","10000",1,0,0,0,0
"M1200","7144","10000",1,0,0,0,0
"M12011","7144","10000",1,0,0,0,0
"M12012","7144","10000",1,0,0,0,0
"M12019","7144","10000",1,0,0,0,0
"M12021","7144","10000",1,0,0,0,0
"M12022","7144","10000",1,0,0,0,0
"M12029","7144","10000",1,0,0,0,0
"M12031","7144","10000",1,0,0,0,0
"M12032","7144","10000",1,0,0,0,0
"M12039","7144","10000",1,0,0,0,0
"M12041","7144","10000",1,0,0,0,0
"M12042","7144","10000",1,0,0,0,0
"M12049","7144","10000",1,0,0,0,0
"M12051","7144","10000",1,0,0,0,0
"M12052","7144","10000",1,0,0,0,0
"M12059","7144","10000",1,0,0,0,0
"M12061","7144","10000",1,0,0,0,0
"M12062","7144","10000",1,0,0,0,0
"M12069","7144","10000",1,0,0,0,0
"M12071","7144","10000",1,0,0,0,0
"M12072","7144","10000",1,0,0,0,0
"M12079","7144","10000",1,0,0,0,0
"M1208","7144","10000",1,0,0,0,0
"M1209","7144","10000",1,0,0,0,0
"M1210","71600","00000",0,0,0,0,0
"M12111","71601","10000",1,0,0,0,0
"M12112","71601","10000",1,0,0,0,0
"M12119","71601","10000",1,0,0,0,0
"M12121","71602","10000",1,0,0,0,0
"M12122","71602","10000",1,0,0,0,0
"M12129","71602","10000",1,0,0,0,0
"M12131","71603","10000",1,0,0,0,0
"M12132","71603","10000",1,0,0,0,0
"M12139","71603","10000",1,0,0,0,0
"M12141","71604","10000",1,0,0,0,0
"M12142","71604","10000",1,0,0,0,0
"M12149","71604","10000",1,0,0,0,0
"M12151","71605","10000",1,0,0,0,0
"M12152","71605","10000",1,0,0,0,0
"M12159","71605","10000",1,0,0,0,0
"M12161","71606","10000",1,0,0,0,0
"M12162","71606","10000",1,0,0,0,0
"M12169","71606","10000",1,0,0,0,0
"M12171","71607","10000",1,0,0,0,0
"M12172","71607","10000",1,0,0,0,0
"M12179","71607","10000",1,0,0,0,0
"M1218","71608","10000",1,0,0,0,0
"M1219","71609","00000",0,0,0,0,0
"M1220","71920","00000",0,0,0,0,0
"M12211","71921","10000",1,0,0,0,0
"M12212","71921","10000",1,0,0,0,0
"M12219","71921","10000",1,0,0,0,0
"M12221","71922","10000",1,0,0,0,0
"M12222","71922","10000",1,0,0,0,0
"M12229","71922","10000",1,0,0,0,0
"M12231","71923","10000",1,0,0,0,0
"M12232","71923","10000",1,0,0,0,0
"M12239","71923","10000",1,0,0,0,0
"M12241","71924","10000",1,0,0,0,0
"M12242","71924","10000",1,0,0,0,0
"M12249","71924","10000",1,0,0,0,0
"M12251","71925","10000",1,0,0,0,0
"M12252","71925","10000",1,0,0,0,0
"M12259","71925","10000",1,0,0,0,0
"M12261","71926","10000",1,0,0,0,0
"M12262","71926","10000",1,0,0,0,0
"M12269","71926","10000",1,0,0,0,0
"M12271","71927","10000",1,0,0,0,0
"M12272","71927","10000",1,0,0,0,0
"M12279","71927","10000",1,0,0,0,0
"M1228","71928","10000",1,0,0,0,0
"M1229","71929","00000",0,0,0,0,0
"M1230","71930","10000",1,0,0,0,0
"M12311","71931","10000",1,0,0,0,0
"M12312","71931","10000",1,0,0,0,0
"M12319","71931","10000",1,0,0,0,0
"M12321","71932","10000",1,0,0,0,0
"M12322","71932","10000",1,0,0,0,0
"M12329","71932","10000",1,0,0,0,0
"M12331","71933","10000",1,0,0,0,0
"M12332","71933","10000",1,0,0,0,0
"M12339","71933","10000",1,0,0,0,0
"M12341","71934","10000",1,0,0,0,0
"M12342","71934","10000",1,0,0,0,0
"M12349","71934","10000",1,0,0,0,0
"M12351","71935","10000",1,0,0,0,0
"M12352","71935","10000",1,0,0,0,0
"M12359","71935","10000",1,0,0,0,0
"M12361","71936","10000",1,0,0,0,0
"M12362","71936","10000",1,0,0,0,0
"M12369","71936","10000",1,0,0,0,0
"M12371","71937","10000",1,0,0,0,0
"M12372","71937","10000",1,0,0,0,0
"M12379","71937","10000",1,0,0,0,0
"M1238","71938","10000",1,0,0,0,0
"M1239","71939","10000",1,0,0,0,0
"M1240","71930","10000",1,0,0,0,0
"M12411","71931","10000",1,0,0,0,0
"M12412","71931","10000",1,0,0,0,0
"M12419","71931","10000",1,0,0,0,0
"M12421","71932","10000",1,0,0,0,0
"M12422","71932","10000",1,0,0,0,0
"M12429","71932","10000",1,0,0,0,0
"M12431","71933","10000",1,0,0,0,0
"M12432","71933","10000",1,0,0,0,0
"M12439","71933","10000",1,0,0,0,0
"M12441","71934","10000",1,0,0,0,0
"M12442","71934","10000",1,0,0,0,0
"M12449","71934","10000",1,0,0,0,0
"M12451","71935","10000",1,0,0,0,0
"M12452","71935","10000",1,0,0,0,0
"M12459","71935","10000",1,0,0,0,0
"M12461","71936","10000",1,0,0,0,0
"M12462","71936","10000",1,0,0,0,0
"M12469","71936","10000",1,0,0,0,0
"M12471","71937","10000",1,0,0,0,0
"M12472","71937","10000",1,0,0,0,0
"M12479","71937","10000",1,0,0,0,0
"M1248","71938","10000",1,0,0,0,0
"M1249","71939","10000",1,0,0,0,0
"M1250","71610","00000",0,0,0,0,0
"M12511","71611","10000",1,0,0,0,0
"M12512","71611","10000",1,0,0,0,0
"M12519","71611","10000",1,0,0,0,0
"M12521","71612","10000",1,0,0,0,0
"M12522","71612","10000",1,0,0,0,0
"M12529","71612","10000",1,0,0,0,0
"M12531","71613","10000",1,0,0,0,0
"M12532","71613","10000",1,0,0,0,0
"M12539","71613","10000",1,0,0,0,0
"M12541","71614","10000",1,0,0,0,0
"M12542","71614","10000",1,0,0,0,0
"M12549","71614","10000",1,0,0,0,0
"M12551","71615","10000",1,0,0,0,0
"M12552","71615","10000",1,0,0,0,0
"M12559","71615","10000",1,0,0,0,0
"M12561","71616","10000",1,0,0,0,0
"M12562","71616","10000",1,0,0,0,0
"M12569","71616","10000",1,0,0,0,0
"M12571","71617","10000",1,0,0,0,0
"M12572","71617","10000",1,0,0,0,0
"M12579","71617","10000",1,0,0,0,0
"M1258","71618","10000",1,0,0,0,0
"M1259","71619","00000",0,0,0,0,0
"M1280","71640","10000",1,0,0,0,0
"M1280","71680","10000",1,0,0,0,0
"M12811","71641","10000",1,0,0,0,0
"M12811","71681","10000",1,0,0,0,0
"M12812","71641","10000",1,0,0,0,0
"M12812","71681","10000",1,0,0,0,0
"M12819","71641","10000",1,0,0,0,0
"M12819","71681","10000",1,0,0,0,0
"M12821","71642","10000",1,0,0,0,0
"M12821","71682","10000",1,0,0,0,0
"M12822","71642","10000",1,0,0,0,0
"M12822","71682","10000",1,0,0,0,0
"M12829","71642","10000",1,0,0,0,0
"M12829","71682","10000",1,0,0,0,0
"M12831","71643","10000",1,0,0,0,0
"M12831","71683","10000",1,0,0,0,0
"M12832","71643","10000",1,0,0,0,0
"M12832","71683","10000",1,0,0,0,0
"M12839","71643","10000",1,0,0,0,0
"M12839","71683","10000",1,0,0,0,0
"M12841","71644","10000",1,0,0,0,0
"M12841","71684","10000",1,0,0,0,0
"M12842","71644","10000",1,0,0,0,0
"M12842","71684","10000",1,0,0,0,0
"M12849","71644","10000",1,0,0,0,0
"M12849","71684","10000",1,0,0,0,0
"M12851","71645","10000",1,0,0,0,0
"M12851","71685","10000",1,0,0,0,0
"M12852","71645","10000",1,0,0,0,0
"M12852","71685","10000",1,0,0,0,0
"M12859","71645","10000",1,0,0,0,0
"M12859","71685","10000",1,0,0,0,0
"M12861","71646","10000",1,0,0,0,0
"M12861","71686","10000",1,0,0,0,0
"M12862","71646","10000",1,0,0,0,0
"M12862","71686","10000",1,0,0,0,0
"M12869","71646","10000",1,0,0,0,0
"M12869","71686","10000",1,0,0,0,0
"M12871","71647","10000",1,0,0,0,0
"M12871","71687","10000",1,0,0,0,0
"M12872","71647","10000",1,0,0,0,0
"M12872","71687","10000",1,0,0,0,0
"M12879","71647","10000",1,0,0,0,0
"M12879","71687","10000",1,0,0,0,0
"M1288","71648","10000",1,0,0,0,0
"M1288","71688","10000",1,0,0,0,0
"M1289","71649","10000",1,0,0,0,0
"M1289","71689","10000",1,0,0,0,0
"M129","71690","10000",1,0,0,0,0
"M130","71650","10000",1,0,0,0,0
"M1310","71660","10000",1,0,0,0,0
"M1310","71668","10000",1,0,0,0,0
"M13111","71661","10000",1,0,0,0,0
"M13112","71661","10000",1,0,0,0,0
"M13119","71661","10000",1,0,0,0,0
"M13121","71662","10000",1,0,0,0,0
"M13122","71662","10000",1,0,0,0,0
"M13129","71662","10000",1,0,0,0,0
"M13131","71663","10000",1,0,0,0,0
"M13132","71663","10000",1,0,0,0,0
"M13139","71663","10000",1,0,0,0,0
"M13141","71664","10000",1,0,0,0,0
"M13142","71664","10000",1,0,0,0,0
"M13149","71664","10000",1,0,0,0,0
"M13151","71665","10000",1,0,0,0,0
"M13152","71665","10000",1,0,0,0,0
"M13159","71665","10000",1,0,0,0,0
"M13161","71666","10000",1,0,0,0,0
"M13162","71666","10000",1,0,0,0,0
"M13169","71666","10000",1,0,0,0,0
"M13171","71667","10000",1,0,0,0,0
"M13172","71667","10000",1,0,0,0,0
"M13179","71667","10000",1,0,0,0,0
"M1380","71620","10000",1,0,0,0,0
"M13811","71621","10000",1,0,0,0,0
"M13812","71621","10000",1,0,0,0,0
"M13819","71621","10000",1,0,0,0,0
"M13821","71622","10000",1,0,0,0,0
"M13822","71622","10000",1,0,0,0,0
"M13829","71622","10000",1,0,0,0,0
"M13831","71623","10000",1,0,0,0,0
"M13832","71623","10000",1,0,0,0,0
"M13839","71623","10000",1,0,0,0,0
"M13841","71624","10000",1,0,0,0,0
"M13842","71624","10000",1,0,0,0,0
"M13849","71624","10000",1,0,0,0,0
"M13851","71625","10000",1,0,0,0,0
"M13852","71625","10000",1,0,0,0,0
"M13859","71625","10000",1,0,0,0,0
"M13861","71626","10000",1,0,0,0,0
"M13862","71626","10000",1,0,0,0,0
"M13869","71626","10000",1,0,0,0,0
"M13871","71627","10000",1,0,0,0,0
"M13872","71627","10000",1,0,0,0,0
"M13879","71627","10000",1,0,0,0,0
"M1388","71628","10000",1,0,0,0,0
"M1389","71629","10000",1,0,0,0,0
"M1460","7135","10000",1,0,0,0,0
"M14611","7135","10000",1,0,0,0,0
"M14612","7135","10000",1,0,0,0,0
"M14619","7135","10000",1,0,0,0,0
"M14621","7135","10000",1,0,0,0,0
"M14622","7135","10000",1,0,0,0,0
"M14629","7135","10000",1,0,0,0,0
"M14631","7135","10000",1,0,0,0,0
"M14632","7135","10000",1,0,0,0,0
"M14639","7135","10000",1,0,0,0,0
"M14641","7135","10000",1,0,0,0,0
"M14642","7135","10000",1,0,0,0,0
"M14649","7135","10000",1,0,0,0,0
"M14651","7135","10000",1,0,0,0,0
"M14652","7135","10000",1,0,0,0,0
"M14659","7135","10000",1,0,0,0,0
"M14661","7135","10000",1,0,0,0,0
"M14662","7135","10000",1,0,0,0,0
"M14669","7135","10000",1,0,0,0,0
"M14671","7135","10000",1,0,0,0,0
"M14672","7135","10000",1,0,0,0,0
"M14679","7135","10000",1,0,0,0,0
"M1468","7135","10000",1,0,0,0,0
"M1469","7135","10000",1,0,0,0,0
"M1480","7138","10000",1,0,0,0,0
"M14811","7138","10000",1,0,0,0,0
"M14812","7138","10000",1,0,0,0,0
"M14819","7138","10000",1,0,0,0,0
"M14821","7138","10000",1,0,0,0,0
"M14822","7138","10000",1,0,0,0,0
"M14829","7138","10000",1,0,0,0,0
"M14831","7138","10000",1,0,0,0,0
"M14832","7138","10000",1,0,0,0,0
"M14839","7138","10000",1,0,0,0,0
"M14841","7138","10000",1,0,0,0,0
"M14842","7138","10000",1,0,0,0,0
"M14849","7138","10000",1,0,0,0,0
"M14851","7138","10000",1,0,0,0,0
"M14852","7138","10000",1,0,0,0,0
"M14859","7138","10000",1,0,0,0,0
"M14861","7138","10000",1,0,0,0,0
"M14862","7138","10000",1,0,0,0,0
"M14869","7138","10000",1,0,0,0,0
"M14871","7138","10000",1,0,0,0,0
"M14872","7138","10000",1,0,0,0,0
"M14879","7138","10000",1,0,0,0,0
"M1488","7138","10000",1,0,0,0,0
"M1489","7138","10000",1,0,0,0,0
"M150","71509","10000",1,0,0,0,0
"M151","71504","10000",1,0,0,0,0
"M152","71504","10000",1,0,0,0,0
"M153","71589","10000",1,0,0,0,0
"M154","71580","10000",1,0,0,0,0
"M158","71580","10000",1,0,0,0,0
"M158","71589","10000",1,0,0,0,0
"M159","71500","10000",1,0,0,0,0
"M159","71590","10000",1,0,0,0,0
"M160","71515","10000",1,0,0,0,0
"M1610","71515","10000",1,0,0,0,0
"M1611","71515","10000",1,0,0,0,0
"M1612","71515","10000",1,0,0,0,0
"M162","71525","10000",1,0,0,0,0
"M1630","71525","10000",1,0,0,0,0
"M1631","71525","10000",1,0,0,0,0
"M1632","71525","10000",1,0,0,0,0
"M164","71525","10000",1,0,0,0,0
"M1650","71525","10000",1,0,0,0,0
"M1651","71525","10000",1,0,0,0,0
"M1652","71525","10000",1,0,0,0,0
"M166","71525","10000",1,0,0,0,0
"M167","71525","10000",1,0,0,0,0
"M169","71535","10000",1,0,0,0,0
"M169","71595","10000",1,0,0,0,0
"M170","71516","10000",1,0,0,0,0
"M1710","71516","10000",1,0,0,0,0
"M1711","71516","10000",1,0,0,0,0
"M1712","71516","10000",1,0,0,0,0
"M172","71526","10000",1,0,0,0,0
"M1730","71526","10000",1,0,0,0,0
"M1731","71526","10000",1,0,0,0,0
"M1732","71526","10000",1,0,0,0,0
"M174","71526","10000",1,0,0,0,0
"M175","71526","10000",1,0,0,0,0
"M179","71536","10000",1,0,0,0,0
"M179","71596","10000",1,0,0,0,0
"M180","71514","10000",1,0,0,0,0
"M1810","71514","10000",1,0,0,0,0
"M1811","71514","10000",1,0,0,0,0
"M1812","71514","10000",1,0,0,0,0
"M182","71524","10000",1,0,0,0,0
"M1830","71524","10000",1,0,0,0,0
"M1831","71524","10000",1,0,0,0,0
"M1832","71524","10000",1,0,0,0,0
"M184","71524","10000",1,0,0,0,0
"M1850","71524","10000",1,0,0,0,0
"M1851","71524","10000",1,0,0,0,0
"M1852","71524","10000",1,0,0,0,0
"M189","71534","10000",1,0,0,0,0
"M189","71594","10000",1,0,0,0,0
"M19011","71511","10000",1,0,0,0,0
"M19012","71511","10000",1,0,0,0,0
"M19019","71511","10000",1,0,0,0,0
"M19021","71512","10000",1,0,0,0,0
"M19022","71512","10000",1,0,0,0,0
"M19029","71512","10000",1,0,0,0,0
"M19031","71513","10000",1,0,0,0,0
"M19032","71513","10000",1,0,0,0,0
"M19039","71513","10000",1,0,0,0,0
"M19041","71514","10000",1,0,0,0,0
"M19042","71514","10000",1,0,0,0,0
"M19049","71514","10000",1,0,0,0,0
"M19071","71517","10000",1,0,0,0,0
"M19072","71517","10000",1,0,0,0,0
"M19079","71517","10000",1,0,0,0,0
"M19111","71521","10000",1,0,0,0,0
"M19112","71521","10000",1,0,0,0,0
"M19119","71521","10000",1,0,0,0,0
"M19121","71522","10000",1,0,0,0,0
"M19122","71522","10000",1,0,0,0,0
"M19129","71522","10000",1,0,0,0,0
"M19131","71523","10000",1,0,0,0,0
"M19132","71523","10000",1,0,0,0,0
"M19139","71523","10000",1,0,0,0,0
"M19141","71524","10000",1,0,0,0,0
"M19142","71524","10000",1,0,0,0,0
"M19149","71524","10000",1,0,0,0,0
"M19171","71527","10000",1,0,0,0,0
"M19172","71527","10000",1,0,0,0,0
"M19179","71527","10000",1,0,0,0,0
"M19211","71521","10000",1,0,0,0,0
"M19212","71521","10000",1,0,0,0,0
"M19219","71521","10000",1,0,0,0,0
"M19221","71522","10000",1,0,0,0,0
"M19222","71522","10000",1,0,0,0,0
"M19229","71522","10000",1,0,0,0,0
"M19231","71523","10000",1,0,0,0,0
"M19232","71523","10000",1,0,0,0,0
"M19239","71523","10000",1,0,0,0,0
"M19241","71524","10000",1,0,0,0,0
"M19242","71524","10000",1,0,0,0,0
"M19249","71524","10000",1,0,0,0,0
"M19271","71527","10000",1,0,0,0,0
"M19272","71527","10000",1,0,0,0,0
"M19279","71527","10000",1,0,0,0,0
"M1990","71530","10000",1,0,0,0,0
"M1990","71590","10000",1,0,0,0,0
"M1991","71510","10000",1,0,0,0,0
"M1992","71520","10000",1,0,0,0,0
"M1992","71528","10000",1,0,0,0,0
"M1993","71520","10000",1,0,0,0,0
"M1993","71528","10000",1,0,0,0,0
"M1A00X0","27402","10000",1,0,0,0,0
"M1A00X1","27403","10000",1,0,0,0,0
"M1A0110","27402","10000",1,0,0,0,0
"M1A0111","27403","10000",1,0,0,0,0
"M1A0120","27402","10000",1,0,0,0,0
"M1A0121","27403","10000",1,0,0,0,0
"M1A0190","27402","10000",1,0,0,0,0
"M1A0191","27403","10000",1,0,0,0,0
"M1A0210","27402","10000",1,0,0,0,0
"M1A0211","27403","10000",1,0,0,0,0
"M1A0220","27402","10000",1,0,0,0,0
"M1A0221","27403","10000",1,0,0,0,0
"M1A0290","27402","10000",1,0,0,0,0
"M1A0291","27403","10000",1,0,0,0,0
"M1A0310","27402","10000",1,0,0,0,0
"M1A0311","27403","10000",1,0,0,0,0
"M1A0320","27402","10000",1,0,0,0,0
"M1A0321","27403","10000",1,0,0,0,0
"M1A0390","27402","10000",1,0,0,0,0
"M1A0391","27403","10000",1,0,0,0,0
"M1A0410","27402","10000",1,0,0,0,0
"M1A0411","27403","10000",1,0,0,0,0
"M1A0420","27402","10000",1,0,0,0,0
"M1A0421","27403","10000",1,0,0,0,0
"M1A0490","27402","10000",1,0,0,0,0
"M1A0491","27403","10000",1,0,0,0,0
"M1A0510","27402","10000",1,0,0,0,0
"M1A0511","27403","10000",1,0,0,0,0
"M1A0520","27402","10000",1,0,0,0,0
"M1A0521","27403","10000",1,0,0,0,0
"M1A0590","27402","10000",1,0,0,0,0
"M1A0591","27403","10000",1,0,0,0,0
"M1A0610","27402","10000",1,0,0,0,0
"M1A0611","27403","10000",1,0,0,0,0
"M1A0620","27402","10000",1,0,0,0,0
"M1A0621","27403","10000",1,0,0,0,0
"M1A0690","27402","10000",1,0,0,0,0
"M1A0691","27403","10000",1,0,0,0,0
"M1A0710","27402","10000",1,0,0,0,0
"M1A0711","27403","10000",1,0,0,0,0
"M1A0720","27402","10000",1,0,0,0,0
"M1A0721","27403","10000",1,0,0,0,0
"M1A0790","27402","10000",1,0,0,0,0
"M1A0791","27403","10000",1,0,0,0,0
"M1A08X0","27402","10000",1,0,0,0,0
"M1A08X1","27403","10000",1,0,0,0,0
"M1A09X0","27402","10000",1,0,0,0,0
"M1A09X1","27403","10000",1,0,0,0,0
"M1A10X0","9849","10000",1,0,0,0,0
"M1A10X1","9849","10000",1,0,0,0,0
"M1A1110","9849","10000",1,0,0,0,0
"M1A1111","9849","10000",1,0,0,0,0
"M1A1120","9849","10000",1,0,0,0,0
"M1A1121","9849","10000",1,0,0,0,0
"M1A1190","9849","10000",1,0,0,0,0
"M1A1191","9849","10000",1,0,0,0,0
"M1A1210","9849","10000",1,0,0,0,0
"M1A1211","9849","10000",1,0,0,0,0
"M1A1220","9849","10000",1,0,0,0,0
"M1A1221","9849","10000",1,0,0,0,0
"M1A1290","9849","10000",1,0,0,0,0
"M1A1291","9849","10000",1,0,0,0,0
"M1A1310","9849","10000",1,0,0,0,0
"M1A1311","9849","10000",1,0,0,0,0
"M1A1320","9849","10000",1,0,0,0,0
"M1A1321","9849","10000",1,0,0,0,0
"M1A1390","9849","10000",1,0,0,0,0
"M1A1391","9849","10000",1,0,0,0,0
"M1A1410","9849","10000",1,0,0,0,0
"M1A1411","9849","10000",1,0,0,0,0
"M1A1420","9849","10000",1,0,0,0,0
"M1A1421","9849","10000",1,0,0,0,0
"M1A1490","9849","10000",1,0,0,0,0
"M1A1491","9849","10000",1,0,0,0,0
"M1A1510","9849","10000",1,0,0,0,0
"M1A1511","9849","10000",1,0,0,0,0
"M1A1520","9849","10000",1,0,0,0,0
"M1A1521","9849","10000",1,0,0,0,0
"M1A1590","9849","10000",1,0,0,0,0
"M1A1591","9849","10000",1,0,0,0,0
"M1A1610","9849","10000",1,0,0,0,0
"M1A1611","9849","10000",1,0,0,0,0
"M1A1620","9849","10000",1,0,0,0,0
"M1A1621","9849","10000",1,0,0,0,0
"M1A1690","9849","10000",1,0,0,0,0
"M1A1691","9849","10000",1,0,0,0,0
"M1A1710","9849","10000",1,0,0,0,0
"M1A1711","9849","10000",1,0,0,0,0
"M1A1720","9849","10000",1,0,0,0,0
"M1A1721","9849","10000",1,0,0,0,0
"M1A1790","9849","10000",1,0,0,0,0
"M1A1791","9849","10000",1,0,0,0,0
"M1A18X0","9849","10000",1,0,0,0,0
"M1A18X1","9849","10000",1,0,0,0,0
"M1A19X0","9849","10000",1,0,0,0,0
"M1A19X1","9849","10000",1,0,0,0,0
"M1A20X0","27402","10000",1,0,0,0,0
"M1A20X1","27403","10000",1,0,0,0,0
"M1A2110","27402","10000",1,0,0,0,0
"M1A2111","27403","10000",1,0,0,0,0
"M1A2120","27402","10000",1,0,0,0,0
"M1A2121","27403","10000",1,0,0,0,0
"M1A2190","27402","10000",1,0,0,0,0
"M1A2191","27403","10000",1,0,0,0,0
"M1A2210","27402","10000",1,0,0,0,0
"M1A2211","27403","10000",1,0,0,0,0
"M1A2220","27402","10000",1,0,0,0,0
"M1A2221","27403","10000",1,0,0,0,0
"M1A2290","27402","10000",1,0,0,0,0
"M1A2291","27403","10000",1,0,0,0,0
"M1A2310","27402","10000",1,0,0,0,0
"M1A2311","27403","10000",1,0,0,0,0
"M1A2320","27402","10000",1,0,0,0,0
"M1A2321","27403","10000",1,0,0,0,0
"M1A2390","27402","10000",1,0,0,0,0
"M1A2391","27403","10000",1,0,0,0,0
"M1A2410","27402","10000",1,0,0,0,0
"M1A2411","27403","10000",1,0,0,0,0
"M1A2420","27402","10000",1,0,0,0,0
"M1A2421","27403","10000",1,0,0,0,0
"M1A2490","27402","10000",1,0,0,0,0
"M1A2491","27403","10000",1,0,0,0,0
"M1A2510","27402","10000",1,0,0,0,0
"M1A2511","27403","10000",1,0,0,0,0
"M1A2520","27402","10000",1,0,0,0,0
"M1A2521","27403","10000",1,0,0,0,0
"M1A2590","27402","10000",1,0,0,0,0
"M1A2591","27403","10000",1,0,0,0,0
"M1A2610","27402","10000",1,0,0,0,0
"M1A2611","27403","10000",1,0,0,0,0
"M1A2620","27402","10000",1,0,0,0,0
"M1A2621","27403","10000",1,0,0,0,0
"M1A2690","27402","10000",1,0,0,0,0
"M1A2691","27403","10000",1,0,0,0,0
"M1A2710","27402","10000",1,0,0,0,0
"M1A2711","27403","10000",1,0,0,0,0
"M1A2720","27402","10000",1,0,0,0,0
"M1A2721","27403","10000",1,0,0,0,0
"M1A2790","27402","10000",1,0,0,0,0
"M1A2791","27403","10000",1,0,0,0,0
"M1A28X0","27402","10000",1,0,0,0,0
"M1A28X1","27403","10000",1,0,0,0,0
"M1A29X0","27402","10000",1,0,0,0,0
"M1A29X1","27403","10000",1,0,0,0,0
"M1A30X0","27402","10000",1,0,0,0,0
"M1A30X1","27403","10000",1,0,0,0,0
"M1A3110","27402","10000",1,0,0,0,0
"M1A3111","27403","10000",1,0,0,0,0
"M1A3120","27402","10000",1,0,0,0,0
"M1A3121","27403","10000",1,0,0,0,0
"M1A3190","27402","10000",1,0,0,0,0
"M1A3191","27403","10000",1,0,0,0,0
"M1A3210","27402","10000",1,0,0,0,0
"M1A3211","27403","10000",1,0,0,0,0
"M1A3220","27402","10000",1,0,0,0,0
"M1A3221","27403","10000",1,0,0,0,0
"M1A3290","27402","10000",1,0,0,0,0
"M1A3291","27403","10000",1,0,0,0,0
"M1A3310","27402","10000",1,0,0,0,0
"M1A3311","27403","10000",1,0,0,0,0
"M1A3320","27402","10000",1,0,0,0,0
"M1A3321","27403","10000",1,0,0,0,0
"M1A3390","27402","10000",1,0,0,0,0
"M1A3391","27403","10000",1,0,0,0,0
"M1A3410","27402","10000",1,0,0,0,0
"M1A3411","27403","10000",1,0,0,0,0
"M1A3420","27402","10000",1,0,0,0,0
"M1A3421","27403","10000",1,0,0,0,0
"M1A3490","27402","10000",1,0,0,0,0
"M1A3491","27403","10000",1,0,0,0,0
"M1A3510","27402","10000",1,0,0,0,0
"M1A3511","27403","10000",1,0,0,0,0
"M1A3520","27402","10000",1,0,0,0,0
"M1A3521","27403","10000",1,0,0,0,0
"M1A3590","27402","10000",1,0,0,0,0
"M1A3591","27403","10000",1,0,0,0,0
"M1A3610","27402","10000",1,0,0,0,0
"M1A3611","27403","10000",1,0,0,0,0
"M1A3620","27402","10000",1,0,0,0,0
"M1A3621","27403","10000",1,0,0,0,0
"M1A3690","27402","10000",1,0,0,0,0
"M1A3691","27403","10000",1,0,0,0,0
"M1A3710","27402","10000",1,0,0,0,0
"M1A3711","27403","10000",1,0,0,0,0
"M1A3720","27402","10000",1,0,0,0,0
"M1A3721","27403","10000",1,0,0,0,0
"M1A3790","27402","10000",1,0,0,0,0
"M1A3791","27403","10000",1,0,0,0,0
"M1A38X0","27402","10000",1,0,0,0,0
"M1A38X1","27403","10000",1,0,0,0,0
"M1A39X0","27402","10000",1,0,0,0,0
"M1A39X1","27403","10000",1,0,0,0,0
"M1A40X0","27402","10000",1,0,0,0,0
"M1A40X1","27403","10000",1,0,0,0,0
"M1A4110","27402","10000",1,0,0,0,0
"M1A4111","27403","10000",1,0,0,0,0
"M1A4120","27402","10000",1,0,0,0,0
"M1A4121","27403","10000",1,0,0,0,0
"M1A4190","27402","10000",1,0,0,0,0
"M1A4191","27403","10000",1,0,0,0,0
"M1A4210","27402","10000",1,0,0,0,0
"M1A4211","27403","10000",1,0,0,0,0
"M1A4220","27402","10000",1,0,0,0,0
"M1A4221","27403","10000",1,0,0,0,0
"M1A4290","27402","10000",1,0,0,0,0
"M1A4291","27403","10000",1,0,0,0,0
"M1A4310","27402","10000",1,0,0,0,0
"M1A4311","27403","10000",1,0,0,0,0
"M1A4320","27402","10000",1,0,0,0,0
"M1A4321","27403","10000",1,0,0,0,0
"M1A4390","27402","10000",1,0,0,0,0
"M1A4391","27403","10000",1,0,0,0,0
"M1A4410","27402","10000",1,0,0,0,0
"M1A4411","27403","10000",1,0,0,0,0
"M1A4420","27402","10000",1,0,0,0,0
"M1A4421","27403","10000",1,0,0,0,0
"M1A4490","27402","10000",1,0,0,0,0
"M1A4491","27403","10000",1,0,0,0,0
"M1A4510","27402","10000",1,0,0,0,0
"M1A4511","27403","10000",1,0,0,0,0
"M1A4520","27402","10000",1,0,0,0,0
"M1A4521","27403","10000",1,0,0,0,0
"M1A4590","27402","10000",1,0,0,0,0
"M1A4591","27403","10000",1,0,0,0,0
"M1A4610","27402","10000",1,0,0,0,0
"M1A4611","27403","10000",1,0,0,0,0
"M1A4620","27402","10000",1,0,0,0,0
"M1A4621","27403","10000",1,0,0,0,0
"M1A4690","27402","10000",1,0,0,0,0
"M1A4691","27403","10000",1,0,0,0,0
"M1A4710","27402","10000",1,0,0,0,0
"M1A4711","27403","10000",1,0,0,0,0
"M1A4720","27402","10000",1,0,0,0,0
"M1A4721","27403","10000",1,0,0,0,0
"M1A4790","27402","10000",1,0,0,0,0
"M1A4791","27403","10000",1,0,0,0,0
"M1A48X0","27402","10000",1,0,0,0,0
"M1A48X1","27403","10000",1,0,0,0,0
"M1A49X0","27402","10000",1,0,0,0,0
"M1A49X1","27403","10000",1,0,0,0,0
"M1A9XX0","27402","10000",1,0,0,0,0
"M1A9XX1","27403","10000",1,0,0,0,0
"M20001","73620","10000",1,0,0,0,0
"M20002","73620","10000",1,0,0,0,0
"M20009","73620","10000",1,0,0,0,0
"M20011","7361","10000",1,0,0,0,0
"M20012","7361","10000",1,0,0,0,0
"M20019","7361","10000",1,0,0,0,0
"M20021","73621","10000",1,0,0,0,0
"M20022","73621","10000",1,0,0,0,0
"M20029","73621","10000",1,0,0,0,0
"M20031","73622","10000",1,0,0,0,0
"M20032","73622","10000",1,0,0,0,0
"M20039","73622","10000",1,0,0,0,0
"M20091","73629","10000",1,0,0,0,0
"M20092","73629","10000",1,0,0,0,0
"M20099","73629","10000",1,0,0,0,0
"M2010","7271","10000",1,0,0,0,0
"M2010","7350","10000",1,0,0,0,0
"M2011","7350","10000",1,0,0,0,0
"M2012","7350","10000",1,0,0,0,0
"M2020","7352","10000",1,0,0,0,0
"M2021","7352","10000",1,0,0,0,0
"M2022","7352","10000",1,0,0,0,0
"M2030","7351","10000",1,0,0,0,0
"M2031","7351","10000",1,0,0,0,0
"M2032","7351","10000",1,0,0,0,0
"M2040","7354","10000",1,0,0,0,0
"M2041","7354","10000",1,0,0,0,0
"M2042","7354","10000",1,0,0,0,0
"M205X1","7358","10000",1,0,0,0,0
"M205X2","7358","10000",1,0,0,0,0
"M205X9","7358","10000",1,0,0,0,0
"M2060","7359","10000",1,0,0,0,0
"M2061","7359","10000",1,0,0,0,0
"M2062","7359","10000",1,0,0,0,0
"M2100","7369","10000",1,0,0,0,0
"M21021","73601","10000",1,0,0,0,0
"M21022","73601","10000",1,0,0,0,0
"M21029","73601","10000",1,0,0,0,0
"M21051","73631","10000",1,0,0,0,0
"M21052","73631","10000",1,0,0,0,0
"M21059","73631","10000",1,0,0,0,0
"M21061","73641","10000",1,0,0,0,0
"M21062","73641","10000",1,0,0,0,0
"M21069","73641","10000",1,0,0,0,0
"M21071","73679","10000",1,0,0,0,0
"M21072","73679","10000",1,0,0,0,0
"M21079","73679","10000",1,0,0,0,0
"M2110","7369","10000",1,0,0,0,0
"M21121","73602","10000",1,0,0,0,0
"M21122","73602","10000",1,0,0,0,0
"M21129","73602","10000",1,0,0,0,0
"M21151","73632","10000",1,0,0,0,0
"M21152","73632","10000",1,0,0,0,0
"M21159","73632","10000",1,0,0,0,0
"M21161","73642","10000",1,0,0,0,0
"M21162","73642","10000",1,0,0,0,0
"M21169","73642","10000",1,0,0,0,0
"M21171","73671","10000",1,0,0,0,0
"M21172","73671","10000",1,0,0,0,0
"M21179","73671","10000",1,0,0,0,0
"M2120","73689","10000",1,0,0,0,0
"M21211","73689","10000",1,0,0,0,0
"M21212","73689","10000",1,0,0,0,0
"M21219","73689","10000",1,0,0,0,0
"M21221","73689","10000",1,0,0,0,0
"M21222","73689","10000",1,0,0,0,0
"M21229","73689","10000",1,0,0,0,0
"M21231","73689","10000",1,0,0,0,0
"M21232","73689","10000",1,0,0,0,0
"M21239","73689","10000",1,0,0,0,0
"M21241","73689","10000",1,0,0,0,0
"M21242","73689","10000",1,0,0,0,0
"M21249","73689","10000",1,0,0,0,0
"M21251","73689","10000",1,0,0,0,0
"M21252","73689","10000",1,0,0,0,0
"M21259","73689","10000",1,0,0,0,0
"M21261","73689","10000",1,0,0,0,0
"M21262","73689","10000",1,0,0,0,0
"M21269","73689","10000",1,0,0,0,0
"M21271","73689","10000",1,0,0,0,0
"M21272","73689","10000",1,0,0,0,0
"M21279","73689","10000",1,0,0,0,0
"M21331","73605","10000",1,0,0,0,0
"M21332","73605","10000",1,0,0,0,0
"M21339","73605","10000",1,0,0,0,0
"M21371","73679","10000",1,0,0,0,0
"M21372","73679","10000",1,0,0,0,0
"M21379","73679","10000",1,0,0,0,0
"M2140","734","10000",1,0,0,0,0
"M2141","734","10000",1,0,0,0,0
"M2142","734","10000",1,0,0,0,0
"M21511","73606","10000",1,0,0,0,0
"M21512","73606","10000",1,0,0,0,0
"M21519","73606","10000",1,0,0,0,0
"M21521","73607","10000",1,0,0,0,0
"M21522","73607","10000",1,0,0,0,0
"M21529","73607","10000",1,0,0,0,0
"M21531","73674","10000",1,0,0,0,0
"M21532","73674","10000",1,0,0,0,0
"M21539","73674","10000",1,0,0,0,0
"M21541","73671","10000",1,0,0,0,0
"M21542","73671","10000",1,0,0,0,0
"M21549","73671","10000",1,0,0,0,0
"M216X1","73679","10000",1,0,0,0,0
"M216X2","73679","10000",1,0,0,0,0
"M216X9","73679","10000",1,0,0,0,0
"M2170","73689","10000",1,0,0,0,0
"M21721","73689","10000",1,0,0,0,0
"M21722","73689","10000",1,0,0,0,0
"M21729","73689","10000",1,0,0,0,0
"M21731","73689","10000",1,0,0,0,0
"M21732","73689","10000",1,0,0,0,0
"M21733","73689","10000",1,0,0,0,0
"M21734","73689","10000",1,0,0,0,0
"M21739","73689","10000",1,0,0,0,0
"M21751","73681","10000",1,0,0,0,0
"M21752","73681","10000",1,0,0,0,0
"M21759","73681","10000",1,0,0,0,0
"M21761","73681","10000",1,0,0,0,0
"M21762","73681","10000",1,0,0,0,0
"M21763","73681","10000",1,0,0,0,0
"M21764","73681","10000",1,0,0,0,0
"M21769","73681","10000",1,0,0,0,0
"M2180","73689","10000",1,0,0,0,0
"M21821","73689","10000",1,0,0,0,0
"M21822","73689","10000",1,0,0,0,0
"M21829","73689","10000",1,0,0,0,0
"M21831","73609","10000",1,0,0,0,0
"M21832","73609","10000",1,0,0,0,0
"M21839","73609","10000",1,0,0,0,0
"M21851","73639","10000",1,0,0,0,0
"M21852","73639","10000",1,0,0,0,0
"M21859","73639","10000",1,0,0,0,0
"M21861","7366","10000",1,0,0,0,0
"M21862","7366","10000",1,0,0,0,0
"M21869","7366","10000",1,0,0,0,0
"M2190","7369","10000",1,0,0,0,0
"M21921","73689","10000",1,0,0,0,0
"M21922","73689","10000",1,0,0,0,0
"M21929","73689","10000",1,0,0,0,0
"M21931","73600","10000",1,0,0,0,0
"M21932","73600","10000",1,0,0,0,0
"M21939","73600","10000",1,0,0,0,0
"M21941","73600","10000",1,0,0,0,0
"M21942","73600","10000",1,0,0,0,0
"M21949","73600","10000",1,0,0,0,0
"M21951","73630","10000",1,0,0,0,0
"M21951","73689","10000",1,0,0,0,0
"M21952","73630","10000",1,0,0,0,0
"M21952","73689","10000",1,0,0,0,0
"M21959","73630","10000",1,0,0,0,0
"M21959","73689","10000",1,0,0,0,0
"M21961","73670","10000",1,0,0,0,0
"M21961","73689","10000",1,0,0,0,0
"M21962","73670","10000",1,0,0,0,0
"M21962","73689","10000",1,0,0,0,0
"M21969","73670","10000",1,0,0,0,0
"M21969","73689","10000",1,0,0,0,0
"M2200","71836","10000",1,0,0,0,0
"M2201","71836","10000",1,0,0,0,0
"M2202","71836","10000",1,0,0,0,0
"M2210","71836","10000",1,0,0,0,0
"M2211","71836","10000",1,0,0,0,0
"M2212","71836","10000",1,0,0,0,0
"M222X1","71789","10000",1,0,0,0,0
"M222X2","71789","10000",1,0,0,0,0
"M222X9","71789","10000",1,0,0,0,0
"M223X1","71789","10000",1,0,0,0,0
"M223X2","71789","10000",1,0,0,0,0
"M223X9","71789","10000",1,0,0,0,0
"M2240","7177","10000",1,0,0,0,0
"M2241","7177","10000",1,0,0,0,0
"M2242","7177","10000",1,0,0,0,0
"M228X1","71789","10000",1,0,0,0,0
"M228X2","71789","10000",1,0,0,0,0
"M228X9","71789","10000",1,0,0,0,0
"M2290","7179","10000",1,0,0,0,0
"M2291","7179","10000",1,0,0,0,0
"M2292","7179","10000",1,0,0,0,0
"M23000","7175","10000",1,0,0,0,0
"M23001","7175","10000",1,0,0,0,0
"M23002","7175","10000",1,0,0,0,0
"M23003","7175","10000",1,0,0,0,0
"M23004","7175","10000",1,0,0,0,0
"M23005","7175","10000",1,0,0,0,0
"M23006","7175","10000",1,0,0,0,0
"M23007","7175","10000",1,0,0,0,0
"M23009","7175","10000",1,0,0,0,0
"M23011","7171","10000",1,0,0,0,0
"M23012","7171","10000",1,0,0,0,0
"M23019","7171","10000",1,0,0,0,0
"M23021","7172","10000",1,0,0,0,0
"M23022","7172","10000",1,0,0,0,0
"M23029","7172","10000",1,0,0,0,0
"M23031","7173","10000",1,0,0,0,0
"M23032","7173","10000",1,0,0,0,0
"M23039","7173","10000",1,0,0,0,0
"M23041","71742","10000",1,0,0,0,0
"M23042","71742","10000",1,0,0,0,0
"M23049","71742","10000",1,0,0,0,0
"M23051","71743","10000",1,0,0,0,0
"M23052","71743","10000",1,0,0,0,0
"M23059","71743","10000",1,0,0,0,0
"M23061","71749","10000",1,0,0,0,0
"M23062","71749","10000",1,0,0,0,0
"M23069","71749","10000",1,0,0,0,0
"M23200","71740","10000",1,0,0,0,0
"M23201","71740","10000",1,0,0,0,0
"M23202","71740","10000",1,0,0,0,0
"M23203","7173","10000",1,0,0,0,0
"M23204","7173","10000",1,0,0,0,0
"M23205","7173","10000",1,0,0,0,0
"M23206","7175","10000",1,0,0,0,0
"M23207","7175","10000",1,0,0,0,0
"M23209","7175","10000",1,0,0,0,0
"M23211","7171","10000",1,0,0,0,0
"M23212","7171","10000",1,0,0,0,0
"M23219","7171","10000",1,0,0,0,0
"M23221","7172","10000",1,0,0,0,0
"M23222","7172","10000",1,0,0,0,0
"M23229","7172","10000",1,0,0,0,0
"M23231","7173","10000",1,0,0,0,0
"M23232","7173","10000",1,0,0,0,0
"M23239","7173","10000",1,0,0,0,0
"M23241","71742","10000",1,0,0,0,0
"M23242","71742","10000",1,0,0,0,0
"M23249","71742","10000",1,0,0,0,0
"M23251","71743","10000",1,0,0,0,0
"M23252","71743","10000",1,0,0,0,0
"M23259","71743","10000",1,0,0,0,0
"M23261","71740","10000",1,0,0,0,0
"M23262","71740","10000",1,0,0,0,0
"M23269","71740","10000",1,0,0,0,0
"M23300","71740","10000",1,0,0,0,0
"M23300","71749","10000",1,0,0,0,0
"M23301","71740","10000",1,0,0,0,0
"M23301","71749","10000",1,0,0,0,0
"M23302","71740","10000",1,0,0,0,0
"M23302","71749","10000",1,0,0,0,0
"M23303","7173","10000",1,0,0,0,0
"M23304","7173","10000",1,0,0,0,0
"M23305","7173","10000",1,0,0,0,0
"M23306","7175","10000",1,0,0,0,0
"M23307","7175","10000",1,0,0,0,0
"M23309","7175","10000",1,0,0,0,0
"M23311","7171","10000",1,0,0,0,0
"M23312","7171","10000",1,0,0,0,0
"M23319","7171","10000",1,0,0,0,0
"M23321","7172","10000",1,0,0,0,0
"M23322","7172","10000",1,0,0,0,0
"M23329","7172","10000",1,0,0,0,0
"M23331","7173","10000",1,0,0,0,0
"M23332","7173","10000",1,0,0,0,0
"M23339","7173","10000",1,0,0,0,0
"M23341","71742","10000",1,0,0,0,0
"M23342","71742","10000",1,0,0,0,0
"M23349","71742","10000",1,0,0,0,0
"M23351","71743","10000",1,0,0,0,0
"M23352","71743","10000",1,0,0,0,0
"M23359","71743","10000",1,0,0,0,0
"M23361","71749","10000",1,0,0,0,0
"M23362","71749","10000",1,0,0,0,0
"M23369","71749","10000",1,0,0,0,0
"M2340","7176","10000",1,0,0,0,0
"M2341","7176","10000",1,0,0,0,0
"M2342","7176","10000",1,0,0,0,0
"M2350","71785","10000",1,0,0,0,0
"M2350","71886","10000",1,0,0,0,0
"M2351","71785","10000",1,0,0,0,0
"M2352","71785","10000",1,0,0,0,0
"M23601","71789","10000",1,0,0,0,0
"M23602","71789","10000",1,0,0,0,0
"M23609","71789","10000",1,0,0,0,0
"M23611","71789","10000",1,0,0,0,0
"M23612","71789","10000",1,0,0,0,0
"M23619","71789","10000",1,0,0,0,0
"M23621","71789","10000",1,0,0,0,0
"M23622","71789","10000",1,0,0,0,0
"M23629","71789","10000",1,0,0,0,0
"M23631","71789","10000",1,0,0,0,0
"M23632","71789","10000",1,0,0,0,0
"M23639","71789","10000",1,0,0,0,0
"M23641","71789","10000",1,0,0,0,0
"M23642","71789","10000",1,0,0,0,0
"M23649","71789","10000",1,0,0,0,0
"M23671","71789","10000",1,0,0,0,0
"M23672","71789","10000",1,0,0,0,0
"M23679","71789","10000",1,0,0,0,0
"M238X1","71789","10000",1,0,0,0,0
"M238X2","71789","10000",1,0,0,0,0
"M238X9","71789","10000",1,0,0,0,0
"M2390","7179","10000",1,0,0,0,0
"M2391","7179","10000",1,0,0,0,0
"M2392","7179","10000",1,0,0,0,0
"M2400","71810","10000",1,0,0,0,0
"M24011","71811","10000",1,0,0,0,0
"M24012","71811","10000",1,0,0,0,0
"M24019","71811","10000",1,0,0,0,0
"M24021","71812","10000",1,0,0,0,0
"M24022","71812","10000",1,0,0,0,0
"M24029","71812","10000",1,0,0,0,0
"M24031","71813","10000",1,0,0,0,0
"M24032","71813","10000",1,0,0,0,0
"M24039","71813","10000",1,0,0,0,0
"M24041","71814","10000",1,0,0,0,0
"M24042","71814","10000",1,0,0,0,0
"M24049","71814","10000",1,0,0,0,0
"M24051","71815","10000",1,0,0,0,0
"M24052","71815","10000",1,0,0,0,0
"M24059","71815","10000",1,0,0,0,0
"M24071","71817","10000",1,0,0,0,0
"M24072","71817","10000",1,0,0,0,0
"M24073","71817","10000",1,0,0,0,0
"M24074","71817","10000",1,0,0,0,0
"M24075","71817","10000",1,0,0,0,0
"M24076","71817","10000",1,0,0,0,0
"M2408","71818","00000",0,0,0,0,0
"M2410","71800","10000",1,0,0,0,0
"M24111","71801","10000",1,0,0,0,0
"M24112","71801","10000",1,0,0,0,0
"M24119","71801","10000",1,0,0,0,0
"M24121","71802","10000",1,0,0,0,0
"M24122","71802","10000",1,0,0,0,0
"M24129","71802","10000",1,0,0,0,0
"M24131","71803","10000",1,0,0,0,0
"M24132","71803","10000",1,0,0,0,0
"M24139","71803","10000",1,0,0,0,0
"M24141","71804","10000",1,0,0,0,0
"M24142","71804","10000",1,0,0,0,0
"M24149","71804","10000",1,0,0,0,0
"M24151","71805","10000",1,0,0,0,0
"M24152","71805","10000",1,0,0,0,0
"M24159","71805","10000",1,0,0,0,0
"M24171","71807","10000",1,0,0,0,0
"M24172","71807","10000",1,0,0,0,0
"M24173","71807","10000",1,0,0,0,0
"M24174","71807","10000",1,0,0,0,0
"M24175","71807","10000",1,0,0,0,0
"M24176","71807","10000",1,0,0,0,0
"M2420","7284","10000",1,0,0,0,0
"M24211","7284","10000",1,0,0,0,0
"M24212","7284","10000",1,0,0,0,0
"M24219","7284","10000",1,0,0,0,0
"M24221","7284","10000",1,0,0,0,0
"M24222","7284","10000",1,0,0,0,0
"M24229","7284","10000",1,0,0,0,0
"M24231","7284","10000",1,0,0,0,0
"M24232","7284","10000",1,0,0,0,0
"M24239","7284","10000",1,0,0,0,0
"M24241","7284","10000",1,0,0,0,0
"M24242","7284","10000",1,0,0,0,0
"M24249","7284","10000",1,0,0,0,0
"M24251","7284","10000",1,0,0,0,0
"M24252","7284","10000",1,0,0,0,0
"M24259","7284","10000",1,0,0,0,0
"M24271","7284","10000",1,0,0,0,0
"M24272","7284","10000",1,0,0,0,0
"M24273","7284","10000",1,0,0,0,0
"M24274","7284","10000",1,0,0,0,0
"M24275","7284","10000",1,0,0,0,0
"M24276","7284","10000",1,0,0,0,0
"M2428","7284","10000",1,0,0,0,0
"M2430","71820","10000",1,0,0,0,0
"M2430","71828","10000",1,0,0,0,0
"M2430","71829","10000",1,0,0,0,0
"M24311","71821","10000",1,0,0,0,0
"M24312","71821","10000",1,0,0,0,0
"M24319","71821","10000",1,0,0,0,0
"M24321","71822","10000",1,0,0,0,0
"M24322","71822","10000",1,0,0,0,0
"M24329","71822","10000",1,0,0,0,0
"M24331","71823","10000",1,0,0,0,0
"M24332","71823","10000",1,0,0,0,0
"M24339","71823","10000",1,0,0,0,0
"M24341","71824","10000",1,0,0,0,0
"M24342","71824","10000",1,0,0,0,0
"M24349","71824","10000",1,0,0,0,0
"M24351","71825","10000",1,0,0,0,0
"M24352","71825","10000",1,0,0,0,0
"M24359","71825","10000",1,0,0,0,0
"M24361","71826","10000",1,0,0,0,0
"M24362","71826","10000",1,0,0,0,0
"M24369","71826","10000",1,0,0,0,0
"M24371","71827","10000",1,0,0,0,0
"M24372","71827","10000",1,0,0,0,0
"M24373","71827","10000",1,0,0,0,0
"M24374","71827","10000",1,0,0,0,0
"M24375","71827","10000",1,0,0,0,0
"M24376","71827","10000",1,0,0,0,0
"M2440","71830","00000",0,0,0,0,0
"M24411","71831","10000",1,0,0,0,0
"M24412","71831","10000",1,0,0,0,0
"M24419","71831","10000",1,0,0,0,0
"M24421","71832","10000",1,0,0,0,0
"M24422","71832","10000",1,0,0,0,0
"M24429","71832","10000",1,0,0,0,0
"M24431","71833","10000",1,0,0,0,0
"M24432","71833","10000",1,0,0,0,0
"M24439","71833","10000",1,0,0,0,0
"M24441","71834","10000",1,0,0,0,0
"M24442","71834","10000",1,0,0,0,0
"M24443","71834","10000",1,0,0,0,0
"M24444","71834","10000",1,0,0,0,0
"M24445","71834","10000",1,0,0,0,0
"M24446","71834","10000",1,0,0,0,0
"M24451","71835","10000",1,0,0,0,0
"M24452","71835","10000",1,0,0,0,0
"M24459","71835","10000",1,0,0,0,0
"M24461","71836","10000",1,0,0,0,0
"M24462","71836","10000",1,0,0,0,0
"M24469","71836","10000",1,0,0,0,0
"M24471","71837","10000",1,0,0,0,0
"M24472","71837","10000",1,0,0,0,0
"M24473","71837","10000",1,0,0,0,0
"M24474","71837","10000",1,0,0,0,0
"M24475","71837","10000",1,0,0,0,0
"M24476","71837","10000",1,0,0,0,0
"M24477","71837","10000",1,0,0,0,0
"M24478","71837","10000",1,0,0,0,0
"M24479","71837","10000",1,0,0,0,0
"M2450","71840","10000",1,0,0,0,0
"M2450","71848","10000",1,0,0,0,0
"M2450","71849","10000",1,0,0,0,0
"M24511","71841","10000",1,0,0,0,0
"M24512","71841","10000",1,0,0,0,0
"M24519","71841","10000",1,0,0,0,0
"M24521","71842","10000",1,0,0,0,0
"M24522","71842","10000",1,0,0,0,0
"M24529","71842","10000",1,0,0,0,0
"M24531","71843","10000",1,0,0,0,0
"M24532","71843","10000",1,0,0,0,0
"M24539","71843","10000",1,0,0,0,0
"M24541","71844","10000",1,0,0,0,0
"M24542","71844","10000",1,0,0,0,0
"M24549","71844","10000",1,0,0,0,0
"M24551","71845","10000",1,0,0,0,0
"M24552","71845","10000",1,0,0,0,0
"M24559","71845","10000",1,0,0,0,0
"M24561","71846","10000",1,0,0,0,0
"M24562","71846","10000",1,0,0,0,0
"M24569","71846","10000",1,0,0,0,0
"M24571","71847","10000",1,0,0,0,0
"M24572","71847","10000",1,0,0,0,0
"M24573","71847","10000",1,0,0,0,0
"M24574","71847","10000",1,0,0,0,0
"M24575","71847","10000",1,0,0,0,0
"M24576","71847","10000",1,0,0,0,0
"M2460","71850","10000",1,0,0,0,0
"M24611","71851","10000",1,0,0,0,0
"M24612","71851","10000",1,0,0,0,0
"M24619","71851","10000",1,0,0,0,0
"M24621","71852","10000",1,0,0,0,0
"M24622","71852","10000",1,0,0,0,0
"M24629","71852","10000",1,0,0,0,0
"M24631","71853","10000",1,0,0,0,0
"M24632","71853","10000",1,0,0,0,0
"M24639","71853","10000",1,0,0,0,0
"M24641","71854","10000",1,0,0,0,0
"M24642","71854","10000",1,0,0,0,0
"M24649","71854","10000",1,0,0,0,0
"M24651","71855","10000",1,0,0,0,0
"M24652","71855","10000",1,0,0,0,0
"M24659","71855","10000",1,0,0,0,0
"M24661","71856","10000",1,0,0,0,0
"M24662","71856","10000",1,0,0,0,0
"M24669","71856","10000",1,0,0,0,0
"M24671","71857","10000",1,0,0,0,0
"M24672","71857","10000",1,0,0,0,0
"M24673","71857","10000",1,0,0,0,0
"M24674","71857","10000",1,0,0,0,0
"M24675","71857","10000",1,0,0,0,0
"M24676","71857","10000",1,0,0,0,0
"M247","71865","10000",1,0,0,0,0
"M2480","71880","10000",1,0,0,0,0
"M24811","71871","10000",1,0,0,0,0
"M24811","71881","10000",1,0,0,0,0
"M24812","71871","10000",1,0,0,0,0
"M24812","71881","10000",1,0,0,0,0
"M24819","71881","10000",1,0,0,0,0
"M24821","71872","10000",1,0,0,0,0
"M24821","71882","10000",1,0,0,0,0
"M24822","71872","10000",1,0,0,0,0
"M24822","71882","10000",1,0,0,0,0
"M24829","71882","10000",1,0,0,0,0
"M24831","71873","10000",1,0,0,0,0
"M24831","71883","10000",1,0,0,0,0
"M24832","71873","10000",1,0,0,0,0
"M24832","71883","10000",1,0,0,0,0
"M24839","71883","10000",1,0,0,0,0
"M24841","71874","10000",1,0,0,0,0
"M24841","71884","10000",1,0,0,0,0
"M24842","71874","10000",1,0,0,0,0
"M24842","71884","10000",1,0,0,0,0
"M24849","71884","10000",1,0,0,0,0
"M24851","71875","10000",1,0,0,0,0
"M24851","71885","10000",1,0,0,0,0
"M24852","71875","10000",1,0,0,0,0
"M24852","71885","10000",1,0,0,0,0
"M24859","71885","10000",1,0,0,0,0
"M24871","71877","10000",1,0,0,0,0
"M24871","71887","10000",1,0,0,0,0
"M24872","71877","10000",1,0,0,0,0
"M24872","71887","10000",1,0,0,0,0
"M24873","71887","10000",1,0,0,0,0
"M24874","71877","10000",1,0,0,0,0
"M24874","71887","10000",1,0,0,0,0
"M24875","71877","10000",1,0,0,0,0
"M24875","71887","10000",1,0,0,0,0
"M24876","71887","10000",1,0,0,0,0
"M249","71890","10000",1,0,0,0,0
"M2500","71910","10000",1,0,0,0,0
"M25011","71911","10000",1,0,0,0,0
"M25012","71911","10000",1,0,0,0,0
"M25019","71911","10000",1,0,0,0,0
"M25021","71912","10000",1,0,0,0,0
"M25022","71912","10000",1,0,0,0,0
"M25029","71912","10000",1,0,0,0,0
"M25031","71913","10000",1,0,0,0,0
"M25032","71913","10000",1,0,0,0,0
"M25039","71913","10000",1,0,0,0,0
"M25041","71914","10000",1,0,0,0,0
"M25042","71914","10000",1,0,0,0,0
"M25049","71914","10000",1,0,0,0,0
"M25051","71915","10000",1,0,0,0,0
"M25052","71915","10000",1,0,0,0,0
"M25059","71915","10000",1,0,0,0,0
"M25061","71916","10000",1,0,0,0,0
"M25062","71916","10000",1,0,0,0,0
"M25069","71916","10000",1,0,0,0,0
"M25071","71917","10000",1,0,0,0,0
"M25072","71917","10000",1,0,0,0,0
"M25073","71917","10000",1,0,0,0,0
"M25074","71917","10000",1,0,0,0,0
"M25075","71917","10000",1,0,0,0,0
"M25076","71917","10000",1,0,0,0,0
"M2508","71918","10000",1,0,0,0,0
"M2510","71980","10000",1,0,0,0,0
"M25111","71981","10000",1,0,0,0,0
"M25112","71981","10000",1,0,0,0,0
"M25119","71981","10000",1,0,0,0,0
"M25121","71982","10000",1,0,0,0,0
"M25122","71982","10000",1,0,0,0,0
"M25129","71982","10000",1,0,0,0,0
"M25131","71983","10000",1,0,0,0,0
"M25132","71983","10000",1,0,0,0,0
"M25139","71983","10000",1,0,0,0,0
"M25141","71984","10000",1,0,0,0,0
"M25142","71984","10000",1,0,0,0,0
"M25149","71984","10000",1,0,0,0,0
"M25151","71985","10000",1,0,0,0,0
"M25152","71985","10000",1,0,0,0,0
"M25159","71985","10000",1,0,0,0,0
"M25161","71986","10000",1,0,0,0,0
"M25162","71986","10000",1,0,0,0,0
"M25169","71986","10000",1,0,0,0,0
"M25171","71987","10000",1,0,0,0,0
"M25172","71987","10000",1,0,0,0,0
"M25173","71987","10000",1,0,0,0,0
"M25174","71987","10000",1,0,0,0,0
"M25175","71987","10000",1,0,0,0,0
"M25176","71987","10000",1,0,0,0,0
"M2518","71988","10000",1,0,0,0,0
"M2520","71880","10000",1,0,0,0,0
"M25211","71881","10000",1,0,0,0,0
"M25212","71881","10000",1,0,0,0,0
"M25219","71881","10000",1,0,0,0,0
"M25221","71882","10000",1,0,0,0,0
"M25222","71882","10000",1,0,0,0,0
"M25229","71882","10000",1,0,0,0,0
"M25231","71883","10000",1,0,0,0,0
"M25232","71883","10000",1,0,0,0,0
"M25239","71883","10000",1,0,0,0,0
"M25241","71884","10000",1,0,0,0,0
"M25242","71884","10000",1,0,0,0,0
"M25249","71884","10000",1,0,0,0,0
"M25251","71885","10000",1,0,0,0,0
"M25252","71885","10000",1,0,0,0,0
"M25259","71885","10000",1,0,0,0,0
"M25261","71886","10000",1,0,0,0,0
"M25262","71886","10000",1,0,0,0,0
"M25269","71886","10000",1,0,0,0,0
"M25271","71887","10000",1,0,0,0,0
"M25272","71887","10000",1,0,0,0,0
"M25279","71887","10000",1,0,0,0,0
"M2528","71888","10000",1,0,0,0,0
"M2530","71880","10000",1,0,0,0,0
"M25311","71881","10000",1,0,0,0,0
"M25312","71881","10000",1,0,0,0,0
"M25319","71881","10000",1,0,0,0,0
"M25321","71882","10000",1,0,0,0,0
"M25322","71882","10000",1,0,0,0,0
"M25329","71882","10000",1,0,0,0,0
"M25331","71883","10000",1,0,0,0,0
"M25332","71883","10000",1,0,0,0,0
"M25339","71883","10000",1,0,0,0,0
"M25341","71884","10000",1,0,0,0,0
"M25342","71884","10000",1,0,0,0,0
"M25349","71884","10000",1,0,0,0,0
"M25351","71885","10000",1,0,0,0,0
"M25352","71885","10000",1,0,0,0,0
"M25359","71885","10000",1,0,0,0,0
"M25361","71886","10000",1,0,0,0,0
"M25362","71886","10000",1,0,0,0,0
"M25369","71886","10000",1,0,0,0,0
"M25371","71887","10000",1,0,0,0,0
"M25372","71887","10000",1,0,0,0,0
"M25373","71887","10000",1,0,0,0,0
"M25374","71887","10000",1,0,0,0,0
"M25375","71887","10000",1,0,0,0,0
"M25376","71887","10000",1,0,0,0,0
"M2540","71900","10000",1,0,0,0,0
"M25411","71901","10000",1,0,0,0,0
"M25412","71901","10000",1,0,0,0,0
"M25419","71901","10000",1,0,0,0,0
"M25421","71902","10000",1,0,0,0,0
"M25422","71902","10000",1,0,0,0,0
"M25429","71902","10000",1,0,0,0,0
"M25431","71903","10000",1,0,0,0,0
"M25432","71903","10000",1,0,0,0,0
"M25439","71903","10000",1,0,0,0,0
"M25441","71904","10000",1,0,0,0,0
"M25442","71904","10000",1,0,0,0,0
"M25449","71904","10000",1,0,0,0,0
"M25451","71905","10000",1,0,0,0,0
"M25452","71905","10000",1,0,0,0,0
"M25459","71905","10000",1,0,0,0,0
"M25461","71906","10000",1,0,0,0,0
"M25462","71906","10000",1,0,0,0,0
"M25469","71906","10000",1,0,0,0,0
"M25471","71907","10000",1,0,0,0,0
"M25472","71907","10000",1,0,0,0,0
"M25473","71907","10000",1,0,0,0,0
"M25474","71907","10000",1,0,0,0,0
"M25475","71907","10000",1,0,0,0,0
"M25476","71907","10000",1,0,0,0,0
"M2548","71908","00000",0,0,0,0,0
"M2550","71940","10000",1,0,0,0,0
"M25511","71941","10000",1,0,0,0,0
"M25512","71941","10000",1,0,0,0,0
"M25519","71941","10000",1,0,0,0,0
"M25521","71942","10000",1,0,0,0,0
"M25522","71942","10000",1,0,0,0,0
"M25529","71942","10000",1,0,0,0,0
"M25531","71943","10000",1,0,0,0,0
"M25532","71943","10000",1,0,0,0,0
"M25539","71943","10000",1,0,0,0,0
"M25551","71945","10000",1,0,0,0,0
"M25552","71945","10000",1,0,0,0,0
"M25559","71945","10000",1,0,0,0,0
"M25561","71946","10000",1,0,0,0,0
"M25562","71946","10000",1,0,0,0,0
"M25569","71946","10000",1,0,0,0,0
"M25571","71947","10000",1,0,0,0,0
"M25572","71947","10000",1,0,0,0,0
"M25579","71947","10000",1,0,0,0,0
"M2560","71950","10000",1,0,0,0,0
"M25611","71951","10000",1,0,0,0,0
"M25612","71951","10000",1,0,0,0,0
"M25619","71951","10000",1,0,0,0,0
"M25621","71952","10000",1,0,0,0,0
"M25622","71952","10000",1,0,0,0,0
"M25629","71952","10000",1,0,0,0,0
"M25631","71953","10000",1,0,0,0,0
"M25632","71953","10000",1,0,0,0,0
"M25639","71953","10000",1,0,0,0,0
"M25641","71954","10000",1,0,0,0,0
"M25642","71954","10000",1,0,0,0,0
"M25649","71954","10000",1,0,0,0,0
"M25651","71955","10000",1,0,0,0,0
"M25652","71955","10000",1,0,0,0,0
"M25659","71955","10000",1,0,0,0,0
"M25661","71956","10000",1,0,0,0,0
"M25662","71956","10000",1,0,0,0,0
"M25669","71956","10000",1,0,0,0,0
"M25671","71957","10000",1,0,0,0,0
"M25672","71957","10000",1,0,0,0,0
"M25673","71957","10000",1,0,0,0,0
"M25674","71957","10000",1,0,0,0,0
"M25675","71957","10000",1,0,0,0,0
"M25676","71957","10000",1,0,0,0,0
"M2570","72691","00000",0,0,0,0,0
"M25711","7262","10000",1,0,0,0,0
"M25712","7262","10000",1,0,0,0,0
"M25719","7262","10000",1,0,0,0,0
"M25721","72630","10000",1,0,0,0,0
"M25722","72630","10000",1,0,0,0,0
"M25729","72630","10000",1,0,0,0,0
"M25731","7264","10000",1,0,0,0,0
"M25732","7264","10000",1,0,0,0,0
"M25739","7264","10000",1,0,0,0,0
"M25741","7264","10000",1,0,0,0,0
"M25742","7264","10000",1,0,0,0,0
"M25749","7264","10000",1,0,0,0,0
"M25751","7265","10000",1,0,0,0,0
"M25752","7265","10000",1,0,0,0,0
"M25759","7265","10000",1,0,0,0,0
"M25761","72660","10000",1,0,0,0,0
"M25762","72660","10000",1,0,0,0,0
"M25769","72660","10000",1,0,0,0,0
"M25771","72670","10000",1,0,0,0,0
"M25772","72670","10000",1,0,0,0,0
"M25773","72670","10000",1,0,0,0,0
"M25774","72670","10000",1,0,0,0,0
"M25775","72670","10000",1,0,0,0,0
"M25776","72670","10000",1,0,0,0,0
"M2578","7218","10000",1,0,0,0,0
"M2580","71980","10000",1,0,0,0,0
"M25811","71981","10000",1,0,0,0,0
"M25812","71981","10000",1,0,0,0,0
"M25819","71981","10000",1,0,0,0,0
"M25821","71982","10000",1,0,0,0,0
"M25822","71982","10000",1,0,0,0,0
"M25829","71982","10000",1,0,0,0,0
"M25831","71983","10000",1,0,0,0,0
"M25832","71983","10000",1,0,0,0,0
"M25839","71983","10000",1,0,0,0,0
"M25841","71984","10000",1,0,0,0,0
"M25842","71984","10000",1,0,0,0,0
"M25849","71984","10000",1,0,0,0,0
"M25851","71985","10000",1,0,0,0,0
"M25852","71985","10000",1,0,0,0,0
"M25859","71985","10000",1,0,0,0,0
"M25861","71986","10000",1,0,0,0,0
"M25862","71986","10000",1,0,0,0,0
"M25869","71986","10000",1,0,0,0,0
"M25871","71987","10000",1,0,0,0,0
"M25872","71987","10000",1,0,0,0,0
"M25879","71987","10000",1,0,0,0,0
"M259","71990","10000",1,0,0,0,0
"M2600","52400","00000",0,0,0,0,0
"M2601","52401","00000",0,0,0,0,0
"M2602","52403","00000",0,0,0,0,0
"M2603","52402","00000",0,0,0,0,0
"M2604","52404","00000",0,0,0,0,0
"M2605","52405","00000",0,0,0,0,0
"M2606","52406","00000",0,0,0,0,0
"M2607","52407","00000",0,0,0,0,0
"M2609","52409","10000",1,0,0,0,0
"M2610","52410","00000",0,0,0,0,0
"M2611","52411","00000",0,0,0,0,0
"M2612","52412","00000",0,0,0,0,0
"M2619","52419","00000",0,0,0,0,0
"M2620","52420","00000",0,0,0,0,0
"M26211","52421","00000",0,0,0,0,0
"M26212","52422","00000",0,0,0,0,0
"M26213","52423","00000",0,0,0,0,0
"M26219","5244","10000",1,0,0,0,0
"M26220","52424","00000",0,0,0,0,0
"M26221","52425","00000",0,0,0,0,0
"M2623","52426","00000",0,0,0,0,0
"M2624","52427","00000",0,0,0,0,0
"M2625","52428","00000",0,0,0,0,0
"M2629","52429","00000",0,0,0,0,0
"M2630","52430","00000",0,0,0,0,0
"M2631","52431","00000",0,0,0,0,0
"M2632","52432","00000",0,0,0,0,0
"M2633","52433","00000",0,0,0,0,0
"M2634","52434","00000",0,0,0,0,0
"M2635","52435","00000",0,0,0,0,0
"M2636","52436","00000",0,0,0,0,0
"M2637","52437","00000",0,0,0,0,0
"M2639","52439","00000",0,0,0,0,0
"M264","5244","10000",1,0,0,0,0
"M2650","52450","00000",0,0,0,0,0
"M2651","52451","00000",0,0,0,0,0
"M2652","52452","00000",0,0,0,0,0
"M2653","52453","00000",0,0,0,0,0
"M2654","52454","00000",0,0,0,0,0
"M2655","52455","00000",0,0,0,0,0
"M2656","52456","00000",0,0,0,0,0
"M2657","52457","00000",0,0,0,0,0
"M2659","52459","00000",0,0,0,0,0
"M2660","52460","10000",1,0,0,0,0
"M2661","52461","00000",0,0,0,0,0
"M2662","52462","00000",0,0,0,0,0
"M2663","52463","00000",0,0,0,0,0
"M2669","52460","10000",1,0,0,0,0
"M2669","52469","10000",1,0,0,0,0
"M2670","52470","00000",0,0,0,0,0
"M2671","52471","00000",0,0,0,0,0
"M2672","52472","00000",0,0,0,0,0
"M2673","52473","00000",0,0,0,0,0
"M2674","52474","00000",0,0,0,0,0
"M2679","52479","10000",1,0,0,0,0
"M2679","5258","10000",1,0,0,0,0
"M2681","52481","00000",0,0,0,0,0
"M2682","52482","00000",0,0,0,0,0
"M2689","52489","10000",1,0,0,0,0
"M269","5249","00000",0,0,0,0,0
"M270","5269","10000",1,0,0,0,0
"M271","5263","00000",0,0,0,0,0
"M272","5264","00000",0,0,0,0,0
"M273","5265","00000",0,0,0,0,0
"M2740","5262","10000",1,0,0,0,0
"M2749","5262","10000",1,0,0,0,0
"M2751","52661","00000",0,0,0,0,0
"M2752","52662","00000",0,0,0,0,0
"M2753","52663","00000",0,0,0,0,0
"M2759","52669","00000",0,0,0,0,0
"M2761","52571","00000",0,0,0,0,0
"M2762","52572","00000",0,0,0,0,0
"M2763","52573","00000",0,0,0,0,0
"M2769","52579","00000",0,0,0,0,0
"M278","52681","10000",1,0,0,0,0
"M278","52689","10000",1,0,0,0,0
"M279","5269","10000",1,0,0,0,0
"M300","4460","10000",1,0,0,0,0
"M301","4464","10000",1,0,0,0,0
"M302","4460","10000",1,0,0,0,0
"M303","4461","00000",0,0,0,0,0
"M308","4460","10000",1,0,0,0,0
"M310","44620","10000",1,0,0,0,0
"M310","44621","10000",1,0,0,0,0
"M310","44629","10000",1,0,0,0,0
"M311","4466","00000",0,0,0,0,0
"M312","4463","00000",0,0,0,0,0
"M3130","4464","10000",1,0,0,0,0
"M3131","4464","10000",1,0,0,0,0
"M314","4467","00000",0,0,0,0,0
"M315","4465","10000",1,0,0,0,0
"M316","4465","10000",1,0,0,0,0
"M317","4460","10000",1,0,0,0,0
"M318","4475","10000",1,0,0,0,0
"M319","4475","10000",1,0,0,0,0
"M320","7100","10000",1,0,0,0,0
"M3210","7100","10000",1,0,0,0,0
"M3211","42491","10112",1,0,1,1,2
"M3211","7100","10111",1,0,1,1,1
"M3212","4200","10112",1,0,1,1,2
"M3212","7100","10111",1,0,1,1,1
"M3213","5178","10112",1,0,1,1,2
"M3213","7100","10111",1,0,1,1,1
"M3214","58381","10112",1,0,1,1,2
"M3214","7100","10111",1,0,1,1,1
"M3215","58381","10112",1,0,1,1,2
"M3215","7100","10111",1,0,1,1,1
"M3219","7100","10000",1,0,0,0,0
"M328","7100","10000",1,0,0,0,0
"M329","7100","10000",1,0,0,0,0
"M3300","7103","10000",1,0,0,0,0
"M3301","5178","10112",1,0,1,1,2
"M3301","7103","10111",1,0,1,1,1
"M3302","3596","10112",1,0,1,1,2
"M3302","7103","10111",1,0,1,1,1
"M3309","7103","10000",1,0,0,0,0
"M3310","7103","10000",1,0,0,0,0
"M3311","5178","10112",1,0,1,1,2
"M3311","7103","10111",1,0,1,1,1
"M3312","3596","10112",1,0,1,1,2
"M3312","7103","10111",1,0,1,1,1
"M3319","7103","10000",1,0,0,0,0
"M3320","7104","10000",1,0,0,0,0
"M3321","5178","10112",1,0,1,1,2
"M3321","7104","10111",1,0,1,1,1
"M3322","3596","10112",1,0,1,1,2
"M3322","7104","10111",1,0,1,1,1
"M3329","7104","10000",1,0,0,0,0
"M3390","7103","10000",1,0,0,0,0
"M3391","5178","10112",1,0,1,1,2
"M3391","7103","10111",1,0,1,1,1
"M3392","3596","10112",1,0,1,1,2
"M3392","7103","10111",1,0,1,1,1
"M3399","7103","10000",1,0,0,0,0
"M340","7101","10000",1,0,0,0,0
"M341","7101","10000",1,0,0,0,0
"M342","7101","10000",1,0,0,0,0
"M3481","5172","10112",1,0,1,1,2
"M3481","7101","10111",1,0,1,1,1
"M3482","3596","10112",1,0,1,1,2
"M3482","7101","10111",1,0,1,1,1
"M3483","3574","10112",1,0,1,1,2
"M3483","7101","10111",1,0,1,1,1
"M3489","7101","10000",1,0,0,0,0
"M349","7101","10000",1,0,0,0,0
"M3500","7102","10000",1,0,0,0,0
"M3501","7102","10000",1,0,0,0,0
"M3502","5178","10112",1,0,1,1,2
"M3502","7102","10111",1,0,1,1,1
"M3503","3596","10112",1,0,1,1,2
"M3503","7102","10111",1,0,1,1,1
"M3504","58381","10112",1,0,1,1,2
"M3504","7102","10111",1,0,1,1,1
"M3509","7102","10000",1,0,0,0,0
"M351","7108","10000",1,0,0,0,0
"M352","1361","10000",1,0,0,0,0
"M352","1361","10111",1,0,1,1,1
"M352","71120","10112",1,0,1,1,2
"M353","725","00000",0,0,0,0,0
"M354","72889","10000",1,0,0,0,0
"M355","7108","10000",1,0,0,0,0
"M356","72930","10000",1,0,0,0,0
"M357","7285","00000",0,0,0,0,0
"M358","7105","10000",1,0,0,0,0
"M358","7108","10000",1,0,0,0,0
"M359","7109","10000",1,0,0,0,0
"M360","7103","10000",1,0,0,0,0
"M361","7138","10000",1,0,0,0,0
"M362","7132","10000",1,0,0,0,0
"M363","7132","10000",1,0,0,0,0
"M364","7136","10000",1,0,0,0,0
"M368","7109","10000",1,0,0,0,0
"M4000","7370","10000",1,0,0,0,0
"M4000","73710","10000",1,0,0,0,0
"M4003","73710","10000",1,0,0,0,0
"M4004","73710","10000",1,0,0,0,0
"M4005","73710","10000",1,0,0,0,0
"M4010","73741","10000",1,0,0,0,0
"M4012","73741","10000",1,0,0,0,0
"M4013","73741","10000",1,0,0,0,0
"M4014","73741","10000",1,0,0,0,0
"M4015","73741","10000",1,0,0,0,0
"M40202","73710","10000",1,0,0,0,0
"M40203","73710","10000",1,0,0,0,0
"M40204","73710","10000",1,0,0,0,0
"M40205","73710","10000",1,0,0,0,0
"M40209","73710","10000",1,0,0,0,0
"M40292","73719","10000",1,0,0,0,0
"M40293","73719","10000",1,0,0,0,0
"M40294","73719","10000",1,0,0,0,0
"M40295","73719","10000",1,0,0,0,0
"M40299","73719","10000",1,0,0,0,0
"M4030","73719","10000",1,0,0,0,0
"M4035","73719","10000",1,0,0,0,0
"M4036","73719","10000",1,0,0,0,0
"M4037","73719","10000",1,0,0,0,0
"M4040","73720","10000",1,0,0,0,0
"M4045","73720","10000",1,0,0,0,0
"M4046","73720","10000",1,0,0,0,0
"M4047","73720","10000",1,0,0,0,0
"M4050","73729","10000",1,0,0,0,0
"M4050","73742","10000",1,0,0,0,0
"M4055","73729","10000",1,0,0,0,0
"M4055","73742","10000",1,0,0,0,0
"M4056","73729","10000",1,0,0,0,0
"M4056","73742","10000",1,0,0,0,0
"M4057","73729","10000",1,0,0,0,0
"M4057","73742","10000",1,0,0,0,0
"M4100","73731","10000",1,0,0,0,0
"M4100","73732","10000",1,0,0,0,0
"M4102","73731","10000",1,0,0,0,0
"M4102","73732","10000",1,0,0,0,0
"M4103","73731","10000",1,0,0,0,0
"M4103","73732","10000",1,0,0,0,0
"M4104","73731","10000",1,0,0,0,0
"M4104","73732","10000",1,0,0,0,0
"M4105","73731","10000",1,0,0,0,0
"M4105","73732","10000",1,0,0,0,0
"M4106","73731","10000",1,0,0,0,0
"M4106","73732","10000",1,0,0,0,0
"M4107","73731","10000",1,0,0,0,0
"M4107","73732","10000",1,0,0,0,0
"M4108","73731","10000",1,0,0,0,0
"M4108","73732","10000",1,0,0,0,0
"M41112","73730","10000",1,0,0,0,0
"M41113","73730","10000",1,0,0,0,0
"M41114","73730","10000",1,0,0,0,0
"M41115","73730","10000",1,0,0,0,0
"M41116","73730","10000",1,0,0,0,0
"M41117","73730","10000",1,0,0,0,0
"M41119","73730","10000",1,0,0,0,0
"M41122","73730","10000",1,0,0,0,0
"M41123","73730","10000",1,0,0,0,0
"M41124","73730","10000",1,0,0,0,0
"M41125","73730","10000",1,0,0,0,0
"M41126","73730","10000",1,0,0,0,0
"M41127","73730","10000",1,0,0,0,0
"M41129","73730","10000",1,0,0,0,0
"M4120","73730","10000",1,0,0,0,0
"M4122","73730","10000",1,0,0,0,0
"M4123","73730","10000",1,0,0,0,0
"M4124","73730","10000",1,0,0,0,0
"M4125","73730","10000",1,0,0,0,0
"M4126","73730","10000",1,0,0,0,0
"M4127","73730","10000",1,0,0,0,0
"M4130","73734","10000",1,0,0,0,0
"M4134","73734","10000",1,0,0,0,0
"M4135","73734","10000",1,0,0,0,0
"M4140","73743","10000",1,0,0,0,0
"M4141","73743","10000",1,0,0,0,0
"M4142","73743","10000",1,0,0,0,0
"M4143","73743","10000",1,0,0,0,0
"M4144","73743","10000",1,0,0,0,0
"M4145","73743","10000",1,0,0,0,0
"M4146","73743","10000",1,0,0,0,0
"M4147","73743","10000",1,0,0,0,0
"M4150","73743","10000",1,0,0,0,0
"M4152","73743","10000",1,0,0,0,0
"M4153","73743","10000",1,0,0,0,0
"M4154","73743","10000",1,0,0,0,0
"M4155","73743","10000",1,0,0,0,0
"M4156","73743","10000",1,0,0,0,0
"M4157","73743","10000",1,0,0,0,0
"M4180","73739","10000",1,0,0,0,0
"M4182","73739","10000",1,0,0,0,0
"M4183","73739","10000",1,0,0,0,0
"M4184","73739","10000",1,0,0,0,0
"M4185","73739","10000",1,0,0,0,0
"M4186","73739","10000",1,0,0,0,0
"M4187","73739","10000",1,0,0,0,0
"M419","73739","10000",1,0,0,0,0
"M4200","7320","10000",1,0,0,0,0
"M4201","7320","10000",1,0,0,0,0
"M4202","7320","10000",1,0,0,0,0
"M4203","7320","10000",1,0,0,0,0
"M4204","7320","10000",1,0,0,0,0
"M4205","7320","10000",1,0,0,0,0
"M4206","7320","10000",1,0,0,0,0
"M4207","7320","10000",1,0,0,0,0
"M4208","7320","10000",1,0,0,0,0
"M4209","7320","10000",1,0,0,0,0
"M4210","7328","10000",1,0,0,0,0
"M4211","7328","10000",1,0,0,0,0
"M4212","7328","10000",1,0,0,0,0
"M4213","7328","10000",1,0,0,0,0
"M4214","7328","10000",1,0,0,0,0
"M4215","7328","10000",1,0,0,0,0
"M4216","7328","10000",1,0,0,0,0
"M4217","7328","10000",1,0,0,0,0
"M4218","7328","10000",1,0,0,0,0
"M4219","7328","10000",1,0,0,0,0
"M429","7329","10000",1,0,0,0,0
"M4300","7384","10000",1,0,0,0,0
"M4301","7384","10000",1,0,0,0,0
"M4302","7384","10000",1,0,0,0,0
"M4303","7384","10000",1,0,0,0,0
"M4304","7384","10000",1,0,0,0,0
"M4305","7384","10000",1,0,0,0,0
"M4306","7384","10000",1,0,0,0,0
"M4307","7384","10000",1,0,0,0,0
"M4308","7384","10000",1,0,0,0,0
"M4309","7384","10000",1,0,0,0,0
"M4310","7384","10000",1,0,0,0,0
"M4311","7384","10000",1,0,0,0,0
"M4312","7384","10000",1,0,0,0,0
"M4313","7384","10000",1,0,0,0,0
"M4314","7384","10000",1,0,0,0,0
"M4315","7384","10000",1,0,0,0,0
"M4316","7384","10000",1,0,0,0,0
"M4317","7384","10000",1,0,0,0,0
"M4318","7384","10000",1,0,0,0,0
"M4319","7384","10000",1,0,0,0,0
"M4320","7249","10000",1,0,0,0,0
"M4321","7249","10000",1,0,0,0,0
"M4322","7249","10000",1,0,0,0,0
"M4323","7249","10000",1,0,0,0,0
"M4324","7249","10000",1,0,0,0,0
"M4325","7249","10000",1,0,0,0,0
"M4326","7249","10000",1,0,0,0,0
"M4327","7246","10000",1,0,0,0,0
"M4327","7249","10000",1,0,0,0,0
"M4328","7246","10000",1,0,0,0,0
"M4328","7249","10000",1,0,0,0,0
"M433","71838","10000",1,0,0,0,0
"M434","71838","10000",1,0,0,0,0
"M435X2","71838","10000",1,0,0,0,0
"M435X3","71838","10000",1,0,0,0,0
"M435X4","71838","10000",1,0,0,0,0
"M435X5","71838","10000",1,0,0,0,0
"M435X6","71838","10000",1,0,0,0,0
"M435X7","71838","10000",1,0,0,0,0
"M435X8","71838","10000",1,0,0,0,0
"M435X9","71838","10000",1,0,0,0,0
"M436","7235","00000",0,0,0,0,0
"M438X1","7378","10000",1,0,0,0,0
"M438X1","7379","10000",1,0,0,0,0
"M438X2","7378","10000",1,0,0,0,0
"M438X2","7379","10000",1,0,0,0,0
"M438X3","7378","10000",1,0,0,0,0
"M438X3","7379","10000",1,0,0,0,0
"M438X4","7378","10000",1,0,0,0,0
"M438X4","7379","10000",1,0,0,0,0
"M438X5","7378","10000",1,0,0,0,0
"M438X5","7379","10000",1,0,0,0,0
"M438X6","7378","10000",1,0,0,0,0
"M438X6","7379","10000",1,0,0,0,0
"M438X7","7378","10000",1,0,0,0,0
"M438X7","7379","10000",1,0,0,0,0
"M438X8","7378","10000",1,0,0,0,0
"M438X8","7379","10000",1,0,0,0,0
"M438X9","7249","10000",1,0,0,0,0
"M438X9","73740","10000",1,0,0,0,0
"M438X9","7378","10000",1,0,0,0,0
"M438X9","7379","10000",1,0,0,0,0
"M439","7378","10000",1,0,0,0,0
"M450","7200","10000",1,0,0,0,0
"M451","7200","10000",1,0,0,0,0
"M452","7200","10000",1,0,0,0,0
"M453","7200","10000",1,0,0,0,0
"M454","7200","10000",1,0,0,0,0
"M455","7200","10000",1,0,0,0,0
"M456","7200","10000",1,0,0,0,0
"M457","7200","10000",1,0,0,0,0
"M458","7200","10000",1,0,0,0,0
"M459","7200","10000",1,0,0,0,0
"M4600","7201","10000",1,0,0,0,0
"M4601","7201","10000",1,0,0,0,0
"M4602","7201","10000",1,0,0,0,0
"M4603","7201","10000",1,0,0,0,0
"M4604","7201","10000",1,0,0,0,0
"M4605","7201","10000",1,0,0,0,0
"M4606","7201","10000",1,0,0,0,0
"M4607","7201","10000",1,0,0,0,0
"M4608","7201","10000",1,0,0,0,0
"M4609","7201","10000",1,0,0,0,0
"M461","7202","00000",0,0,0,0,0
"M4620","73028","10000",1,0,0,0,0
"M4621","73028","10000",1,0,0,0,0
"M4622","73028","10000",1,0,0,0,0
"M4623","73028","10000",1,0,0,0,0
"M4624","73028","10000",1,0,0,0,0
"M4625","73028","10000",1,0,0,0,0
"M4626","73028","10000",1,0,0,0,0
"M4627","73028","10000",1,0,0,0,0
"M4628","73028","10000",1,0,0,0,0
"M4630","73098","10000",1,0,0,0,0
"M4631","73098","10000",1,0,0,0,0
"M4632","73098","10000",1,0,0,0,0
"M4633","73098","10000",1,0,0,0,0
"M4634","73098","10000",1,0,0,0,0
"M4635","73098","10000",1,0,0,0,0
"M4636","73098","10000",1,0,0,0,0
"M4637","73098","10000",1,0,0,0,0
"M4638","73098","10000",1,0,0,0,0
"M4639","73098","10000",1,0,0,0,0
"M4640","72290","10000",1,0,0,0,0
"M4641","72291","10000",1,0,0,0,0
"M4642","72291","10000",1,0,0,0,0
"M4643","72291","10000",1,0,0,0,0
"M4644","72292","10000",1,0,0,0,0
"M4645","72292","10000",1,0,0,0,0
"M4646","72293","10000",1,0,0,0,0
"M4647","72293","10000",1,0,0,0,0
"M4648","72290","10000",1,0,0,0,0
"M4649","72290","10000",1,0,0,0,0
"M4650","72089","10000",1,0,0,0,0
"M4651","72089","10000",1,0,0,0,0
"M4652","72089","10000",1,0,0,0,0
"M4653","72089","10000",1,0,0,0,0
"M4654","72089","10000",1,0,0,0,0
"M4655","72089","10000",1,0,0,0,0
"M4656","72089","10000",1,0,0,0,0
"M4657","72089","10000",1,0,0,0,0
"M4658","72089","10000",1,0,0,0,0
"M4659","72089","10000",1,0,0,0,0
"M4680","72089","10000",1,0,0,0,0
"M4681","72089","10000",1,0,0,0,0
"M4682","72089","10000",1,0,0,0,0
"M4683","72089","10000",1,0,0,0,0
"M4684","72089","10000",1,0,0,0,0
"M4685","72089","10000",1,0,0,0,0
"M4686","72089","10000",1,0,0,0,0
"M4687","72089","10000",1,0,0,0,0
"M4688","72089","10000",1,0,0,0,0
"M4689","72089","10000",1,0,0,0,0
"M4690","7209","10000",1,0,0,0,0
"M4691","7209","10000",1,0,0,0,0
"M4692","7209","10000",1,0,0,0,0
"M4693","7209","10000",1,0,0,0,0
"M4694","7209","10000",1,0,0,0,0
"M4695","7209","10000",1,0,0,0,0
"M4696","7209","10000",1,0,0,0,0
"M4697","7209","10000",1,0,0,0,0
"M4698","7209","10000",1,0,0,0,0
"M4699","7209","10000",1,0,0,0,0
"M47011","7211","10000",1,0,0,0,0
"M47012","7211","10000",1,0,0,0,0
"M47013","7211","10000",1,0,0,0,0
"M47014","7211","10000",1,0,0,0,0
"M47015","7211","10000",1,0,0,0,0
"M47016","7211","10000",1,0,0,0,0
"M47019","7211","10000",1,0,0,0,0
"M47021","7211","10000",1,0,0,0,0
"M47022","7211","10000",1,0,0,0,0
"M47029","7211","10000",1,0,0,0,0
"M4710","72191","10000",1,0,0,0,0
"M4711","7211","10000",1,0,0,0,0
"M4712","7211","10000",1,0,0,0,0
"M4713","7211","10000",1,0,0,0,0
"M4714","72141","10000",1,0,0,0,0
"M4715","72141","10000",1,0,0,0,0
"M4716","72142","10000",1,0,0,0,0
"M4717","72142","10000",1,0,0,0,0
"M4718","72142","10000",1,0,0,0,0
"M4720","72190","10000",1,0,0,0,0
"M4721","7210","10000",1,0,0,0,0
"M4722","7210","10000",1,0,0,0,0
"M4723","7210","10000",1,0,0,0,0
"M4724","7212","10000",1,0,0,0,0
"M4725","7212","10000",1,0,0,0,0
"M4726","7213","10000",1,0,0,0,0
"M4727","7213","10000",1,0,0,0,0
"M4728","7213","10000",1,0,0,0,0
"M47811","7210","10000",1,0,0,0,0
"M47812","7210","10000",1,0,0,0,0
"M47813","7210","10000",1,0,0,0,0
"M47814","7212","10000",1,0,0,0,0
"M47815","7212","10000",1,0,0,0,0
"M47816","7213","10000",1,0,0,0,0
"M47817","7213","10000",1,0,0,0,0
"M47818","7213","10000",1,0,0,0,0
"M47819","72190","10000",1,0,0,0,0
"M47891","7210","10000",1,0,0,0,0
"M47892","7210","10000",1,0,0,0,0
"M47893","7210","10000",1,0,0,0,0
"M47894","7212","10000",1,0,0,0,0
"M47895","7212","10000",1,0,0,0,0
"M47896","7213","10000",1,0,0,0,0
"M47897","7213","10000",1,0,0,0,0
"M47898","7213","10000",1,0,0,0,0
"M47899","72190","10000",1,0,0,0,0
"M479","72190","10000",1,0,0,0,0
"M4800","72400","00000",0,0,0,0,0
"M4801","7230","10000",1,0,0,0,0
"M4802","7230","10000",1,0,0,0,0
"M4803","7230","10000",1,0,0,0,0
"M4804","72401","10000",1,0,0,0,0
"M4805","72401","10000",1,0,0,0,0
"M4806","72402","10000",1,0,0,0,0
"M4807","72402","10000",1,0,0,0,0
"M4808","72409","10000",1,0,0,0,0
"M4810","7216","10000",1,0,0,0,0
"M4811","7216","10000",1,0,0,0,0
"M4812","7216","10000",1,0,0,0,0
"M4813","7216","10000",1,0,0,0,0
"M4814","7216","10000",1,0,0,0,0
"M4815","7216","10000",1,0,0,0,0
"M4816","7216","10000",1,0,0,0,0
"M4817","7216","10000",1,0,0,0,0
"M4818","7216","10000",1,0,0,0,0
"M4819","7216","10000",1,0,0,0,0
"M4820","7215","10000",1,0,0,0,0
"M4821","7215","10000",1,0,0,0,0
"M4822","7215","10000",1,0,0,0,0
"M4823","7215","10000",1,0,0,0,0
"M4824","7215","10000",1,0,0,0,0
"M4825","7215","10000",1,0,0,0,0
"M4826","7215","10000",1,0,0,0,0
"M4827","7215","10000",1,0,0,0,0
"M4830","7217","10000",1,0,0,0,0
"M4831","7217","10000",1,0,0,0,0
"M4832","7217","10000",1,0,0,0,0
"M4833","7217","10000",1,0,0,0,0
"M4834","7217","10000",1,0,0,0,0
"M4835","7217","10000",1,0,0,0,0
"M4836","7217","10000",1,0,0,0,0
"M4837","7217","10000",1,0,0,0,0
"M4838","7217","10000",1,0,0,0,0
"M4840XA","73395","10000",1,0,0,0,0
"M4840XD","V5427","10000",1,0,0,0,0
"M4840XG","V5427","10000",1,0,0,0,0
"M4840XS","9051","10000",1,0,0,0,0
"M4841XA","73395","10000",1,0,0,0,0
"M4841XD","V5427","10000",1,0,0,0,0
"M4841XG","V5427","10000",1,0,0,0,0
"M4841XS","9051","10000",1,0,0,0,0
"M4842XA","73395","10000",1,0,0,0,0
"M4842XD","V5427","10000",1,0,0,0,0
"M4842XG","V5427","10000",1,0,0,0,0
"M4842XS","9051","10000",1,0,0,0,0
"M4843XA","73395","10000",1,0,0,0,0
"M4843XD","V5427","10000",1,0,0,0,0
"M4843XG","V5427","10000",1,0,0,0,0
"M4843XS","9051","10000",1,0,0,0,0
"M4844XA","73395","10000",1,0,0,0,0
"M4844XD","V5427","10000",1,0,0,0,0
"M4844XG","V5427","10000",1,0,0,0,0
"M4844XS","9051","10000",1,0,0,0,0
"M4845XA","73395","10000",1,0,0,0,0
"M4845XD","V5427","10000",1,0,0,0,0
"M4845XG","V5427","10000",1,0,0,0,0
"M4845XS","9051","10000",1,0,0,0,0
"M4846XA","73395","10000",1,0,0,0,0
"M4846XD","V5427","10000",1,0,0,0,0
"M4846XG","V5427","10000",1,0,0,0,0
"M4846XS","9051","10000",1,0,0,0,0
"M4847XA","73395","10000",1,0,0,0,0
"M4847XD","V5427","10000",1,0,0,0,0
"M4847XG","V5427","10000",1,0,0,0,0
"M4847XS","9051","10000",1,0,0,0,0
"M4848XA","73395","10000",1,0,0,0,0
"M4848XD","V5427","10000",1,0,0,0,0
"M4848XG","V5427","10000",1,0,0,0,0
"M4848XS","9051","10000",1,0,0,0,0
"M4850XA","73313","10000",1,0,0,0,0
"M4850XD","V5427","10000",1,0,0,0,0
"M4850XG","V5427","10000",1,0,0,0,0
"M4850XS","9051","10000",1,0,0,0,0
"M4851XA","73313","10000",1,0,0,0,0
"M4851XD","V5427","10000",1,0,0,0,0
"M4851XG","V5427","10000",1,0,0,0,0
"M4851XS","9051","10000",1,0,0,0,0
"M4852XA","73313","10000",1,0,0,0,0
"M4852XD","V5427","10000",1,0,0,0,0
"M4852XG","V5427","10000",1,0,0,0,0
"M4852XS","9051","10000",1,0,0,0,0
"M4853XA","73313","10000",1,0,0,0,0
"M4853XD","V5427","10000",1,0,0,0,0
"M4853XG","V5427","10000",1,0,0,0,0
"M4853XS","9051","10000",1,0,0,0,0
"M4854XA","73313","10000",1,0,0,0,0
"M4854XD","V5427","10000",1,0,0,0,0
"M4854XG","V5427","10000",1,0,0,0,0
"M4854XS","9051","10000",1,0,0,0,0
"M4855XA","73313","10000",1,0,0,0,0
"M4855XD","V5427","10000",1,0,0,0,0
"M4855XG","V5427","10000",1,0,0,0,0
"M4855XS","9051","10000",1,0,0,0,0
"M4856XA","73313","10000",1,0,0,0,0
"M4856XD","V5427","10000",1,0,0,0,0
"M4856XG","V5427","10000",1,0,0,0,0
"M4856XS","9051","10000",1,0,0,0,0
"M4857XA","73313","10000",1,0,0,0,0
"M4857XD","V5427","10000",1,0,0,0,0
"M4857XG","V5427","10000",1,0,0,0,0
"M4857XS","9051","10000",1,0,0,0,0
"M4858XA","73313","10000",1,0,0,0,0
"M4858XD","V5427","10000",1,0,0,0,0
"M4858XG","V5427","10000",1,0,0,0,0
"M4858XS","9051","10000",1,0,0,0,0
"M488X1","7200","10000",1,0,0,0,0
"M488X2","7200","10000",1,0,0,0,0
"M488X3","7200","10000",1,0,0,0,0
"M488X4","7200","10000",1,0,0,0,0
"M488X5","7200","10000",1,0,0,0,0
"M488X6","7200","10000",1,0,0,0,0
"M488X7","7200","10000",1,0,0,0,0
"M488X8","7200","10000",1,0,0,0,0
"M488X9","7200","10000",1,0,0,0,0
"M489","7218","10000",1,0,0,0,0
"M4980","72081","10000",1,0,0,0,0
"M4981","72081","10000",1,0,0,0,0
"M4982","72081","10000",1,0,0,0,0
"M4983","72081","10000",1,0,0,0,0
"M4984","72081","10000",1,0,0,0,0
"M4985","72081","10000",1,0,0,0,0
"M4986","72081","10000",1,0,0,0,0
"M4987","72081","10000",1,0,0,0,0
"M4988","72081","10000",1,0,0,0,0
"M4989","72081","10000",1,0,0,0,0
"M5000","72271","10000",1,0,0,0,0
"M5001","72271","10000",1,0,0,0,0
"M5002","72271","10000",1,0,0,0,0
"M5003","72271","10000",1,0,0,0,0
"M5010","7234","10000",1,0,0,0,0
"M5011","7234","10000",1,0,0,0,0
"M5012","7234","10000",1,0,0,0,0
"M5013","7234","10000",1,0,0,0,0
"M5020","7220","10000",1,0,0,0,0
"M5021","7220","10000",1,0,0,0,0
"M5022","7220","10000",1,0,0,0,0
"M5023","7220","10000",1,0,0,0,0
"M5030","7224","10000",1,0,0,0,0
"M5031","7224","10000",1,0,0,0,0
"M5032","7224","10000",1,0,0,0,0
"M5033","7224","10000",1,0,0,0,0
"M5080","72291","10000",1,0,0,0,0
"M5081","72291","10000",1,0,0,0,0
"M5082","72291","10000",1,0,0,0,0
"M5083","72291","10000",1,0,0,0,0
"M5090","72291","10000",1,0,0,0,0
"M5091","72291","10000",1,0,0,0,0
"M5092","72291","10000",1,0,0,0,0
"M5093","72291","10000",1,0,0,0,0
"M5104","72272","10000",1,0,0,0,0
"M5105","72272","10000",1,0,0,0,0
"M5106","72273","10000",1,0,0,0,0
"M5107","72273","10000",1,0,0,0,0
"M5114","7244","10000",1,0,0,0,0
"M5115","7244","10000",1,0,0,0,0
"M5116","7244","10000",1,0,0,0,0
"M5117","7244","10000",1,0,0,0,0
"M5124","72211","10000",1,0,0,0,0
"M5125","72211","10000",1,0,0,0,0
"M5126","72210","10000",1,0,0,0,0
"M5127","72210","10000",1,0,0,0,0
"M5134","72251","10000",1,0,0,0,0
"M5135","72251","10000",1,0,0,0,0
"M5136","72252","10000",1,0,0,0,0
"M5137","72252","10000",1,0,0,0,0
"M5144","72231","10000",1,0,0,0,0
"M5145","72231","10000",1,0,0,0,0
"M5146","72232","10000",1,0,0,0,0
"M5147","72232","10000",1,0,0,0,0
"M5184","72292","10000",1,0,0,0,0
"M5185","72292","10000",1,0,0,0,0
"M5186","72293","10000",1,0,0,0,0
"M5187","72293","10000",1,0,0,0,0
"M519","72290","10000",1,0,0,0,0
"M530","7232","00000",0,0,0,0,0
"M531","7233","00000",0,0,0,0,0
"M532X1","71888","10000",1,0,0,0,0
"M532X2","71888","10000",1,0,0,0,0
"M532X3","71888","10000",1,0,0,0,0
"M532X4","71888","10000",1,0,0,0,0
"M532X5","71888","10000",1,0,0,0,0
"M532X6","71888","10000",1,0,0,0,0
"M532X7","7246","10000",1,0,0,0,0
"M532X8","7246","10000",1,0,0,0,0
"M532X8","72471","10000",1,0,0,0,0
"M532X9","71880","10000",1,0,0,0,0
"M533","7246","10000",1,0,0,0,0
"M533","72470","10000",1,0,0,0,0
"M533","72479","10000",1,0,0,0,0
"M5380","7249","10000",1,0,0,0,0
"M5381","7238","10000",1,0,0,0,0
"M5382","7238","10000",1,0,0,0,0
"M5383","7238","10000",1,0,0,0,0
"M5384","7249","10000",1,0,0,0,0
"M5385","7249","10000",1,0,0,0,0
"M5386","7246","10000",1,0,0,0,0
"M5387","7246","10000",1,0,0,0,0
"M5388","7246","10000",1,0,0,0,0
"M539","7249","10000",1,0,0,0,0
"M5400","7236","10000",1,0,0,0,0
"M5401","7236","10000",1,0,0,0,0
"M5402","7236","10000",1,0,0,0,0
"M5403","7248","10000",1,0,0,0,0
"M5404","7248","10000",1,0,0,0,0
"M5405","7248","10000",1,0,0,0,0
"M5406","7248","10000",1,0,0,0,0
"M5407","7248","10000",1,0,0,0,0
"M5408","7248","10000",1,0,0,0,0
"M5409","7248","10000",1,0,0,0,0
"M5410","7292","10000",1,0,0,0,0
"M5411","7234","10000",1,0,0,0,0
"M5412","7234","10000",1,0,0,0,0
"M5413","7234","10000",1,0,0,0,0
"M5414","7244","10000",1,0,0,0,0
"M5415","7244","10000",1,0,0,0,0
"M5416","7244","10000",1,0,0,0,0
"M5417","7244","10000",1,0,0,0,0
"M5418","7292","10000",1,0,0,0,0
"M542","7231","00000",0,0,0,0,0
"M5430","7243","10000",1,0,0,0,0
"M5431","7243","10000",1,0,0,0,0
"M5432","7243","10000",1,0,0,0,0
"M5440","7243","10000",1,0,0,0,0
"M5441","7243","10000",1,0,0,0,0
"M5442","7243","10000",1,0,0,0,0
"M545","7242","00000",0,0,0,0,0
"M546","7241","00000",0,0,0,0,0
"M5481","7238","10000",1,0,0,0,0
"M5489","7245","10000",1,0,0,0,0
"M549","7245","10000",1,0,0,0,0
"M60000","7280","10000",1,0,0,0,0
"M60001","7280","10000",1,0,0,0,0
"M60002","7280","10000",1,0,0,0,0
"M60003","7280","10000",1,0,0,0,0
"M60004","7280","10000",1,0,0,0,0
"M60005","7280","10000",1,0,0,0,0
"M60009","04081","10000",1,0,0,0,0
"M60009","7280","10000",1,0,0,0,0
"M60011","7280","10000",1,0,0,0,0
"M60012","7280","10000",1,0,0,0,0
"M60019","7280","10000",1,0,0,0,0
"M60021","7280","10000",1,0,0,0,0
"M60022","7280","10000",1,0,0,0,0
"M60029","7280","10000",1,0,0,0,0
"M60031","7280","10000",1,0,0,0,0
"M60032","7280","10000",1,0,0,0,0
"M60039","7280","10000",1,0,0,0,0
"M60041","7280","10000",1,0,0,0,0
"M60042","7280","10000",1,0,0,0,0
"M60043","7280","10000",1,0,0,0,0
"M60044","7280","10000",1,0,0,0,0
"M60045","7280","10000",1,0,0,0,0
"M60046","7280","10000",1,0,0,0,0
"M60051","7280","10000",1,0,0,0,0
"M60052","7280","10000",1,0,0,0,0
"M60059","7280","10000",1,0,0,0,0
"M60061","7280","10000",1,0,0,0,0
"M60062","7280","10000",1,0,0,0,0
"M60069","7280","10000",1,0,0,0,0
"M60070","7280","10000",1,0,0,0,0
"M60071","7280","10000",1,0,0,0,0
"M60072","7280","10000",1,0,0,0,0
"M60073","7280","10000",1,0,0,0,0
"M60074","7280","10000",1,0,0,0,0
"M60075","7280","10000",1,0,0,0,0
"M60076","7280","10000",1,0,0,0,0
"M60077","7280","10000",1,0,0,0,0
"M60078","7280","10000",1,0,0,0,0
"M6008","7280","10000",1,0,0,0,0
"M6009","7280","10000",1,0,0,0,0
"M6010","72881","10000",1,0,0,0,0
"M60111","72881","10000",1,0,0,0,0
"M60112","72881","10000",1,0,0,0,0
"M60119","72881","10000",1,0,0,0,0
"M60121","72881","10000",1,0,0,0,0
"M60122","72881","10000",1,0,0,0,0
"M60129","72881","10000",1,0,0,0,0
"M60131","72881","10000",1,0,0,0,0
"M60132","72881","10000",1,0,0,0,0
"M60139","72881","10000",1,0,0,0,0
"M60141","72881","10000",1,0,0,0,0
"M60142","72881","10000",1,0,0,0,0
"M60149","72881","10000",1,0,0,0,0
"M60151","72881","10000",1,0,0,0,0
"M60152","72881","10000",1,0,0,0,0
"M60159","72881","10000",1,0,0,0,0
"M60161","72881","10000",1,0,0,0,0
"M60162","72881","10000",1,0,0,0,0
"M60169","72881","10000",1,0,0,0,0
"M60171","72881","10000",1,0,0,0,0
"M60172","72881","10000",1,0,0,0,0
"M60179","72881","10000",1,0,0,0,0
"M6018","72881","10000",1,0,0,0,0
"M6019","72881","10000",1,0,0,0,0
"M6020","72882","10000",1,0,0,0,0
"M60211","72882","10000",1,0,0,0,0
"M60212","72882","10000",1,0,0,0,0
"M60219","72882","10000",1,0,0,0,0
"M60221","72882","10000",1,0,0,0,0
"M60222","72882","10000",1,0,0,0,0
"M60229","72882","10000",1,0,0,0,0
"M60231","72882","10000",1,0,0,0,0
"M60232","72882","10000",1,0,0,0,0
"M60239","72882","10000",1,0,0,0,0
"M60241","72882","10000",1,0,0,0,0
"M60242","72882","10000",1,0,0,0,0
"M60249","72882","10000",1,0,0,0,0
"M60251","72882","10000",1,0,0,0,0
"M60252","72882","10000",1,0,0,0,0
"M60259","72882","10000",1,0,0,0,0
"M60261","72882","10000",1,0,0,0,0
"M60262","72882","10000",1,0,0,0,0
"M60269","72882","10000",1,0,0,0,0
"M60271","72882","10000",1,0,0,0,0
"M60272","72882","10000",1,0,0,0,0
"M60279","72882","10000",1,0,0,0,0
"M6028","72882","10000",1,0,0,0,0
"M6080","7291","10000",1,0,0,0,0
"M60811","7291","10000",1,0,0,0,0
"M60812","7291","10000",1,0,0,0,0
"M60819","7291","10000",1,0,0,0,0
"M60821","7291","10000",1,0,0,0,0
"M60822","7291","10000",1,0,0,0,0
"M60829","7291","10000",1,0,0,0,0
"M60831","7291","10000",1,0,0,0,0
"M60832","7291","10000",1,0,0,0,0
"M60839","7291","10000",1,0,0,0,0
"M60841","7291","10000",1,0,0,0,0
"M60842","7291","10000",1,0,0,0,0
"M60849","7291","10000",1,0,0,0,0
"M60851","7291","10000",1,0,0,0,0
"M60852","7291","10000",1,0,0,0,0
"M60859","7291","10000",1,0,0,0,0
"M60861","7291","10000",1,0,0,0,0
"M60862","7291","10000",1,0,0,0,0
"M60869","7291","10000",1,0,0,0,0
"M60871","7291","10000",1,0,0,0,0
"M60872","7291","10000",1,0,0,0,0
"M60879","7291","10000",1,0,0,0,0
"M6088","7291","10000",1,0,0,0,0
"M6089","7291","10000",1,0,0,0,0
"M609","7291","10000",1,0,0,0,0
"M6100","72812","10000",1,0,0,0,0
"M61011","72812","10000",1,0,0,0,0
"M61012","72812","10000",1,0,0,0,0
"M61019","72812","10000",1,0,0,0,0
"M61021","72812","10000",1,0,0,0,0
"M61022","72812","10000",1,0,0,0,0
"M61029","72812","10000",1,0,0,0,0
"M61031","72812","10000",1,0,0,0,0
"M61032","72812","10000",1,0,0,0,0
"M61039","72812","10000",1,0,0,0,0
"M61041","72812","10000",1,0,0,0,0
"M61042","72812","10000",1,0,0,0,0
"M61049","72812","10000",1,0,0,0,0
"M61051","72812","10000",1,0,0,0,0
"M61052","72812","10000",1,0,0,0,0
"M61059","72812","10000",1,0,0,0,0
"M61061","72812","10000",1,0,0,0,0
"M61062","72812","10000",1,0,0,0,0
"M61069","72812","10000",1,0,0,0,0
"M61071","72812","10000",1,0,0,0,0
"M61072","72812","10000",1,0,0,0,0
"M61079","72812","10000",1,0,0,0,0
"M6108","72812","10000",1,0,0,0,0
"M6109","72812","10000",1,0,0,0,0
"M6110","72811","10000",1,0,0,0,0
"M61111","72811","10000",1,0,0,0,0
"M61112","72811","10000",1,0,0,0,0
"M61119","72811","10000",1,0,0,0,0
"M61121","72811","10000",1,0,0,0,0
"M61122","72811","10000",1,0,0,0,0
"M61129","72811","10000",1,0,0,0,0
"M61131","72811","10000",1,0,0,0,0
"M61132","72811","10000",1,0,0,0,0
"M61139","72811","10000",1,0,0,0,0
"M61141","72811","10000",1,0,0,0,0
"M61142","72811","10000",1,0,0,0,0
"M61143","72811","10000",1,0,0,0,0
"M61144","72811","10000",1,0,0,0,0
"M61145","72811","10000",1,0,0,0,0
"M61146","72811","10000",1,0,0,0,0
"M61151","72811","10000",1,0,0,0,0
"M61152","72811","10000",1,0,0,0,0
"M61159","72811","10000",1,0,0,0,0
"M61161","72811","10000",1,0,0,0,0
"M61162","72811","10000",1,0,0,0,0
"M61169","72811","10000",1,0,0,0,0
"M61171","72811","10000",1,0,0,0,0
"M61172","72811","10000",1,0,0,0,0
"M61173","72811","10000",1,0,0,0,0
"M61174","72811","10000",1,0,0,0,0
"M61175","72811","10000",1,0,0,0,0
"M61176","72811","10000",1,0,0,0,0
"M61177","72811","10000",1,0,0,0,0
"M61178","72811","10000",1,0,0,0,0
"M61179","72811","10000",1,0,0,0,0
"M6118","72811","10000",1,0,0,0,0
"M6119","72811","10000",1,0,0,0,0
"M6120","72810","10000",1,0,0,0,0
"M61211","72810","10000",1,0,0,0,0
"M61212","72810","10000",1,0,0,0,0
"M61219","72810","10000",1,0,0,0,0
"M61221","72810","10000",1,0,0,0,0
"M61222","72810","10000",1,0,0,0,0
"M61229","72810","10000",1,0,0,0,0
"M61231","72810","10000",1,0,0,0,0
"M61232","72810","10000",1,0,0,0,0
"M61239","72810","10000",1,0,0,0,0
"M61241","72810","10000",1,0,0,0,0
"M61242","72810","10000",1,0,0,0,0
"M61249","72810","10000",1,0,0,0,0
"M61251","72810","10000",1,0,0,0,0
"M61252","72810","10000",1,0,0,0,0
"M61259","72810","10000",1,0,0,0,0
"M61261","72810","10000",1,0,0,0,0
"M61262","72810","10000",1,0,0,0,0
"M61269","72810","10000",1,0,0,0,0
"M61271","72810","10000",1,0,0,0,0
"M61272","72810","10000",1,0,0,0,0
"M61279","72810","10000",1,0,0,0,0
"M6128","72810","10000",1,0,0,0,0
"M6129","72810","10000",1,0,0,0,0
"M6130","72819","10000",1,0,0,0,0
"M61311","72819","10000",1,0,0,0,0
"M61312","72819","10000",1,0,0,0,0
"M61319","72819","10000",1,0,0,0,0
"M61321","72819","10000",1,0,0,0,0
"M61322","72819","10000",1,0,0,0,0
"M61329","72819","10000",1,0,0,0,0
"M61331","72819","10000",1,0,0,0,0
"M61332","72819","10000",1,0,0,0,0
"M61339","72819","10000",1,0,0,0,0
"M61341","72819","10000",1,0,0,0,0
"M61342","72819","10000",1,0,0,0,0
"M61349","72819","10000",1,0,0,0,0
"M61351","72819","10000",1,0,0,0,0
"M61352","72819","10000",1,0,0,0,0
"M61359","72819","10000",1,0,0,0,0
"M61361","72819","10000",1,0,0,0,0
"M61362","72819","10000",1,0,0,0,0
"M61369","72819","10000",1,0,0,0,0
"M61371","72819","10000",1,0,0,0,0
"M61372","72819","10000",1,0,0,0,0
"M61379","72819","10000",1,0,0,0,0
"M6138","72819","10000",1,0,0,0,0
"M6139","72819","10000",1,0,0,0,0
"M6140","72819","10000",1,0,0,0,0
"M61411","72819","10000",1,0,0,0,0
"M61412","72819","10000",1,0,0,0,0
"M61419","72819","10000",1,0,0,0,0
"M61421","72819","10000",1,0,0,0,0
"M61422","72819","10000",1,0,0,0,0
"M61429","72819","10000",1,0,0,0,0
"M61431","72819","10000",1,0,0,0,0
"M61432","72819","10000",1,0,0,0,0
"M61439","72819","10000",1,0,0,0,0
"M61441","72819","10000",1,0,0,0,0
"M61442","72819","10000",1,0,0,0,0
"M61449","72819","10000",1,0,0,0,0
"M61451","72819","10000",1,0,0,0,0
"M61452","72819","10000",1,0,0,0,0
"M61459","72819","10000",1,0,0,0,0
"M61461","72819","10000",1,0,0,0,0
"M61462","72819","10000",1,0,0,0,0
"M61469","72819","10000",1,0,0,0,0
"M61471","72819","10000",1,0,0,0,0
"M61472","72819","10000",1,0,0,0,0
"M61479","72819","10000",1,0,0,0,0
"M6148","72819","10000",1,0,0,0,0
"M6149","72819","10000",1,0,0,0,0
"M6150","72819","10000",1,0,0,0,0
"M61511","72819","10000",1,0,0,0,0
"M61512","72819","10000",1,0,0,0,0
"M61519","72819","10000",1,0,0,0,0
"M61521","72819","10000",1,0,0,0,0
"M61522","72819","10000",1,0,0,0,0
"M61529","72819","10000",1,0,0,0,0
"M61531","72819","10000",1,0,0,0,0
"M61532","72819","10000",1,0,0,0,0
"M61539","72819","10000",1,0,0,0,0
"M61541","72819","10000",1,0,0,0,0
"M61542","72819","10000",1,0,0,0,0
"M61549","72819","10000",1,0,0,0,0
"M61551","72819","10000",1,0,0,0,0
"M61552","72819","10000",1,0,0,0,0
"M61559","72819","10000",1,0,0,0,0
"M61561","72819","10000",1,0,0,0,0
"M61562","72819","10000",1,0,0,0,0
"M61569","72819","10000",1,0,0,0,0
"M61571","72819","10000",1,0,0,0,0
"M61572","72819","10000",1,0,0,0,0
"M61579","72819","10000",1,0,0,0,0
"M6158","72819","10000",1,0,0,0,0
"M6159","72819","10000",1,0,0,0,0
"M619","72810","10000",1,0,0,0,0
"M6200","72884","10000",1,0,0,0,0
"M62011","72884","10000",1,0,0,0,0
"M62012","72884","10000",1,0,0,0,0
"M62019","72884","10000",1,0,0,0,0
"M62021","72884","10000",1,0,0,0,0
"M62022","72884","10000",1,0,0,0,0
"M62029","72884","10000",1,0,0,0,0
"M62031","72884","10000",1,0,0,0,0
"M62032","72884","10000",1,0,0,0,0
"M62039","72884","10000",1,0,0,0,0
"M62041","72884","10000",1,0,0,0,0
"M62042","72884","10000",1,0,0,0,0
"M62049","72884","10000",1,0,0,0,0
"M62051","72884","10000",1,0,0,0,0
"M62052","72884","10000",1,0,0,0,0
"M62059","72884","10000",1,0,0,0,0
"M62061","72884","10000",1,0,0,0,0
"M62062","72884","10000",1,0,0,0,0
"M62069","72884","10000",1,0,0,0,0
"M62071","72884","10000",1,0,0,0,0
"M62072","72884","10000",1,0,0,0,0
"M62079","72884","10000",1,0,0,0,0
"M6208","72884","10000",1,0,0,0,0
"M6210","72883","10000",1,0,0,0,0
"M62111","72883","10000",1,0,0,0,0
"M62112","72883","10000",1,0,0,0,0
"M62119","72883","10000",1,0,0,0,0
"M62121","72883","10000",1,0,0,0,0
"M62122","72883","10000",1,0,0,0,0
"M62129","72883","10000",1,0,0,0,0
"M62131","72883","10000",1,0,0,0,0
"M62132","72883","10000",1,0,0,0,0
"M62139","72883","10000",1,0,0,0,0
"M62141","72883","10000",1,0,0,0,0
"M62142","72883","10000",1,0,0,0,0
"M62149","72883","10000",1,0,0,0,0
"M62151","72883","10000",1,0,0,0,0
"M62152","72883","10000",1,0,0,0,0
"M62159","72883","10000",1,0,0,0,0
"M62161","72883","10000",1,0,0,0,0
"M62162","72883","10000",1,0,0,0,0
"M62169","72883","10000",1,0,0,0,0
"M62171","72883","10000",1,0,0,0,0
"M62172","72883","10000",1,0,0,0,0
"M62179","72883","10000",1,0,0,0,0
"M6218","72883","10000",1,0,0,0,0
"M6220","72889","10000",1,0,0,0,0
"M62211","72889","10000",1,0,0,0,0
"M62212","72889","10000",1,0,0,0,0
"M62219","72889","10000",1,0,0,0,0
"M62221","72889","10000",1,0,0,0,0
"M62222","72889","10000",1,0,0,0,0
"M62229","72889","10000",1,0,0,0,0
"M62231","72889","10000",1,0,0,0,0
"M62232","72889","10000",1,0,0,0,0
"M62239","72889","10000",1,0,0,0,0
"M62241","72889","10000",1,0,0,0,0
"M62242","72889","10000",1,0,0,0,0
"M62249","72889","10000",1,0,0,0,0
"M62251","72889","10000",1,0,0,0,0
"M62252","72889","10000",1,0,0,0,0
"M62259","72889","10000",1,0,0,0,0
"M62261","72889","10000",1,0,0,0,0
"M62262","72889","10000",1,0,0,0,0
"M62269","72889","10000",1,0,0,0,0
"M62271","72889","10000",1,0,0,0,0
"M62272","72889","10000",1,0,0,0,0
"M62279","72889","10000",1,0,0,0,0
"M6228","72889","10000",1,0,0,0,0
"M623","7283","10000",1,0,0,0,0
"M6240","72885","10000",1,0,0,0,0
"M62411","72885","10000",1,0,0,0,0
"M62412","72885","10000",1,0,0,0,0
"M62419","72885","10000",1,0,0,0,0
"M62421","72885","10000",1,0,0,0,0
"M62422","72885","10000",1,0,0,0,0
"M62429","72885","10000",1,0,0,0,0
"M62431","72885","10000",1,0,0,0,0
"M62432","72885","10000",1,0,0,0,0
"M62439","72885","10000",1,0,0,0,0
"M62441","72885","10000",1,0,0,0,0
"M62442","72885","10000",1,0,0,0,0
"M62449","72885","10000",1,0,0,0,0
"M62451","72885","10000",1,0,0,0,0
"M62452","72885","10000",1,0,0,0,0
"M62459","72885","10000",1,0,0,0,0
"M62461","72885","10000",1,0,0,0,0
"M62462","72885","10000",1,0,0,0,0
"M62469","72885","10000",1,0,0,0,0
"M62471","72885","10000",1,0,0,0,0
"M62472","72885","10000",1,0,0,0,0
"M62479","72885","10000",1,0,0,0,0
"M6248","72885","10000",1,0,0,0,0
"M6249","72885","10000",1,0,0,0,0
"M6250","7282","10000",1,0,0,0,0
"M62511","7282","10000",1,0,0,0,0
"M62512","7282","10000",1,0,0,0,0
"M62519","7282","10000",1,0,0,0,0
"M62521","7282","10000",1,0,0,0,0
"M62522","7282","10000",1,0,0,0,0
"M62529","7282","10000",1,0,0,0,0
"M62531","7282","10000",1,0,0,0,0
"M62532","7282","10000",1,0,0,0,0
"M62539","7282","10000",1,0,0,0,0
"M62541","7282","10000",1,0,0,0,0
"M62542","7282","10000",1,0,0,0,0
"M62549","7282","10000",1,0,0,0,0
"M62551","7282","10000",1,0,0,0,0
"M62552","7282","10000",1,0,0,0,0
"M62559","7282","10000",1,0,0,0,0
"M62561","7282","10000",1,0,0,0,0
"M62562","7282","10000",1,0,0,0,0
"M62569","7282","10000",1,0,0,0,0
"M62571","7282","10000",1,0,0,0,0
"M62572","7282","10000",1,0,0,0,0
"M62579","7282","10000",1,0,0,0,0
"M6258","7282","10000",1,0,0,0,0
"M6259","7282","10000",1,0,0,0,0
"M6281","72887","00000",0,0,0,0,0
"M6282","72888","00000",0,0,0,0,0
"M62830","7248","10000",1,0,0,0,0
"M62831","72885","10000",1,0,0,0,0
"M62838","72885","10000",1,0,0,0,0
"M6289","7283","10000",1,0,0,0,0
"M6289","72889","10000",1,0,0,0,0
"M629","7289","10000",1,0,0,0,0
"M6380","7289","10000",1,0,0,0,0
"M63811","7289","10000",1,0,0,0,0
"M63812","7289","10000",1,0,0,0,0
"M63819","7289","10000",1,0,0,0,0
"M63821","7289","10000",1,0,0,0,0
"M63822","7289","10000",1,0,0,0,0
"M63829","7289","10000",1,0,0,0,0
"M63831","7289","10000",1,0,0,0,0
"M63832","7289","10000",1,0,0,0,0
"M63839","7289","10000",1,0,0,0,0
"M63841","7289","10000",1,0,0,0,0
"M63842","7289","10000",1,0,0,0,0
"M63849","7289","10000",1,0,0,0,0
"M63851","7289","10000",1,0,0,0,0
"M63852","7289","10000",1,0,0,0,0
"M63859","7289","10000",1,0,0,0,0
"M63861","7289","10000",1,0,0,0,0
"M63862","7289","10000",1,0,0,0,0
"M63869","7289","10000",1,0,0,0,0
"M63871","7289","10000",1,0,0,0,0
"M63872","7289","10000",1,0,0,0,0
"M63879","7289","10000",1,0,0,0,0
"M6388","7289","10000",1,0,0,0,0
"M6389","7289","10000",1,0,0,0,0
"M6500","72789","10000",1,0,0,0,0
"M65011","72789","10000",1,0,0,0,0
"M65012","72789","10000",1,0,0,0,0
"M65019","72789","10000",1,0,0,0,0
"M65021","72789","10000",1,0,0,0,0
"M65022","72789","10000",1,0,0,0,0
"M65029","72789","10000",1,0,0,0,0
"M65031","72789","10000",1,0,0,0,0
"M65032","72789","10000",1,0,0,0,0
"M65039","72789","10000",1,0,0,0,0
"M65041","72789","10000",1,0,0,0,0
"M65042","72789","10000",1,0,0,0,0
"M65049","72789","10000",1,0,0,0,0
"M65051","72789","10000",1,0,0,0,0
"M65052","72789","10000",1,0,0,0,0
"M65059","72789","10000",1,0,0,0,0
"M65061","72789","10000",1,0,0,0,0
"M65062","72789","10000",1,0,0,0,0
"M65069","72789","10000",1,0,0,0,0
"M65071","72789","10000",1,0,0,0,0
"M65072","72789","10000",1,0,0,0,0
"M65079","72789","10000",1,0,0,0,0
"M6508","72789","10000",1,0,0,0,0
"M6510","72709","10000",1,0,0,0,0
"M65111","72709","10000",1,0,0,0,0
"M65112","72709","10000",1,0,0,0,0
"M65119","72709","10000",1,0,0,0,0
"M65121","72709","10000",1,0,0,0,0
"M65122","72709","10000",1,0,0,0,0
"M65129","72709","10000",1,0,0,0,0
"M65131","72709","10000",1,0,0,0,0
"M65132","72709","10000",1,0,0,0,0
"M65139","72709","10000",1,0,0,0,0
"M65141","72709","10000",1,0,0,0,0
"M65142","72709","10000",1,0,0,0,0
"M65149","72709","10000",1,0,0,0,0
"M65151","72709","10000",1,0,0,0,0
"M65152","72709","10000",1,0,0,0,0
"M65159","72709","10000",1,0,0,0,0
"M65161","72709","10000",1,0,0,0,0
"M65162","72709","10000",1,0,0,0,0
"M65169","72709","10000",1,0,0,0,0
"M65171","72709","10000",1,0,0,0,0
"M65172","72709","10000",1,0,0,0,0
"M65179","72709","10000",1,0,0,0,0
"M6518","72709","10000",1,0,0,0,0
"M6519","72709","10000",1,0,0,0,0
"M6520","72782","10000",1,0,0,0,0
"M65221","72782","10000",1,0,0,0,0
"M65222","72782","10000",1,0,0,0,0
"M65229","72782","10000",1,0,0,0,0
"M65231","72782","10000",1,0,0,0,0
"M65232","72782","10000",1,0,0,0,0
"M65239","72782","10000",1,0,0,0,0
"M65241","72782","10000",1,0,0,0,0
"M65242","72782","10000",1,0,0,0,0
"M65249","72782","10000",1,0,0,0,0
"M65251","72782","10000",1,0,0,0,0
"M65252","72782","10000",1,0,0,0,0
"M65259","72782","10000",1,0,0,0,0
"M65261","72782","10000",1,0,0,0,0
"M65262","72782","10000",1,0,0,0,0
"M65269","72782","10000",1,0,0,0,0
"M65271","72782","10000",1,0,0,0,0
"M65272","72782","10000",1,0,0,0,0
"M65279","72782","10000",1,0,0,0,0
"M6528","72782","10000",1,0,0,0,0
"M6529","72782","10000",1,0,0,0,0
"M6530","72703","10000",1,0,0,0,0
"M65311","72703","10000",1,0,0,0,0
"M65312","72703","10000",1,0,0,0,0
"M65319","72703","10000",1,0,0,0,0
"M65321","72703","10000",1,0,0,0,0
"M65322","72703","10000",1,0,0,0,0
"M65329","72703","10000",1,0,0,0,0
"M65331","72703","10000",1,0,0,0,0
"M65332","72703","10000",1,0,0,0,0
"M65339","72703","10000",1,0,0,0,0
"M65341","72703","10000",1,0,0,0,0
"M65342","72703","10000",1,0,0,0,0
"M65349","72703","10000",1,0,0,0,0
"M65351","72703","10000",1,0,0,0,0
"M65352","72703","10000",1,0,0,0,0
"M65359","72703","10000",1,0,0,0,0
"M654","72704","00000",0,0,0,0,0
"M6580","72701","10000",1,0,0,0,0
"M6580","72709","10000",1,0,0,0,0
"M65811","72709","10000",1,0,0,0,0
"M65812","72709","10000",1,0,0,0,0
"M65819","72709","10000",1,0,0,0,0
"M65821","72709","10000",1,0,0,0,0
"M65822","72709","10000",1,0,0,0,0
"M65829","72709","10000",1,0,0,0,0
"M65831","72705","10000",1,0,0,0,0
"M65832","72705","10000",1,0,0,0,0
"M65839","72705","10000",1,0,0,0,0
"M65841","72705","10000",1,0,0,0,0
"M65842","72705","10000",1,0,0,0,0
"M65849","72705","10000",1,0,0,0,0
"M65851","72709","10000",1,0,0,0,0
"M65852","72709","10000",1,0,0,0,0
"M65859","72709","10000",1,0,0,0,0
"M65861","72709","10000",1,0,0,0,0
"M65862","72709","10000",1,0,0,0,0
"M65869","72709","10000",1,0,0,0,0
"M65871","72706","10000",1,0,0,0,0
"M65872","72706","10000",1,0,0,0,0
"M65879","72706","10000",1,0,0,0,0
"M6588","72709","10000",1,0,0,0,0
"M6589","72709","10000",1,0,0,0,0
"M659","72700","00000",0,0,0,0,0
"M660","72751","10000",1,0,0,0,0
"M660","72759","10000",1,0,0,0,0
"M6610","72750","00000",0,0,0,0,0
"M66111","72759","10000",1,0,0,0,0
"M66112","72759","10000",1,0,0,0,0
"M66119","72759","10000",1,0,0,0,0
"M66121","72759","10000",1,0,0,0,0
"M66122","72759","10000",1,0,0,0,0
"M66129","72759","10000",1,0,0,0,0
"M66131","72759","10000",1,0,0,0,0
"M66132","72759","10000",1,0,0,0,0
"M66139","72759","10000",1,0,0,0,0
"M66141","72759","10000",1,0,0,0,0
"M66142","72759","10000",1,0,0,0,0
"M66143","72759","10000",1,0,0,0,0
"M66144","72759","10000",1,0,0,0,0
"M66145","72759","10000",1,0,0,0,0
"M66146","72759","10000",1,0,0,0,0
"M66151","72759","10000",1,0,0,0,0
"M66152","72759","10000",1,0,0,0,0
"M66159","72759","10000",1,0,0,0,0
"M66171","72759","10000",1,0,0,0,0
"M66172","72759","10000",1,0,0,0,0
"M66173","72759","10000",1,0,0,0,0
"M66174","72759","10000",1,0,0,0,0
"M66175","72759","10000",1,0,0,0,0
"M66176","72759","10000",1,0,0,0,0
"M66177","72759","10000",1,0,0,0,0
"M66178","72759","10000",1,0,0,0,0
"M66179","72759","10000",1,0,0,0,0
"M6618","72759","10000",1,0,0,0,0
"M6620","72760","10000",1,0,0,0,0
"M66211","72610","10000",1,0,0,0,0
"M66212","72610","10000",1,0,0,0,0
"M66219","72610","10000",1,0,0,0,0
"M66221","72762","10000",1,0,0,0,0
"M66222","72762","10000",1,0,0,0,0
"M66229","72762","10000",1,0,0,0,0
"M66231","72763","10000",1,0,0,0,0
"M66232","72763","10000",1,0,0,0,0
"M66239","72763","10000",1,0,0,0,0
"M66241","72763","10000",1,0,0,0,0
"M66242","72763","10000",1,0,0,0,0
"M66249","72763","10000",1,0,0,0,0
"M66251","72765","10000",1,0,0,0,0
"M66252","72765","10000",1,0,0,0,0
"M66259","72765","10000",1,0,0,0,0
"M66261","72766","10000",1,0,0,0,0
"M66262","72766","10000",1,0,0,0,0
"M66269","72766","10000",1,0,0,0,0
"M66271","72768","10000",1,0,0,0,0
"M66272","72768","10000",1,0,0,0,0
"M66279","72768","10000",1,0,0,0,0
"M6628","72769","10000",1,0,0,0,0
"M6629","72769","10000",1,0,0,0,0
"M6630","72762","10000",1,0,0,0,0
"M66311","72762","10000",1,0,0,0,0
"M66312","72762","10000",1,0,0,0,0
"M66319","72762","10000",1,0,0,0,0
"M66321","72762","10000",1,0,0,0,0
"M66322","72762","10000",1,0,0,0,0
"M66329","72762","10000",1,0,0,0,0
"M66331","72764","10000",1,0,0,0,0
"M66332","72764","10000",1,0,0,0,0
"M66339","72764","10000",1,0,0,0,0
"M66341","72764","10000",1,0,0,0,0
"M66342","72764","10000",1,0,0,0,0
"M66349","72764","10000",1,0,0,0,0
"M66351","72769","10000",1,0,0,0,0
"M66352","72769","10000",1,0,0,0,0
"M66359","72769","10000",1,0,0,0,0
"M66361","72767","10000",1,0,0,0,0
"M66362","72767","10000",1,0,0,0,0
"M66369","72767","10000",1,0,0,0,0
"M66371","72768","10000",1,0,0,0,0
"M66372","72768","10000",1,0,0,0,0
"M66379","72768","10000",1,0,0,0,0
"M6638","72769","10000",1,0,0,0,0
"M6639","72769","10000",1,0,0,0,0
"M6680","72769","10000",1,0,0,0,0
"M66811","72610","10000",1,0,0,0,0
"M66812","72610","10000",1,0,0,0,0
"M66819","72610","10000",1,0,0,0,0
"M66821","72762","10000",1,0,0,0,0
"M66822","72762","10000",1,0,0,0,0
"M66829","72762","10000",1,0,0,0,0
"M66831","72762","10000",1,0,0,0,0
"M66832","72762","10000",1,0,0,0,0
"M66839","72762","10000",1,0,0,0,0
"M66841","72764","10000",1,0,0,0,0
"M66842","72764","10000",1,0,0,0,0
"M66849","72764","10000",1,0,0,0,0
"M66851","72769","10000",1,0,0,0,0
"M66852","72769","10000",1,0,0,0,0
"M66859","72769","10000",1,0,0,0,0
"M66861","72767","10000",1,0,0,0,0
"M66862","72767","10000",1,0,0,0,0
"M66869","72767","10000",1,0,0,0,0
"M66871","72768","10000",1,0,0,0,0
"M66872","72768","10000",1,0,0,0,0
"M66879","72768","10000",1,0,0,0,0
"M6688","72769","10000",1,0,0,0,0
"M6689","72769","10000",1,0,0,0,0
"M669","72760","10000",1,0,0,0,0
"M6700","72781","10000",1,0,0,0,0
"M6701","72781","10000",1,0,0,0,0
"M6702","72781","10000",1,0,0,0,0
"M6720","72789","10000",1,0,0,0,0
"M67211","72789","10000",1,0,0,0,0
"M67212","72789","10000",1,0,0,0,0
"M67219","72789","10000",1,0,0,0,0
"M67221","72789","10000",1,0,0,0,0
"M67222","72789","10000",1,0,0,0,0
"M67229","72789","10000",1,0,0,0,0
"M67231","72789","10000",1,0,0,0,0
"M67232","72789","10000",1,0,0,0,0
"M67239","72789","10000",1,0,0,0,0
"M67241","72789","10000",1,0,0,0,0
"M67242","72789","10000",1,0,0,0,0
"M67249","72789","10000",1,0,0,0,0
"M67251","72789","10000",1,0,0,0,0
"M67252","72789","10000",1,0,0,0,0
"M67259","72789","10000",1,0,0,0,0
"M67261","72789","10000",1,0,0,0,0
"M67262","72789","10000",1,0,0,0,0
"M67269","72789","10000",1,0,0,0,0
"M67271","72789","10000",1,0,0,0,0
"M67272","72789","10000",1,0,0,0,0
"M67279","72789","10000",1,0,0,0,0
"M6728","72789","10000",1,0,0,0,0
"M6729","72789","10000",1,0,0,0,0
"M6730","72709","10000",1,0,0,0,0
"M67311","72709","10000",1,0,0,0,0
"M67312","72709","10000",1,0,0,0,0
"M67319","72709","10000",1,0,0,0,0
"M67321","72709","10000",1,0,0,0,0
"M67322","72709","10000",1,0,0,0,0
"M67329","72709","10000",1,0,0,0,0
"M67331","72709","10000",1,0,0,0,0
"M67332","72709","10000",1,0,0,0,0
"M67339","72709","10000",1,0,0,0,0
"M67341","72709","10000",1,0,0,0,0
"M67342","72709","10000",1,0,0,0,0
"M67349","72709","10000",1,0,0,0,0
"M67351","72709","10000",1,0,0,0,0
"M67352","72709","10000",1,0,0,0,0
"M67359","72709","10000",1,0,0,0,0
"M67361","72709","10000",1,0,0,0,0
"M67362","72709","10000",1,0,0,0,0
"M67369","72709","10000",1,0,0,0,0
"M67371","72709","10000",1,0,0,0,0
"M67372","72709","10000",1,0,0,0,0
"M67379","72709","10000",1,0,0,0,0
"M6738","72709","10000",1,0,0,0,0
"M6739","72709","10000",1,0,0,0,0
"M6740","72743","10000",1,0,0,0,0
"M67411","72741","10000",1,0,0,0,0
"M67411","72742","10000",1,0,0,0,0
"M67412","72741","10000",1,0,0,0,0
"M67412","72742","10000",1,0,0,0,0
"M67419","72741","10000",1,0,0,0,0
"M67419","72742","10000",1,0,0,0,0
"M67421","72741","10000",1,0,0,0,0
"M67421","72742","10000",1,0,0,0,0
"M67422","72741","10000",1,0,0,0,0
"M67422","72742","10000",1,0,0,0,0
"M67429","72741","10000",1,0,0,0,0
"M67429","72742","10000",1,0,0,0,0
"M67431","72741","10000",1,0,0,0,0
"M67431","72742","10000",1,0,0,0,0
"M67432","72741","10000",1,0,0,0,0
"M67432","72742","10000",1,0,0,0,0
"M67439","72741","10000",1,0,0,0,0
"M67439","72742","10000",1,0,0,0,0
"M67441","72741","10000",1,0,0,0,0
"M67441","72742","10000",1,0,0,0,0
"M67442","72741","10000",1,0,0,0,0
"M67442","72742","10000",1,0,0,0,0
"M67449","72741","10000",1,0,0,0,0
"M67449","72742","10000",1,0,0,0,0
"M67451","72741","10000",1,0,0,0,0
"M67451","72742","10000",1,0,0,0,0
"M67452","72741","10000",1,0,0,0,0
"M67452","72742","10000",1,0,0,0,0
"M67459","72741","10000",1,0,0,0,0
"M67459","72742","10000",1,0,0,0,0
"M67461","72741","10000",1,0,0,0,0
"M67461","72742","10000",1,0,0,0,0
"M67462","72741","10000",1,0,0,0,0
"M67462","72742","10000",1,0,0,0,0
"M67469","72741","10000",1,0,0,0,0
"M67469","72742","10000",1,0,0,0,0
"M67471","72741","10000",1,0,0,0,0
"M67471","72742","10000",1,0,0,0,0
"M67472","72741","10000",1,0,0,0,0
"M67472","72742","10000",1,0,0,0,0
"M67479","72741","10000",1,0,0,0,0
"M67479","72742","10000",1,0,0,0,0
"M6748","72741","10000",1,0,0,0,0
"M6748","72742","10000",1,0,0,0,0
"M6749","72741","10000",1,0,0,0,0
"M6749","72742","10000",1,0,0,0,0
"M6750","72783","10000",1,0,0,0,0
"M6751","72783","10000",1,0,0,0,0
"M6752","72783","10000",1,0,0,0,0
"M6780","72789","10000",1,0,0,0,0
"M67811","72789","10000",1,0,0,0,0
"M67812","72789","10000",1,0,0,0,0
"M67813","72789","10000",1,0,0,0,0
"M67814","72789","10000",1,0,0,0,0
"M67819","72789","10000",1,0,0,0,0
"M67821","72789","10000",1,0,0,0,0
"M67822","72789","10000",1,0,0,0,0
"M67823","72789","10000",1,0,0,0,0
"M67824","72789","10000",1,0,0,0,0
"M67829","72789","10000",1,0,0,0,0
"M67831","72789","10000",1,0,0,0,0
"M67832","72789","10000",1,0,0,0,0
"M67833","72789","10000",1,0,0,0,0
"M67834","72789","10000",1,0,0,0,0
"M67839","72789","10000",1,0,0,0,0
"M67841","72789","10000",1,0,0,0,0
"M67842","72789","10000",1,0,0,0,0
"M67843","72789","10000",1,0,0,0,0
"M67844","72789","10000",1,0,0,0,0
"M67849","72789","10000",1,0,0,0,0
"M67851","72789","10000",1,0,0,0,0
"M67852","72789","10000",1,0,0,0,0
"M67853","72789","10000",1,0,0,0,0
"M67854","72789","10000",1,0,0,0,0
"M67859","72789","10000",1,0,0,0,0
"M67861","72789","10000",1,0,0,0,0
"M67862","72789","10000",1,0,0,0,0
"M67863","72789","10000",1,0,0,0,0
"M67864","72789","10000",1,0,0,0,0
"M67869","72789","10000",1,0,0,0,0
"M67871","72789","10000",1,0,0,0,0
"M67872","72789","10000",1,0,0,0,0
"M67873","72789","10000",1,0,0,0,0
"M67874","72789","10000",1,0,0,0,0
"M67879","72789","10000",1,0,0,0,0
"M6788","72789","10000",1,0,0,0,0
"M6789","72789","10000",1,0,0,0,0
"M6790","7279","10000",1,0,0,0,0
"M67911","7279","10000",1,0,0,0,0
"M67912","7279","10000",1,0,0,0,0
"M67919","7279","10000",1,0,0,0,0
"M67921","7279","10000",1,0,0,0,0
"M67922","7279","10000",1,0,0,0,0
"M67929","7279","10000",1,0,0,0,0
"M67931","7279","10000",1,0,0,0,0
"M67932","7279","10000",1,0,0,0,0
"M67939","7279","10000",1,0,0,0,0
"M67941","7279","10000",1,0,0,0,0
"M67942","7279","10000",1,0,0,0,0
"M67949","7279","10000",1,0,0,0,0
"M67951","7279","10000",1,0,0,0,0
"M67952","7279","10000",1,0,0,0,0
"M67959","7279","10000",1,0,0,0,0
"M67961","7279","10000",1,0,0,0,0
"M67962","7279","10000",1,0,0,0,0
"M67969","7279","10000",1,0,0,0,0
"M67971","7279","10000",1,0,0,0,0
"M67972","7279","10000",1,0,0,0,0
"M67979","7279","10000",1,0,0,0,0
"M6798","7279","10000",1,0,0,0,0
"M6799","7279","10000",1,0,0,0,0
"M70031","7272","10000",1,0,0,0,0
"M70032","7272","10000",1,0,0,0,0
"M70039","7272","10000",1,0,0,0,0
"M70041","7272","10000",1,0,0,0,0
"M70042","7272","10000",1,0,0,0,0
"M70049","7272","10000",1,0,0,0,0
"M7010","7264","10000",1,0,0,0,0
"M7010","7272","10000",1,0,0,0,0
"M7011","7264","10000",1,0,0,0,0
"M7011","7272","10000",1,0,0,0,0
"M7012","7264","10000",1,0,0,0,0
"M7012","7272","10000",1,0,0,0,0
"M7020","72633","10000",1,0,0,0,0
"M7021","72633","10000",1,0,0,0,0
"M7022","72633","10000",1,0,0,0,0
"M7030","72639","10000",1,0,0,0,0
"M7031","72639","10000",1,0,0,0,0
"M7031","7272","10000",1,0,0,0,0
"M7032","72639","10000",1,0,0,0,0
"M7032","7272","10000",1,0,0,0,0
"M7040","72665","10000",1,0,0,0,0
"M7041","72665","10000",1,0,0,0,0
"M7041","7272","10000",1,0,0,0,0
"M7042","72665","10000",1,0,0,0,0
"M7042","7272","10000",1,0,0,0,0
"M7050","72660","10000",1,0,0,0,0
"M7051","72660","10000",1,0,0,0,0
"M7052","72660","10000",1,0,0,0,0
"M7060","7265","10000",1,0,0,0,0
"M7061","7265","10000",1,0,0,0,0
"M7062","7265","10000",1,0,0,0,0
"M7070","7265","10000",1,0,0,0,0
"M7071","7265","10000",1,0,0,0,0
"M7072","7265","10000",1,0,0,0,0
"M7080","72999","10000",1,0,0,0,0
"M70811","72999","10000",1,0,0,0,0
"M70812","72999","10000",1,0,0,0,0
"M70819","72999","10000",1,0,0,0,0
"M70821","72999","10000",1,0,0,0,0
"M70822","72999","10000",1,0,0,0,0
"M70829","72999","10000",1,0,0,0,0
"M70831","72999","10000",1,0,0,0,0
"M70832","72999","10000",1,0,0,0,0
"M70839","72999","10000",1,0,0,0,0
"M70841","72999","10000",1,0,0,0,0
"M70842","72999","10000",1,0,0,0,0
"M70849","72999","10000",1,0,0,0,0
"M70851","72999","10000",1,0,0,0,0
"M70852","72999","10000",1,0,0,0,0
"M70859","72999","10000",1,0,0,0,0
"M70861","72999","10000",1,0,0,0,0
"M70862","72999","10000",1,0,0,0,0
"M70869","72999","10000",1,0,0,0,0
"M70871","72999","10000",1,0,0,0,0
"M70872","72999","10000",1,0,0,0,0
"M70879","72999","10000",1,0,0,0,0
"M7088","72999","10000",1,0,0,0,0
"M7089","72999","10000",1,0,0,0,0
"M7090","72990","10000",1,0,0,0,0
"M70911","72990","10000",1,0,0,0,0
"M70912","72990","10000",1,0,0,0,0
"M70919","72990","10000",1,0,0,0,0
"M70921","72990","10000",1,0,0,0,0
"M70922","72990","10000",1,0,0,0,0
"M70929","72990","10000",1,0,0,0,0
"M70931","72990","10000",1,0,0,0,0
"M70932","72990","10000",1,0,0,0,0
"M70939","72990","10000",1,0,0,0,0
"M70941","72990","10000",1,0,0,0,0
"M70942","72990","10000",1,0,0,0,0
"M70949","72990","10000",1,0,0,0,0
"M70951","72990","10000",1,0,0,0,0
"M70952","72990","10000",1,0,0,0,0
"M70959","72990","10000",1,0,0,0,0
"M70961","72990","10000",1,0,0,0,0
"M70962","72990","10000",1,0,0,0,0
"M70969","72990","10000",1,0,0,0,0
"M70971","72990","10000",1,0,0,0,0
"M70972","72990","10000",1,0,0,0,0
"M70979","72990","10000",1,0,0,0,0
"M7098","72990","10000",1,0,0,0,0
"M7099","72990","10000",1,0,0,0,0
"M7100","72789","10000",1,0,0,0,0
"M71011","72789","10000",1,0,0,0,0
"M71012","72789","10000",1,0,0,0,0
"M71019","72789","10000",1,0,0,0,0
"M71021","72789","10000",1,0,0,0,0
"M71022","72789","10000",1,0,0,0,0
"M71029","72789","10000",1,0,0,0,0
"M71031","72789","10000",1,0,0,0,0
"M71032","72789","10000",1,0,0,0,0
"M71039","72789","10000",1,0,0,0,0
"M71041","72789","10000",1,0,0,0,0
"M71042","72789","10000",1,0,0,0,0
"M71049","72789","10000",1,0,0,0,0
"M71051","72789","10000",1,0,0,0,0
"M71052","72789","10000",1,0,0,0,0
"M71059","72789","10000",1,0,0,0,0
"M71061","72789","10000",1,0,0,0,0
"M71062","72789","10000",1,0,0,0,0
"M71069","72789","10000",1,0,0,0,0
"M71071","72789","10000",1,0,0,0,0
"M71072","72789","10000",1,0,0,0,0
"M71079","72789","10000",1,0,0,0,0
"M7108","72789","10000",1,0,0,0,0
"M7109","72789","10000",1,0,0,0,0
"M7110","7273","10000",1,0,0,0,0
"M71111","7273","10000",1,0,0,0,0
"M71112","7273","10000",1,0,0,0,0
"M71119","7273","10000",1,0,0,0,0
"M71121","7273","10000",1,0,0,0,0
"M71122","7273","10000",1,0,0,0,0
"M71129","7273","10000",1,0,0,0,0
"M71131","7273","10000",1,0,0,0,0
"M71132","7273","10000",1,0,0,0,0
"M71139","7273","10000",1,0,0,0,0
"M71141","7273","10000",1,0,0,0,0
"M71142","7273","10000",1,0,0,0,0
"M71149","7273","10000",1,0,0,0,0
"M71151","7273","10000",1,0,0,0,0
"M71152","7273","10000",1,0,0,0,0
"M71159","7273","10000",1,0,0,0,0
"M71161","7273","10000",1,0,0,0,0
"M71162","7273","10000",1,0,0,0,0
"M71169","7273","10000",1,0,0,0,0
"M71171","7273","10000",1,0,0,0,0
"M71172","7273","10000",1,0,0,0,0
"M71179","7273","10000",1,0,0,0,0
"M7118","7273","10000",1,0,0,0,0
"M7119","7273","10000",1,0,0,0,0
"M7120","72751","10000",1,0,0,0,0
"M7121","72751","10000",1,0,0,0,0
"M7122","72751","10000",1,0,0,0,0
"M7130","72740","10000",1,0,0,0,0
"M71311","72749","10000",1,0,0,0,0
"M71312","72749","10000",1,0,0,0,0
"M71319","72749","10000",1,0,0,0,0
"M71321","72749","10000",1,0,0,0,0
"M71322","72749","10000",1,0,0,0,0
"M71329","72749","10000",1,0,0,0,0
"M71331","72749","10000",1,0,0,0,0
"M71332","72749","10000",1,0,0,0,0
"M71339","72749","10000",1,0,0,0,0
"M71341","72749","10000",1,0,0,0,0
"M71342","72749","10000",1,0,0,0,0
"M71349","72749","10000",1,0,0,0,0
"M71351","72749","10000",1,0,0,0,0
"M71352","72749","10000",1,0,0,0,0
"M71359","72749","10000",1,0,0,0,0
"M71371","72749","10000",1,0,0,0,0
"M71372","72749","10000",1,0,0,0,0
"M71379","72749","10000",1,0,0,0,0
"M7138","72749","10000",1,0,0,0,0
"M7139","72749","10000",1,0,0,0,0
"M7140","72782","10000",1,0,0,0,0
"M71421","72782","10000",1,0,0,0,0
"M71422","72782","10000",1,0,0,0,0
"M71429","72782","10000",1,0,0,0,0
"M71431","72782","10000",1,0,0,0,0
"M71432","72782","10000",1,0,0,0,0
"M71439","72782","10000",1,0,0,0,0
"M71441","72782","10000",1,0,0,0,0
"M71442","72782","10000",1,0,0,0,0
"M71449","72782","10000",1,0,0,0,0
"M71451","72782","10000",1,0,0,0,0
"M71452","72782","10000",1,0,0,0,0
"M71459","72782","10000",1,0,0,0,0
"M71461","72782","10000",1,0,0,0,0
"M71462","72782","10000",1,0,0,0,0
"M71469","72782","10000",1,0,0,0,0
"M71471","72782","10000",1,0,0,0,0
"M71472","72782","10000",1,0,0,0,0
"M71479","72782","10000",1,0,0,0,0
"M7148","72782","10000",1,0,0,0,0
"M7149","72782","10000",1,0,0,0,0
"M7150","7273","10000",1,0,0,0,0
"M71521","7273","10000",1,0,0,0,0
"M71522","7273","10000",1,0,0,0,0
"M71529","7273","10000",1,0,0,0,0
"M71531","7273","10000",1,0,0,0,0
"M71532","7273","10000",1,0,0,0,0
"M71539","7273","10000",1,0,0,0,0
"M71541","7273","10000",1,0,0,0,0
"M71542","7273","10000",1,0,0,0,0
"M71549","7273","10000",1,0,0,0,0
"M71551","7273","10000",1,0,0,0,0
"M71552","7273","10000",1,0,0,0,0
"M71559","7273","10000",1,0,0,0,0
"M71561","7273","10000",1,0,0,0,0
"M71562","7273","10000",1,0,0,0,0
"M71569","7273","10000",1,0,0,0,0
"M71571","7273","10000",1,0,0,0,0
"M71572","7273","10000",1,0,0,0,0
"M71579","7273","10000",1,0,0,0,0
"M7158","7273","10000",1,0,0,0,0
"M7180","72789","10000",1,0,0,0,0
"M71811","72789","10000",1,0,0,0,0
"M71812","72789","10000",1,0,0,0,0
"M71819","72789","10000",1,0,0,0,0
"M71821","72789","10000",1,0,0,0,0
"M71822","72789","10000",1,0,0,0,0
"M71829","72789","10000",1,0,0,0,0
"M71831","72789","10000",1,0,0,0,0
"M71832","72789","10000",1,0,0,0,0
"M71839","72789","10000",1,0,0,0,0
"M71841","72789","10000",1,0,0,0,0
"M71842","72789","10000",1,0,0,0,0
"M71849","72789","10000",1,0,0,0,0
"M71851","72789","10000",1,0,0,0,0
"M71852","72789","10000",1,0,0,0,0
"M71859","72789","10000",1,0,0,0,0
"M71861","72789","10000",1,0,0,0,0
"M71862","72789","10000",1,0,0,0,0
"M71869","72789","10000",1,0,0,0,0
"M71871","72789","10000",1,0,0,0,0
"M71872","72789","10000",1,0,0,0,0
"M71879","72789","10000",1,0,0,0,0
"M7188","72789","10000",1,0,0,0,0
"M7189","72789","10000",1,0,0,0,0
"M719","7279","10000",1,0,0,0,0
"M720","7286","00000",0,0,0,0,0
"M721","72879","10000",1,0,0,0,0
"M722","72871","00000",0,0,0,0,0
"M724","72879","10000",1,0,0,0,0
"M726","72886","00000",0,0,0,0,0
"M728","72889","10000",1,0,0,0,0
"M729","72879","10000",1,0,0,0,0
"M729","7294","10000",1,0,0,0,0
"M7500","7260","10000",1,0,0,0,0
"M7501","7260","10000",1,0,0,0,0
"M7502","7260","10000",1,0,0,0,0
"M75100","72610","10000",1,0,0,0,0
"M75101","72610","10000",1,0,0,0,0
"M75102","72610","10000",1,0,0,0,0
"M75110","72613","10000",1,0,0,0,0
"M75111","72613","10000",1,0,0,0,0
"M75112","72613","10000",1,0,0,0,0
"M75120","72761","10000",1,0,0,0,0
"M75121","72761","10000",1,0,0,0,0
"M75122","72761","10000",1,0,0,0,0
"M7520","72612","10000",1,0,0,0,0
"M7521","72612","10000",1,0,0,0,0
"M7522","72612","10000",1,0,0,0,0
"M7530","72611","10000",1,0,0,0,0
"M7530","7262","10000",1,0,0,0,0
"M7531","72611","10000",1,0,0,0,0
"M7531","7262","10000",1,0,0,0,0
"M7532","72611","10000",1,0,0,0,0
"M7532","7262","10000",1,0,0,0,0
"M7540","7262","10000",1,0,0,0,0
"M7541","7262","10000",1,0,0,0,0
"M7542","7262","10000",1,0,0,0,0
"M7550","72610","10000",1,0,0,0,0
"M7551","72610","10000",1,0,0,0,0
"M7552","72610","10000",1,0,0,0,0
"M7580","7262","10000",1,0,0,0,0
"M7581","72619","10000",1,0,0,0,0
"M7581","7262","10000",1,0,0,0,0
"M7582","72619","10000",1,0,0,0,0
"M7582","7262","10000",1,0,0,0,0
"M7590","7262","10000",1,0,0,0,0
"M7591","7262","10000",1,0,0,0,0
"M7592","7262","10000",1,0,0,0,0
"M7600","7265","10000",1,0,0,0,0
"M7601","7265","10000",1,0,0,0,0
"M7602","7265","10000",1,0,0,0,0
"M7610","7265","10000",1,0,0,0,0
"M7611","7265","10000",1,0,0,0,0
"M7612","7265","10000",1,0,0,0,0
"M7620","7265","10000",1,0,0,0,0
"M7621","7265","10000",1,0,0,0,0
"M7622","7265","10000",1,0,0,0,0
"M7630","7265","10000",1,0,0,0,0
"M7631","7265","10000",1,0,0,0,0
"M7632","7265","10000",1,0,0,0,0
"M7640","72662","10000",1,0,0,0,0
"M7641","72662","10000",1,0,0,0,0
"M7642","72662","10000",1,0,0,0,0
"M7650","72664","10000",1,0,0,0,0
"M7651","72664","10000",1,0,0,0,0
"M7652","72664","10000",1,0,0,0,0
"M7660","72671","10000",1,0,0,0,0
"M7661","72671","10000",1,0,0,0,0
"M7662","72671","10000",1,0,0,0,0
"M7670","72679","10000",1,0,0,0,0
"M7671","72679","10000",1,0,0,0,0
"M7672","72679","10000",1,0,0,0,0
"M76811","72672","10000",1,0,0,0,0
"M76812","72672","10000",1,0,0,0,0
"M76819","72672","10000",1,0,0,0,0
"M76821","72672","10000",1,0,0,0,0
"M76822","72672","10000",1,0,0,0,0
"M76829","72672","10000",1,0,0,0,0
"M76891","7268","10000",1,0,0,0,0
"M76892","7268","10000",1,0,0,0,0
"M76899","72669","10000",1,0,0,0,0
"M76899","72670","10000",1,0,0,0,0
"M769","7268","10000",1,0,0,0,0
"M7700","72631","10000",1,0,0,0,0
"M7701","72631","10000",1,0,0,0,0
"M7702","72631","10000",1,0,0,0,0
"M7710","72632","10000",1,0,0,0,0
"M7711","72632","10000",1,0,0,0,0
"M7712","72632","10000",1,0,0,0,0
"M7720","7264","10000",1,0,0,0,0
"M7721","7264","10000",1,0,0,0,0
"M7722","7264","10000",1,0,0,0,0
"M7730","72673","10000",1,0,0,0,0
"M7731","72673","10000",1,0,0,0,0
"M7732","72673","10000",1,0,0,0,0
"M7740","72670","10000",1,0,0,0,0
"M7741","72670","10000",1,0,0,0,0
"M7742","72670","10000",1,0,0,0,0
"M7750","72679","10000",1,0,0,0,0
"M7751","72679","10000",1,0,0,0,0
"M7752","72679","10000",1,0,0,0,0
"M778","7268","10000",1,0,0,0,0
"M779","72690","00000",0,0,0,0,0
"M790","7290","00000",0,0,0,0,0
"M791","7291","10000",1,0,0,0,0
"M792","7292","10000",1,0,0,0,0
"M793","72930","10000",1,0,0,0,0
"M794","72931","00000",0,0,0,0,0
"M795","7296","00000",0,0,0,0,0
"M79601","7295","10000",1,0,0,0,0
"M79602","7295","10000",1,0,0,0,0
"M79603","7295","10000",1,0,0,0,0
"M79604","7295","10000",1,0,0,0,0
"M79605","7295","10000",1,0,0,0,0
"M79606","7295","10000",1,0,0,0,0
"M79609","7295","10000",1,0,0,0,0
"M79621","7295","10000",1,0,0,0,0
"M79622","7295","10000",1,0,0,0,0
"M79629","7295","10000",1,0,0,0,0
"M79631","7295","10000",1,0,0,0,0
"M79632","7295","10000",1,0,0,0,0
"M79639","7295","10000",1,0,0,0,0
"M79641","7295","10000",1,0,0,0,0
"M79642","7295","10000",1,0,0,0,0
"M79643","7295","10000",1,0,0,0,0
"M79644","7295","10000",1,0,0,0,0
"M79645","7295","10000",1,0,0,0,0
"M79646","71944","10000",1,0,0,0,0
"M79646","7295","10000",1,0,0,0,0
"M79651","7295","10000",1,0,0,0,0
"M79652","7295","10000",1,0,0,0,0
"M79659","7295","10000",1,0,0,0,0
"M79661","7295","10000",1,0,0,0,0
"M79662","7295","10000",1,0,0,0,0
"M79669","7295","10000",1,0,0,0,0
"M79671","7295","10000",1,0,0,0,0
"M79672","7295","10000",1,0,0,0,0
"M79673","7295","10000",1,0,0,0,0
"M79674","7295","10000",1,0,0,0,0
"M79675","7295","10000",1,0,0,0,0
"M79676","7295","10000",1,0,0,0,0
"M797","7291","10000",1,0,0,0,0
"M7981","72992","00000",0,0,0,0,0
"M7989","72981","10000",1,0,0,0,0
"M7989","72999","10000",1,0,0,0,0
"M799","72990","10000",1,0,0,0,0
"M79A11","72971","10000",1,0,0,0,0
"M79A12","72971","10000",1,0,0,0,0
"M79A19","72971","10000",1,0,0,0,0
"M79A21","72972","10000",1,0,0,0,0
"M79A22","72972","10000",1,0,0,0,0
"M79A29","72972","10000",1,0,0,0,0
"M79A3","72973","00000",0,0,0,0,0
"M79A9","72979","00000",0,0,0,0,0
"M8000XA","73310","10000",1,0,0,0,0
"M8000XD","V5429","10000",1,0,0,0,0
"M8000XG","V5429","10000",1,0,0,0,0
"M8000XK","73382","10000",1,0,0,0,0
"M8000XP","73381","10000",1,0,0,0,0
"M8000XS","9055","10000",1,0,0,0,0
"M80011A","73319","10000",1,0,0,0,0
"M80011D","V5421","10000",1,0,0,0,0
"M80011G","V5421","10000",1,0,0,0,0
"M80011K","73382","10000",1,0,0,0,0
"M80011P","73381","10000",1,0,0,0,0
"M80011S","9052","10000",1,0,0,0,0
"M80012A","73319","10000",1,0,0,0,0
"M80012D","V5421","10000",1,0,0,0,0
"M80012G","V5421","10000",1,0,0,0,0
"M80012K","73382","10000",1,0,0,0,0
"M80012P","73381","10000",1,0,0,0,0
"M80012S","9052","10000",1,0,0,0,0
"M80019A","73319","10000",1,0,0,0,0
"M80019D","V5421","10000",1,0,0,0,0
"M80019G","V5421","10000",1,0,0,0,0
"M80019K","73382","10000",1,0,0,0,0
"M80019P","73381","10000",1,0,0,0,0
"M80019S","9052","10000",1,0,0,0,0
"M80021A","73311","10000",1,0,0,0,0
"M80021D","V5421","10000",1,0,0,0,0
"M80021G","V5421","10000",1,0,0,0,0
"M80021K","73382","10000",1,0,0,0,0
"M80021P","73381","10000",1,0,0,0,0
"M80021S","9052","10000",1,0,0,0,0
"M80022A","73311","10000",1,0,0,0,0
"M80022D","V5421","10000",1,0,0,0,0
"M80022G","V5421","10000",1,0,0,0,0
"M80022K","73382","10000",1,0,0,0,0
"M80022P","73381","10000",1,0,0,0,0
"M80022S","9052","10000",1,0,0,0,0
"M80029A","73311","10000",1,0,0,0,0
"M80029D","V5421","10000",1,0,0,0,0
"M80029G","V5421","10000",1,0,0,0,0
"M80029K","73382","10000",1,0,0,0,0
"M80029P","73381","10000",1,0,0,0,0
"M80029S","9052","10000",1,0,0,0,0
"M80031A","73312","10000",1,0,0,0,0
"M80031D","V5422","10000",1,0,0,0,0
"M80031G","V5422","10000",1,0,0,0,0
"M80031K","73382","10000",1,0,0,0,0
"M80031P","73381","10000",1,0,0,0,0
"M80031S","9052","10000",1,0,0,0,0
"M80032A","73312","10000",1,0,0,0,0
"M80032D","V5422","10000",1,0,0,0,0
"M80032G","V5422","10000",1,0,0,0,0
"M80032K","73382","10000",1,0,0,0,0
"M80032P","73381","10000",1,0,0,0,0
"M80032S","9052","10000",1,0,0,0,0
"M80039A","73312","10000",1,0,0,0,0
"M80039D","V5422","10000",1,0,0,0,0
"M80039G","V5422","10000",1,0,0,0,0
"M80039K","73382","10000",1,0,0,0,0
"M80039P","73381","10000",1,0,0,0,0
"M80039S","9052","10000",1,0,0,0,0
"M80041A","73319","10000",1,0,0,0,0
"M80041D","V5422","10000",1,0,0,0,0
"M80041G","V5422","10000",1,0,0,0,0
"M80041K","73382","10000",1,0,0,0,0
"M80041P","73381","10000",1,0,0,0,0
"M80041S","9052","10000",1,0,0,0,0
"M80042A","73319","10000",1,0,0,0,0
"M80042D","V5422","10000",1,0,0,0,0
"M80042G","V5422","10000",1,0,0,0,0
"M80042K","73382","10000",1,0,0,0,0
"M80042P","73381","10000",1,0,0,0,0
"M80042S","9052","10000",1,0,0,0,0
"M80049A","73319","10000",1,0,0,0,0
"M80049D","V5422","10000",1,0,0,0,0
"M80049G","V5422","10000",1,0,0,0,0
"M80049K","73382","10000",1,0,0,0,0
"M80049P","73381","10000",1,0,0,0,0
"M80049S","9052","10000",1,0,0,0,0
"M80051A","73314","10000",1,0,0,0,0
"M80051A","73315","10000",1,0,0,0,0
"M80051D","V5423","10000",1,0,0,0,0
"M80051G","V5423","10000",1,0,0,0,0
"M80051K","73382","10000",1,0,0,0,0
"M80051P","73381","10000",1,0,0,0,0
"M80051S","9053","10000",1,0,0,0,0
"M80052A","73314","10000",1,0,0,0,0
"M80052A","73315","10000",1,0,0,0,0
"M80052D","V5423","10000",1,0,0,0,0
"M80052G","V5423","10000",1,0,0,0,0
"M80052K","73382","10000",1,0,0,0,0
"M80052P","73381","10000",1,0,0,0,0
"M80052S","9053","10000",1,0,0,0,0
"M80059A","73314","10000",1,0,0,0,0
"M80059A","73315","10000",1,0,0,0,0
"M80059D","V5423","10000",1,0,0,0,0
"M80059G","V5423","10000",1,0,0,0,0
"M80059K","73382","10000",1,0,0,0,0
"M80059P","73381","10000",1,0,0,0,0
"M80059S","9053","10000",1,0,0,0,0
"M80061A","73316","10000",1,0,0,0,0
"M80061D","V5426","10000",1,0,0,0,0
"M80061G","V5426","10000",1,0,0,0,0
"M80061K","73382","10000",1,0,0,0,0
"M80061P","73381","10000",1,0,0,0,0
"M80061S","9054","10000",1,0,0,0,0
"M80062A","73316","10000",1,0,0,0,0
"M80062D","V5426","10000",1,0,0,0,0
"M80062G","V5426","10000",1,0,0,0,0
"M80062K","73382","10000",1,0,0,0,0
"M80062P","73381","10000",1,0,0,0,0
"M80062S","9054","10000",1,0,0,0,0
"M80069A","73316","10000",1,0,0,0,0
"M80069D","V5426","10000",1,0,0,0,0
"M80069G","V5426","10000",1,0,0,0,0
"M80069K","73382","10000",1,0,0,0,0
"M80069P","73381","10000",1,0,0,0,0
"M80069S","9054","10000",1,0,0,0,0
"M80071A","73316","10000",1,0,0,0,0
"M80071D","V5426","10000",1,0,0,0,0
"M80071G","V5426","10000",1,0,0,0,0
"M80071K","73382","10000",1,0,0,0,0
"M80071P","73381","10000",1,0,0,0,0
"M80071S","9054","10000",1,0,0,0,0
"M80072A","73316","10000",1,0,0,0,0
"M80072D","V5426","10000",1,0,0,0,0
"M80072G","V5426","10000",1,0,0,0,0
"M80072K","73382","10000",1,0,0,0,0
"M80072P","73381","10000",1,0,0,0,0
"M80072S","9054","10000",1,0,0,0,0
"M80079A","73316","10000",1,0,0,0,0
"M80079D","V5426","10000",1,0,0,0,0
"M80079G","V5426","10000",1,0,0,0,0
"M80079K","73382","10000",1,0,0,0,0
"M80079P","73381","10000",1,0,0,0,0
"M80079S","9054","10000",1,0,0,0,0
"M8008XA","73313","10000",1,0,0,0,0
"M8008XD","V5427","10000",1,0,0,0,0
"M8008XG","V5427","10000",1,0,0,0,0
"M8008XK","73382","10000",1,0,0,0,0
"M8008XP","73381","10000",1,0,0,0,0
"M8008XS","9051","10000",1,0,0,0,0
"M8080XA","73310","10000",1,0,0,0,0
"M8080XD","V5429","10000",1,0,0,0,0
"M8080XG","V5429","10000",1,0,0,0,0
"M8080XK","73382","10000",1,0,0,0,0
"M8080XP","73381","10000",1,0,0,0,0
"M8080XS","9055","10000",1,0,0,0,0
"M80811A","73319","10000",1,0,0,0,0
"M80811D","V5421","10000",1,0,0,0,0
"M80811G","V5421","10000",1,0,0,0,0
"M80811K","73382","10000",1,0,0,0,0
"M80811P","73381","10000",1,0,0,0,0
"M80811S","9052","10000",1,0,0,0,0
"M80812A","73319","10000",1,0,0,0,0
"M80812D","V5421","10000",1,0,0,0,0
"M80812G","V5421","10000",1,0,0,0,0
"M80812K","73382","10000",1,0,0,0,0
"M80812P","73381","10000",1,0,0,0,0
"M80812S","9052","10000",1,0,0,0,0
"M80819A","73319","10000",1,0,0,0,0
"M80819D","V5421","10000",1,0,0,0,0
"M80819G","V5421","10000",1,0,0,0,0
"M80819K","73382","10000",1,0,0,0,0
"M80819P","73381","10000",1,0,0,0,0
"M80819S","9052","10000",1,0,0,0,0
"M80821A","73311","10000",1,0,0,0,0
"M80821D","V5421","10000",1,0,0,0,0
"M80821G","V5421","10000",1,0,0,0,0
"M80821K","73382","10000",1,0,0,0,0
"M80821P","73381","10000",1,0,0,0,0
"M80821S","9052","10000",1,0,0,0,0
"M80822A","73311","10000",1,0,0,0,0
"M80822D","V5421","10000",1,0,0,0,0
"M80822G","V5421","10000",1,0,0,0,0
"M80822K","73382","10000",1,0,0,0,0
"M80822P","73381","10000",1,0,0,0,0
"M80822S","9052","10000",1,0,0,0,0
"M80829A","73311","10000",1,0,0,0,0
"M80829D","V5421","10000",1,0,0,0,0
"M80829G","V5421","10000",1,0,0,0,0
"M80829K","73382","10000",1,0,0,0,0
"M80829P","73381","10000",1,0,0,0,0
"M80829S","9052","10000",1,0,0,0,0
"M80831A","73312","10000",1,0,0,0,0
"M80831D","V5422","10000",1,0,0,0,0
"M80831G","V5422","10000",1,0,0,0,0
"M80831K","73382","10000",1,0,0,0,0
"M80831P","73381","10000",1,0,0,0,0
"M80831S","9052","10000",1,0,0,0,0
"M80832A","73312","10000",1,0,0,0,0
"M80832D","V5422","10000",1,0,0,0,0
"M80832G","V5422","10000",1,0,0,0,0
"M80832K","73382","10000",1,0,0,0,0
"M80832P","73381","10000",1,0,0,0,0
"M80832S","9052","10000",1,0,0,0,0
"M80839A","73312","10000",1,0,0,0,0
"M80839D","V5422","10000",1,0,0,0,0
"M80839G","V5422","10000",1,0,0,0,0
"M80839K","73382","10000",1,0,0,0,0
"M80839P","73381","10000",1,0,0,0,0
"M80839S","9052","10000",1,0,0,0,0
"M80841A","73319","10000",1,0,0,0,0
"M80841D","V5422","10000",1,0,0,0,0
"M80841G","V5422","10000",1,0,0,0,0
"M80841K","73382","10000",1,0,0,0,0
"M80841P","73381","10000",1,0,0,0,0
"M80841S","9052","10000",1,0,0,0,0
"M80842A","73319","10000",1,0,0,0,0
"M80842D","V5422","10000",1,0,0,0,0
"M80842G","V5422","10000",1,0,0,0,0
"M80842K","73382","10000",1,0,0,0,0
"M80842P","73381","10000",1,0,0,0,0
"M80842S","9052","10000",1,0,0,0,0
"M80849A","73319","10000",1,0,0,0,0
"M80849D","V5422","10000",1,0,0,0,0
"M80849G","V5422","10000",1,0,0,0,0
"M80849K","73382","10000",1,0,0,0,0
"M80849P","73381","10000",1,0,0,0,0
"M80849S","9052","10000",1,0,0,0,0
"M80851A","73314","10000",1,0,0,0,0
"M80851A","73315","10000",1,0,0,0,0
"M80851D","V5423","10000",1,0,0,0,0
"M80851G","V5423","10000",1,0,0,0,0
"M80851K","73382","10000",1,0,0,0,0
"M80851P","73381","10000",1,0,0,0,0
"M80851S","9053","10000",1,0,0,0,0
"M80851S","9054","10000",1,0,0,0,0
"M80852A","73314","10000",1,0,0,0,0
"M80852A","73315","10000",1,0,0,0,0
"M80852D","V5423","10000",1,0,0,0,0
"M80852G","V5423","10000",1,0,0,0,0
"M80852K","73382","10000",1,0,0,0,0
"M80852P","73381","10000",1,0,0,0,0
"M80852S","9053","10000",1,0,0,0,0
"M80852S","9054","10000",1,0,0,0,0
"M80859A","73314","10000",1,0,0,0,0
"M80859A","73315","10000",1,0,0,0,0
"M80859D","V5423","10000",1,0,0,0,0
"M80859G","V5423","10000",1,0,0,0,0
"M80859K","73382","10000",1,0,0,0,0
"M80859P","73381","10000",1,0,0,0,0
"M80859S","9053","10000",1,0,0,0,0
"M80859S","9054","10000",1,0,0,0,0
"M80861A","73316","10000",1,0,0,0,0
"M80861D","V5426","10000",1,0,0,0,0
"M80861G","V5426","10000",1,0,0,0,0
"M80861K","73382","10000",1,0,0,0,0
"M80861P","73381","10000",1,0,0,0,0
"M80861S","9054","10000",1,0,0,0,0
"M80862A","73316","10000",1,0,0,0,0
"M80862D","V5426","10000",1,0,0,0,0
"M80862G","V5426","10000",1,0,0,0,0
"M80862K","73382","10000",1,0,0,0,0
"M80862P","73381","10000",1,0,0,0,0
"M80862S","9054","10000",1,0,0,0,0
"M80869A","73316","10000",1,0,0,0,0
"M80869D","V5426","10000",1,0,0,0,0
"M80869G","V5426","10000",1,0,0,0,0
"M80869K","73382","10000",1,0,0,0,0
"M80869P","73381","10000",1,0,0,0,0
"M80869S","9054","10000",1,0,0,0,0
"M80871A","73316","10000",1,0,0,0,0
"M80871D","V5426","10000",1,0,0,0,0
"M80871G","V5426","10000",1,0,0,0,0
"M80871K","73382","10000",1,0,0,0,0
"M80871P","73381","10000",1,0,0,0,0
"M80871S","9054","10000",1,0,0,0,0
"M80872A","73316","10000",1,0,0,0,0
"M80872D","V5426","10000",1,0,0,0,0
"M80872G","V5426","10000",1,0,0,0,0
"M80872K","73382","10000",1,0,0,0,0
"M80872P","73381","10000",1,0,0,0,0
"M80872S","9054","10000",1,0,0,0,0
"M80879A","73316","10000",1,0,0,0,0
"M80879D","V5426","10000",1,0,0,0,0
"M80879G","V5426","10000",1,0,0,0,0
"M80879K","73382","10000",1,0,0,0,0
"M80879P","73381","10000",1,0,0,0,0
"M80879S","9054","10000",1,0,0,0,0
"M8088XA","73313","10000",1,0,0,0,0
"M8088XD","V5427","10000",1,0,0,0,0
"M8088XG","V5427","10000",1,0,0,0,0
"M8088XK","73382","10000",1,0,0,0,0
"M8088XP","73381","10000",1,0,0,0,0
"M8088XS","9051","10000",1,0,0,0,0
"M810","73300","10000",1,0,0,0,0
"M810","73301","00000",0,0,0,0,0
"M816","73309","10000",1,0,0,0,0
"M818","73302","10000",1,0,0,0,0
"M818","73303","10000",1,0,0,0,0
"M818","73309","10000",1,0,0,0,0
"M830","2682","10000",1,0,0,0,0
"M831","2682","10000",1,0,0,0,0
"M832","2682","10000",1,0,0,0,0
"M833","2682","10000",1,0,0,0,0
"M834","2682","10000",1,0,0,0,0
"M835","2682","10000",1,0,0,0,0
"M838","2682","10000",1,0,0,0,0
"M839","2682","10000",1,0,0,0,0
"M8430XA","73395","10000",1,0,0,0,0
"M8430XD","V5429","10000",1,0,0,0,0
"M8430XG","V5429","10000",1,0,0,0,0
"M8430XK","73382","10000",1,0,0,0,0
"M8430XP","73381","10000",1,0,0,0,0
"M8430XS","9055","10000",1,0,0,0,0
"M84311A","73395","10000",1,0,0,0,0
"M84311D","V5421","10000",1,0,0,0,0
"M84311G","V5421","10000",1,0,0,0,0
"M84311K","73382","10000",1,0,0,0,0
"M84311P","73381","10000",1,0,0,0,0
"M84311S","9052","10000",1,0,0,0,0
"M84312A","73395","10000",1,0,0,0,0
"M84312D","V5421","10000",1,0,0,0,0
"M84312G","V5421","10000",1,0,0,0,0
"M84312K","73382","10000",1,0,0,0,0
"M84312P","73381","10000",1,0,0,0,0
"M84312S","9052","10000",1,0,0,0,0
"M84319A","73395","10000",1,0,0,0,0
"M84319D","V5421","10000",1,0,0,0,0
"M84319G","V5421","10000",1,0,0,0,0
"M84319K","73382","10000",1,0,0,0,0
"M84319P","73381","10000",1,0,0,0,0
"M84319S","9052","10000",1,0,0,0,0
"M84321A","73395","10000",1,0,0,0,0
"M84321D","V5421","10000",1,0,0,0,0
"M84321G","V5421","10000",1,0,0,0,0
"M84321K","73382","10000",1,0,0,0,0
"M84321P","73381","10000",1,0,0,0,0
"M84321S","9052","10000",1,0,0,0,0
"M84322A","73395","10000",1,0,0,0,0
"M84322D","V5421","10000",1,0,0,0,0
"M84322G","V5421","10000",1,0,0,0,0
"M84322K","73382","10000",1,0,0,0,0
"M84322P","73381","10000",1,0,0,0,0
"M84322S","9052","10000",1,0,0,0,0
"M84329A","73395","10000",1,0,0,0,0
"M84329D","V5421","10000",1,0,0,0,0
"M84329G","V5421","10000",1,0,0,0,0
"M84329K","73382","10000",1,0,0,0,0
"M84329P","73381","10000",1,0,0,0,0
"M84329S","9052","10000",1,0,0,0,0
"M84331A","73395","10000",1,0,0,0,0
"M84331D","V5422","10000",1,0,0,0,0
"M84331G","V5422","10000",1,0,0,0,0
"M84331K","73382","10000",1,0,0,0,0
"M84331P","73381","10000",1,0,0,0,0
"M84331S","9052","10000",1,0,0,0,0
"M84332A","73395","10000",1,0,0,0,0
"M84332D","V5422","10000",1,0,0,0,0
"M84332G","V5422","10000",1,0,0,0,0
"M84332K","73382","10000",1,0,0,0,0
"M84332P","73381","10000",1,0,0,0,0
"M84332S","9052","10000",1,0,0,0,0
"M84333A","73395","10000",1,0,0,0,0
"M84333D","V5422","10000",1,0,0,0,0
"M84333G","V5422","10000",1,0,0,0,0
"M84333K","73382","10000",1,0,0,0,0
"M84333P","73381","10000",1,0,0,0,0
"M84333S","9052","10000",1,0,0,0,0
"M84334A","73395","10000",1,0,0,0,0
"M84334D","V5422","10000",1,0,0,0,0
"M84334G","V5422","10000",1,0,0,0,0
"M84334K","73382","10000",1,0,0,0,0
"M84334P","73381","10000",1,0,0,0,0
"M84334S","9052","10000",1,0,0,0,0
"M84339A","73395","10000",1,0,0,0,0
"M84339D","V5422","10000",1,0,0,0,0
"M84339G","V5422","10000",1,0,0,0,0
"M84339K","73382","10000",1,0,0,0,0
"M84339P","73381","10000",1,0,0,0,0
"M84339S","9052","10000",1,0,0,0,0
"M84341A","73395","10000",1,0,0,0,0
"M84341D","V5422","10000",1,0,0,0,0
"M84341G","V5422","10000",1,0,0,0,0
"M84341K","73382","10000",1,0,0,0,0
"M84341P","73381","10000",1,0,0,0,0
"M84341S","9052","10000",1,0,0,0,0
"M84342A","73395","10000",1,0,0,0,0
"M84342D","V5422","10000",1,0,0,0,0
"M84342G","V5422","10000",1,0,0,0,0
"M84342K","73382","10000",1,0,0,0,0
"M84342P","73381","10000",1,0,0,0,0
"M84342S","9052","10000",1,0,0,0,0
"M84343A","73395","10000",1,0,0,0,0
"M84343D","V5422","10000",1,0,0,0,0
"M84343G","V5422","10000",1,0,0,0,0
"M84343K","73382","10000",1,0,0,0,0
"M84343P","73381","10000",1,0,0,0,0
"M84343S","9052","10000",1,0,0,0,0
"M84344A","73395","10000",1,0,0,0,0
"M84344D","V5422","10000",1,0,0,0,0
"M84344G","V5422","10000",1,0,0,0,0
"M84344K","73382","10000",1,0,0,0,0
"M84344P","73381","10000",1,0,0,0,0
"M84344S","9052","10000",1,0,0,0,0
"M84345A","73395","10000",1,0,0,0,0
"M84345D","V5422","10000",1,0,0,0,0
"M84345G","V5422","10000",1,0,0,0,0
"M84345K","73382","10000",1,0,0,0,0
"M84345P","73381","10000",1,0,0,0,0
"M84345S","9052","10000",1,0,0,0,0
"M84346A","73395","10000",1,0,0,0,0
"M84346D","V5422","10000",1,0,0,0,0
"M84346G","V5422","10000",1,0,0,0,0
"M84346K","73382","10000",1,0,0,0,0
"M84346P","73381","10000",1,0,0,0,0
"M84346S","9052","10000",1,0,0,0,0
"M84350A","73398","10000",1,0,0,0,0
"M84350D","V5429","10000",1,0,0,0,0
"M84350G","V5429","10000",1,0,0,0,0
"M84350K","73382","10000",1,0,0,0,0
"M84350P","73381","10000",1,0,0,0,0
"M84350S","9051","10000",1,0,0,0,0
"M84351A","73397","10000",1,0,0,0,0
"M84351D","V5425","10000",1,0,0,0,0
"M84351G","V5425","10000",1,0,0,0,0
"M84351K","73382","10000",1,0,0,0,0
"M84351P","73381","10000",1,0,0,0,0
"M84351S","9054","10000",1,0,0,0,0
"M84352A","73397","10000",1,0,0,0,0
"M84352D","V5425","10000",1,0,0,0,0
"M84352G","V5425","10000",1,0,0,0,0
"M84352K","73382","10000",1,0,0,0,0
"M84352P","73381","10000",1,0,0,0,0
"M84352S","9054","10000",1,0,0,0,0
"M84353A","73397","10000",1,0,0,0,0
"M84353D","V5425","10000",1,0,0,0,0
"M84353G","V5425","10000",1,0,0,0,0
"M84353K","73382","10000",1,0,0,0,0
"M84353P","73381","10000",1,0,0,0,0
"M84353S","9054","10000",1,0,0,0,0
"M84359A","73396","10000",1,0,0,0,0
"M84359D","V5423","10000",1,0,0,0,0
"M84359G","V5423","10000",1,0,0,0,0
"M84359K","73382","10000",1,0,0,0,0
"M84359P","73381","10000",1,0,0,0,0
"M84359S","9053","10000",1,0,0,0,0
"M84361A","73393","10000",1,0,0,0,0
"M84361D","V5426","10000",1,0,0,0,0
"M84361G","V5426","10000",1,0,0,0,0
"M84361K","73382","10000",1,0,0,0,0
"M84361P","73381","10000",1,0,0,0,0
"M84361S","9054","10000",1,0,0,0,0
"M84362A","73393","10000",1,0,0,0,0
"M84362D","V5426","10000",1,0,0,0,0
"M84362G","V5426","10000",1,0,0,0,0
"M84362K","73382","10000",1,0,0,0,0
"M84362P","73381","10000",1,0,0,0,0
"M84362S","9054","10000",1,0,0,0,0
"M84363A","73393","10000",1,0,0,0,0
"M84363D","V5426","10000",1,0,0,0,0
"M84363G","V5426","10000",1,0,0,0,0
"M84363K","73382","10000",1,0,0,0,0
"M84363P","73381","10000",1,0,0,0,0
"M84363S","9054","10000",1,0,0,0,0
"M84364A","73393","10000",1,0,0,0,0
"M84364D","V5426","10000",1,0,0,0,0
"M84364G","V5426","10000",1,0,0,0,0
"M84364K","73382","10000",1,0,0,0,0
"M84364P","73381","10000",1,0,0,0,0
"M84364S","9054","10000",1,0,0,0,0
"M84369A","73393","10000",1,0,0,0,0
"M84369D","V5426","10000",1,0,0,0,0
"M84369G","V5426","10000",1,0,0,0,0
"M84369K","73382","10000",1,0,0,0,0
"M84369P","73381","10000",1,0,0,0,0
"M84369S","9054","10000",1,0,0,0,0
"M84371A","73395","10000",1,0,0,0,0
"M84371D","V5426","10000",1,0,0,0,0
"M84371G","V5426","10000",1,0,0,0,0
"M84371K","73382","10000",1,0,0,0,0
"M84371P","73381","10000",1,0,0,0,0
"M84371S","9054","10000",1,0,0,0,0
"M84372A","73395","10000",1,0,0,0,0
"M84372D","V5426","10000",1,0,0,0,0
"M84372G","V5426","10000",1,0,0,0,0
"M84372K","73382","10000",1,0,0,0,0
"M84372P","73381","10000",1,0,0,0,0
"M84372S","9054","10000",1,0,0,0,0
"M84373A","73395","10000",1,0,0,0,0
"M84373D","V5426","10000",1,0,0,0,0
"M84373G","V5426","10000",1,0,0,0,0
"M84373K","73382","10000",1,0,0,0,0
"M84373P","73381","10000",1,0,0,0,0
"M84373S","9054","10000",1,0,0,0,0
"M84374A","73394","10000",1,0,0,0,0
"M84374D","V5426","10000",1,0,0,0,0
"M84374G","V5426","10000",1,0,0,0,0
"M84374K","73382","10000",1,0,0,0,0
"M84374P","73381","10000",1,0,0,0,0
"M84374S","9054","10000",1,0,0,0,0
"M84375A","73394","10000",1,0,0,0,0
"M84375D","V5426","10000",1,0,0,0,0
"M84375G","V5426","10000",1,0,0,0,0
"M84375K","73382","10000",1,0,0,0,0
"M84375P","73381","10000",1,0,0,0,0
"M84375S","9054","10000",1,0,0,0,0
"M84376A","73394","10000",1,0,0,0,0
"M84376D","V5426","10000",1,0,0,0,0
"M84376G","V5426","10000",1,0,0,0,0
"M84376K","73382","10000",1,0,0,0,0
"M84376P","73381","10000",1,0,0,0,0
"M84376S","9054","10000",1,0,0,0,0
"M84377A","73394","10000",1,0,0,0,0
"M84377D","V5426","10000",1,0,0,0,0
"M84377G","V5426","10000",1,0,0,0,0
"M84377K","73382","10000",1,0,0,0,0
"M84377P","73381","10000",1,0,0,0,0
"M84377S","9054","10000",1,0,0,0,0
"M84378A","73394","10000",1,0,0,0,0
"M84378D","V5426","10000",1,0,0,0,0
"M84378G","V5426","10000",1,0,0,0,0
"M84378K","73382","10000",1,0,0,0,0
"M84378P","73381","10000",1,0,0,0,0
"M84378S","9054","10000",1,0,0,0,0
"M84379A","73394","10000",1,0,0,0,0
"M84379D","V5426","10000",1,0,0,0,0
"M84379G","V5426","10000",1,0,0,0,0
"M84379K","73382","10000",1,0,0,0,0
"M84379P","73381","10000",1,0,0,0,0
"M84379S","9054","10000",1,0,0,0,0
"M8438XA","73395","10000",1,0,0,0,0
"M8438XD","V5429","10000",1,0,0,0,0
"M8438XG","V5429","10000",1,0,0,0,0
"M8438XK","73382","10000",1,0,0,0,0
"M8438XP","73381","10000",1,0,0,0,0
"M8438XS","9055","10000",1,0,0,0,0
"M8440XA","73310","10000",1,0,0,0,0
"M8440XD","V5420","10000",1,0,0,0,0
"M8440XD","V5424","10000",1,0,0,0,0
"M8440XD","V5427","10000",1,0,0,0,0
"M8440XD","V5429","10000",1,0,0,0,0
"M8440XG","V5429","10000",1,0,0,0,0
"M8440XK","73382","10000",1,0,0,0,0
"M8440XP","73381","10000",1,0,0,0,0
"M8440XS","9055","10000",1,0,0,0,0
"M84411A","73319","10000",1,0,0,0,0
"M84411D","V5421","10000",1,0,0,0,0
"M84411G","V5421","10000",1,0,0,0,0
"M84411K","73382","10000",1,0,0,0,0
"M84411P","73381","10000",1,0,0,0,0
"M84411S","9052","10000",1,0,0,0,0
"M84412A","73319","10000",1,0,0,0,0
"M84412D","V5421","10000",1,0,0,0,0
"M84412G","V5421","10000",1,0,0,0,0
"M84412K","73382","10000",1,0,0,0,0
"M84412P","73381","10000",1,0,0,0,0
"M84412S","9052","10000",1,0,0,0,0
"M84419A","73319","10000",1,0,0,0,0
"M84419D","V5421","10000",1,0,0,0,0
"M84419G","V5421","10000",1,0,0,0,0
"M84419K","73382","10000",1,0,0,0,0
"M84419P","73381","10000",1,0,0,0,0
"M84419S","9052","10000",1,0,0,0,0
"M84421A","73311","10000",1,0,0,0,0
"M84421D","V5421","10000",1,0,0,0,0
"M84421G","V5421","10000",1,0,0,0,0
"M84421K","73382","10000",1,0,0,0,0
"M84421P","73381","10000",1,0,0,0,0
"M84421S","9052","10000",1,0,0,0,0
"M84422A","73311","10000",1,0,0,0,0
"M84422D","V5421","10000",1,0,0,0,0
"M84422G","V5421","10000",1,0,0,0,0
"M84422K","73382","10000",1,0,0,0,0
"M84422P","73381","10000",1,0,0,0,0
"M84422S","9052","10000",1,0,0,0,0
"M84429A","73311","10000",1,0,0,0,0
"M84429D","V5421","10000",1,0,0,0,0
"M84429G","V5421","10000",1,0,0,0,0
"M84429K","73382","10000",1,0,0,0,0
"M84429P","73381","10000",1,0,0,0,0
"M84429S","9052","10000",1,0,0,0,0
"M84431A","73312","10000",1,0,0,0,0
"M84431D","V5422","10000",1,0,0,0,0
"M84431G","V5422","10000",1,0,0,0,0
"M84431K","73382","10000",1,0,0,0,0
"M84431P","73381","10000",1,0,0,0,0
"M84431S","9052","10000",1,0,0,0,0
"M84432A","73312","10000",1,0,0,0,0
"M84432D","V5422","10000",1,0,0,0,0
"M84432G","V5422","10000",1,0,0,0,0
"M84432K","73382","10000",1,0,0,0,0
"M84432P","73381","10000",1,0,0,0,0
"M84432S","9052","10000",1,0,0,0,0
"M84433A","73312","10000",1,0,0,0,0
"M84433D","V5422","10000",1,0,0,0,0
"M84433G","V5422","10000",1,0,0,0,0
"M84433K","73382","10000",1,0,0,0,0
"M84433P","73381","10000",1,0,0,0,0
"M84433S","9052","10000",1,0,0,0,0
"M84434A","73312","10000",1,0,0,0,0
"M84434D","V5422","10000",1,0,0,0,0
"M84434G","V5422","10000",1,0,0,0,0
"M84434K","73382","10000",1,0,0,0,0
"M84434P","73381","10000",1,0,0,0,0
"M84434S","9052","10000",1,0,0,0,0
"M84439A","73312","10000",1,0,0,0,0
"M84439D","V5422","10000",1,0,0,0,0
"M84439G","V5422","10000",1,0,0,0,0
"M84439K","73382","10000",1,0,0,0,0
"M84439P","73381","10000",1,0,0,0,0
"M84439S","9052","10000",1,0,0,0,0
"M84441A","73319","10000",1,0,0,0,0
"M84441D","V5422","10000",1,0,0,0,0
"M84441G","V5422","10000",1,0,0,0,0
"M84441K","73382","10000",1,0,0,0,0
"M84441P","73381","10000",1,0,0,0,0
"M84441S","9052","10000",1,0,0,0,0
"M84442A","73319","10000",1,0,0,0,0
"M84442D","V5422","10000",1,0,0,0,0
"M84442G","V5422","10000",1,0,0,0,0
"M84442K","73382","10000",1,0,0,0,0
"M84442P","73381","10000",1,0,0,0,0
"M84442S","9052","10000",1,0,0,0,0
"M84443A","73319","10000",1,0,0,0,0
"M84443D","V5422","10000",1,0,0,0,0
"M84443G","V5422","10000",1,0,0,0,0
"M84443K","73382","10000",1,0,0,0,0
"M84443P","73381","10000",1,0,0,0,0
"M84443S","9052","10000",1,0,0,0,0
"M84444A","73319","10000",1,0,0,0,0
"M84444D","V5422","10000",1,0,0,0,0
"M84444G","V5422","10000",1,0,0,0,0
"M84444K","73382","10000",1,0,0,0,0
"M84444P","73381","10000",1,0,0,0,0
"M84444S","9052","10000",1,0,0,0,0
"M84445A","73319","10000",1,0,0,0,0
"M84445D","V5422","10000",1,0,0,0,0
"M84445G","V5422","10000",1,0,0,0,0
"M84445K","73382","10000",1,0,0,0,0
"M84445P","73381","10000",1,0,0,0,0
"M84445S","9052","10000",1,0,0,0,0
"M84446A","73319","10000",1,0,0,0,0
"M84446D","V5422","10000",1,0,0,0,0
"M84446G","V5422","10000",1,0,0,0,0
"M84446K","73382","10000",1,0,0,0,0
"M84446P","73381","10000",1,0,0,0,0
"M84446S","9052","10000",1,0,0,0,0
"M84451A","73314","10000",1,0,0,0,0
"M84451A","73315","10000",1,0,0,0,0
"M84451D","V5425","10000",1,0,0,0,0
"M84451G","V5425","10000",1,0,0,0,0
"M84451K","73382","10000",1,0,0,0,0
"M84451P","73381","10000",1,0,0,0,0
"M84451S","9053","10000",1,0,0,0,0
"M84451S","9054","10000",1,0,0,0,0
"M84452A","73314","10000",1,0,0,0,0
"M84452A","73315","10000",1,0,0,0,0
"M84452D","V5425","10000",1,0,0,0,0
"M84452G","V5425","10000",1,0,0,0,0
"M84452K","73382","10000",1,0,0,0,0
"M84452P","73381","10000",1,0,0,0,0
"M84452S","9053","10000",1,0,0,0,0
"M84452S","9054","10000",1,0,0,0,0
"M84453A","73315","10000",1,0,0,0,0
"M84453D","V5425","10000",1,0,0,0,0
"M84453G","V5425","10000",1,0,0,0,0
"M84453K","73382","10000",1,0,0,0,0
"M84453P","73381","10000",1,0,0,0,0
"M84453S","9054","10000",1,0,0,0,0
"M84454A","73319","10000",1,0,0,0,0
"M84454D","V5429","10000",1,0,0,0,0
"M84454G","V5429","10000",1,0,0,0,0
"M84454K","73382","10000",1,0,0,0,0
"M84454P","73381","10000",1,0,0,0,0
"M84454S","9051","10000",1,0,0,0,0
"M84459A","73314","10000",1,0,0,0,0
"M84459D","V5423","10000",1,0,0,0,0
"M84459G","V5423","10000",1,0,0,0,0
"M84459K","73382","10000",1,0,0,0,0
"M84459P","73381","10000",1,0,0,0,0
"M84459S","9053","10000",1,0,0,0,0
"M84461A","73316","10000",1,0,0,0,0
"M84461D","V5426","10000",1,0,0,0,0
"M84461G","V5426","10000",1,0,0,0,0
"M84461K","73382","10000",1,0,0,0,0
"M84461P","73381","10000",1,0,0,0,0
"M84461S","9054","10000",1,0,0,0,0
"M84462A","73316","10000",1,0,0,0,0
"M84462D","V5426","10000",1,0,0,0,0
"M84462G","V5426","10000",1,0,0,0,0
"M84462K","73382","10000",1,0,0,0,0
"M84462P","73381","10000",1,0,0,0,0
"M84462S","9054","10000",1,0,0,0,0
"M84463A","73316","10000",1,0,0,0,0
"M84463D","V5426","10000",1,0,0,0,0
"M84463G","V5426","10000",1,0,0,0,0
"M84463K","73382","10000",1,0,0,0,0
"M84463P","73381","10000",1,0,0,0,0
"M84463S","9054","10000",1,0,0,0,0
"M84464A","73316","10000",1,0,0,0,0
"M84464D","V5426","10000",1,0,0,0,0
"M84464G","V5426","10000",1,0,0,0,0
"M84464K","73382","10000",1,0,0,0,0
"M84464P","73381","10000",1,0,0,0,0
"M84464S","9054","10000",1,0,0,0,0
"M84469A","73316","10000",1,0,0,0,0
"M84469D","V5426","10000",1,0,0,0,0
"M84469G","V5426","10000",1,0,0,0,0
"M84469K","73382","10000",1,0,0,0,0
"M84469P","73381","10000",1,0,0,0,0
"M84469S","9054","10000",1,0,0,0,0
"M84471A","73316","10000",1,0,0,0,0
"M84471D","V5426","10000",1,0,0,0,0
"M84471G","V5426","10000",1,0,0,0,0
"M84471K","73382","10000",1,0,0,0,0
"M84471P","73381","10000",1,0,0,0,0
"M84471S","9054","10000",1,0,0,0,0
"M84472A","73316","10000",1,0,0,0,0
"M84472D","V5426","10000",1,0,0,0,0
"M84472G","V5426","10000",1,0,0,0,0
"M84472K","73382","10000",1,0,0,0,0
"M84472P","73381","10000",1,0,0,0,0
"M84472S","9054","10000",1,0,0,0,0
"M84473A","73316","10000",1,0,0,0,0
"M84473D","V5426","10000",1,0,0,0,0
"M84473G","V5426","10000",1,0,0,0,0
"M84473K","73382","10000",1,0,0,0,0
"M84473P","73381","10000",1,0,0,0,0
"M84473S","9054","10000",1,0,0,0,0
"M84474A","73319","10000",1,0,0,0,0
"M84474D","V5426","10000",1,0,0,0,0
"M84474G","V5426","10000",1,0,0,0,0
"M84474K","73382","10000",1,0,0,0,0
"M84474P","73381","10000",1,0,0,0,0
"M84474S","9054","10000",1,0,0,0,0
"M84475A","73319","10000",1,0,0,0,0
"M84475D","V5426","10000",1,0,0,0,0
"M84475G","V5426","10000",1,0,0,0,0
"M84475K","73382","10000",1,0,0,0,0
"M84475P","73381","10000",1,0,0,0,0
"M84475S","9054","10000",1,0,0,0,0
"M84476A","73319","10000",1,0,0,0,0
"M84476D","V5426","10000",1,0,0,0,0
"M84476G","V5426","10000",1,0,0,0,0
"M84476K","73382","10000",1,0,0,0,0
"M84476P","73381","10000",1,0,0,0,0
"M84476S","9054","10000",1,0,0,0,0
"M84477A","73319","10000",1,0,0,0,0
"M84477D","V5426","10000",1,0,0,0,0
"M84477G","V5426","10000",1,0,0,0,0
"M84477K","73382","10000",1,0,0,0,0
"M84477P","73381","10000",1,0,0,0,0
"M84477S","9054","10000",1,0,0,0,0
"M84478A","73319","10000",1,0,0,0,0
"M84478D","V5426","10000",1,0,0,0,0
"M84478G","V5426","10000",1,0,0,0,0
"M84478K","73382","10000",1,0,0,0,0
"M84478P","73381","10000",1,0,0,0,0
"M84478S","9054","10000",1,0,0,0,0
"M84479A","73319","10000",1,0,0,0,0
"M84479D","V5426","10000",1,0,0,0,0
"M84479G","V5426","10000",1,0,0,0,0
"M84479K","73382","10000",1,0,0,0,0
"M84479P","73381","10000",1,0,0,0,0
"M84479S","9054","10000",1,0,0,0,0
"M8448XA","73319","10000",1,0,0,0,0
"M8448XD","V5429","10000",1,0,0,0,0
"M8448XG","V5429","10000",1,0,0,0,0
"M8448XK","73382","10000",1,0,0,0,0
"M8448XP","73381","10000",1,0,0,0,0
"M8448XS","9055","10000",1,0,0,0,0
"M8450XA","73310","10000",1,0,0,0,0
"M8450XD","V5429","10000",1,0,0,0,0
"M8450XG","V5429","10000",1,0,0,0,0
"M8450XK","73382","10000",1,0,0,0,0
"M8450XP","73381","10000",1,0,0,0,0
"M8450XS","9055","10000",1,0,0,0,0
"M84511A","73319","10000",1,0,0,0,0
"M84511D","V5421","10000",1,0,0,0,0
"M84511G","V5421","10000",1,0,0,0,0
"M84511K","73382","10000",1,0,0,0,0
"M84511P","73381","10000",1,0,0,0,0
"M84511S","9052","10000",1,0,0,0,0
"M84512A","73319","10000",1,0,0,0,0
"M84512D","V5421","10000",1,0,0,0,0
"M84512G","V5421","10000",1,0,0,0,0
"M84512K","73382","10000",1,0,0,0,0
"M84512P","73381","10000",1,0,0,0,0
"M84512S","9052","10000",1,0,0,0,0
"M84519A","73319","10000",1,0,0,0,0
"M84519D","V5421","10000",1,0,0,0,0
"M84519G","V5421","10000",1,0,0,0,0
"M84519K","73382","10000",1,0,0,0,0
"M84519P","73381","10000",1,0,0,0,0
"M84519S","9052","10000",1,0,0,0,0
"M84521A","73311","10000",1,0,0,0,0
"M84521D","V5421","10000",1,0,0,0,0
"M84521G","V5421","10000",1,0,0,0,0
"M84521K","73382","10000",1,0,0,0,0
"M84521P","73381","10000",1,0,0,0,0
"M84521S","9052","10000",1,0,0,0,0
"M84522A","73311","10000",1,0,0,0,0
"M84522D","V5421","10000",1,0,0,0,0
"M84522G","V5421","10000",1,0,0,0,0
"M84522K","73382","10000",1,0,0,0,0
"M84522P","73381","10000",1,0,0,0,0
"M84522S","9052","10000",1,0,0,0,0
"M84529A","73311","10000",1,0,0,0,0
"M84529D","V5421","10000",1,0,0,0,0
"M84529G","V5421","10000",1,0,0,0,0
"M84529K","73382","10000",1,0,0,0,0
"M84529P","73381","10000",1,0,0,0,0
"M84529S","9052","10000",1,0,0,0,0
"M84531A","73312","10000",1,0,0,0,0
"M84531D","V5422","10000",1,0,0,0,0
"M84531G","V5422","10000",1,0,0,0,0
"M84531K","73382","10000",1,0,0,0,0
"M84531P","73381","10000",1,0,0,0,0
"M84531S","9052","10000",1,0,0,0,0
"M84532A","73312","10000",1,0,0,0,0
"M84532D","V5422","10000",1,0,0,0,0
"M84532G","V5422","10000",1,0,0,0,0
"M84532K","73382","10000",1,0,0,0,0
"M84532P","73381","10000",1,0,0,0,0
"M84532S","9052","10000",1,0,0,0,0
"M84533A","73312","10000",1,0,0,0,0
"M84533D","V5422","10000",1,0,0,0,0
"M84533G","V5422","10000",1,0,0,0,0
"M84533K","73382","10000",1,0,0,0,0
"M84533P","73381","10000",1,0,0,0,0
"M84533S","9052","10000",1,0,0,0,0
"M84534A","73312","10000",1,0,0,0,0
"M84534D","V5422","10000",1,0,0,0,0
"M84534G","V5422","10000",1,0,0,0,0
"M84534K","73382","10000",1,0,0,0,0
"M84534P","73381","10000",1,0,0,0,0
"M84534S","9052","10000",1,0,0,0,0
"M84539A","73312","10000",1,0,0,0,0
"M84539D","V5422","10000",1,0,0,0,0
"M84539G","V5422","10000",1,0,0,0,0
"M84539K","73382","10000",1,0,0,0,0
"M84539P","73381","10000",1,0,0,0,0
"M84539S","9052","10000",1,0,0,0,0
"M84541A","73319","10000",1,0,0,0,0
"M84541D","V5422","10000",1,0,0,0,0
"M84541G","V5422","10000",1,0,0,0,0
"M84541K","73382","10000",1,0,0,0,0
"M84541P","73381","10000",1,0,0,0,0
"M84541S","9052","10000",1,0,0,0,0
"M84542A","73319","10000",1,0,0,0,0
"M84542D","V5422","10000",1,0,0,0,0
"M84542G","V5422","10000",1,0,0,0,0
"M84542K","73382","10000",1,0,0,0,0
"M84542P","73381","10000",1,0,0,0,0
"M84542S","9052","10000",1,0,0,0,0
"M84549A","73319","10000",1,0,0,0,0
"M84549D","V5422","10000",1,0,0,0,0
"M84549G","V5422","10000",1,0,0,0,0
"M84549K","73382","10000",1,0,0,0,0
"M84549P","73381","10000",1,0,0,0,0
"M84549S","9052","10000",1,0,0,0,0
"M84550A","73319","10000",1,0,0,0,0
"M84550D","V5429","10000",1,0,0,0,0
"M84550G","V5429","10000",1,0,0,0,0
"M84550K","73382","10000",1,0,0,0,0
"M84550P","73381","10000",1,0,0,0,0
"M84550S","9051","10000",1,0,0,0,0
"M84551A","73314","10000",1,0,0,0,0
"M84551A","73315","10000",1,0,0,0,0
"M84551D","V5423","10000",1,0,0,0,0
"M84551G","V5423","10000",1,0,0,0,0
"M84551K","73382","10000",1,0,0,0,0
"M84551P","73381","10000",1,0,0,0,0
"M84551S","9053","10000",1,0,0,0,0
"M84551S","9054","10000",1,0,0,0,0
"M84552A","73314","10000",1,0,0,0,0
"M84552A","73315","10000",1,0,0,0,0
"M84552D","V5423","10000",1,0,0,0,0
"M84552G","V5423","10000",1,0,0,0,0
"M84552K","73382","10000",1,0,0,0,0
"M84552P","73381","10000",1,0,0,0,0
"M84552S","9053","10000",1,0,0,0,0
"M84552S","9054","10000",1,0,0,0,0
"M84553A","73314","10000",1,0,0,0,0
"M84553A","73315","10000",1,0,0,0,0
"M84553D","V5423","10000",1,0,0,0,0
"M84553G","V5423","10000",1,0,0,0,0
"M84553K","73382","10000",1,0,0,0,0
"M84553P","73381","10000",1,0,0,0,0
"M84553S","9053","10000",1,0,0,0,0
"M84553S","9054","10000",1,0,0,0,0
"M84559A","73314","10000",1,0,0,0,0
"M84559A","73315","10000",1,0,0,0,0
"M84559D","V5423","10000",1,0,0,0,0
"M84559G","V5423","10000",1,0,0,0,0
"M84559K","73382","10000",1,0,0,0,0
"M84559P","73381","10000",1,0,0,0,0
"M84559S","9053","10000",1,0,0,0,0
"M84561A","73316","10000",1,0,0,0,0
"M84561D","V5426","10000",1,0,0,0,0
"M84561G","V5426","10000",1,0,0,0,0
"M84561K","73382","10000",1,0,0,0,0
"M84561P","73381","10000",1,0,0,0,0
"M84561S","9054","10000",1,0,0,0,0
"M84562A","73316","10000",1,0,0,0,0
"M84562D","V5426","10000",1,0,0,0,0
"M84562G","V5426","10000",1,0,0,0,0
"M84562K","73382","10000",1,0,0,0,0
"M84562P","73381","10000",1,0,0,0,0
"M84562S","9054","10000",1,0,0,0,0
"M84563A","73316","10000",1,0,0,0,0
"M84563D","V5426","10000",1,0,0,0,0
"M84563G","V5426","10000",1,0,0,0,0
"M84563K","73382","10000",1,0,0,0,0
"M84563P","73381","10000",1,0,0,0,0
"M84563S","9054","10000",1,0,0,0,0
"M84564A","73316","10000",1,0,0,0,0
"M84564D","V5426","10000",1,0,0,0,0
"M84564G","V5426","10000",1,0,0,0,0
"M84564K","73382","10000",1,0,0,0,0
"M84564P","73381","10000",1,0,0,0,0
"M84564S","9054","10000",1,0,0,0,0
"M84569A","73316","10000",1,0,0,0,0
"M84569D","V5426","10000",1,0,0,0,0
"M84569G","V5426","10000",1,0,0,0,0
"M84569K","73382","10000",1,0,0,0,0
"M84569P","73381","10000",1,0,0,0,0
"M84569S","9054","10000",1,0,0,0,0
"M84571A","73316","10000",1,0,0,0,0
"M84571D","V5426","10000",1,0,0,0,0
"M84571G","V5426","10000",1,0,0,0,0
"M84571K","73382","10000",1,0,0,0,0
"M84571P","73381","10000",1,0,0,0,0
"M84571S","9054","10000",1,0,0,0,0
"M84572A","73316","10000",1,0,0,0,0
"M84572D","V5426","10000",1,0,0,0,0
"M84572G","V5426","10000",1,0,0,0,0
"M84572K","73382","10000",1,0,0,0,0
"M84572P","73381","10000",1,0,0,0,0
"M84572S","9054","10000",1,0,0,0,0
"M84573A","73316","10000",1,0,0,0,0
"M84573D","V5426","10000",1,0,0,0,0
"M84573G","V5426","10000",1,0,0,0,0
"M84573K","73382","10000",1,0,0,0,0
"M84573P","73381","10000",1,0,0,0,0
"M84573S","9054","10000",1,0,0,0,0
"M84574A","73319","10000",1,0,0,0,0
"M84574D","V5426","10000",1,0,0,0,0
"M84574G","V5426","10000",1,0,0,0,0
"M84574K","73382","10000",1,0,0,0,0
"M84574P","73381","10000",1,0,0,0,0
"M84574S","9054","10000",1,0,0,0,0
"M84575A","73319","10000",1,0,0,0,0
"M84575D","V5426","10000",1,0,0,0,0
"M84575G","V5426","10000",1,0,0,0,0
"M84575K","73382","10000",1,0,0,0,0
"M84575P","73381","10000",1,0,0,0,0
"M84575S","9054","10000",1,0,0,0,0
"M84576A","73319","10000",1,0,0,0,0
"M84576D","V5426","10000",1,0,0,0,0
"M84576G","V5426","10000",1,0,0,0,0
"M84576K","73382","10000",1,0,0,0,0
"M84576P","73381","10000",1,0,0,0,0
"M84576S","9054","10000",1,0,0,0,0
"M8458XA","73313","10000",1,0,0,0,0
"M8458XD","V5427","10000",1,0,0,0,0
"M8458XG","V5427","10000",1,0,0,0,0
"M8458XK","73382","10000",1,0,0,0,0
"M8458XP","73381","10000",1,0,0,0,0
"M8458XS","9051","10000",1,0,0,0,0
"M8460XA","73310","10000",1,0,0,0,0
"M8460XD","V5429","10000",1,0,0,0,0
"M8460XG","V5429","10000",1,0,0,0,0
"M8460XK","73382","10000",1,0,0,0,0
"M8460XP","73381","10000",1,0,0,0,0
"M8460XS","9055","10000",1,0,0,0,0
"M84611A","73319","10000",1,0,0,0,0
"M84611D","V5421","10000",1,0,0,0,0
"M84611G","V5421","10000",1,0,0,0,0
"M84611K","73382","10000",1,0,0,0,0
"M84611P","73381","10000",1,0,0,0,0
"M84611S","9052","10000",1,0,0,0,0
"M84612A","73319","10000",1,0,0,0,0
"M84612D","V5421","10000",1,0,0,0,0
"M84612G","V5421","10000",1,0,0,0,0
"M84612K","73382","10000",1,0,0,0,0
"M84612P","73381","10000",1,0,0,0,0
"M84612S","9052","10000",1,0,0,0,0
"M84619A","73319","10000",1,0,0,0,0
"M84619D","V5421","10000",1,0,0,0,0
"M84619G","V5421","10000",1,0,0,0,0
"M84619K","73382","10000",1,0,0,0,0
"M84619P","73381","10000",1,0,0,0,0
"M84619S","9052","10000",1,0,0,0,0
"M84621A","73311","10000",1,0,0,0,0
"M84621D","V5421","10000",1,0,0,0,0
"M84621G","V5421","10000",1,0,0,0,0
"M84621K","73382","10000",1,0,0,0,0
"M84621P","73381","10000",1,0,0,0,0
"M84621S","9052","10000",1,0,0,0,0
"M84622A","73311","10000",1,0,0,0,0
"M84622D","V5421","10000",1,0,0,0,0
"M84622G","V5421","10000",1,0,0,0,0
"M84622K","73382","10000",1,0,0,0,0
"M84622P","73381","10000",1,0,0,0,0
"M84622S","9052","10000",1,0,0,0,0
"M84629A","73311","10000",1,0,0,0,0
"M84629D","V5421","10000",1,0,0,0,0
"M84629G","V5421","10000",1,0,0,0,0
"M84629K","73382","10000",1,0,0,0,0
"M84629P","73381","10000",1,0,0,0,0
"M84629S","9052","10000",1,0,0,0,0
"M84631A","73312","10000",1,0,0,0,0
"M84631D","V5422","10000",1,0,0,0,0
"M84631G","V5422","10000",1,0,0,0,0
"M84631K","73382","10000",1,0,0,0,0
"M84631P","73381","10000",1,0,0,0,0
"M84631S","9052","10000",1,0,0,0,0
"M84632A","73312","10000",1,0,0,0,0
"M84632D","V5422","10000",1,0,0,0,0
"M84632G","V5422","10000",1,0,0,0,0
"M84632K","73382","10000",1,0,0,0,0
"M84632P","73381","10000",1,0,0,0,0
"M84632S","9052","10000",1,0,0,0,0
"M84633A","73312","10000",1,0,0,0,0
"M84633D","V5422","10000",1,0,0,0,0
"M84633G","V5422","10000",1,0,0,0,0
"M84633K","73382","10000",1,0,0,0,0
"M84633P","73381","10000",1,0,0,0,0
"M84633S","9052","10000",1,0,0,0,0
"M84634A","73312","10000",1,0,0,0,0
"M84634D","V5422","10000",1,0,0,0,0
"M84634G","V5422","10000",1,0,0,0,0
"M84634K","73382","10000",1,0,0,0,0
"M84634P","73381","10000",1,0,0,0,0
"M84634S","9052","10000",1,0,0,0,0
"M84639A","73312","10000",1,0,0,0,0
"M84639D","V5422","10000",1,0,0,0,0
"M84639G","V5422","10000",1,0,0,0,0
"M84639K","73382","10000",1,0,0,0,0
"M84639P","73381","10000",1,0,0,0,0
"M84639S","9052","10000",1,0,0,0,0
"M84641A","73319","10000",1,0,0,0,0
"M84641D","V5422","10000",1,0,0,0,0
"M84641G","V5422","10000",1,0,0,0,0
"M84641K","73382","10000",1,0,0,0,0
"M84641P","73381","10000",1,0,0,0,0
"M84641S","9052","10000",1,0,0,0,0
"M84642A","73319","10000",1,0,0,0,0
"M84642D","V5422","10000",1,0,0,0,0
"M84642G","V5422","10000",1,0,0,0,0
"M84642K","73382","10000",1,0,0,0,0
"M84642P","73381","10000",1,0,0,0,0
"M84642S","9052","10000",1,0,0,0,0
"M84649A","73319","10000",1,0,0,0,0
"M84649D","V5422","10000",1,0,0,0,0
"M84649G","V5422","10000",1,0,0,0,0
"M84649K","73382","10000",1,0,0,0,0
"M84649P","73381","10000",1,0,0,0,0
"M84649S","9052","10000",1,0,0,0,0
"M84650A","73319","10000",1,0,0,0,0
"M84650D","V5429","10000",1,0,0,0,0
"M84650G","V5429","10000",1,0,0,0,0
"M84650K","73382","10000",1,0,0,0,0
"M84650P","73381","10000",1,0,0,0,0
"M84650S","9051","10000",1,0,0,0,0
"M84651A","73314","10000",1,0,0,0,0
"M84651A","73315","10000",1,0,0,0,0
"M84651D","V5423","10000",1,0,0,0,0
"M84651G","V5423","10000",1,0,0,0,0
"M84651K","73382","10000",1,0,0,0,0
"M84651P","73381","10000",1,0,0,0,0
"M84651S","9053","10000",1,0,0,0,0
"M84651S","9054","10000",1,0,0,0,0
"M84652A","73314","10000",1,0,0,0,0
"M84652A","73315","10000",1,0,0,0,0
"M84652D","V5423","10000",1,0,0,0,0
"M84652G","V5423","10000",1,0,0,0,0
"M84652K","73382","10000",1,0,0,0,0
"M84652P","73381","10000",1,0,0,0,0
"M84652S","9053","10000",1,0,0,0,0
"M84652S","9054","10000",1,0,0,0,0
"M84653A","73314","10000",1,0,0,0,0
"M84653A","73315","10000",1,0,0,0,0
"M84653D","V5423","10000",1,0,0,0,0
"M84653G","V5423","10000",1,0,0,0,0
"M84653K","73382","10000",1,0,0,0,0
"M84653P","73381","10000",1,0,0,0,0
"M84653S","9053","10000",1,0,0,0,0
"M84653S","9054","10000",1,0,0,0,0
"M84659A","73314","10000",1,0,0,0,0
"M84659A","73315","10000",1,0,0,0,0
"M84659D","V5423","10000",1,0,0,0,0
"M84659G","V5423","10000",1,0,0,0,0
"M84659K","73382","10000",1,0,0,0,0
"M84659P","73381","10000",1,0,0,0,0
"M84659S","9053","10000",1,0,0,0,0
"M84661A","73316","10000",1,0,0,0,0
"M84661D","V5426","10000",1,0,0,0,0
"M84661G","V5426","10000",1,0,0,0,0
"M84661K","73382","10000",1,0,0,0,0
"M84661P","73381","10000",1,0,0,0,0
"M84661S","9054","10000",1,0,0,0,0
"M84662A","73316","10000",1,0,0,0,0
"M84662D","V5426","10000",1,0,0,0,0
"M84662G","V5426","10000",1,0,0,0,0
"M84662K","73382","10000",1,0,0,0,0
"M84662P","73381","10000",1,0,0,0,0
"M84662S","9054","10000",1,0,0,0,0
"M84663A","73316","10000",1,0,0,0,0
"M84663D","V5426","10000",1,0,0,0,0
"M84663G","V5426","10000",1,0,0,0,0
"M84663K","73382","10000",1,0,0,0,0
"M84663P","73381","10000",1,0,0,0,0
"M84663S","9054","10000",1,0,0,0,0
"M84664A","73316","10000",1,0,0,0,0
"M84664D","V5426","10000",1,0,0,0,0
"M84664G","V5426","10000",1,0,0,0,0
"M84664K","73382","10000",1,0,0,0,0
"M84664P","73381","10000",1,0,0,0,0
"M84664S","9054","10000",1,0,0,0,0
"M84669A","73316","10000",1,0,0,0,0
"M84669D","V5426","10000",1,0,0,0,0
"M84669G","V5426","10000",1,0,0,0,0
"M84669K","73382","10000",1,0,0,0,0
"M84669P","73381","10000",1,0,0,0,0
"M84669S","9054","10000",1,0,0,0,0
"M84671A","73316","10000",1,0,0,0,0
"M84671D","V5426","10000",1,0,0,0,0
"M84671G","V5426","10000",1,0,0,0,0
"M84671K","73382","10000",1,0,0,0,0
"M84671P","73381","10000",1,0,0,0,0
"M84671S","9054","10000",1,0,0,0,0
"M84672A","73316","10000",1,0,0,0,0
"M84672D","V5426","10000",1,0,0,0,0
"M84672G","V5426","10000",1,0,0,0,0
"M84672K","73382","10000",1,0,0,0,0
"M84672P","73381","10000",1,0,0,0,0
"M84672S","9054","10000",1,0,0,0,0
"M84673A","73316","10000",1,0,0,0,0
"M84673D","V5426","10000",1,0,0,0,0
"M84673G","V5426","10000",1,0,0,0,0
"M84673K","73382","10000",1,0,0,0,0
"M84673P","73381","10000",1,0,0,0,0
"M84673S","9054","10000",1,0,0,0,0
"M84674A","73319","10000",1,0,0,0,0
"M84674D","V5426","10000",1,0,0,0,0
"M84674G","V5426","10000",1,0,0,0,0
"M84674K","73382","10000",1,0,0,0,0
"M84674P","73381","10000",1,0,0,0,0
"M84674S","9054","10000",1,0,0,0,0
"M84675A","73319","10000",1,0,0,0,0
"M84675D","V5426","10000",1,0,0,0,0
"M84675G","V5426","10000",1,0,0,0,0
"M84675K","73382","10000",1,0,0,0,0
"M84675P","73381","10000",1,0,0,0,0
"M84675S","9054","10000",1,0,0,0,0
"M84676A","73319","10000",1,0,0,0,0
"M84676D","V5426","10000",1,0,0,0,0
"M84676G","V5426","10000",1,0,0,0,0
"M84676K","73382","10000",1,0,0,0,0
"M84676P","73381","10000",1,0,0,0,0
"M84676S","9054","10000",1,0,0,0,0
"M8468XA","73313","10000",1,0,0,0,0
"M8468XA","73319","10000",1,0,0,0,0
"M8468XD","V5427","10000",1,0,0,0,0
"M8468XD","V5429","10000",1,0,0,0,0
"M8468XG","V5429","10000",1,0,0,0,0
"M8468XK","73382","10000",1,0,0,0,0
"M8468XP","73381","10000",1,0,0,0,0
"M8468XS","9055","10000",1,0,0,0,0
"M8480","73399","10000",1,0,0,0,0
"M84811","73399","10000",1,0,0,0,0
"M84812","73399","10000",1,0,0,0,0
"M84819","73399","10000",1,0,0,0,0
"M84821","73399","10000",1,0,0,0,0
"M84822","73399","10000",1,0,0,0,0
"M84829","73399","10000",1,0,0,0,0
"M84831","73399","10000",1,0,0,0,0
"M84832","73399","10000",1,0,0,0,0
"M84833","73399","10000",1,0,0,0,0
"M84834","73399","10000",1,0,0,0,0
"M84839","73399","10000",1,0,0,0,0
"M84841","73399","10000",1,0,0,0,0
"M84842","73399","10000",1,0,0,0,0
"M84849","73399","10000",1,0,0,0,0
"M84851","73399","10000",1,0,0,0,0
"M84852","73399","10000",1,0,0,0,0
"M84859","73399","10000",1,0,0,0,0
"M84861","73399","10000",1,0,0,0,0
"M84862","73399","10000",1,0,0,0,0
"M84863","73399","10000",1,0,0,0,0
"M84864","73399","10000",1,0,0,0,0
"M84869","73399","10000",1,0,0,0,0
"M84871","73399","10000",1,0,0,0,0
"M84872","73399","10000",1,0,0,0,0
"M84879","73399","10000",1,0,0,0,0
"M8488","73399","10000",1,0,0,0,0
"M849","73399","10000",1,0,0,0,0
"M8500","73329","10000",1,0,0,0,0
"M85011","73329","10000",1,0,0,0,0
"M85012","73329","10000",1,0,0,0,0
"M85019","73329","10000",1,0,0,0,0
"M85021","73329","10000",1,0,0,0,0
"M85022","73329","10000",1,0,0,0,0
"M85029","73329","10000",1,0,0,0,0
"M85031","73329","10000",1,0,0,0,0
"M85032","73329","10000",1,0,0,0,0
"M85039","73329","10000",1,0,0,0,0
"M85041","73329","10000",1,0,0,0,0
"M85042","73329","10000",1,0,0,0,0
"M85049","73329","10000",1,0,0,0,0
"M85051","73329","10000",1,0,0,0,0
"M85052","73329","10000",1,0,0,0,0
"M85059","73329","10000",1,0,0,0,0
"M85061","73329","10000",1,0,0,0,0
"M85062","73329","10000",1,0,0,0,0
"M85069","73329","10000",1,0,0,0,0
"M85071","73329","10000",1,0,0,0,0
"M85072","73329","10000",1,0,0,0,0
"M85079","73329","10000",1,0,0,0,0
"M8508","73329","10000",1,0,0,0,0
"M8509","73329","10000",1,0,0,0,0
"M8510","73399","10000",1,0,0,0,0
"M85111","73399","10000",1,0,0,0,0
"M85112","73399","10000",1,0,0,0,0
"M85119","73399","10000",1,0,0,0,0
"M85121","73399","10000",1,0,0,0,0
"M85122","73399","10000",1,0,0,0,0
"M85129","73399","10000",1,0,0,0,0
"M85131","73399","10000",1,0,0,0,0
"M85132","73399","10000",1,0,0,0,0
"M85139","73399","10000",1,0,0,0,0
"M85141","73399","10000",1,0,0,0,0
"M85142","73399","10000",1,0,0,0,0
"M85149","73399","10000",1,0,0,0,0
"M85151","73399","10000",1,0,0,0,0
"M85152","73399","10000",1,0,0,0,0
"M85159","73399","10000",1,0,0,0,0
"M85161","73399","10000",1,0,0,0,0
"M85162","73399","10000",1,0,0,0,0
"M85169","73399","10000",1,0,0,0,0
"M85171","73399","10000",1,0,0,0,0
"M85172","73399","10000",1,0,0,0,0
"M85179","73399","10000",1,0,0,0,0
"M8518","73399","10000",1,0,0,0,0
"M8519","73399","10000",1,0,0,0,0
"M852","7333","00000",0,0,0,0,0
"M8530","7335","10000",1,0,0,0,0
"M85311","7335","10000",1,0,0,0,0
"M85312","7335","10000",1,0,0,0,0
"M85319","7335","10000",1,0,0,0,0
"M85321","7335","10000",1,0,0,0,0
"M85322","7335","10000",1,0,0,0,0
"M85329","7335","10000",1,0,0,0,0
"M85331","7335","10000",1,0,0,0,0
"M85332","7335","10000",1,0,0,0,0
"M85339","7335","10000",1,0,0,0,0
"M85341","7335","10000",1,0,0,0,0
"M85342","7335","10000",1,0,0,0,0
"M85349","7335","10000",1,0,0,0,0
"M85351","7335","10000",1,0,0,0,0
"M85352","7335","10000",1,0,0,0,0
"M85359","7335","10000",1,0,0,0,0
"M85361","7335","10000",1,0,0,0,0
"M85362","7335","10000",1,0,0,0,0
"M85369","7335","10000",1,0,0,0,0
"M85371","7335","10000",1,0,0,0,0
"M85372","7335","10000",1,0,0,0,0
"M85379","7335","10000",1,0,0,0,0
"M8538","7335","10000",1,0,0,0,0
"M8539","7335","10000",1,0,0,0,0
"M8540","73321","10000",1,0,0,0,0
"M85411","73321","10000",1,0,0,0,0
"M85412","73321","10000",1,0,0,0,0
"M85419","73321","10000",1,0,0,0,0
"M85421","73321","10000",1,0,0,0,0
"M85422","73321","10000",1,0,0,0,0
"M85429","73321","10000",1,0,0,0,0
"M85431","73321","10000",1,0,0,0,0
"M85432","73321","10000",1,0,0,0,0
"M85439","73321","10000",1,0,0,0,0
"M85441","73321","10000",1,0,0,0,0
"M85442","73321","10000",1,0,0,0,0
"M85449","73321","10000",1,0,0,0,0
"M85451","73321","10000",1,0,0,0,0
"M85452","73321","10000",1,0,0,0,0
"M85459","73321","10000",1,0,0,0,0
"M85461","73321","10000",1,0,0,0,0
"M85462","73321","10000",1,0,0,0,0
"M85469","73321","10000",1,0,0,0,0
"M85471","73321","10000",1,0,0,0,0
"M85472","73321","10000",1,0,0,0,0
"M85479","73321","10000",1,0,0,0,0
"M8548","73321","10000",1,0,0,0,0
"M8550","73322","10000",1,0,0,0,0
"M85511","73322","10000",1,0,0,0,0
"M85512","73322","10000",1,0,0,0,0
"M85519","73322","10000",1,0,0,0,0
"M85521","73322","10000",1,0,0,0,0
"M85522","73322","10000",1,0,0,0,0
"M85529","73322","10000",1,0,0,0,0
"M85531","73322","10000",1,0,0,0,0
"M85532","73322","10000",1,0,0,0,0
"M85539","73322","10000",1,0,0,0,0
"M85541","73322","10000",1,0,0,0,0
"M85542","73322","10000",1,0,0,0,0
"M85549","73322","10000",1,0,0,0,0
"M85551","73322","10000",1,0,0,0,0
"M85552","73322","10000",1,0,0,0,0
"M85559","73322","10000",1,0,0,0,0
"M85561","73322","10000",1,0,0,0,0
"M85562","73322","10000",1,0,0,0,0
"M85569","73322","10000",1,0,0,0,0
"M85571","73322","10000",1,0,0,0,0
"M85572","73322","10000",1,0,0,0,0
"M85579","73322","10000",1,0,0,0,0
"M8558","73322","10000",1,0,0,0,0
"M8559","73322","10000",1,0,0,0,0
"M8560","73329","10000",1,0,0,0,0
"M85611","73329","10000",1,0,0,0,0
"M85612","73329","10000",1,0,0,0,0
"M85619","73329","10000",1,0,0,0,0
"M85621","73329","10000",1,0,0,0,0
"M85622","73329","10000",1,0,0,0,0
"M85629","73329","10000",1,0,0,0,0
"M85631","73329","10000",1,0,0,0,0
"M85632","73329","10000",1,0,0,0,0
"M85639","73329","10000",1,0,0,0,0
"M85641","73329","10000",1,0,0,0,0
"M85642","73329","10000",1,0,0,0,0
"M85649","73329","10000",1,0,0,0,0
"M85651","73329","10000",1,0,0,0,0
"M85652","73329","10000",1,0,0,0,0
"M85659","73329","10000",1,0,0,0,0
"M85661","73329","10000",1,0,0,0,0
"M85662","73329","10000",1,0,0,0,0
"M85669","73329","10000",1,0,0,0,0
"M85671","73329","10000",1,0,0,0,0
"M85672","73329","10000",1,0,0,0,0
"M85679","73329","10000",1,0,0,0,0
"M8568","73329","10000",1,0,0,0,0
"M8569","73329","10000",1,0,0,0,0
"M8580","73399","10000",1,0,0,0,0
"M85811","73399","10000",1,0,0,0,0
"M85812","73399","10000",1,0,0,0,0
"M85819","73399","10000",1,0,0,0,0
"M85821","73399","10000",1,0,0,0,0
"M85822","73399","10000",1,0,0,0,0
"M85829","73399","10000",1,0,0,0,0
"M85831","73399","10000",1,0,0,0,0
"M85832","73399","10000",1,0,0,0,0
"M85839","73399","10000",1,0,0,0,0
"M85841","73399","10000",1,0,0,0,0
"M85842","73399","10000",1,0,0,0,0
"M85849","73399","10000",1,0,0,0,0
"M85851","73399","10000",1,0,0,0,0
"M85852","73399","10000",1,0,0,0,0
"M85859","73399","10000",1,0,0,0,0
"M85861","73399","10000",1,0,0,0,0
"M85862","73399","10000",1,0,0,0,0
"M85869","73399","10000",1,0,0,0,0
"M85871","73399","10000",1,0,0,0,0
"M85872","73399","10000",1,0,0,0,0
"M85879","73399","10000",1,0,0,0,0
"M8588","73399","10000",1,0,0,0,0
"M8589","73399","10000",1,0,0,0,0
"M859","73390","10000",1,0,0,0,0
"M8600","73000","10000",1,0,0,0,0
"M86011","73001","10000",1,0,0,0,0
"M86012","73001","10000",1,0,0,0,0
"M86019","73001","10000",1,0,0,0,0
"M86021","73002","10000",1,0,0,0,0
"M86022","73002","10000",1,0,0,0,0
"M86029","73002","10000",1,0,0,0,0
"M86031","73003","10000",1,0,0,0,0
"M86032","73003","10000",1,0,0,0,0
"M86039","73003","10000",1,0,0,0,0
"M86041","73004","10000",1,0,0,0,0
"M86042","73004","10000",1,0,0,0,0
"M86049","73004","10000",1,0,0,0,0
"M86051","73005","10000",1,0,0,0,0
"M86052","73005","10000",1,0,0,0,0
"M86059","73005","10000",1,0,0,0,0
"M86061","73006","10000",1,0,0,0,0
"M86062","73006","10000",1,0,0,0,0
"M86069","73006","10000",1,0,0,0,0
"M86071","73007","10000",1,0,0,0,0
"M86072","73007","10000",1,0,0,0,0
"M86079","73007","10000",1,0,0,0,0
"M8608","73008","10000",1,0,0,0,0
"M8609","73009","10000",1,0,0,0,0
"M8610","73000","10000",1,0,0,0,0
"M86111","73001","10000",1,0,0,0,0
"M86112","73001","10000",1,0,0,0,0
"M86119","73001","10000",1,0,0,0,0
"M86121","73002","10000",1,0,0,0,0
"M86122","73002","10000",1,0,0,0,0
"M86129","73002","10000",1,0,0,0,0
"M86131","73003","10000",1,0,0,0,0
"M86132","73003","10000",1,0,0,0,0
"M86139","73003","10000",1,0,0,0,0
"M86141","73004","10000",1,0,0,0,0
"M86142","73004","10000",1,0,0,0,0
"M86149","73004","10000",1,0,0,0,0
"M86151","73005","10000",1,0,0,0,0
"M86152","73005","10000",1,0,0,0,0
"M86159","73005","10000",1,0,0,0,0
"M86161","73006","10000",1,0,0,0,0
"M86162","73006","10000",1,0,0,0,0
"M86169","73006","10000",1,0,0,0,0
"M86171","73007","10000",1,0,0,0,0
"M86172","73007","10000",1,0,0,0,0
"M86179","73007","10000",1,0,0,0,0
"M8618","73008","10000",1,0,0,0,0
"M8619","73009","10000",1,0,0,0,0
"M8620","73000","10000",1,0,0,0,0
"M86211","73001","10000",1,0,0,0,0
"M86212","73001","10000",1,0,0,0,0
"M86219","73001","10000",1,0,0,0,0
"M86221","73002","10000",1,0,0,0,0
"M86222","73002","10000",1,0,0,0,0
"M86229","73002","10000",1,0,0,0,0
"M86231","73003","10000",1,0,0,0,0
"M86232","73003","10000",1,0,0,0,0
"M86239","73003","10000",1,0,0,0,0
"M86241","73004","10000",1,0,0,0,0
"M86242","73004","10000",1,0,0,0,0
"M86249","73004","10000",1,0,0,0,0
"M86251","73005","10000",1,0,0,0,0
"M86252","73005","10000",1,0,0,0,0
"M86259","73005","10000",1,0,0,0,0
"M86261","73006","10000",1,0,0,0,0
"M86262","73006","10000",1,0,0,0,0
"M86269","73006","10000",1,0,0,0,0
"M86271","73007","10000",1,0,0,0,0
"M86272","73007","10000",1,0,0,0,0
"M86279","73007","10000",1,0,0,0,0
"M8628","73008","10000",1,0,0,0,0
"M8629","73009","10000",1,0,0,0,0
"M8630","73010","10000",1,0,0,0,0
"M86311","73011","10000",1,0,0,0,0
"M86312","73011","10000",1,0,0,0,0
"M86319","73011","10000",1,0,0,0,0
"M86321","73012","10000",1,0,0,0,0
"M86322","73012","10000",1,0,0,0,0
"M86329","73012","10000",1,0,0,0,0
"M86331","73013","10000",1,0,0,0,0
"M86332","73013","10000",1,0,0,0,0
"M86339","73013","10000",1,0,0,0,0
"M86341","73014","10000",1,0,0,0,0
"M86342","73014","10000",1,0,0,0,0
"M86349","73014","10000",1,0,0,0,0
"M86351","73015","10000",1,0,0,0,0
"M86352","73015","10000",1,0,0,0,0
"M86359","73015","10000",1,0,0,0,0
"M86361","73016","10000",1,0,0,0,0
"M86362","73016","10000",1,0,0,0,0
"M86369","73016","10000",1,0,0,0,0
"M86371","73017","10000",1,0,0,0,0
"M86372","73017","10000",1,0,0,0,0
"M86379","73017","10000",1,0,0,0,0
"M8638","73018","10000",1,0,0,0,0
"M8639","73019","10000",1,0,0,0,0
"M8640","73010","10000",1,0,0,0,0
"M86411","73011","10000",1,0,0,0,0
"M86412","73011","10000",1,0,0,0,0
"M86419","73011","10000",1,0,0,0,0
"M86421","73012","10000",1,0,0,0,0
"M86422","73012","10000",1,0,0,0,0
"M86429","73012","10000",1,0,0,0,0
"M86431","73013","10000",1,0,0,0,0
"M86432","73013","10000",1,0,0,0,0
"M86439","73013","10000",1,0,0,0,0
"M86441","73014","10000",1,0,0,0,0
"M86442","73014","10000",1,0,0,0,0
"M86449","73014","10000",1,0,0,0,0
"M86451","73015","10000",1,0,0,0,0
"M86452","73015","10000",1,0,0,0,0
"M86459","73015","10000",1,0,0,0,0
"M86461","73016","10000",1,0,0,0,0
"M86462","73016","10000",1,0,0,0,0
"M86469","73016","10000",1,0,0,0,0
"M86471","73017","10000",1,0,0,0,0
"M86472","73017","10000",1,0,0,0,0
"M86479","73017","10000",1,0,0,0,0
"M8648","73018","10000",1,0,0,0,0
"M8649","73019","10000",1,0,0,0,0
"M8650","73010","10000",1,0,0,0,0
"M86511","73011","10000",1,0,0,0,0
"M86512","73011","10000",1,0,0,0,0
"M86519","73011","10000",1,0,0,0,0
"M86521","73012","10000",1,0,0,0,0
"M86522","73012","10000",1,0,0,0,0
"M86529","73012","10000",1,0,0,0,0
"M86531","73013","10000",1,0,0,0,0
"M86532","73013","10000",1,0,0,0,0
"M86539","73013","10000",1,0,0,0,0
"M86541","73014","10000",1,0,0,0,0
"M86542","73014","10000",1,0,0,0,0
"M86549","73014","10000",1,0,0,0,0
"M86551","73015","10000",1,0,0,0,0
"M86552","73015","10000",1,0,0,0,0
"M86559","73015","10000",1,0,0,0,0
"M86561","73016","10000",1,0,0,0,0
"M86562","73016","10000",1,0,0,0,0
"M86569","73016","10000",1,0,0,0,0
"M86571","73017","10000",1,0,0,0,0
"M86572","73017","10000",1,0,0,0,0
"M86579","73017","10000",1,0,0,0,0
"M8658","73018","10000",1,0,0,0,0
"M8659","73019","10000",1,0,0,0,0
"M8660","73010","10000",1,0,0,0,0
"M86611","73011","10000",1,0,0,0,0
"M86612","73011","10000",1,0,0,0,0
"M86619","73011","10000",1,0,0,0,0
"M86621","73012","10000",1,0,0,0,0
"M86622","73012","10000",1,0,0,0,0
"M86629","73012","10000",1,0,0,0,0
"M86631","73013","10000",1,0,0,0,0
"M86632","73013","10000",1,0,0,0,0
"M86639","73013","10000",1,0,0,0,0
"M86641","73014","10000",1,0,0,0,0
"M86642","73014","10000",1,0,0,0,0
"M86649","73014","10000",1,0,0,0,0
"M86651","73015","10000",1,0,0,0,0
"M86652","73015","10000",1,0,0,0,0
"M86659","73015","10000",1,0,0,0,0
"M86661","73016","10000",1,0,0,0,0
"M86662","73016","10000",1,0,0,0,0
"M86669","73016","10000",1,0,0,0,0
"M86671","73017","10000",1,0,0,0,0
"M86672","73017","10000",1,0,0,0,0
"M86679","73017","10000",1,0,0,0,0
"M8668","73018","10000",1,0,0,0,0
"M8669","73019","10000",1,0,0,0,0
"M868X0","73019","10000",1,0,0,0,0
"M868X1","73011","10000",1,0,0,0,0
"M868X2","73012","10000",1,0,0,0,0
"M868X3","73013","10000",1,0,0,0,0
"M868X4","73014","10000",1,0,0,0,0
"M868X5","73015","10000",1,0,0,0,0
"M868X6","73016","10000",1,0,0,0,0
"M868X7","73017","10000",1,0,0,0,0
"M868X8","73018","10000",1,0,0,0,0
"M868X9","73010","10000",1,0,0,0,0
"M869","73020","10000",1,0,0,0,0
"M869","73030","10000",1,0,0,0,0
"M869","73090","10000",1,0,0,0,0
"M869","73098","10000",1,0,0,0,0
"M8700","73340","10000",1,0,0,0,0
"M87011","73341","10000",1,0,0,0,0
"M87012","73341","10000",1,0,0,0,0
"M87019","73341","10000",1,0,0,0,0
"M87021","73341","10000",1,0,0,0,0
"M87022","73341","10000",1,0,0,0,0
"M87029","73341","10000",1,0,0,0,0
"M87031","73349","10000",1,0,0,0,0
"M87032","73349","10000",1,0,0,0,0
"M87033","73349","10000",1,0,0,0,0
"M87034","73349","10000",1,0,0,0,0
"M87035","73349","10000",1,0,0,0,0
"M87036","73349","10000",1,0,0,0,0
"M87037","73349","10000",1,0,0,0,0
"M87038","73349","10000",1,0,0,0,0
"M87039","73349","10000",1,0,0,0,0
"M87041","73349","10000",1,0,0,0,0
"M87042","73349","10000",1,0,0,0,0
"M87043","73349","10000",1,0,0,0,0
"M87044","73349","10000",1,0,0,0,0
"M87045","73349","10000",1,0,0,0,0
"M87046","73349","10000",1,0,0,0,0
"M87050","73349","10000",1,0,0,0,0
"M87051","73342","10000",1,0,0,0,0
"M87051","73343","10000",1,0,0,0,0
"M87052","73342","10000",1,0,0,0,0
"M87052","73343","10000",1,0,0,0,0
"M87059","73342","10000",1,0,0,0,0
"M87059","73343","10000",1,0,0,0,0
"M87061","73349","10000",1,0,0,0,0
"M87062","73349","10000",1,0,0,0,0
"M87063","73349","10000",1,0,0,0,0
"M87064","73349","10000",1,0,0,0,0
"M87065","73349","10000",1,0,0,0,0
"M87066","73349","10000",1,0,0,0,0
"M87071","73349","10000",1,0,0,0,0
"M87072","73349","10000",1,0,0,0,0
"M87073","73349","10000",1,0,0,0,0
"M87074","73344","10000",1,0,0,0,0
"M87075","73344","10000",1,0,0,0,0
"M87076","73344","10000",1,0,0,0,0
"M87077","73349","10000",1,0,0,0,0
"M87078","73349","10000",1,0,0,0,0
"M87079","73349","10000",1,0,0,0,0
"M8708","73349","10000",1,0,0,0,0
"M8709","73349","10000",1,0,0,0,0
"M8710","73340","10000",1,0,0,0,0
"M87111","73349","10000",1,0,0,0,0
"M87112","73349","10000",1,0,0,0,0
"M87119","73349","10000",1,0,0,0,0
"M87121","73341","10000",1,0,0,0,0
"M87122","73341","10000",1,0,0,0,0
"M87129","73341","10000",1,0,0,0,0
"M87131","73349","10000",1,0,0,0,0
"M87132","73349","10000",1,0,0,0,0
"M87133","73349","10000",1,0,0,0,0
"M87134","73349","10000",1,0,0,0,0
"M87135","73349","10000",1,0,0,0,0
"M87136","73349","10000",1,0,0,0,0
"M87137","73349","10000",1,0,0,0,0
"M87138","73349","10000",1,0,0,0,0
"M87139","73349","10000",1,0,0,0,0
"M87141","73349","10000",1,0,0,0,0
"M87142","73349","10000",1,0,0,0,0
"M87143","73349","10000",1,0,0,0,0
"M87144","73349","10000",1,0,0,0,0
"M87145","73349","10000",1,0,0,0,0
"M87146","73349","10000",1,0,0,0,0
"M87150","73342","10000",1,0,0,0,0
"M87150","73343","10000",1,0,0,0,0
"M87151","73342","10000",1,0,0,0,0
"M87151","73343","10000",1,0,0,0,0
"M87152","73342","10000",1,0,0,0,0
"M87152","73343","10000",1,0,0,0,0
"M87159","73342","10000",1,0,0,0,0
"M87159","73343","10000",1,0,0,0,0
"M87161","73349","10000",1,0,0,0,0
"M87162","73349","10000",1,0,0,0,0
"M87163","73349","10000",1,0,0,0,0
"M87164","73349","10000",1,0,0,0,0
"M87165","73349","10000",1,0,0,0,0
"M87166","73349","10000",1,0,0,0,0
"M87171","73349","10000",1,0,0,0,0
"M87172","73349","10000",1,0,0,0,0
"M87173","73349","10000",1,0,0,0,0
"M87174","73344","10000",1,0,0,0,0
"M87175","73344","10000",1,0,0,0,0
"M87176","73344","10000",1,0,0,0,0
"M87177","73349","10000",1,0,0,0,0
"M87178","73349","10000",1,0,0,0,0
"M87179","73349","10000",1,0,0,0,0
"M87180","73345","10000",1,0,0,0,0
"M87188","73349","10000",1,0,0,0,0
"M8719","73349","10000",1,0,0,0,0
"M8720","73340","10000",1,0,0,0,0
"M87211","73349","10000",1,0,0,0,0
"M87212","73349","10000",1,0,0,0,0
"M87219","73349","10000",1,0,0,0,0
"M87221","73341","10000",1,0,0,0,0
"M87222","73341","10000",1,0,0,0,0
"M87229","73341","10000",1,0,0,0,0
"M87231","73349","10000",1,0,0,0,0
"M87232","73349","10000",1,0,0,0,0
"M87233","73349","10000",1,0,0,0,0
"M87234","73349","10000",1,0,0,0,0
"M87235","73349","10000",1,0,0,0,0
"M87236","73349","10000",1,0,0,0,0
"M87237","73349","10000",1,0,0,0,0
"M87238","73349","10000",1,0,0,0,0
"M87239","73349","10000",1,0,0,0,0
"M87241","73349","10000",1,0,0,0,0
"M87242","73349","10000",1,0,0,0,0
"M87243","73349","10000",1,0,0,0,0
"M87244","73349","10000",1,0,0,0,0
"M87245","73349","10000",1,0,0,0,0
"M87246","73349","10000",1,0,0,0,0
"M87250","73349","10000",1,0,0,0,0
"M87251","73342","10000",1,0,0,0,0
"M87251","73343","10000",1,0,0,0,0
"M87252","73342","10000",1,0,0,0,0
"M87252","73343","10000",1,0,0,0,0
"M87256","73342","10000",1,0,0,0,0
"M87256","73343","10000",1,0,0,0,0
"M87261","73349","10000",1,0,0,0,0
"M87262","73349","10000",1,0,0,0,0
"M87263","73349","10000",1,0,0,0,0
"M87264","73349","10000",1,0,0,0,0
"M87265","73349","10000",1,0,0,0,0
"M87266","73349","10000",1,0,0,0,0
"M87271","73349","10000",1,0,0,0,0
"M87272","73349","10000",1,0,0,0,0
"M87273","73349","10000",1,0,0,0,0
"M87274","73344","10000",1,0,0,0,0
"M87275","73344","10000",1,0,0,0,0
"M87276","73344","10000",1,0,0,0,0
"M87277","73349","10000",1,0,0,0,0
"M87278","73349","10000",1,0,0,0,0
"M87279","73349","10000",1,0,0,0,0
"M8728","73349","10000",1,0,0,0,0
"M8729","73349","10000",1,0,0,0,0
"M8730","73340","10000",1,0,0,0,0
"M87311","73349","10000",1,0,0,0,0
"M87312","73349","10000",1,0,0,0,0
"M87319","73349","10000",1,0,0,0,0
"M87321","73341","10000",1,0,0,0,0
"M87322","73341","10000",1,0,0,0,0
"M87329","73341","10000",1,0,0,0,0
"M87331","73349","10000",1,0,0,0,0
"M87332","73349","10000",1,0,0,0,0
"M87333","73349","10000",1,0,0,0,0
"M87334","73349","10000",1,0,0,0,0
"M87335","73349","10000",1,0,0,0,0
"M87336","73349","10000",1,0,0,0,0
"M87337","73349","10000",1,0,0,0,0
"M87338","73349","10000",1,0,0,0,0
"M87339","73349","10000",1,0,0,0,0
"M87341","73349","10000",1,0,0,0,0
"M87342","73349","10000",1,0,0,0,0
"M87343","73349","10000",1,0,0,0,0
"M87344","73349","10000",1,0,0,0,0
"M87345","73349","10000",1,0,0,0,0
"M87346","73349","10000",1,0,0,0,0
"M87350","73342","10000",1,0,0,0,0
"M87350","73343","10000",1,0,0,0,0
"M87351","73342","10000",1,0,0,0,0
"M87351","73343","10000",1,0,0,0,0
"M87352","73342","10000",1,0,0,0,0
"M87352","73343","10000",1,0,0,0,0
"M87353","73342","10000",1,0,0,0,0
"M87353","73343","10000",1,0,0,0,0
"M87361","73349","10000",1,0,0,0,0
"M87362","73349","10000",1,0,0,0,0
"M87363","73349","10000",1,0,0,0,0
"M87364","73349","10000",1,0,0,0,0
"M87365","73349","10000",1,0,0,0,0
"M87366","73349","10000",1,0,0,0,0
"M87371","73349","10000",1,0,0,0,0
"M87372","73349","10000",1,0,0,0,0
"M87373","73349","10000",1,0,0,0,0
"M87374","73344","10000",1,0,0,0,0
"M87375","73344","10000",1,0,0,0,0
"M87376","73344","10000",1,0,0,0,0
"M87377","73349","10000",1,0,0,0,0
"M87378","73349","10000",1,0,0,0,0
"M87379","73349","10000",1,0,0,0,0
"M8738","73349","10000",1,0,0,0,0
"M8739","73349","10000",1,0,0,0,0
"M8780","73340","10000",1,0,0,0,0
"M87811","73349","10000",1,0,0,0,0
"M87812","73349","10000",1,0,0,0,0
"M87819","73349","10000",1,0,0,0,0
"M87821","73341","10000",1,0,0,0,0
"M87822","73341","10000",1,0,0,0,0
"M87829","73341","10000",1,0,0,0,0
"M87831","73349","10000",1,0,0,0,0
"M87832","73349","10000",1,0,0,0,0
"M87833","73349","10000",1,0,0,0,0
"M87834","73349","10000",1,0,0,0,0
"M87835","73349","10000",1,0,0,0,0
"M87836","73349","10000",1,0,0,0,0
"M87837","73349","10000",1,0,0,0,0
"M87838","73349","10000",1,0,0,0,0
"M87839","73349","10000",1,0,0,0,0
"M87841","73349","10000",1,0,0,0,0
"M87842","73349","10000",1,0,0,0,0
"M87843","73349","10000",1,0,0,0,0
"M87844","73349","10000",1,0,0,0,0
"M87845","73349","10000",1,0,0,0,0
"M87849","73349","10000",1,0,0,0,0
"M87850","73342","10000",1,0,0,0,0
"M87851","73342","10000",1,0,0,0,0
"M87851","73343","10000",1,0,0,0,0
"M87852","73342","10000",1,0,0,0,0
"M87852","73343","10000",1,0,0,0,0
"M87859","73342","10000",1,0,0,0,0
"M87859","73343","10000",1,0,0,0,0
"M87861","73349","10000",1,0,0,0,0
"M87862","73349","10000",1,0,0,0,0
"M87863","73349","10000",1,0,0,0,0
"M87864","73349","10000",1,0,0,0,0
"M87865","73349","10000",1,0,0,0,0
"M87869","73349","10000",1,0,0,0,0
"M87871","73349","10000",1,0,0,0,0
"M87872","73349","10000",1,0,0,0,0
"M87873","73349","10000",1,0,0,0,0
"M87874","73344","10000",1,0,0,0,0
"M87875","73344","10000",1,0,0,0,0
"M87876","73344","10000",1,0,0,0,0
"M87877","73349","10000",1,0,0,0,0
"M87878","73349","10000",1,0,0,0,0
"M87879","73349","10000",1,0,0,0,0
"M8788","73349","10000",1,0,0,0,0
"M8789","73349","10000",1,0,0,0,0
"M879","73340","10000",1,0,0,0,0
"M880","7310","10000",1,0,0,0,0
"M881","7310","10000",1,0,0,0,0
"M88811","7310","10000",1,0,0,0,0
"M88812","7310","10000",1,0,0,0,0
"M88819","7310","10000",1,0,0,0,0
"M88821","7310","10000",1,0,0,0,0
"M88822","7310","10000",1,0,0,0,0
"M88829","7310","10000",1,0,0,0,0
"M88831","7310","10000",1,0,0,0,0
"M88832","7310","10000",1,0,0,0,0
"M88839","7310","10000",1,0,0,0,0
"M88841","7310","10000",1,0,0,0,0
"M88842","7310","10000",1,0,0,0,0
"M88849","7310","10000",1,0,0,0,0
"M88851","7310","10000",1,0,0,0,0
"M88852","7310","10000",1,0,0,0,0
"M88859","7310","10000",1,0,0,0,0
"M88861","7310","10000",1,0,0,0,0
"M88862","7310","10000",1,0,0,0,0
"M88869","7310","10000",1,0,0,0,0
"M88871","7310","10000",1,0,0,0,0
"M88872","7310","10000",1,0,0,0,0
"M88879","7310","10000",1,0,0,0,0
"M8888","7310","10000",1,0,0,0,0
"M8889","7310","10000",1,0,0,0,0
"M889","7310","10000",1,0,0,0,0
"M8900","7337","10000",1,0,0,0,0
"M89011","7337","10000",1,0,0,0,0
"M89012","7337","10000",1,0,0,0,0
"M89019","7337","10000",1,0,0,0,0
"M89021","7337","10000",1,0,0,0,0
"M89022","7337","10000",1,0,0,0,0
"M89029","7337","10000",1,0,0,0,0
"M89031","7337","10000",1,0,0,0,0
"M89032","7337","10000",1,0,0,0,0
"M89039","7337","10000",1,0,0,0,0
"M89041","7337","10000",1,0,0,0,0
"M89042","7337","10000",1,0,0,0,0
"M89049","7337","10000",1,0,0,0,0
"M89051","7337","10000",1,0,0,0,0
"M89052","7337","10000",1,0,0,0,0
"M89059","7337","10000",1,0,0,0,0
"M89061","7337","10000",1,0,0,0,0
"M89062","7337","10000",1,0,0,0,0
"M89069","7337","10000",1,0,0,0,0
"M89071","7337","10000",1,0,0,0,0
"M89072","7337","10000",1,0,0,0,0
"M89079","7337","10000",1,0,0,0,0
"M8908","7337","10000",1,0,0,0,0
"M8909","7337","10000",1,0,0,0,0
"M89121","73391","10000",1,0,0,0,0
"M89122","73391","10000",1,0,0,0,0
"M89123","73391","10000",1,0,0,0,0
"M89124","73391","10000",1,0,0,0,0
"M89125","73391","10000",1,0,0,0,0
"M89126","73391","10000",1,0,0,0,0
"M89127","73391","10000",1,0,0,0,0
"M89128","73391","10000",1,0,0,0,0
"M89129","73391","10000",1,0,0,0,0
"M89131","73391","10000",1,0,0,0,0
"M89132","73391","10000",1,0,0,0,0
"M89133","73391","10000",1,0,0,0,0
"M89134","73391","10000",1,0,0,0,0
"M89138","73391","10000",1,0,0,0,0
"M89139","73391","10000",1,0,0,0,0
"M89151","73391","10000",1,0,0,0,0
"M89152","73391","10000",1,0,0,0,0
"M89153","73391","10000",1,0,0,0,0
"M89154","73391","10000",1,0,0,0,0
"M89155","73391","10000",1,0,0,0,0
"M89156","73391","10000",1,0,0,0,0
"M89157","73391","10000",1,0,0,0,0
"M89158","73391","10000",1,0,0,0,0
"M89159","73391","10000",1,0,0,0,0
"M89160","73391","10000",1,0,0,0,0
"M89161","73391","10000",1,0,0,0,0
"M89162","73391","10000",1,0,0,0,0
"M89163","73391","10000",1,0,0,0,0
"M89164","73391","10000",1,0,0,0,0
"M89165","73391","10000",1,0,0,0,0
"M89166","73391","10000",1,0,0,0,0
"M89167","73391","10000",1,0,0,0,0
"M89168","73391","10000",1,0,0,0,0
"M89169","73391","10000",1,0,0,0,0
"M8918","73391","10000",1,0,0,0,0
"M8920","73399","10000",1,0,0,0,0
"M89211","73399","10000",1,0,0,0,0
"M89212","73399","10000",1,0,0,0,0
"M89219","73399","10000",1,0,0,0,0
"M89221","73399","10000",1,0,0,0,0
"M89222","73399","10000",1,0,0,0,0
"M89229","73399","10000",1,0,0,0,0
"M89231","73399","10000",1,0,0,0,0
"M89232","73399","10000",1,0,0,0,0
"M89233","73399","10000",1,0,0,0,0
"M89234","73399","10000",1,0,0,0,0
"M89239","73399","10000",1,0,0,0,0
"M89241","73399","10000",1,0,0,0,0
"M89242","73399","10000",1,0,0,0,0
"M89249","73399","10000",1,0,0,0,0
"M89251","73399","10000",1,0,0,0,0
"M89252","73399","10000",1,0,0,0,0
"M89259","73399","10000",1,0,0,0,0
"M89261","73399","10000",1,0,0,0,0
"M89262","73399","10000",1,0,0,0,0
"M89263","73399","10000",1,0,0,0,0
"M89264","73399","10000",1,0,0,0,0
"M89269","73399","10000",1,0,0,0,0
"M89271","73399","10000",1,0,0,0,0
"M89272","73399","10000",1,0,0,0,0
"M89279","73399","10000",1,0,0,0,0
"M8928","73399","10000",1,0,0,0,0
"M8929","73399","10000",1,0,0,0,0
"M8930","73399","10000",1,0,0,0,0
"M89311","73399","10000",1,0,0,0,0
"M89312","73399","10000",1,0,0,0,0
"M89319","73399","10000",1,0,0,0,0
"M89321","73399","10000",1,0,0,0,0
"M89322","73399","10000",1,0,0,0,0
"M89329","73399","10000",1,0,0,0,0
"M89331","73399","10000",1,0,0,0,0
"M89332","73399","10000",1,0,0,0,0
"M89333","73399","10000",1,0,0,0,0
"M89334","73399","10000",1,0,0,0,0
"M89339","73399","10000",1,0,0,0,0
"M89341","73399","10000",1,0,0,0,0
"M89342","73399","10000",1,0,0,0,0
"M89349","73399","10000",1,0,0,0,0
"M89351","73399","10000",1,0,0,0,0
"M89352","73399","10000",1,0,0,0,0
"M89359","73399","10000",1,0,0,0,0
"M89361","73399","10000",1,0,0,0,0
"M89362","73399","10000",1,0,0,0,0
"M89363","73399","10000",1,0,0,0,0
"M89364","73399","10000",1,0,0,0,0
"M89369","73399","10000",1,0,0,0,0
"M89371","73399","10000",1,0,0,0,0
"M89372","73399","10000",1,0,0,0,0
"M89379","73399","10000",1,0,0,0,0
"M8938","73399","10000",1,0,0,0,0
"M8938","73811","10000",1,0,0,0,0
"M8939","73399","10000",1,0,0,0,0
"M8940","7312","10000",1,0,0,0,0
"M89411","7312","10000",1,0,0,0,0
"M89412","7312","10000",1,0,0,0,0
"M89419","7312","10000",1,0,0,0,0
"M89421","7312","10000",1,0,0,0,0
"M89422","7312","10000",1,0,0,0,0
"M89429","7312","10000",1,0,0,0,0
"M89431","7312","10000",1,0,0,0,0
"M89432","7312","10000",1,0,0,0,0
"M89439","7312","10000",1,0,0,0,0
"M89441","7312","10000",1,0,0,0,0
"M89442","7312","10000",1,0,0,0,0
"M89449","7312","10000",1,0,0,0,0
"M89451","7312","10000",1,0,0,0,0
"M89452","7312","10000",1,0,0,0,0
"M89459","7312","10000",1,0,0,0,0
"M89461","7312","10000",1,0,0,0,0
"M89462","7312","10000",1,0,0,0,0
"M89469","7312","10000",1,0,0,0,0
"M89471","7312","10000",1,0,0,0,0
"M89472","7312","10000",1,0,0,0,0
"M89479","7312","10000",1,0,0,0,0
"M8948","7312","10000",1,0,0,0,0
"M8949","7312","10000",1,0,0,0,0
"M8950","73399","10000",1,0,0,0,0
"M89511","73399","10000",1,0,0,0,0
"M89512","73399","10000",1,0,0,0,0
"M89519","73399","10000",1,0,0,0,0
"M89521","73399","10000",1,0,0,0,0
"M89522","73399","10000",1,0,0,0,0
"M89529","73399","10000",1,0,0,0,0
"M89531","73399","10000",1,0,0,0,0
"M89532","73399","10000",1,0,0,0,0
"M89539","73399","10000",1,0,0,0,0
"M89541","73399","10000",1,0,0,0,0
"M89542","73399","10000",1,0,0,0,0
"M89549","73399","10000",1,0,0,0,0
"M89551","73399","10000",1,0,0,0,0
"M89552","73399","10000",1,0,0,0,0
"M89559","73399","10000",1,0,0,0,0
"M89561","73399","10000",1,0,0,0,0
"M89562","73399","10000",1,0,0,0,0
"M89569","73399","10000",1,0,0,0,0
"M89571","73399","10000",1,0,0,0,0
"M89572","73399","10000",1,0,0,0,0
"M89579","73399","10000",1,0,0,0,0
"M8958","73399","10000",1,0,0,0,0
"M8959","73399","10000",1,0,0,0,0
"M8960","73070","00000",0,0,0,0,0
"M89611","73071","10000",1,0,0,0,0
"M89612","73071","10000",1,0,0,0,0
"M89619","73071","10000",1,0,0,0,0
"M89621","73072","10000",1,0,0,0,0
"M89622","73072","10000",1,0,0,0,0
"M89629","73072","10000",1,0,0,0,0
"M89631","73073","10000",1,0,0,0,0
"M89632","73073","10000",1,0,0,0,0
"M89639","73073","10000",1,0,0,0,0
"M89641","73074","10000",1,0,0,0,0
"M89642","73074","10000",1,0,0,0,0
"M89649","73074","10000",1,0,0,0,0
"M89651","73075","10000",1,0,0,0,0
"M89652","73075","10000",1,0,0,0,0
"M89659","73075","10000",1,0,0,0,0
"M89661","73076","10000",1,0,0,0,0
"M89662","73076","10000",1,0,0,0,0
"M89669","73076","10000",1,0,0,0,0
"M89671","73077","10000",1,0,0,0,0
"M89672","73077","10000",1,0,0,0,0
"M89679","73077","10000",1,0,0,0,0
"M8968","73078","00000",0,0,0,0,0
"M8969","73079","00000",0,0,0,0,0
"M8970","7313","10000",1,0,0,0,0
"M89711","7313","10000",1,0,0,0,0
"M89712","7313","10000",1,0,0,0,0
"M89719","7313","10000",1,0,0,0,0
"M89721","7313","10000",1,0,0,0,0
"M89722","7313","10000",1,0,0,0,0
"M89729","7313","10000",1,0,0,0,0
"M89731","7313","10000",1,0,0,0,0
"M89732","7313","10000",1,0,0,0,0
"M89739","7313","10000",1,0,0,0,0
"M89741","7313","10000",1,0,0,0,0
"M89742","7313","10000",1,0,0,0,0
"M89749","7313","10000",1,0,0,0,0
"M89751","7313","10000",1,0,0,0,0
"M89752","7313","10000",1,0,0,0,0
"M89759","7313","10000",1,0,0,0,0
"M89761","7313","10000",1,0,0,0,0
"M89762","7313","10000",1,0,0,0,0
"M89769","7313","10000",1,0,0,0,0
"M89771","7313","10000",1,0,0,0,0
"M89772","7313","10000",1,0,0,0,0
"M89779","7313","10000",1,0,0,0,0
"M8978","7313","10000",1,0,0,0,0
"M8979","7313","10000",1,0,0,0,0
"M898X0","73399","10000",1,0,0,0,0
"M898X1","73399","10000",1,0,0,0,0
"M898X2","73399","10000",1,0,0,0,0
"M898X3","73399","10000",1,0,0,0,0
"M898X4","73399","10000",1,0,0,0,0
"M898X5","73399","10000",1,0,0,0,0
"M898X6","73399","10000",1,0,0,0,0
"M898X7","73399","10000",1,0,0,0,0
"M898X8","73399","10000",1,0,0,0,0
"M898X8","73812","10000",1,0,0,0,0
"M898X9","73399","10000",1,0,0,0,0
"M899","73390","10000",1,0,0,0,0
"M9050","7318","10111",1,0,1,1,1
"M9050","73340","10112",1,0,1,1,2
"M90511","7318","10111",1,0,1,1,1
"M90511","73341","10112",1,0,1,1,2
"M90512","7318","10111",1,0,1,1,1
"M90512","73341","10112",1,0,1,1,2
"M90519","7318","10111",1,0,1,1,1
"M90519","73341","10112",1,0,1,1,2
"M90521","7318","10111",1,0,1,1,1
"M90521","73349","10112",1,0,1,1,2
"M90522","7318","10111",1,0,1,1,1
"M90522","73349","10112",1,0,1,1,2
"M90529","7318","10111",1,0,1,1,1
"M90529","73349","10112",1,0,1,1,2
"M90531","7318","10111",1,0,1,1,1
"M90531","73349","10112",1,0,1,1,2
"M90532","7318","10111",1,0,1,1,1
"M90532","73349","10112",1,0,1,1,2
"M90539","7318","10111",1,0,1,1,1
"M90539","73349","10112",1,0,1,1,2
"M90541","7318","10111",1,0,1,1,1
"M90541","73349","10112",1,0,1,1,2
"M90542","7318","10111",1,0,1,1,1
"M90542","73349","10112",1,0,1,1,2
"M90549","7318","10111",1,0,1,1,1
"M90549","73349","10112",1,0,1,1,2
"M90551","7318","10111",1,0,1,1,1
"M90551","73342","10112",1,0,1,1,2
"M90552","7318","10111",1,0,1,1,1
"M90552","73342","10112",1,0,1,1,2
"M90559","7318","10111",1,0,1,1,1
"M90559","73342","10112",1,0,1,1,2
"M90561","7318","10111",1,0,1,1,1
"M90561","73349","10112",1,0,1,1,2
"M90562","7318","10111",1,0,1,1,1
"M90562","73349","10112",1,0,1,1,2
"M90569","7318","10111",1,0,1,1,1
"M90569","73349","10112",1,0,1,1,2
"M90571","7318","10111",1,0,1,1,1
"M90571","73349","10112",1,0,1,1,2
"M90572","7318","10111",1,0,1,1,1
"M90572","73349","10112",1,0,1,1,2
"M90579","7318","10111",1,0,1,1,1
"M90579","73349","10112",1,0,1,1,2
"M9058","7318","10111",1,0,1,1,1
"M9058","73349","10112",1,0,1,1,2
"M9059","7318","10111",1,0,1,1,1
"M9059","73349","10112",1,0,1,1,2
"M9060","7311","10000",1,0,0,0,0
"M90611","7311","10000",1,0,0,0,0
"M90612","7311","10000",1,0,0,0,0
"M90619","7311","10000",1,0,0,0,0
"M90621","7311","10000",1,0,0,0,0
"M90622","7311","10000",1,0,0,0,0
"M90629","7311","10000",1,0,0,0,0
"M90631","7311","10000",1,0,0,0,0
"M90632","7311","10000",1,0,0,0,0
"M90639","7311","10000",1,0,0,0,0
"M90641","7311","10000",1,0,0,0,0
"M90642","7311","10000",1,0,0,0,0
"M90649","7311","10000",1,0,0,0,0
"M90651","7311","10000",1,0,0,0,0
"M90652","7311","10000",1,0,0,0,0
"M90659","7311","10000",1,0,0,0,0
"M90661","7311","10000",1,0,0,0,0
"M90662","7311","10000",1,0,0,0,0
"M90669","7311","10000",1,0,0,0,0
"M90671","7311","10000",1,0,0,0,0
"M90672","7311","10000",1,0,0,0,0
"M90679","7311","10000",1,0,0,0,0
"M9068","7311","10000",1,0,0,0,0
"M9069","7311","10000",1,0,0,0,0
"M9080","7318","10000",1,0,0,0,0
"M90811","73081","10000",1,0,0,0,0
"M90811","7318","10000",1,0,0,0,0
"M90812","73081","10000",1,0,0,0,0
"M90812","7318","10000",1,0,0,0,0
"M90819","7318","10000",1,0,0,0,0
"M90821","73082","10000",1,0,0,0,0
"M90821","7318","10000",1,0,0,0,0
"M90822","73082","10000",1,0,0,0,0
"M90822","7318","10000",1,0,0,0,0
"M90829","7318","10000",1,0,0,0,0
"M90831","73083","10000",1,0,0,0,0
"M90831","7318","10000",1,0,0,0,0
"M90832","73083","10000",1,0,0,0,0
"M90832","7318","10000",1,0,0,0,0
"M90839","7318","10000",1,0,0,0,0
"M90841","73084","10000",1,0,0,0,0
"M90841","7318","10000",1,0,0,0,0
"M90842","73084","10000",1,0,0,0,0
"M90842","7318","10000",1,0,0,0,0
"M90849","7318","10000",1,0,0,0,0
"M90851","73085","10000",1,0,0,0,0
"M90851","7318","10000",1,0,0,0,0
"M90852","73085","10000",1,0,0,0,0
"M90852","7318","10000",1,0,0,0,0
"M90859","7318","10000",1,0,0,0,0
"M90861","73086","10000",1,0,0,0,0
"M90861","7318","10000",1,0,0,0,0
"M90862","73086","10000",1,0,0,0,0
"M90862","7318","10000",1,0,0,0,0
"M90869","7318","10000",1,0,0,0,0
"M90871","73087","10000",1,0,0,0,0
"M90871","7318","10000",1,0,0,0,0
"M90872","73087","10000",1,0,0,0,0
"M90872","7318","10000",1,0,0,0,0
"M90879","7318","10000",1,0,0,0,0
"M9088","73088","10000",1,0,0,0,0
"M9088","7318","10000",1,0,0,0,0
"M9089","73089","10000",1,0,0,0,0
"M9089","7318","10000",1,0,0,0,0
"M910","7321","10000",1,0,0,0,0
"M9110","7321","10000",1,0,0,0,0
"M9111","7321","10000",1,0,0,0,0
"M9112","7321","10000",1,0,0,0,0
"M9120","7321","10000",1,0,0,0,0
"M9121","7321","10000",1,0,0,0,0
"M9122","7321","10000",1,0,0,0,0
"M9130","7321","10000",1,0,0,0,0
"M9131","7321","10000",1,0,0,0,0
"M9132","7321","10000",1,0,0,0,0
"M9140","7321","10000",1,0,0,0,0
"M9141","7321","10000",1,0,0,0,0
"M9142","7321","10000",1,0,0,0,0
"M9180","7321","10000",1,0,0,0,0
"M9181","7321","10000",1,0,0,0,0
"M9182","7321","10000",1,0,0,0,0
"M9190","7321","10000",1,0,0,0,0
"M9191","7321","10000",1,0,0,0,0
"M9192","7321","10000",1,0,0,0,0
"M9200","7323","10000",1,0,0,0,0
"M9201","7323","10000",1,0,0,0,0
"M9202","7323","10000",1,0,0,0,0
"M9210","7323","10000",1,0,0,0,0
"M9211","7323","10000",1,0,0,0,0
"M9212","7323","10000",1,0,0,0,0
"M92201","7323","10000",1,0,0,0,0
"M92202","7323","10000",1,0,0,0,0
"M92209","7323","10000",1,0,0,0,0
"M92211","7323","10000",1,0,0,0,0
"M92212","7323","10000",1,0,0,0,0
"M92219","7323","10000",1,0,0,0,0
"M92221","7323","10000",1,0,0,0,0
"M92222","7323","10000",1,0,0,0,0
"M92229","7323","10000",1,0,0,0,0
"M92291","7323","10000",1,0,0,0,0
"M92292","7323","10000",1,0,0,0,0
"M92299","7323","10000",1,0,0,0,0
"M9230","7323","10000",1,0,0,0,0
"M9231","7323","10000",1,0,0,0,0
"M9232","7323","10000",1,0,0,0,0
"M9240","7324","10000",1,0,0,0,0
"M9241","7324","10000",1,0,0,0,0
"M9242","7324","10000",1,0,0,0,0
"M9250","7324","10000",1,0,0,0,0
"M9251","7324","10000",1,0,0,0,0
"M9252","7324","10000",1,0,0,0,0
"M9260","7325","10000",1,0,0,0,0
"M9261","7325","10000",1,0,0,0,0
"M9262","7325","10000",1,0,0,0,0
"M9270","7325","10000",1,0,0,0,0
"M9271","7325","10000",1,0,0,0,0
"M9272","7325","10000",1,0,0,0,0
"M928","7326","10000",1,0,0,0,0
"M929","7326","10000",1,0,0,0,0
"M93001","7322","10000",1,0,0,0,0
"M93002","7322","10000",1,0,0,0,0
"M93003","7322","10000",1,0,0,0,0
"M93011","7322","10000",1,0,0,0,0
"M93012","7322","10000",1,0,0,0,0
"M93013","7322","10000",1,0,0,0,0
"M93021","7322","10000",1,0,0,0,0
"M93022","7322","10000",1,0,0,0,0
"M93023","7322","10000",1,0,0,0,0
"M93031","7322","10000",1,0,0,0,0
"M93032","7322","10000",1,0,0,0,0
"M93033","7322","10000",1,0,0,0,0
"M931","7328","10000",1,0,0,0,0
"M9320","7327","10000",1,0,0,0,0
"M93211","7327","10000",1,0,0,0,0
"M93212","7327","10000",1,0,0,0,0
"M93219","7327","10000",1,0,0,0,0
"M93221","7327","10000",1,0,0,0,0
"M93222","7327","10000",1,0,0,0,0
"M93229","7327","10000",1,0,0,0,0
"M93231","7327","10000",1,0,0,0,0
"M93232","7327","10000",1,0,0,0,0
"M93239","7327","10000",1,0,0,0,0
"M93241","7327","10000",1,0,0,0,0
"M93242","7327","10000",1,0,0,0,0
"M93249","7327","10000",1,0,0,0,0
"M93251","7327","10000",1,0,0,0,0
"M93252","7327","10000",1,0,0,0,0
"M93259","7327","10000",1,0,0,0,0
"M93261","7327","10000",1,0,0,0,0
"M93262","7327","10000",1,0,0,0,0
"M93269","7327","10000",1,0,0,0,0
"M93271","7327","10000",1,0,0,0,0
"M93272","7327","10000",1,0,0,0,0
"M93279","7327","10000",1,0,0,0,0
"M9328","7327","10000",1,0,0,0,0
"M9329","7327","10000",1,0,0,0,0
"M9380","7328","10000",1,0,0,0,0
"M93811","7328","10000",1,0,0,0,0
"M93812","7328","10000",1,0,0,0,0
"M93819","7328","10000",1,0,0,0,0
"M93821","7328","10000",1,0,0,0,0
"M93822","7328","10000",1,0,0,0,0
"M93829","7328","10000",1,0,0,0,0
"M93831","7328","10000",1,0,0,0,0
"M93832","7328","10000",1,0,0,0,0
"M93839","7328","10000",1,0,0,0,0
"M93841","7328","10000",1,0,0,0,0
"M93842","7328","10000",1,0,0,0,0
"M93849","7328","10000",1,0,0,0,0
"M93851","7328","10000",1,0,0,0,0
"M93852","7328","10000",1,0,0,0,0
"M93859","7328","10000",1,0,0,0,0
"M93861","7328","10000",1,0,0,0,0
"M93862","7328","10000",1,0,0,0,0
"M93869","7328","10000",1,0,0,0,0
"M93871","7328","10000",1,0,0,0,0
"M93872","7328","10000",1,0,0,0,0
"M93879","7328","10000",1,0,0,0,0
"M9388","7328","10000",1,0,0,0,0
"M9389","7328","10000",1,0,0,0,0
"M9390","7329","10000",1,0,0,0,0
"M93911","7329","10000",1,0,0,0,0
"M93912","7329","10000",1,0,0,0,0
"M93919","7329","10000",1,0,0,0,0
"M93921","7329","10000",1,0,0,0,0
"M93922","7329","10000",1,0,0,0,0
"M93929","7329","10000",1,0,0,0,0
"M93931","7329","10000",1,0,0,0,0
"M93932","7329","10000",1,0,0,0,0
"M93939","7329","10000",1,0,0,0,0
"M93941","7329","10000",1,0,0,0,0
"M93942","7329","10000",1,0,0,0,0
"M93949","7329","10000",1,0,0,0,0
"M93951","7329","10000",1,0,0,0,0
"M93952","7329","10000",1,0,0,0,0
"M93959","7329","10000",1,0,0,0,0
"M93961","7329","10000",1,0,0,0,0
"M93962","7329","10000",1,0,0,0,0
"M93969","7329","10000",1,0,0,0,0
"M93971","7329","10000",1,0,0,0,0
"M93972","7329","10000",1,0,0,0,0
"M93979","7329","10000",1,0,0,0,0
"M9398","7329","10000",1,0,0,0,0
"M9399","7329","10000",1,0,0,0,0
"M940","7336","00000",0,0,0,0,0
"M941","73399","10000",1,0,0,0,0
"M9420","73392","10000",1,0,0,0,0
"M94211","73392","10000",1,0,0,0,0
"M94212","73392","10000",1,0,0,0,0
"M94219","73392","10000",1,0,0,0,0
"M94221","73392","10000",1,0,0,0,0
"M94222","73392","10000",1,0,0,0,0
"M94229","73392","10000",1,0,0,0,0
"M94231","73392","10000",1,0,0,0,0
"M94232","73392","10000",1,0,0,0,0
"M94239","73392","10000",1,0,0,0,0
"M94241","73392","10000",1,0,0,0,0
"M94242","73392","10000",1,0,0,0,0
"M94249","73392","10000",1,0,0,0,0
"M94251","73392","10000",1,0,0,0,0
"M94252","73392","10000",1,0,0,0,0
"M94259","73392","10000",1,0,0,0,0
"M94261","73392","10000",1,0,0,0,0
"M94262","73392","10000",1,0,0,0,0
"M94269","73392","10000",1,0,0,0,0
"M94271","73392","10000",1,0,0,0,0
"M94272","73392","10000",1,0,0,0,0
"M94279","73392","10000",1,0,0,0,0
"M9428","73392","10000",1,0,0,0,0
"M9429","73392","10000",1,0,0,0,0
"M94351","73399","10000",1,0,0,0,0
"M94352","73399","10000",1,0,0,0,0
"M94359","73399","10000",1,0,0,0,0
"M948X0","73399","10000",1,0,0,0,0
"M948X1","73399","10000",1,0,0,0,0
"M948X2","73399","10000",1,0,0,0,0
"M948X3","73399","10000",1,0,0,0,0
"M948X4","73399","10000",1,0,0,0,0
"M948X5","73399","10000",1,0,0,0,0
"M948X6","73399","10000",1,0,0,0,0
"M948X7","73399","10000",1,0,0,0,0
"M948X8","73399","10000",1,0,0,0,0
"M948X9","73399","10000",1,0,0,0,0
"M949","73390","10000",1,0,0,0,0
"M950","7380","00000",0,0,0,0,0
"M9510","7387","10000",1,0,0,0,0
"M9511","7387","10000",1,0,0,0,0
"M9512","7387","10000",1,0,0,0,0
"M952","73819","10000",1,0,0,0,0
"M953","7382","10000",1,0,0,0,0
"M954","7383","10000",1,0,0,0,0
"M955","7386","10000",1,0,0,0,0
"M958","7388","10000",1,0,0,0,0
"M959","7389","10000",1,0,0,0,0
"M960","V454","10000",1,0,0,0,0
"M961","72280","10000",1,0,0,0,0
"M961","72281","10000",1,0,0,0,0
"M961","72282","10000",1,0,0,0,0
"M961","72283","10000",1,0,0,0,0
"M962","73711","00000",0,0,0,0,0
"M963","73712","00000",0,0,0,0,0
"M964","73721","10000",1,0,0,0,0
"M964","73722","10000",1,0,0,0,0
"M965","73733","00000",0,0,0,0,0
"M96621","99649","10000",1,0,0,0,0
"M96622","99649","10000",1,0,0,0,0
"M96629","99649","10000",1,0,0,0,0
"M96631","99649","10000",1,0,0,0,0
"M96632","99649","10000",1,0,0,0,0
"M96639","99649","10000",1,0,0,0,0
"M9665","99649","10000",1,0,0,0,0
"M96661","99649","10000",1,0,0,0,0
"M96662","99649","10000",1,0,0,0,0
"M96669","99649","10000",1,0,0,0,0
"M96671","99649","10000",1,0,0,0,0
"M96672","99649","10000",1,0,0,0,0
"M96679","99649","10000",1,0,0,0,0
"M9669","99649","10000",1,0,0,0,0
"M96810","99811","10000",1,0,0,0,0
"M96810","99812","10000",1,0,0,0,0
"M96811","99811","10000",1,0,0,0,0
"M96811","99812","10000",1,0,0,0,0
"M96820","9982","10000",1,0,0,0,0
"M96821","9982","10000",1,0,0,0,0
"M96830","99811","10000",1,0,0,0,0
"M96830","99812","10000",1,0,0,0,0
"M96831","99811","10000",1,0,0,0,0
"M96831","99812","10000",1,0,0,0,0
"M9689","99799","10000",1,0,0,0,0
"M9900","7390","10000",1,0,0,0,0
"M9901","7391","10000",1,0,0,0,0
"M9902","7392","10000",1,0,0,0,0
"M9903","7393","10000",1,0,0,0,0
"M9904","7394","10000",1,0,0,0,0
"M9905","7395","10000",1,0,0,0,0
"M9906","7396","10000",1,0,0,0,0
"M9907","7397","10000",1,0,0,0,0
"M9908","7398","10000",1,0,0,0,0
"M9909","7399","10000",1,0,0,0,0
"M9910","83900","10000",1,0,0,0,0
"M9911","83900","10000",1,0,0,0,0
"M9912","83921","10000",1,0,0,0,0
"M9913","83920","10000",1,0,0,0,0
"M9914","83942","10000",1,0,0,0,0
"M9915","83949","10000",1,0,0,0,0
"M9916","83969","10000",1,0,0,0,0
"M9917","83969","10000",1,0,0,0,0
"M9918","83961","10000",1,0,0,0,0
"M9919","83969","10000",1,0,0,0,0
"M9920","7230","10000",1,0,0,0,0
"M9921","7230","10000",1,0,0,0,0
"M9922","72401","10000",1,0,0,0,0
"M9923","72402","10000",1,0,0,0,0
"M9924","72409","10000",1,0,0,0,0
"M9925","72409","10000",1,0,0,0,0
"M9926","72409","10000",1,0,0,0,0
"M9927","72409","10000",1,0,0,0,0
"M9928","72409","10000",1,0,0,0,0
"M9929","72409","10000",1,0,0,0,0
"M9930","7230","10000",1,0,0,0,0
"M9931","7230","10000",1,0,0,0,0
"M9932","72401","10000",1,0,0,0,0
"M9933","72402","10000",1,0,0,0,0
"M9934","72409","10000",1,0,0,0,0
"M9935","72409","10000",1,0,0,0,0
"M9936","72409","10000",1,0,0,0,0
"M9937","72409","10000",1,0,0,0,0
"M9938","72409","10000",1,0,0,0,0
"M9939","72409","10000",1,0,0,0,0
"M9940","7230","10000",1,0,0,0,0
"M9941","7230","10000",1,0,0,0,0
"M9942","72401","10000",1,0,0,0,0
"M9943","72402","10000",1,0,0,0,0
"M9944","72409","10000",1,0,0,0,0
"M9945","72409","10000",1,0,0,0,0
"M9946","72409","10000",1,0,0,0,0
"M9947","72409","10000",1,0,0,0,0
"M9948","72409","10000",1,0,0,0,0
"M9949","72409","10000",1,0,0,0,0
"M9950","7230","10000",1,0,0,0,0
"M9951","7230","10000",1,0,0,0,0
"M9952","72401","10000",1,0,0,0,0
"M9953","72402","10000",1,0,0,0,0
"M9954","72409","10000",1,0,0,0,0
"M9955","72409","10000",1,0,0,0,0
"M9956","72409","10000",1,0,0,0,0
"M9957","72409","10000",1,0,0,0,0
"M9958","72409","10000",1,0,0,0,0
"M9959","72409","10000",1,0,0,0,0
"M9960","7230","10000",1,0,0,0,0
"M9961","7230","10000",1,0,0,0,0
"M9962","72401","10000",1,0,0,0,0
"M9963","72402","10000",1,0,0,0,0
"M9964","72409","10000",1,0,0,0,0
"M9965","72409","10000",1,0,0,0,0
"M9966","72409","10000",1,0,0,0,0
"M9967","72409","10000",1,0,0,0,0
"M9968","72409","10000",1,0,0,0,0
"M9969","72409","10000",1,0,0,0,0
"M9970","7230","10000",1,0,0,0,0
"M9971","7230","10000",1,0,0,0,0
"M9972","72401","10000",1,0,0,0,0
"M9973","72402","10000",1,0,0,0,0
"M9974","72409","10000",1,0,0,0,0
"M9975","72409","10000",1,0,0,0,0
"M9976","72409","10000",1,0,0,0,0
"M9977","72409","10000",1,0,0,0,0
"M9978","72409","10000",1,0,0,0,0
"M9979","72409","10000",1,0,0,0,0
"M9980","73819","10000",1,0,0,0,0
"M9981","7382","10000",1,0,0,0,0
"M9982","7383","10000",1,0,0,0,0
"M9983","7385","10000",1,0,0,0,0
"M9984","7385","10000",1,0,0,0,0
"M9985","7386","10000",1,0,0,0,0
"M9986","7388","10000",1,0,0,0,0
"M9987","7388","10000",1,0,0,0,0
"M9988","7383","10000",1,0,0,0,0
"M9989","7386","10000",1,0,0,0,0
"M9989","7388","10000",1,0,0,0,0
"M999","7389","10000",1,0,0,0,0
"N000","5800","10000",1,0,0,0,0
"N001","5800","10000",1,0,0,0,0
"N002","5800","10000",1,0,0,0,0
"N003","5800","10000",1,0,0,0,0
"N004","5800","10000",1,0,0,0,0
"N005","5800","10000",1,0,0,0,0
"N006","5800","10000",1,0,0,0,0
"N007","5800","10000",1,0,0,0,0
"N008","58089","10000",1,0,0,0,0
"N009","5809","10000",1,0,0,0,0
"N010","5804","10000",1,0,0,0,0
"N011","5804","10000",1,0,0,0,0
"N012","5804","10000",1,0,0,0,0
"N013","5804","10000",1,0,0,0,0
"N014","5804","10000",1,0,0,0,0
"N015","5804","10000",1,0,0,0,0
"N016","5804","10000",1,0,0,0,0
"N017","5804","10000",1,0,0,0,0
"N018","5804","10000",1,0,0,0,0
"N019","5804","10000",1,0,0,0,0
"N020","5813","10000",1,0,0,0,0
"N021","5811","10000",1,0,0,0,0
"N022","5811","10000",1,0,0,0,0
"N023","5811","10000",1,0,0,0,0
"N024","5812","10000",1,0,0,0,0
"N025","5812","10000",1,0,0,0,0
"N026","5812","10000",1,0,0,0,0
"N027","5812","10000",1,0,0,0,0
"N028","58189","10000",1,0,0,0,0
"N029","5819","10000",1,0,0,0,0
"N030","58289","10000",1,0,0,0,0
"N031","5821","10000",1,0,0,0,0
"N032","5820","10000",1,0,0,0,0
"N033","5821","10000",1,0,0,0,0
"N034","5822","10000",1,0,0,0,0
"N035","5822","10000",1,0,0,0,0
"N036","5822","10000",1,0,0,0,0
"N037","5822","10000",1,0,0,0,0
"N038","5824","10000",1,0,0,0,0
"N038","58289","10000",1,0,0,0,0
"N039","5829","10000",1,0,0,0,0
"N040","5813","10000",1,0,0,0,0
"N041","5811","10000",1,0,0,0,0
"N042","5811","10000",1,0,0,0,0
"N043","5812","10000",1,0,0,0,0
"N044","5810","10000",1,0,0,0,0
"N044","5812","10000",1,0,0,0,0
"N045","5812","10000",1,0,0,0,0
"N046","5812","10000",1,0,0,0,0
"N047","58189","10000",1,0,0,0,0
"N048","58189","10000",1,0,0,0,0
"N049","5819","10000",1,0,0,0,0
"N050","58389","10000",1,0,0,0,0
"N051","58389","10000",1,0,0,0,0
"N052","5831","10000",1,0,0,0,0
"N053","5832","10000",1,0,0,0,0
"N054","5832","10000",1,0,0,0,0
"N055","5832","10000",1,0,0,0,0
"N056","58389","10000",1,0,0,0,0
"N057","58389","10000",1,0,0,0,0
"N058","58389","10000",1,0,0,0,0
"N059","5830","10000",1,0,0,0,0
"N059","5834","10000",1,0,0,0,0
"N059","5839","10000",1,0,0,0,0
"N060","58389","10000",1,0,0,0,0
"N061","58389","10000",1,0,0,0,0
"N062","5831","10000",1,0,0,0,0
"N063","5832","10000",1,0,0,0,0
"N064","5832","10000",1,0,0,0,0
"N065","5832","10000",1,0,0,0,0
"N066","58389","10000",1,0,0,0,0
"N067","58389","10000",1,0,0,0,0
"N068","58389","10000",1,0,0,0,0
"N069","5839","10000",1,0,0,0,0
"N070","58389","10000",1,0,0,0,0
"N071","58389","10000",1,0,0,0,0
"N072","5831","10000",1,0,0,0,0
"N073","5832","10000",1,0,0,0,0
"N074","5832","10000",1,0,0,0,0
"N075","5832","10000",1,0,0,0,0
"N076","58389","10000",1,0,0,0,0
"N077","58389","10000",1,0,0,0,0
"N078","58389","10000",1,0,0,0,0
"N079","5839","10000",1,0,0,0,0
"N08","58381","10000",1,0,0,0,0
"N10","59010","10000",1,0,0,0,0
"N10","59011","10000",1,0,0,0,0
"N110","59000","10000",1,0,0,0,0
"N110","59001","10000",1,0,0,0,0
"N111","59001","10112",1,0,1,1,2
"N111","5933","10111",1,0,1,1,1
"N111","5934","10111",1,0,1,1,1
"N118","59001","10000",1,0,0,0,0
"N119","59080","10000",1,0,0,0,0
"N12","59080","10000",1,0,0,0,0
"N131","591","10000",1,0,0,0,0
"N132","591","10000",1,0,0,0,0
"N1330","591","10000",1,0,0,0,0
"N1339","591","10000",1,0,0,0,0
"N134","5935","00000",0,0,0,0,0
"N135","5933","10000",1,0,0,0,0
"N136","59080","10000",1,0,0,0,0
"N1370","59370","10000",1,0,0,0,0
"N1371","59370","10000",1,0,0,0,0
"N13721","59371","10000",1,0,0,0,0
"N13722","59372","10000",1,0,0,0,0
"N13729","59373","10000",1,0,0,0,0
"N13731","59371","10000",1,0,0,0,0
"N13732","59372","10000",1,0,0,0,0
"N13739","59373","10000",1,0,0,0,0
"N138","5934","10000",1,0,0,0,0
"N139","59373","10000",1,0,0,0,0
"N139","59960","10000",1,0,0,0,0
"N139","59969","10000",1,0,0,0,0
"N140","58389","10000",1,0,0,0,0
"N141","58389","10000",1,0,0,0,0
"N142","58389","10000",1,0,0,0,0
"N143","58389","10000",1,0,0,0,0
"N144","58389","10000",1,0,0,0,0
"N150","58389","10000",1,0,0,0,0
"N151","5902","00000",0,0,0,0,0
"N158","58389","10000",1,0,0,0,0
"N159","5839","10000",1,0,0,0,0
"N159","5909","10000",1,0,0,0,0
"N16","58381","10000",1,0,0,0,0
"N16","59081","10000",1,0,0,0,0
"N170","5845","00000",0,0,0,0,0
"N171","5836","10000",1,0,0,0,0
"N171","5846","10000",1,0,0,0,0
"N172","5837","10000",1,0,0,0,0
"N172","5847","10000",1,0,0,0,0
"N178","5848","00000",0,0,0,0,0
"N179","5849","00000",0,0,0,0,0
"N181","5851","00000",0,0,0,0,0
"N182","5852","00000",0,0,0,0,0
"N183","5853","00000",0,0,0,0,0
"N184","5854","00000",0,0,0,0,0
"N185","5855","00000",0,0,0,0,0
"N186","5856","00000",0,0,0,0,0
"N189","5859","00000",0,0,0,0,0
"N19","586","00000",0,0,0,0,0
"N200","5920","10000",1,0,0,0,0
"N201","5921","00000",0,0,0,0,0
"N202","5920","10000",1,0,0,0,0
"N209","5929","10000",1,0,0,0,0
"N210","5940","10000",1,0,0,0,0
"N210","5941","10000",1,0,0,0,0
"N211","5942","00000",0,0,0,0,0
"N218","5948","00000",0,0,0,0,0
"N219","5949","00000",0,0,0,0,0
"N22","5929","10000",1,0,0,0,0
"N23","7880","00000",0,0,0,0,0
"N250","5880","00000",0,0,0,0,0
"N251","5881","00000",0,0,0,0,0
"N2581","58881","00000",0,0,0,0,0
"N2589","58889","00000",0,0,0,0,0
"N259","5889","00000",0,0,0,0,0
"N261","587","10000",1,0,0,0,0
"N262","40591","10000",1,0,0,0,0
"N269","587","10000",1,0,0,0,0
"N270","5890","00000",0,0,0,0,0
"N271","5891","00000",0,0,0,0,0
"N279","5899","00000",0,0,0,0,0
"N280","59381","10000",1,0,0,0,0
"N281","5932","00000",0,0,0,0,0
"N2881","5931","00000",0,0,0,0,0
"N2882","59389","10000",1,0,0,0,0
"N2883","5930","00000",0,0,0,0,0
"N2884","5903","10000",1,0,0,0,0
"N2885","5903","10000",1,0,0,0,0
"N2886","5903","10000",1,0,0,0,0
"N2889","59382","10000",1,0,0,0,0
"N2889","59389","10000",1,0,0,0,0
"N289","5939","10000",1,0,0,0,0
"N29","5939","10000",1,0,0,0,0
"N3000","5950","10000",1,0,0,0,0
"N3001","5950","10000",1,0,0,0,0
"N3010","5951","10000",1,0,0,0,0
"N3011","5951","10000",1,0,0,0,0
"N3020","5952","10000",1,0,0,0,0
"N3021","5952","10000",1,0,0,0,0
"N3030","5953","10000",1,0,0,0,0
"N3031","5953","10000",1,0,0,0,0
"N3040","59582","10000",1,0,0,0,0
"N3041","59582","10000",1,0,0,0,0
"N3080","59589","10000",1,0,0,0,0
"N3081","5954","10000",1,0,0,0,0
"N3081","59581","10000",1,0,0,0,0
"N3081","59589","10000",1,0,0,0,0
"N3090","5959","10000",1,0,0,0,0
"N3091","5959","10000",1,0,0,0,0
"N310","59654","10000",1,0,0,0,0
"N311","59654","10000",1,0,0,0,0
"N312","5964","10000",1,0,0,0,0
"N312","59653","10000",1,0,0,0,0
"N318","59652","10000",1,0,0,0,0
"N319","59654","10000",1,0,0,0,0
"N319","59659","10000",1,0,0,0,0
"N320","5960","00000",0,0,0,0,0
"N321","5961","00000",0,0,0,0,0
"N322","5962","00000",0,0,0,0,0
"N323","5963","00000",0,0,0,0,0
"N3281","59651","00000",0,0,0,0,0
"N3289","5966","10000",1,0,0,0,0
"N3289","5967","10000",1,0,0,0,0
"N3289","59689","10000",1,0,0,0,0
"N329","5969","00000",0,0,0,0,0
"N33","59689","10000",1,0,0,0,0
"N340","5970","00000",0,0,0,0,0
"N341","09940","10000",1,0,0,0,0
"N341","59780","10000",1,0,0,0,0
"N342","59789","10000",1,0,0,0,0
"N343","59781","00000",0,0,0,0,0
"N35010","5981","10000",1,0,0,0,0
"N35011","5981","10000",1,0,0,0,0
"N35012","5981","10000",1,0,0,0,0
"N35013","5981","10000",1,0,0,0,0
"N35014","5981","10000",1,0,0,0,0
"N35021","5981","10000",1,0,0,0,0
"N35028","5981","10000",1,0,0,0,0
"N35111","59800","10000",1,0,0,0,0
"N35112","59800","10000",1,0,0,0,0
"N35113","59800","10000",1,0,0,0,0
"N35114","59800","10000",1,0,0,0,0
"N35119","59800","10000",1,0,0,0,0
"N3512","59800","10000",1,0,0,0,0
"N358","5988","00000",0,0,0,0,0
"N359","5989","00000",0,0,0,0,0
"N360","5991","00000",0,0,0,0,0
"N361","5992","00000",0,0,0,0,0
"N362","5993","00000",0,0,0,0,0
"N3641","59981","10000",1,0,0,0,0
"N3642","59982","10000",1,0,0,0,0
"N3643","59981","10111",1,0,1,1,1
"N3643","59982","10112",1,0,1,1,2
"N3644","59655","00000",0,0,0,0,0
"N365","5994","00000",0,0,0,0,0
"N368","5995","10000",1,0,0,0,0
"N368","59984","10000",1,0,0,0,0
"N369","5999","10000",1,0,0,0,0
"N37","59801","10000",1,0,0,0,0
"N390","5990","00000",0,0,0,0,0
"N393","6256","10000",1,0,0,0,0
"N393","78832","10000",1,0,0,0,0
"N3941","78831","00000",0,0,0,0,0
"N3942","78834","00000",0,0,0,0,0
"N3943","78835","00000",0,0,0,0,0
"N3944","78836","00000",0,0,0,0,0
"N3945","78837","00000",0,0,0,0,0
"N3946","78833","00000",0,0,0,0,0
"N39490","78838","00000",0,0,0,0,0
"N39498","78839","00000",0,0,0,0,0
"N398","59989","00000",0,0,0,0,0
"N399","5999","10000",1,0,0,0,0
"N400","60000","10000",1,0,0,0,0
"N401","60001","10000",1,0,0,0,0
"N402","60010","10000",1,0,0,0,0
"N403","60011","10000",1,0,0,0,0
"N410","6010","00000",0,0,0,0,0
"N411","6011","00000",0,0,0,0,0
"N412","6012","00000",0,0,0,0,0
"N413","6013","00000",0,0,0,0,0
"N414","6018","10000",1,0,0,0,0
"N418","6018","10000",1,0,0,0,0
"N419","6019","00000",0,0,0,0,0
"N420","6020","00000",0,0,0,0,0
"N421","6021","00000",0,0,0,0,0
"N423","6023","00000",0,0,0,0,0
"N4281","6028","10000",1,0,0,0,0
"N4282","6028","10000",1,0,0,0,0
"N4283","6003","00000",0,0,0,0,0
"N4289","6022","10000",1,0,0,0,0
"N4289","6028","10000",1,0,0,0,0
"N429","6029","00000",0,0,0,0,0
"N430","6030","00000",0,0,0,0,0
"N431","6031","00000",0,0,0,0,0
"N432","6038","00000",0,0,0,0,0
"N433","6039","00000",0,0,0,0,0
"N4340","6081","10000",1,0,0,0,0
"N4341","6081","10000",1,0,0,0,0
"N4342","6081","10000",1,0,0,0,0
"N4400","60820","00000",0,0,0,0,0
"N4401","60821","00000",0,0,0,0,0
"N4402","60822","00000",0,0,0,0,0
"N4403","60823","00000",0,0,0,0,0
"N4404","60824","00000",0,0,0,0,0
"N441","60889","10000",1,0,0,0,0
"N442","60889","10000",1,0,0,0,0
"N448","60889","10000",1,0,0,0,0
"N451","60490","10000",1,0,0,0,0
"N451","60499","10000",1,0,0,0,0
"N452","60490","10000",1,0,0,0,0
"N452","60499","10000",1,0,0,0,0
"N453","60490","10000",1,0,0,0,0
"N453","60499","10000",1,0,0,0,0
"N454","6040","10000",1,0,0,0,0
"N4601","6060","10000",1,0,0,0,0
"N46021","6060","10000",1,0,0,0,0
"N46022","6060","10000",1,0,0,0,0
"N46023","6060","10000",1,0,0,0,0
"N46024","6060","10000",1,0,0,0,0
"N46025","6060","10000",1,0,0,0,0
"N46029","6068","10000",1,0,0,0,0
"N4611","6061","10000",1,0,0,0,0
"N46121","6061","10000",1,0,0,0,0
"N46122","6061","10000",1,0,0,0,0
"N46123","6061","10000",1,0,0,0,0
"N46124","6061","10000",1,0,0,0,0
"N46125","6061","10000",1,0,0,0,0
"N46129","6061","10000",1,0,0,0,0
"N468","6068","10000",1,0,0,0,0
"N469","6069","00000",0,0,0,0,0
"N470","605","10000",1,0,0,0,0
"N471","605","10000",1,0,0,0,0
"N472","605","10000",1,0,0,0,0
"N473","605","10000",1,0,0,0,0
"N474","605","10000",1,0,0,0,0
"N475","605","10000",1,0,0,0,0
"N476","6071","10000",1,0,0,0,0
"N477","605","10000",1,0,0,0,0
"N478","605","10000",1,0,0,0,0
"N480","6070","10000",1,0,0,0,0
"N480","60781","10000",1,0,0,0,0
"N481","6071","10000",1,0,0,0,0
"N4821","6072","10000",1,0,0,0,0
"N4822","6072","10000",1,0,0,0,0
"N4829","6072","10000",1,0,0,0,0
"N4830","6073","10000",1,0,0,0,0
"N4831","6073","10000",1,0,0,0,0
"N4832","6073","10000",1,0,0,0,0
"N4833","6073","10000",1,0,0,0,0
"N4839","6073","10000",1,0,0,0,0
"N485","60789","10000",1,0,0,0,0
"N486","60785","10000",1,0,0,0,0
"N4881","60789","10000",1,0,0,0,0
"N4882","60789","10000",1,0,0,0,0
"N4883","60789","10000",1,0,0,0,0
"N4889","60783","10000",1,0,0,0,0
"N4889","60789","10000",1,0,0,0,0
"N489","6079","00000",0,0,0,0,0
"N490","6080","00000",0,0,0,0,0
"N491","6084","10000",1,0,0,0,0
"N492","6084","10000",1,0,0,0,0
"N493","6084","10000",1,0,0,0,0
"N498","6084","10000",1,0,0,0,0
"N499","6084","10000",1,0,0,0,0
"N500","6083","00000",0,0,0,0,0
"N501","60782","10000",1,0,0,0,0
"N501","60883","10000",1,0,0,0,0
"N503","60889","10000",1,0,0,0,0
"N508","60884","10000",1,0,0,0,0
"N508","60885","10000",1,0,0,0,0
"N508","60886","10000",1,0,0,0,0
"N508","60889","10000",1,0,0,0,0
"N509","6089","10000",1,0,0,0,0
"N51","60881","10000",1,0,0,0,0
"N5201","60784","10000",1,0,0,0,0
"N5202","60784","10000",1,0,0,0,0
"N5203","60784","10000",1,0,0,0,0
"N521","60784","10000",1,0,0,0,0
"N522","60784","10000",1,0,0,0,0
"N5231","60784","10000",1,0,0,0,0
"N5232","60784","10000",1,0,0,0,0
"N5233","60784","10000",1,0,0,0,0
"N5234","60784","10000",1,0,0,0,0
"N5239","60784","10000",1,0,0,0,0
"N528","60784","10000",1,0,0,0,0
"N529","60784","10000",1,0,0,0,0
"N5311","60887","10000",1,0,0,0,0
"N5312","60889","10000",1,0,0,0,0
"N5313","60887","10000",1,0,0,0,0
"N5314","60887","10000",1,0,0,0,0
"N5319","60887","10000",1,0,0,0,0
"N538","60889","10000",1,0,0,0,0
"N539","60889","10000",1,0,0,0,0
"N6001","6100","10000",1,0,0,0,0
"N6002","6100","10000",1,0,0,0,0
"N6009","6100","10000",1,0,0,0,0
"N6011","6101","10000",1,0,0,0,0
"N6012","6101","10000",1,0,0,0,0
"N6019","6101","10000",1,0,0,0,0
"N6021","6102","10000",1,0,0,0,0
"N6022","6102","10000",1,0,0,0,0
"N6029","6102","10000",1,0,0,0,0
"N6031","6103","10000",1,0,0,0,0
"N6032","6103","10000",1,0,0,0,0
"N6039","6103","10000",1,0,0,0,0
"N6041","6104","10000",1,0,0,0,0
"N6042","6104","10000",1,0,0,0,0
"N6049","6104","10000",1,0,0,0,0
"N6081","6108","10000",1,0,0,0,0
"N6082","6108","10000",1,0,0,0,0
"N6089","6108","10000",1,0,0,0,0
"N6091","6109","10000",1,0,0,0,0
"N6092","6109","10000",1,0,0,0,0
"N6099","6109","10000",1,0,0,0,0
"N61","6110","00000",0,0,0,0,0
"N62","6111","00000",0,0,0,0,0
"N63","61172","00000",0,0,0,0,0
"N640","6112","10000",1,0,0,0,0
"N641","6113","00000",0,0,0,0,0
"N642","6114","00000",0,0,0,0,0
"N643","6116","00000",0,0,0,0,0
"N644","61171","00000",0,0,0,0,0
"N6451","61179","10000",1,0,0,0,0
"N6452","61179","10000",1,0,0,0,0
"N6453","61179","10000",1,0,0,0,0
"N6459","61179","10000",1,0,0,0,0
"N6481","61181","00000",0,0,0,0,0
"N6482","61182","00000",0,0,0,0,0
"N6489","6115","10000",1,0,0,0,0
"N6489","61189","10000",1,0,0,0,0
"N649","6119","00000",0,0,0,0,0
"N650","6120","00000",0,0,0,0,0
"N651","6121","00000",0,0,0,0,0
"N7001","6140","10000",1,0,0,0,0
"N7002","6140","10000",1,0,0,0,0
"N7003","6140","10000",1,0,0,0,0
"N7011","6141","10000",1,0,0,0,0
"N7012","6141","10000",1,0,0,0,0
"N7013","6141","10000",1,0,0,0,0
"N7091","6142","10000",1,0,0,0,0
"N7092","6142","10000",1,0,0,0,0
"N7093","6142","10000",1,0,0,0,0
"N710","6150","00000",0,0,0,0,0
"N711","6151","00000",0,0,0,0,0
"N719","6159","00000",0,0,0,0,0
"N72","6160","00000",0,0,0,0,0
"N730","6143","00000",0,0,0,0,0
"N731","6144","10000",1,0,0,0,0
"N732","6144","10000",1,0,0,0,0
"N733","6145","00000",0,0,0,0,0
"N734","6147","00000",0,0,0,0,0
"N735","6149","10000",1,0,0,0,0
"N736","6146","00000",0,0,0,0,0
"N738","6148","10000",1,0,0,0,0
"N739","6149","10000",1,0,0,0,0
"N739","6169","10000",1,0,0,0,0
"N74","6148","10000",1,0,0,0,0
"N750","6162","10000",1,0,0,0,0
"N751","6163","00000",0,0,0,0,0
"N758","6162","10000",1,0,0,0,0
"N759","61689","10000",1,0,0,0,0
"N760","61610","10000",1,0,0,0,0
"N761","61610","10000",1,0,0,0,0
"N762","61610","10000",1,0,0,0,0
"N763","61610","10000",1,0,0,0,0
"N764","6164","00000",0,0,0,0,0
"N765","61689","10000",1,0,0,0,0
"N766","61650","00000",0,0,0,0,0
"N7681","61681","00000",0,0,0,0,0
"N7689","61689","10000",1,0,0,0,0
"N770","61651","00000",0,0,0,0,0
"N771","61611","10000",1,0,0,0,0
"N800","6170","00000",0,0,0,0,0
"N801","6171","00000",0,0,0,0,0
"N802","6172","00000",0,0,0,0,0
"N803","6173","00000",0,0,0,0,0
"N804","6174","00000",0,0,0,0,0
"N805","6175","00000",0,0,0,0,0
"N806","6176","00000",0,0,0,0,0
"N808","6178","00000",0,0,0,0,0
"N809","6179","00000",0,0,0,0,0
"N810","61803","00000",0,0,0,0,0
"N8110","61801","10000",1,0,0,0,0
"N8111","61801","10000",1,0,0,0,0
"N8112","61802","00000",0,0,0,0,0
"N812","6182","10000",1,0,0,0,0
"N812","61884","10000",1,0,0,0,0
"N813","6183","00000",0,0,0,0,0
"N814","6184","00000",0,0,0,0,0
"N815","6186","00000",0,0,0,0,0
"N816","61804","00000",0,0,0,0,0
"N8181","61805","00000",0,0,0,0,0
"N8182","61881","00000",0,0,0,0,0
"N8183","61882","00000",0,0,0,0,0
"N8184","61883","00000",0,0,0,0,0
"N8185","61884","10000",1,0,0,0,0
"N8189","6187","10000",1,0,0,0,0
"N8189","61889","10000",1,0,0,0,0
"N819","61800","10000",1,0,0,0,0
"N819","6189","10000",1,0,0,0,0
"N820","6190","10000",1,0,0,0,0
"N821","6190","10000",1,0,0,0,0
"N822","6191","10000",1,0,0,0,0
"N823","6191","10000",1,0,0,0,0
"N824","6191","10000",1,0,0,0,0
"N825","6192","00000",0,0,0,0,0
"N828","6198","10000",1,0,0,0,0
"N829","6199","00000",0,0,0,0,0
"N830","6200","00000",0,0,0,0,0
"N831","6201","00000",0,0,0,0,0
"N8320","6202","10000",1,0,0,0,0
"N8329","6202","10000",1,0,0,0,0
"N8331","6203","10000",1,0,0,0,0
"N8332","6203","10000",1,0,0,0,0
"N8333","6203","10000",1,0,0,0,0
"N834","6204","00000",0,0,0,0,0
"N8351","6205","10000",1,0,0,0,0
"N8352","6205","10000",1,0,0,0,0
"N8353","6205","10000",1,0,0,0,0
"N836","6208","10000",1,0,0,0,0
"N837","6207","00000",0,0,0,0,0
"N838","6206","10000",1,0,0,0,0
"N838","6208","10000",1,0,0,0,0
"N839","6209","00000",0,0,0,0,0
"N840","6210","10000",1,0,0,0,0
"N841","6227","00000",0,0,0,0,0
"N842","6237","00000",0,0,0,0,0
"N843","6246","00000",0,0,0,0,0
"N848","6210","10000",1,0,0,0,0
"N849","6210","10000",1,0,0,0,0
"N8500","62130","00000",0,0,0,0,0
"N8501","62131","10000",1,0,0,0,0
"N8501","62134","10000",1,0,0,0,0
"N8502","62132","10000",1,0,0,0,0
"N8502","62133","10000",1,0,0,0,0
"N8502","62135","10000",1,0,0,0,0
"N852","6212","00000",0,0,0,0,0
"N853","6211","10000",1,0,0,0,0
"N854","6216","00000",0,0,0,0,0
"N855","6217","10000",1,0,0,0,0
"N856","6215","00000",0,0,0,0,0
"N857","6214","00000",0,0,0,0,0
"N858","6218","10000",1,0,0,0,0
"N859","6219","00000",0,0,0,0,0
"N86","6220","00000",0,0,0,0,0
"N870","62211","00000",0,0,0,0,0
"N871","62212","00000",0,0,0,0,0
"N879","62210","00000",0,0,0,0,0
"N880","6222","00000",0,0,0,0,0
"N881","6223","00000",0,0,0,0,0
"N882","6224","00000",0,0,0,0,0
"N883","6225","00000",0,0,0,0,0
"N884","6226","00000",0,0,0,0,0
"N888","6228","00000",0,0,0,0,0
"N889","6229","00000",0,0,0,0,0
"N890","6230","10000",1,0,0,0,0
"N891","6230","10000",1,0,0,0,0
"N893","6230","10000",1,0,0,0,0
"N894","6231","00000",0,0,0,0,0
"N895","6232","10000",1,0,0,0,0
"N896","6233","00000",0,0,0,0,0
"N897","6268","10000",1,0,0,0,0
"N898","6234","10000",1,0,0,0,0
"N898","6235","10000",1,0,0,0,0
"N898","6236","10000",1,0,0,0,0
"N898","6238","10000",1,0,0,0,0
"N899","6239","00000",0,0,0,0,0
"N900","62401","00000",0,0,0,0,0
"N901","62402","00000",0,0,0,0,0
"N903","6248","10000",1,0,0,0,0
"N904","62409","10000",1,0,0,0,0
"N905","6241","00000",0,0,0,0,0
"N906","6243","10000",1,0,0,0,0
"N907","6248","10000",1,0,0,0,0
"N90810","62920","00000",0,0,0,0,0
"N90811","62921","00000",0,0,0,0,0
"N90812","62922","00000",0,0,0,0,0
"N90813","62923","00000",0,0,0,0,0
"N90818","62929","00000",0,0,0,0,0
"N9089","6242","10000",1,0,0,0,0
"N9089","6248","10000",1,0,0,0,0
"N909","6249","00000",0,0,0,0,0
"N910","6260","10000",1,0,0,0,0
"N911","6260","10000",1,0,0,0,0
"N912","6260","10000",1,0,0,0,0
"N913","6261","10000",1,0,0,0,0
"N914","6261","10000",1,0,0,0,0
"N915","6261","10000",1,0,0,0,0
"N920","6262","00000",0,0,0,0,0
"N921","6266","00000",0,0,0,0,0
"N922","6263","00000",0,0,0,0,0
"N923","6265","00000",0,0,0,0,0
"N924","6270","00000",0,0,0,0,0
"N925","6264","10000",1,0,0,0,0
"N925","6268","10000",1,0,0,0,0
"N926","6264","10000",1,0,0,0,0
"N926","6269","10000",1,0,0,0,0
"N930","6267","00000",0,0,0,0,0
"N938","6268","10000",1,0,0,0,0
"N939","6269","10000",1,0,0,0,0
"N940","6252","00000",0,0,0,0,0
"N941","6250","00000",0,0,0,0,0
"N942","6251","00000",0,0,0,0,0
"N943","6254","00000",0,0,0,0,0
"N944","6253","10000",1,0,0,0,0
"N945","6253","10000",1,0,0,0,0
"N946","6253","10000",1,0,0,0,0
"N94810","62571","00000",0,0,0,0,0
"N94818","62579","00000",0,0,0,0,0
"N94819","62570","00000",0,0,0,0,0
"N9489","6255","10000",1,0,0,0,0
"N9489","6258","10000",1,0,0,0,0
"N9489","6290","10000",1,0,0,0,0
"N9489","6291","10000",1,0,0,0,0
"N9489","62989","10000",1,0,0,0,0
"N949","6299","10000",1,0,0,0,0
"N950","6271","00000",0,0,0,0,0
"N951","6272","00000",0,0,0,0,0
"N952","6273","00000",0,0,0,0,0
"N958","6278","10000",1,0,0,0,0
"N959","6279","10000",1,0,0,0,0
"N96","62981","00000",0,0,0,0,0
"N970","6280","00000",0,0,0,0,0
"N971","6282","00000",0,0,0,0,0
"N972","6283","00000",0,0,0,0,0
"N978","6284","10000",1,0,0,0,0
"N978","6288","10000",1,0,0,0,0
"N979","6289","00000",0,0,0,0,0
"N980","99939","10000",1,0,0,0,0
"N981","2561","10000",1,0,0,0,0
"N981","99799","10000",1,0,0,0,0
"N982","99799","10000",1,0,0,0,0
"N983","99799","10000",1,0,0,0,0
"N988","99799","10000",1,0,0,0,0
"N989","99799","10000",1,0,0,0,0
"N990","9975","10000",1,0,0,0,0
"N99110","5982","10000",1,0,0,0,0
"N99111","5982","10000",1,0,0,0,0
"N99112","5982","10000",1,0,0,0,0
"N99113","5982","10000",1,0,0,0,0
"N99114","5982","10000",1,0,0,0,0
"N9912","5982","10000",1,0,0,0,0
"N992","6232","10000",1,0,0,0,0
"N993","6185","00000",0,0,0,0,0
"N994","5680","10000",1,0,0,0,0
"N99510","59683","10000",1,0,0,0,0
"N99511","59681","00000",0,0,0,0,0
"N99512","59682","00000",0,0,0,0,0
"N99518","59683","10000",1,0,0,0,0
"N99520","9975","10000",1,0,0,0,0
"N99521","9975","10000",1,0,0,0,0
"N99522","9975","10000",1,0,0,0,0
"N99528","9975","10000",1,0,0,0,0
"N99530","9975","10000",1,0,0,0,0
"N99531","9975","10000",1,0,0,0,0
"N99532","9975","10000",1,0,0,0,0
"N99538","9975","10000",1,0,0,0,0
"N9961","99811","10000",1,0,0,0,0
"N9961","99812","10000",1,0,0,0,0
"N9962","99811","10000",1,0,0,0,0
"N9962","99812","10000",1,0,0,0,0
"N9971","9982","10000",1,0,0,0,0
"N9972","9982","10000",1,0,0,0,0
"N9981","9975","10000",1,0,0,0,0
"N99820","99811","10000",1,0,0,0,0
"N99820","99812","10000",1,0,0,0,0
"N99821","99811","10000",1,0,0,0,0
"N99821","99812","10000",1,0,0,0,0
"N9983","6208","10000",1,0,0,0,0
"N9989","9975","10000",1,0,0,0,0
"O000","63300","10000",1,0,0,0,0
"O001","63310","10000",1,0,0,0,0
"O002","63320","10000",1,0,0,0,0
"O008","63380","10000",1,0,0,0,0
"O009","63390","10000",1,0,0,0,0
"O010","630","10000",1,0,0,0,0
"O011","630","10000",1,0,0,0,0
"O019","630","10000",1,0,0,0,0
"O020","6318","10000",1,0,0,0,0
"O021","632","00000",0,0,0,0,0
"O0281","6310","00000",0,0,0,0,0
"O0289","6318","10000",1,0,0,0,0
"O029","6318","10000",1,0,0,0,0
"O030","63401","10000",1,0,0,0,0
"O031","63411","00000",0,0,0,0,0
"O032","63461","00000",0,0,0,0,0
"O0330","63481","10000",1,0,0,0,0
"O0331","63451","00000",0,0,0,0,0
"O0332","63431","00000",0,0,0,0,0
"O0333","63441","00000",0,0,0,0,0
"O0334","63421","00000",0,0,0,0,0
"O0335","63471","10000",1,0,0,0,0
"O0336","63471","10000",1,0,0,0,0
"O0337","63401","10000",1,0,0,0,0
"O0338","63471","10000",1,0,0,0,0
"O0339","63471","10000",1,0,0,0,0
"O034","63491","10000",1,0,0,0,0
"O035","63400","10000",1,0,0,0,0
"O035","63402","10000",1,0,0,0,0
"O036","63410","10000",1,0,0,0,0
"O036","63412","10000",1,0,0,0,0
"O037","63460","10000",1,0,0,0,0
"O037","63462","10000",1,0,0,0,0
"O0380","63480","10000",1,0,0,0,0
"O0380","63482","10000",1,0,0,0,0
"O0381","63450","10000",1,0,0,0,0
"O0381","63452","10000",1,0,0,0,0
"O0382","63430","10000",1,0,0,0,0
"O0382","63432","10000",1,0,0,0,0
"O0383","63440","10000",1,0,0,0,0
"O0383","63442","10000",1,0,0,0,0
"O0384","63420","10000",1,0,0,0,0
"O0384","63422","10000",1,0,0,0,0
"O0385","63470","10000",1,0,0,0,0
"O0385","63472","10000",1,0,0,0,0
"O0386","63470","10000",1,0,0,0,0
"O0386","63472","10000",1,0,0,0,0
"O0387","63400","10000",1,0,0,0,0
"O0387","63402","10000",1,0,0,0,0
"O0388","63470","10000",1,0,0,0,0
"O0388","63472","10000",1,0,0,0,0
"O0389","63470","10000",1,0,0,0,0
"O0389","63472","10000",1,0,0,0,0
"O039","63490","10000",1,0,0,0,0
"O039","63492","10000",1,0,0,0,0
"O045","63502","10000",1,0,0,0,0
"O046","63512","10000",1,0,0,0,0
"O047","63562","10000",1,0,0,0,0
"O0480","63582","10000",1,0,0,0,0
"O0481","63552","10000",1,0,0,0,0
"O0482","63532","10000",1,0,0,0,0
"O0483","63542","10000",1,0,0,0,0
"O0484","63522","10000",1,0,0,0,0
"O0485","63572","10000",1,0,0,0,0
"O0486","63572","10000",1,0,0,0,0
"O0487","63502","10000",1,0,0,0,0
"O0488","63572","10000",1,0,0,0,0
"O0489","63572","10000",1,0,0,0,0
"O070","6380","10000",1,0,0,0,0
"O071","6381","00000",0,0,0,0,0
"O072","6386","00000",0,0,0,0,0
"O0730","6388","00000",0,0,0,0,0
"O0731","6385","00000",0,0,0,0,0
"O0732","6383","00000",0,0,0,0,0
"O0733","6384","00000",0,0,0,0,0
"O0734","6382","00000",0,0,0,0,0
"O0735","6387","10000",1,0,0,0,0
"O0736","6387","10000",1,0,0,0,0
"O0737","6380","10000",1,0,0,0,0
"O0738","6387","10000",1,0,0,0,0
"O0739","6387","10000",1,0,0,0,0
"O074","6389","00000",0,0,0,0,0
"O080","6390","10000",1,0,0,0,0
"O081","6391","00000",0,0,0,0,0
"O082","6396","00000",0,0,0,0,0
"O083","6395","00000",0,0,0,0,0
"O084","6393","00000",0,0,0,0,0
"O085","6394","00000",0,0,0,0,0
"O086","6392","00000",0,0,0,0,0
"O087","6398","10000",1,0,0,0,0
"O0881","6398","10000",1,0,0,0,0
"O0882","6390","10000",1,0,0,0,0
"O0883","6398","10000",1,0,0,0,0
"O0889","6398","10000",1,0,0,0,0
"O089","6399","10000",1,0,0,0,0
"O0900","V230","10000",1,0,0,0,0
"O0901","V230","10000",1,0,0,0,0
"O0902","V230","10000",1,0,0,0,0
"O0903","V230","10000",1,0,0,0,0
"O0910","V231","10000",1,0,0,0,0
"O0910","V2342","10000",1,0,0,0,0
"O0911","V231","10000",1,0,0,0,0
"O0911","V2342","10000",1,0,0,0,0
"O0912","V231","10000",1,0,0,0,0
"O0912","V2342","10000",1,0,0,0,0
"O0913","V231","10000",1,0,0,0,0
"O0913","V2342","10000",1,0,0,0,0
"O09211","V2341","10000",1,0,0,0,0
"O09212","V2341","10000",1,0,0,0,0
"O09213","V2341","10000",1,0,0,0,0
"O09219","V2341","10000",1,0,0,0,0
"O09291","V2349","10000",1,0,0,0,0
"O09291","V235","10000",1,0,0,0,0
"O09292","V2349","10000",1,0,0,0,0
"O09292","V235","10000",1,0,0,0,0
"O09293","V2349","10000",1,0,0,0,0
"O09293","V235","10000",1,0,0,0,0
"O09299","V2349","10000",1,0,0,0,0
"O09299","V235","10000",1,0,0,0,0
"O0930","V237","10000",1,0,0,0,0
"O0931","V237","10000",1,0,0,0,0
"O0932","V237","10000",1,0,0,0,0
"O0933","V237","10000",1,0,0,0,0
"O0940","V233","10000",1,0,0,0,0
"O0941","65941","10000",1,0,0,0,0
"O0941","65943","10000",1,0,0,0,0
"O0941","V233","10000",1,0,0,0,0
"O0942","65941","10000",1,0,0,0,0
"O0942","65943","10000",1,0,0,0,0
"O0942","V233","10000",1,0,0,0,0
"O0943","65941","10000",1,0,0,0,0
"O0943","65943","10000",1,0,0,0,0
"O0943","V233","10000",1,0,0,0,0
"O09511","65951","10000",1,0,0,0,0
"O09511","65953","10000",1,0,0,0,0
"O09511","V2381","10000",1,0,0,0,0
"O09512","65951","10000",1,0,0,0,0
"O09512","65953","10000",1,0,0,0,0
"O09512","V2381","10000",1,0,0,0,0
"O09513","65951","10000",1,0,0,0,0
"O09513","65953","10000",1,0,0,0,0
"O09513","V2381","10000",1,0,0,0,0
"O09519","65950","10000",1,0,0,0,0
"O09519","V2381","10000",1,0,0,0,0
"O09521","65961","10000",1,0,0,0,0
"O09521","65963","10000",1,0,0,0,0
"O09521","V2382","10000",1,0,0,0,0
"O09522","65961","10000",1,0,0,0,0
"O09522","65963","10000",1,0,0,0,0
"O09522","V2382","10000",1,0,0,0,0
"O09523","65961","10000",1,0,0,0,0
"O09523","65963","10000",1,0,0,0,0
"O09523","V2382","10000",1,0,0,0,0
"O09529","65960","10000",1,0,0,0,0
"O09529","V2382","10000",1,0,0,0,0
"O09611","V2383","10000",1,0,0,0,0
"O09612","V2383","10000",1,0,0,0,0
"O09613","V2383","10000",1,0,0,0,0
"O09619","V2383","10000",1,0,0,0,0
"O09621","V2384","10000",1,0,0,0,0
"O09622","V2384","10000",1,0,0,0,0
"O09623","V2384","10000",1,0,0,0,0
"O09629","V2384","10000",1,0,0,0,0
"O0970","V2389","10000",1,0,0,0,0
"O0971","V2389","10000",1,0,0,0,0
"O0972","V2389","10000",1,0,0,0,0
"O0973","V2389","10000",1,0,0,0,0
"O09811","V2385","10000",1,0,0,0,0
"O09812","V2385","10000",1,0,0,0,0
"O09813","V2385","10000",1,0,0,0,0
"O09819","V2385","10000",1,0,0,0,0
"O09821","V2386","10000",1,0,0,0,0
"O09822","V2386","10000",1,0,0,0,0
"O09823","V2386","10000",1,0,0,0,0
"O09829","V2386","10000",1,0,0,0,0
"O09891","V2389","10000",1,0,0,0,0
"O09892","V2389","10000",1,0,0,0,0
"O09893","V2389","10000",1,0,0,0,0
"O09899","V2389","10000",1,0,0,0,0
"O0990","V239","10000",1,0,0,0,0
"O0991","V239","10000",1,0,0,0,0
"O0992","V239","10000",1,0,0,0,0
"O0993","V239","10000",1,0,0,0,0
"O10011","64201","10000",1,0,0,0,0
"O10011","64203","10000",1,0,0,0,0
"O10012","64201","10000",1,0,0,0,0
"O10012","64203","10000",1,0,0,0,0
"O10013","64201","10000",1,0,0,0,0
"O10013","64203","10000",1,0,0,0,0
"O10019","64200","10000",1,0,0,0,0
"O1002","64201","10000",1,0,0,0,0
"O1003","64204","10000",1,0,0,0,0
"O10111","64221","10000",1,0,0,0,0
"O10111","64223","10000",1,0,0,0,0
"O10112","64221","10000",1,0,0,0,0
"O10112","64223","10000",1,0,0,0,0
"O10113","64221","10000",1,0,0,0,0
"O10113","64223","10000",1,0,0,0,0
"O10119","64220","10000",1,0,0,0,0
"O1012","64221","10000",1,0,0,0,0
"O1013","64224","10000",1,0,0,0,0
"O10211","64221","10000",1,0,0,0,0
"O10211","64223","10000",1,0,0,0,0
"O10212","64221","10000",1,0,0,0,0
"O10212","64223","10000",1,0,0,0,0
"O10213","64221","10000",1,0,0,0,0
"O10213","64223","10000",1,0,0,0,0
"O10219","64220","10000",1,0,0,0,0
"O1022","64221","10000",1,0,0,0,0
"O1023","64224","10000",1,0,0,0,0
"O10311","64221","10000",1,0,0,0,0
"O10311","64223","10000",1,0,0,0,0
"O10312","64221","10000",1,0,0,0,0
"O10312","64223","10000",1,0,0,0,0
"O10313","64221","10000",1,0,0,0,0
"O10313","64223","10000",1,0,0,0,0
"O10319","64220","10000",1,0,0,0,0
"O1032","64221","10000",1,0,0,0,0
"O1033","64224","10000",1,0,0,0,0
"O10411","64211","10000",1,0,0,0,0
"O10411","64213","10000",1,0,0,0,0
"O10412","64211","10000",1,0,0,0,0
"O10412","64213","10000",1,0,0,0,0
"O10413","64211","10000",1,0,0,0,0
"O10413","64213","10000",1,0,0,0,0
"O10419","64210","10000",1,0,0,0,0
"O1042","64211","10000",1,0,0,0,0
"O1043","64214","10000",1,0,0,0,0
"O10911","64201","10000",1,0,0,0,0
"O10911","64203","10000",1,0,0,0,0
"O10912","64201","10000",1,0,0,0,0
"O10912","64203","10000",1,0,0,0,0
"O10913","64201","10000",1,0,0,0,0
"O10913","64203","10000",1,0,0,0,0
"O10919","64200","10000",1,0,0,0,0
"O1092","64201","10000",1,0,0,0,0
"O1093","64204","10000",1,0,0,0,0
"O111","64221","10000",1,0,0,0,0
"O111","64223","10000",1,0,0,0,0
"O111","64271","10000",1,0,0,0,0
"O111","64273","10000",1,0,0,0,0
"O112","64221","10000",1,0,0,0,0
"O112","64223","10000",1,0,0,0,0
"O112","64271","10000",1,0,0,0,0
"O112","64273","10000",1,0,0,0,0
"O113","64221","10000",1,0,0,0,0
"O113","64223","10000",1,0,0,0,0
"O113","64271","10000",1,0,0,0,0
"O113","64273","10000",1,0,0,0,0
"O119","64220","10000",1,0,0,0,0
"O119","64270","10000",1,0,0,0,0
"O1200","64610","10000",1,0,0,0,0
"O1201","64611","10000",1,0,0,0,0
"O1201","64612","10000",1,0,0,0,0
"O1201","64613","10000",1,0,0,0,0
"O1201","64614","10000",1,0,0,0,0
"O1202","64611","10000",1,0,0,0,0
"O1202","64612","10000",1,0,0,0,0
"O1202","64613","10000",1,0,0,0,0
"O1202","64614","10000",1,0,0,0,0
"O1203","64611","10000",1,0,0,0,0
"O1203","64612","10000",1,0,0,0,0
"O1203","64613","10000",1,0,0,0,0
"O1203","64614","10000",1,0,0,0,0
"O1210","64620","10000",1,0,0,0,0
"O1211","64621","10000",1,0,0,0,0
"O1211","64623","10000",1,0,0,0,0
"O1212","64621","10000",1,0,0,0,0
"O1212","64623","10000",1,0,0,0,0
"O1213","64621","10000",1,0,0,0,0
"O1213","64623","10000",1,0,0,0,0
"O1220","64610","10111",1,0,1,1,1
"O1220","64620","10112",1,0,1,1,2
"O1221","64611","10111",1,0,1,1,1
"O1221","64613","10121",1,0,1,2,1
"O1221","64621","10112",1,0,1,1,2
"O1221","64623","10122",1,0,1,2,2
"O1222","64611","10111",1,0,1,1,1
"O1222","64613","10121",1,0,1,2,1
"O1222","64621","10112",1,0,1,1,2
"O1222","64623","10122",1,0,1,2,2
"O1223","64611","10111",1,0,1,1,1
"O1223","64613","10121",1,0,1,2,1
"O1223","64621","10112",1,0,1,1,2
"O1223","64623","10122",1,0,1,2,2
"O131","64231","10000",1,0,0,0,0
"O131","64232","10000",1,0,0,0,0
"O131","64233","10000",1,0,0,0,0
"O131","64234","10000",1,0,0,0,0
"O132","64231","10000",1,0,0,0,0
"O132","64232","10000",1,0,0,0,0
"O132","64233","10000",1,0,0,0,0
"O132","64234","10000",1,0,0,0,0
"O133","64231","10000",1,0,0,0,0
"O133","64232","10000",1,0,0,0,0
"O133","64233","10000",1,0,0,0,0
"O133","64234","10000",1,0,0,0,0
"O139","64230","10000",1,0,0,0,0
"O1400","64240","10000",1,0,0,0,0
"O1402","64241","10000",1,0,0,0,0
"O1402","64242","10000",1,0,0,0,0
"O1402","64243","10000",1,0,0,0,0
"O1403","64241","10000",1,0,0,0,0
"O1403","64242","10000",1,0,0,0,0
"O1403","64243","10000",1,0,0,0,0
"O1410","64250","10000",1,0,0,0,0
"O1412","64251","10000",1,0,0,0,0
"O1412","64252","10000",1,0,0,0,0
"O1412","64253","10000",1,0,0,0,0
"O1412","64254","10000",1,0,0,0,0
"O1413","64251","10000",1,0,0,0,0
"O1413","64252","10000",1,0,0,0,0
"O1413","64253","10000",1,0,0,0,0
"O1413","64254","10000",1,0,0,0,0
"O1420","64250","10000",1,0,0,0,0
"O1422","64251","10000",1,0,0,0,0
"O1422","64252","10000",1,0,0,0,0
"O1422","64253","10000",1,0,0,0,0
"O1422","64254","10000",1,0,0,0,0
"O1423","64251","10000",1,0,0,0,0
"O1423","64252","10000",1,0,0,0,0
"O1423","64253","10000",1,0,0,0,0
"O1423","64254","10000",1,0,0,0,0
"O1490","64240","10000",1,0,0,0,0
"O1492","64241","10000",1,0,0,0,0
"O1492","64243","10000",1,0,0,0,0
"O1493","64241","10000",1,0,0,0,0
"O1493","64243","10000",1,0,0,0,0
"O1500","64260","10000",1,0,0,0,0
"O1502","64261","10000",1,0,0,0,0
"O1502","64263","10000",1,0,0,0,0
"O1503","64261","10000",1,0,0,0,0
"O1503","64263","10000",1,0,0,0,0
"O151","64261","10000",1,0,0,0,0
"O152","64244","10000",1,0,0,0,0
"O152","64264","10000",1,0,0,0,0
"O152","64272","10000",1,0,0,0,0
"O152","64274","10000",1,0,0,0,0
"O159","64260","10000",1,0,0,0,0
"O161","64291","10000",1,0,0,0,0
"O161","64293","10000",1,0,0,0,0
"O161","64294","10000",1,0,0,0,0
"O162","64291","10000",1,0,0,0,0
"O162","64293","10000",1,0,0,0,0
"O162","64294","10000",1,0,0,0,0
"O163","64291","10000",1,0,0,0,0
"O163","64293","10000",1,0,0,0,0
"O163","64294","10000",1,0,0,0,0
"O169","64290","10000",1,0,0,0,0
"O200","64003","10000",1,0,0,0,0
"O208","64083","10000",1,0,0,0,0
"O209","64093","10000",1,0,0,0,0
"O210","64303","10000",1,0,0,0,0
"O211","64313","10000",1,0,0,0,0
"O212","64323","10000",1,0,0,0,0
"O218","64383","10000",1,0,0,0,0
"O219","64393","10000",1,0,0,0,0
"O2200","67100","10000",1,0,0,0,0
"O2201","67101","10000",1,0,0,0,0
"O2201","67103","10000",1,0,0,0,0
"O2202","67101","10000",1,0,0,0,0
"O2202","67103","10000",1,0,0,0,0
"O2203","67101","10000",1,0,0,0,0
"O2203","67103","10000",1,0,0,0,0
"O2210","67110","10000",1,0,0,0,0
"O2211","67111","10000",1,0,0,0,0
"O2211","67112","10000",1,0,0,0,0
"O2211","67113","10000",1,0,0,0,0
"O2211","67114","10000",1,0,0,0,0
"O2212","67111","10000",1,0,0,0,0
"O2212","67112","10000",1,0,0,0,0
"O2212","67113","10000",1,0,0,0,0
"O2212","67114","10000",1,0,0,0,0
"O2213","67111","10000",1,0,0,0,0
"O2213","67112","10000",1,0,0,0,0
"O2213","67113","10000",1,0,0,0,0
"O2213","67114","10000",1,0,0,0,0
"O2220","67120","10000",1,0,0,0,0
"O2221","67121","10000",1,0,0,0,0
"O2221","67123","10000",1,0,0,0,0
"O2222","67121","10000",1,0,0,0,0
"O2222","67123","10000",1,0,0,0,0
"O2223","67121","10000",1,0,0,0,0
"O2223","67123","10000",1,0,0,0,0
"O2230","67130","10000",1,0,0,0,0
"O2231","67131","10000",1,0,0,0,0
"O2231","67133","10000",1,0,0,0,0
"O2232","67131","10000",1,0,0,0,0
"O2232","67133","10000",1,0,0,0,0
"O2233","67131","10000",1,0,0,0,0
"O2233","67133","10000",1,0,0,0,0
"O2240","67180","10000",1,0,0,0,0
"O2241","67181","10000",1,0,0,0,0
"O2241","67183","10000",1,0,0,0,0
"O2242","67181","10000",1,0,0,0,0
"O2242","67183","10000",1,0,0,0,0
"O2243","67181","10000",1,0,0,0,0
"O2243","67183","10000",1,0,0,0,0
"O2250","67150","10000",1,0,0,0,0
"O2251","67151","10000",1,0,0,0,0
"O2251","67153","10000",1,0,0,0,0
"O2252","67151","10000",1,0,0,0,0
"O2252","67153","10000",1,0,0,0,0
"O2253","67151","10000",1,0,0,0,0
"O2253","67153","10000",1,0,0,0,0
"O228X1","67181","10000",1,0,0,0,0
"O228X1","67183","10000",1,0,0,0,0
"O228X2","67181","10000",1,0,0,0,0
"O228X2","67183","10000",1,0,0,0,0
"O228X3","67181","10000",1,0,0,0,0
"O228X3","67183","10000",1,0,0,0,0
"O228X9","67180","10000",1,0,0,0,0
"O2290","67190","10000",1,0,0,0,0
"O2291","67191","10000",1,0,0,0,0
"O2291","67193","10000",1,0,0,0,0
"O2292","67191","10000",1,0,0,0,0
"O2292","67193","10000",1,0,0,0,0
"O2293","67191","10000",1,0,0,0,0
"O2293","67193","10000",1,0,0,0,0
"O2300","64660","10000",1,0,0,0,0
"O2301","64661","10000",1,0,0,0,0
"O2301","64663","10000",1,0,0,0,0
"O2302","64661","10000",1,0,0,0,0
"O2302","64663","10000",1,0,0,0,0
"O2303","64661","10000",1,0,0,0,0
"O2303","64663","10000",1,0,0,0,0
"O2310","64660","10000",1,0,0,0,0
"O2311","64661","10000",1,0,0,0,0
"O2311","64663","10000",1,0,0,0,0
"O2312","64661","10000",1,0,0,0,0
"O2312","64663","10000",1,0,0,0,0
"O2313","64661","10000",1,0,0,0,0
"O2313","64663","10000",1,0,0,0,0
"O2320","64660","10000",1,0,0,0,0
"O2321","64661","10000",1,0,0,0,0
"O2321","64663","10000",1,0,0,0,0
"O2322","64661","10000",1,0,0,0,0
"O2322","64663","10000",1,0,0,0,0
"O2323","64661","10000",1,0,0,0,0
"O2323","64663","10000",1,0,0,0,0
"O2330","64660","10000",1,0,0,0,0
"O2331","64661","10000",1,0,0,0,0
"O2331","64663","10000",1,0,0,0,0
"O2332","64661","10000",1,0,0,0,0
"O2332","64663","10000",1,0,0,0,0
"O2333","64661","10000",1,0,0,0,0
"O2333","64663","10000",1,0,0,0,0
"O2340","64660","10000",1,0,0,0,0
"O2341","64661","10000",1,0,0,0,0
"O2341","64663","10000",1,0,0,0,0
"O2342","64661","10000",1,0,0,0,0
"O2342","64663","10000",1,0,0,0,0
"O2343","64661","10000",1,0,0,0,0
"O2343","64663","10000",1,0,0,0,0
"O23511","64661","10000",1,0,0,0,0
"O23511","64663","10000",1,0,0,0,0
"O23512","64661","10000",1,0,0,0,0
"O23512","64663","10000",1,0,0,0,0
"O23513","64661","10000",1,0,0,0,0
"O23513","64663","10000",1,0,0,0,0
"O23519","64660","10000",1,0,0,0,0
"O23521","64661","10000",1,0,0,0,0
"O23521","64663","10000",1,0,0,0,0
"O23522","64661","10000",1,0,0,0,0
"O23522","64663","10000",1,0,0,0,0
"O23523","64661","10000",1,0,0,0,0
"O23523","64663","10000",1,0,0,0,0
"O23529","64660","10000",1,0,0,0,0
"O23591","64661","10000",1,0,0,0,0
"O23591","64663","10000",1,0,0,0,0
"O23592","64661","10000",1,0,0,0,0
"O23592","64663","10000",1,0,0,0,0
"O23593","64661","10000",1,0,0,0,0
"O23593","64663","10000",1,0,0,0,0
"O23599","64660","10000",1,0,0,0,0
"O2390","64660","10000",1,0,0,0,0
"O2391","64661","10000",1,0,0,0,0
"O2391","64662","10000",1,0,0,0,0
"O2391","64663","10000",1,0,0,0,0
"O2392","64661","10000",1,0,0,0,0
"O2392","64662","10000",1,0,0,0,0
"O2392","64663","10000",1,0,0,0,0
"O2393","64661","10000",1,0,0,0,0
"O2393","64662","10000",1,0,0,0,0
"O2393","64663","10000",1,0,0,0,0
"O24011","64801","10000",1,0,0,0,0
"O24011","64803","10000",1,0,0,0,0
"O24012","64801","10000",1,0,0,0,0
"O24012","64803","10000",1,0,0,0,0
"O24013","64801","10000",1,0,0,0,0
"O24013","64803","10000",1,0,0,0,0
"O24019","64800","10000",1,0,0,0,0
"O2402","64801","10000",1,0,0,0,0
"O2403","64804","10000",1,0,0,0,0
"O24111","64801","10000",1,0,0,0,0
"O24111","64803","10000",1,0,0,0,0
"O24112","64801","10000",1,0,0,0,0
"O24112","64803","10000",1,0,0,0,0
"O24113","64801","10000",1,0,0,0,0
"O24113","64803","10000",1,0,0,0,0
"O24119","64800","10000",1,0,0,0,0
"O2412","64801","10000",1,0,0,0,0
"O2413","64804","10000",1,0,0,0,0
"O24311","64801","10000",1,0,0,0,0
"O24311","64803","10000",1,0,0,0,0
"O24312","64801","10000",1,0,0,0,0
"O24312","64803","10000",1,0,0,0,0
"O24313","64801","10000",1,0,0,0,0
"O24313","64803","10000",1,0,0,0,0
"O24319","64800","10000",1,0,0,0,0
"O2432","64801","10000",1,0,0,0,0
"O2433","64804","10000",1,0,0,0,0
"O24410","64881","10000",1,0,0,0,0
"O24410","64883","10000",1,0,0,0,0
"O24414","64881","10000",1,0,0,0,0
"O24414","64883","10000",1,0,0,0,0
"O24419","64881","10000",1,0,0,0,0
"O24419","64883","10000",1,0,0,0,0
"O24420","64881","10000",1,0,0,0,0
"O24424","64881","10000",1,0,0,0,0
"O24429","64881","10000",1,0,0,0,0
"O24430","64884","10000",1,0,0,0,0
"O24434","64884","10000",1,0,0,0,0
"O24439","64884","10000",1,0,0,0,0
"O24811","64801","10000",1,0,0,0,0
"O24811","64803","10000",1,0,0,0,0
"O24812","64801","10000",1,0,0,0,0
"O24812","64803","10000",1,0,0,0,0
"O24813","64801","10000",1,0,0,0,0
"O24813","64803","10000",1,0,0,0,0
"O24819","64800","10000",1,0,0,0,0
"O2482","64801","10000",1,0,0,0,0
"O2483","64804","10000",1,0,0,0,0
"O24911","64801","10000",1,0,0,0,0
"O24911","64803","10000",1,0,0,0,0
"O24912","64801","10000",1,0,0,0,0
"O24912","64803","10000",1,0,0,0,0
"O24913","64801","10000",1,0,0,0,0
"O24913","64803","10000",1,0,0,0,0
"O24919","64800","10000",1,0,0,0,0
"O2492","64801","10000",1,0,0,0,0
"O2493","64802","10000",1,0,0,0,0
"O2493","64804","10000",1,0,0,0,0
"O2510","64890","10000",1,0,0,0,0
"O2511","64891","10000",1,0,0,0,0
"O2511","64893","10000",1,0,0,0,0
"O2512","64891","10000",1,0,0,0,0
"O2512","64893","10000",1,0,0,0,0
"O2513","64891","10000",1,0,0,0,0
"O2513","64893","10000",1,0,0,0,0
"O252","64891","10000",1,0,0,0,0
"O253","64894","10000",1,0,0,0,0
"O2600","64610","10000",1,0,0,0,0
"O2601","64611","10000",1,0,0,0,0
"O2601","64613","10000",1,0,0,0,0
"O2602","64611","10000",1,0,0,0,0
"O2602","64613","10000",1,0,0,0,0
"O2603","64611","10000",1,0,0,0,0
"O2603","64613","10000",1,0,0,0,0
"O2610","64680","10000",1,0,0,0,0
"O2611","64681","10000",1,0,0,0,0
"O2611","64683","10000",1,0,0,0,0
"O2612","64681","10000",1,0,0,0,0
"O2612","64683","10000",1,0,0,0,0
"O2613","64681","10000",1,0,0,0,0
"O2613","64683","10000",1,0,0,0,0
"O2620","64630","10000",1,0,0,0,0
"O2621","64631","10000",1,0,0,0,0
"O2621","64633","10000",1,0,0,0,0
"O2622","64631","10000",1,0,0,0,0
"O2622","64633","10000",1,0,0,0,0
"O2623","64631","10000",1,0,0,0,0
"O2623","64633","10000",1,0,0,0,0
"O2630","64680","10000",1,0,0,0,0
"O2631","64681","10000",1,0,0,0,0
"O2631","64683","10000",1,0,0,0,0
"O2632","64681","10000",1,0,0,0,0
"O2632","64683","10000",1,0,0,0,0
"O2633","64681","10000",1,0,0,0,0
"O2633","64683","10000",1,0,0,0,0
"O2640","64680","10000",1,0,0,0,0
"O2641","64681","10000",1,0,0,0,0
"O2641","64683","10000",1,0,0,0,0
"O2642","64681","10000",1,0,0,0,0
"O2642","64683","10000",1,0,0,0,0
"O2643","64681","10000",1,0,0,0,0
"O2643","64683","10000",1,0,0,0,0
"O2650","66920","10000",1,0,0,0,0
"O2651","66921","10000",1,0,0,0,0
"O2651","66922","10000",1,0,0,0,0
"O2651","66923","10000",1,0,0,0,0
"O2651","66924","10000",1,0,0,0,0
"O2652","66921","10000",1,0,0,0,0
"O2652","66922","10000",1,0,0,0,0
"O2652","66923","10000",1,0,0,0,0
"O2652","66924","10000",1,0,0,0,0
"O2653","66921","10000",1,0,0,0,0
"O2653","66922","10000",1,0,0,0,0
"O2653","66923","10000",1,0,0,0,0
"O2653","66924","10000",1,0,0,0,0
"O26611","64671","10000",1,0,0,0,0
"O26611","64673","10000",1,0,0,0,0
"O26612","64671","10000",1,0,0,0,0
"O26612","64673","10000",1,0,0,0,0
"O26613","64671","10000",1,0,0,0,0
"O26613","64673","10000",1,0,0,0,0
"O26619","64670","10000",1,0,0,0,0
"O2662","64671","10000",1,0,0,0,0
"O2663","64684","10000",1,0,0,0,0
"O26711","64681","10000",1,0,0,0,0
"O26711","64683","10000",1,0,0,0,0
"O26712","64681","10000",1,0,0,0,0
"O26712","64683","10000",1,0,0,0,0
"O26713","64681","10000",1,0,0,0,0
"O26713","64683","10000",1,0,0,0,0
"O26719","64680","10000",1,0,0,0,0
"O2672","64681","10000",1,0,0,0,0
"O2673","64684","10000",1,0,0,0,0
"O26811","64681","10000",1,0,0,0,0
"O26811","64683","10000",1,0,0,0,0
"O26812","64681","10000",1,0,0,0,0
"O26812","64683","10000",1,0,0,0,0
"O26813","64681","10000",1,0,0,0,0
"O26813","64683","10000",1,0,0,0,0
"O26819","64680","10000",1,0,0,0,0
"O26821","64641","10000",1,0,0,0,0
"O26821","64642","10000",1,0,0,0,0
"O26821","64643","10000",1,0,0,0,0
"O26822","64641","10000",1,0,0,0,0
"O26822","64642","10000",1,0,0,0,0
"O26822","64643","10000",1,0,0,0,0
"O26823","64641","10000",1,0,0,0,0
"O26823","64642","10000",1,0,0,0,0
"O26823","64643","10000",1,0,0,0,0
"O26829","64640","10000",1,0,0,0,0
"O26831","64621","10000",1,0,0,0,0
"O26831","64622","10000",1,0,0,0,0
"O26831","64623","10000",1,0,0,0,0
"O26832","64621","10000",1,0,0,0,0
"O26832","64622","10000",1,0,0,0,0
"O26832","64623","10000",1,0,0,0,0
"O26833","64621","10000",1,0,0,0,0
"O26833","64622","10000",1,0,0,0,0
"O26833","64623","10000",1,0,0,0,0
"O26839","64620","10000",1,0,0,0,0
"O26841","64961","10000",1,0,0,0,0
"O26841","64962","10000",1,0,0,0,0
"O26841","64963","10000",1,0,0,0,0
"O26841","64964","10000",1,0,0,0,0
"O26842","64961","10000",1,0,0,0,0
"O26842","64962","10000",1,0,0,0,0
"O26842","64963","10000",1,0,0,0,0
"O26842","64964","10000",1,0,0,0,0
"O26843","64961","10000",1,0,0,0,0
"O26843","64962","10000",1,0,0,0,0
"O26843","64963","10000",1,0,0,0,0
"O26843","64964","10000",1,0,0,0,0
"O26849","64960","10000",1,0,0,0,0
"O26851","64951","10000",1,0,0,0,0
"O26851","64953","10000",1,0,0,0,0
"O26852","64951","10000",1,0,0,0,0
"O26852","64953","10000",1,0,0,0,0
"O26853","64951","10000",1,0,0,0,0
"O26853","64953","10000",1,0,0,0,0
"O26859","64950","10000",1,0,0,0,0
"O2686","64681","10000",1,0,0,0,0
"O2686","64683","10000",1,0,0,0,0
"O26872","64971","10000",1,0,0,0,0
"O26872","64973","10000",1,0,0,0,0
"O26873","64971","10000",1,0,0,0,0
"O26873","64973","10000",1,0,0,0,0
"O26879","64970","10000",1,0,0,0,0
"O26891","64681","10000",1,0,0,0,0
"O26891","64682","10000",1,0,0,0,0
"O26891","64683","10000",1,0,0,0,0
"O26892","64681","10000",1,0,0,0,0
"O26892","64682","10000",1,0,0,0,0
"O26892","64683","10000",1,0,0,0,0
"O26893","64681","10000",1,0,0,0,0
"O26893","64682","10000",1,0,0,0,0
"O26893","64683","10000",1,0,0,0,0
"O26893","67903","10000",1,0,0,0,0
"O26899","64680","10000",1,0,0,0,0
"O2690","64690","10000",1,0,0,0,0
"O2691","64681","10000",1,0,0,0,0
"O2691","64683","10000",1,0,0,0,0
"O2692","64681","10000",1,0,0,0,0
"O2692","64683","10000",1,0,0,0,0
"O2693","64681","10000",1,0,0,0,0
"O2693","64683","10000",1,0,0,0,0
"O280","7965","10000",1,0,0,0,0
"O281","7965","10000",1,0,0,0,0
"O282","7965","10000",1,0,0,0,0
"O283","7965","10000",1,0,0,0,0
"O284","7965","10000",1,0,0,0,0
"O285","7965","10000",1,0,0,0,0
"O288","7965","10000",1,0,0,0,0
"O289","7965","10000",1,0,0,0,0
"O29011","64681","10000",1,0,0,0,0
"O29011","64683","10000",1,0,0,0,0
"O29012","64681","10000",1,0,0,0,0
"O29012","64683","10000",1,0,0,0,0
"O29013","64681","10000",1,0,0,0,0
"O29013","64683","10000",1,0,0,0,0
"O29019","64680","10000",1,0,0,0,0
"O29021","64681","10000",1,0,0,0,0
"O29021","64683","10000",1,0,0,0,0
"O29022","64681","10000",1,0,0,0,0
"O29022","64683","10000",1,0,0,0,0
"O29023","64681","10000",1,0,0,0,0
"O29023","64683","10000",1,0,0,0,0
"O29029","64680","10000",1,0,0,0,0
"O29091","64681","10000",1,0,0,0,0
"O29091","64683","10000",1,0,0,0,0
"O29092","64681","10000",1,0,0,0,0
"O29092","64683","10000",1,0,0,0,0
"O29093","64681","10000",1,0,0,0,0
"O29093","64683","10000",1,0,0,0,0
"O29099","64680","10000",1,0,0,0,0
"O29111","64681","10000",1,0,0,0,0
"O29111","64683","10000",1,0,0,0,0
"O29112","64681","10000",1,0,0,0,0
"O29112","64683","10000",1,0,0,0,0
"O29113","64681","10000",1,0,0,0,0
"O29113","64683","10000",1,0,0,0,0
"O29119","64680","10000",1,0,0,0,0
"O29121","64681","10000",1,0,0,0,0
"O29121","64683","10000",1,0,0,0,0
"O29122","64681","10000",1,0,0,0,0
"O29122","64683","10000",1,0,0,0,0
"O29123","64681","10000",1,0,0,0,0
"O29123","64683","10000",1,0,0,0,0
"O29129","64680","10000",1,0,0,0,0
"O29191","64681","10000",1,0,0,0,0
"O29191","64683","10000",1,0,0,0,0
"O29192","64681","10000",1,0,0,0,0
"O29192","64683","10000",1,0,0,0,0
"O29193","64681","10000",1,0,0,0,0
"O29193","64683","10000",1,0,0,0,0
"O29199","64680","10000",1,0,0,0,0
"O29211","64681","10000",1,0,0,0,0
"O29211","64683","10000",1,0,0,0,0
"O29212","64681","10000",1,0,0,0,0
"O29212","64683","10000",1,0,0,0,0
"O29213","64681","10000",1,0,0,0,0
"O29213","64683","10000",1,0,0,0,0
"O29219","64680","10000",1,0,0,0,0
"O29291","64681","10000",1,0,0,0,0
"O29291","64683","10000",1,0,0,0,0
"O29292","64681","10000",1,0,0,0,0
"O29292","64683","10000",1,0,0,0,0
"O29293","64681","10000",1,0,0,0,0
"O29293","64683","10000",1,0,0,0,0
"O29299","64680","10000",1,0,0,0,0
"O293X1","64681","10000",1,0,0,0,0
"O293X1","64683","10000",1,0,0,0,0
"O293X2","64681","10000",1,0,0,0,0
"O293X2","64683","10000",1,0,0,0,0
"O293X3","64681","10000",1,0,0,0,0
"O293X3","64683","10000",1,0,0,0,0
"O293X9","64680","10000",1,0,0,0,0
"O2940","64680","10000",1,0,0,0,0
"O2941","64681","10000",1,0,0,0,0
"O2941","64683","10000",1,0,0,0,0
"O2942","64681","10000",1,0,0,0,0
"O2942","64683","10000",1,0,0,0,0
"O2943","64681","10000",1,0,0,0,0
"O2943","64683","10000",1,0,0,0,0
"O295X1","64681","10000",1,0,0,0,0
"O295X1","64683","10000",1,0,0,0,0
"O295X2","64681","10000",1,0,0,0,0
"O295X2","64683","10000",1,0,0,0,0
"O295X3","64681","10000",1,0,0,0,0
"O295X3","64683","10000",1,0,0,0,0
"O295X9","64680","10000",1,0,0,0,0
"O2960","64680","10000",1,0,0,0,0
"O2961","64681","10000",1,0,0,0,0
"O2961","64683","10000",1,0,0,0,0
"O2962","64681","10000",1,0,0,0,0
"O2962","64683","10000",1,0,0,0,0
"O2963","64681","10000",1,0,0,0,0
"O2963","64683","10000",1,0,0,0,0
"O298X1","64681","10000",1,0,0,0,0
"O298X1","64683","10000",1,0,0,0,0
"O298X2","64681","10000",1,0,0,0,0
"O298X2","64683","10000",1,0,0,0,0
"O298X3","64681","10000",1,0,0,0,0
"O298X3","64683","10000",1,0,0,0,0
"O298X9","64680","10000",1,0,0,0,0
"O2990","64680","10000",1,0,0,0,0
"O2991","64681","10000",1,0,0,0,0
"O2991","64683","10000",1,0,0,0,0
"O2992","64681","10000",1,0,0,0,0
"O2992","64683","10000",1,0,0,0,0
"O2993","64681","10000",1,0,0,0,0
"O2993","64683","10000",1,0,0,0,0
"O30001","65101","10111",1,0,1,1,1
"O30001","65103","10111",1,0,1,1,1
"O30001","V9100","10112",1,0,1,1,2
"O30002","65101","10111",1,0,1,1,1
"O30002","65103","10111",1,0,1,1,1
"O30002","V9100","10112",1,0,1,1,2
"O30003","65101","10111",1,0,1,1,1
"O30003","65103","10111",1,0,1,1,1
"O30003","V9100","10112",1,0,1,1,2
"O30009","65100","10111",1,0,1,1,1
"O30009","V9100","10112",1,0,1,1,2
"O30011","65101","10111",1,0,1,1,1
"O30011","65103","10111",1,0,1,1,1
"O30011","V9101","10112",1,0,1,1,2
"O30012","65101","10111",1,0,1,1,1
"O30012","65103","10111",1,0,1,1,1
"O30012","V9101","10112",1,0,1,1,2
"O30013","65101","10111",1,0,1,1,1
"O30013","65103","10111",1,0,1,1,1
"O30013","V9101","10112",1,0,1,1,2
"O30019","65100","10111",1,0,1,1,1
"O30019","V9101","10112",1,0,1,1,2
"O30021","67811","10000",1,0,0,0,0
"O30021","67813","10000",1,0,0,0,0
"O30022","67811","10000",1,0,0,0,0
"O30022","67813","10000",1,0,0,0,0
"O30023","67811","10000",1,0,0,0,0
"O30023","67813","10000",1,0,0,0,0
"O30029","67810","10000",1,0,0,0,0
"O30031","65101","10111",1,0,1,1,1
"O30031","65103","10111",1,0,1,1,1
"O30031","V9102","10112",1,0,1,1,2
"O30032","65101","10111",1,0,1,1,1
"O30032","65103","10111",1,0,1,1,1
"O30032","V9102","10112",1,0,1,1,2
"O30033","65101","10111",1,0,1,1,1
"O30033","65103","10111",1,0,1,1,1
"O30033","V9102","10112",1,0,1,1,2
"O30039","65100","10111",1,0,1,1,1
"O30039","V9102","10112",1,0,1,1,2
"O30041","65101","10111",1,0,1,1,1
"O30041","65103","10111",1,0,1,1,1
"O30041","V9103","10112",1,0,1,1,2
"O30042","65101","10111",1,0,1,1,1
"O30042","65103","10111",1,0,1,1,1
"O30042","V9103","10112",1,0,1,1,2
"O30043","65101","10111",1,0,1,1,1
"O30043","65103","10111",1,0,1,1,1
"O30043","V9103","10112",1,0,1,1,2
"O30049","65100","10111",1,0,1,1,1
"O30049","V9103","10112",1,0,1,1,2
"O30091","65101","10111",1,0,1,1,1
"O30091","65103","10111",1,0,1,1,1
"O30091","V9109","10112",1,0,1,1,2
"O30092","65101","10111",1,0,1,1,1
"O30092","65103","10111",1,0,1,1,1
"O30092","V9109","10112",1,0,1,1,2
"O30093","65101","10111",1,0,1,1,1
"O30093","65103","10111",1,0,1,1,1
"O30093","V9109","10112",1,0,1,1,2
"O30099","65100","10111",1,0,1,1,1
"O30099","V9109","10112",1,0,1,1,2
"O30101","65111","10000",1,0,0,0,0
"O30101","65111","10111",1,0,1,1,1
"O30101","65113","10000",1,0,0,0,0
"O30101","65113","10111",1,0,1,1,1
"O30101","V9110","10112",1,0,1,1,2
"O30102","65111","10000",1,0,0,0,0
"O30102","65111","10111",1,0,1,1,1
"O30102","65113","10000",1,0,0,0,0
"O30102","65113","10111",1,0,1,1,1
"O30102","V9110","10112",1,0,1,1,2
"O30103","65111","10000",1,0,0,0,0
"O30103","65111","10111",1,0,1,1,1
"O30103","65113","10000",1,0,0,0,0
"O30103","65113","10111",1,0,1,1,1
"O30103","V9110","10112",1,0,1,1,2
"O30109","65110","10000",1,0,0,0,0
"O30109","65110","10111",1,0,1,1,1
"O30109","V9110","10112",1,0,1,1,2
"O30111","65111","10111",1,0,1,1,1
"O30111","65113","10111",1,0,1,1,1
"O30111","V9111","10112",1,0,1,1,2
"O30112","65111","10111",1,0,1,1,1
"O30112","65113","10111",1,0,1,1,1
"O30112","V9111","10112",1,0,1,1,2
"O30113","65111","10111",1,0,1,1,1
"O30113","65113","10111",1,0,1,1,1
"O30113","V9111","10112",1,0,1,1,2
"O30119","65110","10111",1,0,1,1,1
"O30119","V9111","10112",1,0,1,1,2
"O30121","65111","10111",1,0,1,1,1
"O30121","65113","10111",1,0,1,1,1
"O30121","V9112","10112",1,0,1,1,2
"O30122","65111","10111",1,0,1,1,1
"O30122","65113","10111",1,0,1,1,1
"O30122","V9112","10112",1,0,1,1,2
"O30123","65111","10111",1,0,1,1,1
"O30123","65113","10111",1,0,1,1,1
"O30123","V9112","10112",1,0,1,1,2
"O30129","65110","10111",1,0,1,1,1
"O30129","V9112","10112",1,0,1,1,2
"O30191","65111","10111",1,0,1,1,1
"O30191","65113","10111",1,0,1,1,1
"O30191","V9119","10112",1,0,1,1,2
"O30192","65111","10111",1,0,1,1,1
"O30192","65113","10111",1,0,1,1,1
"O30192","V9119","10112",1,0,1,1,2
"O30193","65111","10111",1,0,1,1,1
"O30193","65113","10111",1,0,1,1,1
"O30193","V9119","10112",1,0,1,1,2
"O30199","65110","10111",1,0,1,1,1
"O30199","V9119","10112",1,0,1,1,2
"O30201","65121","10000",1,0,0,0,0
"O30201","65121","10111",1,0,1,1,1
"O30201","65123","10000",1,0,0,0,0
"O30201","65123","10111",1,0,1,1,1
"O30201","V9120","10112",1,0,1,1,2
"O30202","65121","10000",1,0,0,0,0
"O30202","65121","10111",1,0,1,1,1
"O30202","65123","10000",1,0,0,0,0
"O30202","65123","10111",1,0,1,1,1
"O30202","V9120","10112",1,0,1,1,2
"O30203","65121","10000",1,0,0,0,0
"O30203","65121","10111",1,0,1,1,1
"O30203","65123","10000",1,0,0,0,0
"O30203","65123","10111",1,0,1,1,1
"O30203","V9120","10112",1,0,1,1,2
"O30209","65120","10000",1,0,0,0,0
"O30209","65120","10111",1,0,1,1,1
"O30209","V9120","10112",1,0,1,1,2
"O30211","65121","10111",1,0,1,1,1
"O30211","65123","10111",1,0,1,1,1
"O30211","V9121","10112",1,0,1,1,2
"O30212","65121","10111",1,0,1,1,1
"O30212","65123","10111",1,0,1,1,1
"O30212","V9121","10112",1,0,1,1,2
"O30213","65121","10111",1,0,1,1,1
"O30213","65123","10111",1,0,1,1,1
"O30213","V9121","10112",1,0,1,1,2
"O30219","65120","10111",1,0,1,1,1
"O30219","V9121","10112",1,0,1,1,2
"O30221","65121","10111",1,0,1,1,1
"O30221","65123","10111",1,0,1,1,1
"O30221","V9122","10112",1,0,1,1,2
"O30222","65121","10111",1,0,1,1,1
"O30222","65123","10111",1,0,1,1,1
"O30222","V9122","10112",1,0,1,1,2
"O30223","65121","10111",1,0,1,1,1
"O30223","65123","10111",1,0,1,1,1
"O30223","V9122","10112",1,0,1,1,2
"O30229","65120","10111",1,0,1,1,1
"O30229","V9122","10112",1,0,1,1,2
"O30291","65121","10111",1,0,1,1,1
"O30291","65123","10111",1,0,1,1,1
"O30291","V9129","10112",1,0,1,1,2
"O30292","65121","10111",1,0,1,1,1
"O30292","65123","10111",1,0,1,1,1
"O30292","V9129","10112",1,0,1,1,2
"O30293","65121","10111",1,0,1,1,1
"O30293","65123","10111",1,0,1,1,1
"O30293","V9129","10112",1,0,1,1,2
"O30299","65120","10111",1,0,1,1,1
"O30299","V9129","10112",1,0,1,1,2
"O30801","65181","10000",1,0,0,0,0
"O30801","65181","10111",1,0,1,1,1
"O30801","65183","10000",1,0,0,0,0
"O30801","65183","10111",1,0,1,1,1
"O30801","V9190","10112",1,0,1,1,2
"O30802","65181","10000",1,0,0,0,0
"O30802","65181","10111",1,0,1,1,1
"O30802","65183","10000",1,0,0,0,0
"O30802","65183","10111",1,0,1,1,1
"O30802","V9190","10112",1,0,1,1,2
"O30803","65181","10000",1,0,0,0,0
"O30803","65181","10111",1,0,1,1,1
"O30803","65183","10000",1,0,0,0,0
"O30803","65183","10111",1,0,1,1,1
"O30803","V9190","10112",1,0,1,1,2
"O30809","65180","10000",1,0,0,0,0
"O30809","65180","10111",1,0,1,1,1
"O30809","V9190","10112",1,0,1,1,2
"O30811","65181","10111",1,0,1,1,1
"O30811","65183","10111",1,0,1,1,1
"O30811","V9191","10112",1,0,1,1,2
"O30812","65181","10111",1,0,1,1,1
"O30812","65183","10111",1,0,1,1,1
"O30812","V9191","10112",1,0,1,1,2
"O30813","65181","10111",1,0,1,1,1
"O30813","65183","10111",1,0,1,1,1
"O30813","V9191","10112",1,0,1,1,2
"O30819","65180","10111",1,0,1,1,1
"O30819","V9191","10112",1,0,1,1,2
"O30821","65181","10111",1,0,1,1,1
"O30821","65183","10111",1,0,1,1,1
"O30821","V9192","10112",1,0,1,1,2
"O30822","65181","10111",1,0,1,1,1
"O30822","65183","10111",1,0,1,1,1
"O30822","V9192","10112",1,0,1,1,2
"O30823","65181","10111",1,0,1,1,1
"O30823","65183","10111",1,0,1,1,1
"O30823","V9192","10112",1,0,1,1,2
"O30829","65180","10111",1,0,1,1,1
"O30829","V9192","10112",1,0,1,1,2
"O30891","65181","10111",1,0,1,1,1
"O30891","65183","10111",1,0,1,1,1
"O30891","V9199","10112",1,0,1,1,2
"O30892","65181","10111",1,0,1,1,1
"O30892","65183","10111",1,0,1,1,1
"O30892","V9199","10112",1,0,1,1,2
"O30893","65181","10111",1,0,1,1,1
"O30893","65183","10111",1,0,1,1,1
"O30893","V9199","10112",1,0,1,1,2
"O30899","65180","10111",1,0,1,1,1
"O30899","V9199","10112",1,0,1,1,2
"O3090","65190","10000",1,0,0,0,0
"O3091","65191","10000",1,0,0,0,0
"O3091","65193","10000",1,0,0,0,0
"O3092","65191","10000",1,0,0,0,0
"O3092","65193","10000",1,0,0,0,0
"O3093","65191","10000",1,0,0,0,0
"O3093","65193","10000",1,0,0,0,0
"O3100X0","64600","10000",1,0,0,0,0
"O3100X1","64600","10000",1,0,0,0,0
"O3100X2","64600","10000",1,0,0,0,0
"O3100X3","64600","10000",1,0,0,0,0
"O3100X4","64600","10000",1,0,0,0,0
"O3100X5","64600","10000",1,0,0,0,0
"O3100X9","64600","10000",1,0,0,0,0
"O3101X0","64601","10000",1,0,0,0,0
"O3101X0","64603","10000",1,0,0,0,0
"O3101X1","64601","10000",1,0,0,0,0
"O3101X1","64603","10000",1,0,0,0,0
"O3101X2","64601","10000",1,0,0,0,0
"O3101X2","64603","10000",1,0,0,0,0
"O3101X3","64601","10000",1,0,0,0,0
"O3101X3","64603","10000",1,0,0,0,0
"O3101X4","64601","10000",1,0,0,0,0
"O3101X4","64603","10000",1,0,0,0,0
"O3101X5","64601","10000",1,0,0,0,0
"O3101X5","64603","10000",1,0,0,0,0
"O3101X9","64601","10000",1,0,0,0,0
"O3101X9","64603","10000",1,0,0,0,0
"O3102X0","64601","10000",1,0,0,0,0
"O3102X0","64603","10000",1,0,0,0,0
"O3102X1","64601","10000",1,0,0,0,0
"O3102X1","64603","10000",1,0,0,0,0
"O3102X2","64601","10000",1,0,0,0,0
"O3102X2","64603","10000",1,0,0,0,0
"O3102X3","64601","10000",1,0,0,0,0
"O3102X3","64603","10000",1,0,0,0,0
"O3102X4","64601","10000",1,0,0,0,0
"O3102X4","64603","10000",1,0,0,0,0
"O3102X5","64601","10000",1,0,0,0,0
"O3102X5","64603","10000",1,0,0,0,0
"O3102X9","64601","10000",1,0,0,0,0
"O3102X9","64603","10000",1,0,0,0,0
"O3103X0","64601","10000",1,0,0,0,0
"O3103X0","64603","10000",1,0,0,0,0
"O3103X1","64601","10000",1,0,0,0,0
"O3103X1","64603","10000",1,0,0,0,0
"O3103X2","64601","10000",1,0,0,0,0
"O3103X2","64603","10000",1,0,0,0,0
"O3103X3","64601","10000",1,0,0,0,0
"O3103X3","64603","10000",1,0,0,0,0
"O3103X4","64601","10000",1,0,0,0,0
"O3103X4","64603","10000",1,0,0,0,0
"O3103X5","64601","10000",1,0,0,0,0
"O3103X5","64603","10000",1,0,0,0,0
"O3103X9","64601","10000",1,0,0,0,0
"O3103X9","64603","10000",1,0,0,0,0
"O3110X0","65130","10000",1,0,0,0,0
"O3110X0","65160","10000",1,0,0,0,0
"O3110X1","65130","10000",1,0,0,0,0
"O3110X1","65160","10000",1,0,0,0,0
"O3110X2","65130","10000",1,0,0,0,0
"O3110X2","65160","10000",1,0,0,0,0
"O3110X3","65160","10000",1,0,0,0,0
"O3110X4","65160","10000",1,0,0,0,0
"O3110X5","65160","10000",1,0,0,0,0
"O3110X9","65160","10000",1,0,0,0,0
"O3111X0","65131","10000",1,0,0,0,0
"O3111X0","65133","10000",1,0,0,0,0
"O3111X0","65161","10000",1,0,0,0,0
"O3111X0","65163","10000",1,0,0,0,0
"O3111X1","65131","10000",1,0,0,0,0
"O3111X1","65133","10000",1,0,0,0,0
"O3111X1","65161","10000",1,0,0,0,0
"O3111X1","65163","10000",1,0,0,0,0
"O3111X2","65131","10000",1,0,0,0,0
"O3111X2","65133","10000",1,0,0,0,0
"O3111X2","65161","10000",1,0,0,0,0
"O3111X2","65163","10000",1,0,0,0,0
"O3111X3","65161","10000",1,0,0,0,0
"O3111X3","65163","10000",1,0,0,0,0
"O3111X4","65161","10000",1,0,0,0,0
"O3111X4","65163","10000",1,0,0,0,0
"O3111X5","65161","10000",1,0,0,0,0
"O3111X5","65163","10000",1,0,0,0,0
"O3111X9","65161","10000",1,0,0,0,0
"O3111X9","65163","10000",1,0,0,0,0
"O3112X0","65131","10000",1,0,0,0,0
"O3112X0","65133","10000",1,0,0,0,0
"O3112X0","65161","10000",1,0,0,0,0
"O3112X0","65163","10000",1,0,0,0,0
"O3112X1","65131","10000",1,0,0,0,0
"O3112X1","65133","10000",1,0,0,0,0
"O3112X1","65161","10000",1,0,0,0,0
"O3112X1","65163","10000",1,0,0,0,0
"O3112X2","65131","10000",1,0,0,0,0
"O3112X2","65133","10000",1,0,0,0,0
"O3112X2","65161","10000",1,0,0,0,0
"O3112X2","65163","10000",1,0,0,0,0
"O3112X3","65161","10000",1,0,0,0,0
"O3112X3","65163","10000",1,0,0,0,0
"O3112X4","65161","10000",1,0,0,0,0
"O3112X4","65163","10000",1,0,0,0,0
"O3112X5","65161","10000",1,0,0,0,0
"O3112X5","65163","10000",1,0,0,0,0
"O3112X9","65161","10000",1,0,0,0,0
"O3112X9","65163","10000",1,0,0,0,0
"O3113X0","65131","10000",1,0,0,0,0
"O3113X0","65133","10000",1,0,0,0,0
"O3113X0","65161","10000",1,0,0,0,0
"O3113X0","65163","10000",1,0,0,0,0
"O3113X1","65131","10000",1,0,0,0,0
"O3113X1","65133","10000",1,0,0,0,0
"O3113X1","65161","10000",1,0,0,0,0
"O3113X1","65163","10000",1,0,0,0,0
"O3113X2","65131","10000",1,0,0,0,0
"O3113X2","65133","10000",1,0,0,0,0
"O3113X2","65161","10000",1,0,0,0,0
"O3113X2","65163","10000",1,0,0,0,0
"O3113X3","65161","10000",1,0,0,0,0
"O3113X3","65163","10000",1,0,0,0,0
"O3113X4","65161","10000",1,0,0,0,0
"O3113X4","65163","10000",1,0,0,0,0
"O3113X5","65161","10000",1,0,0,0,0
"O3113X5","65163","10000",1,0,0,0,0
"O3113X9","65161","10000",1,0,0,0,0
"O3113X9","65163","10000",1,0,0,0,0
"O3120X0","65130","10000",1,0,0,0,0
"O3120X0","65160","10000",1,0,0,0,0
"O3120X1","65130","10000",1,0,0,0,0
"O3120X1","65160","10000",1,0,0,0,0
"O3120X2","65130","10000",1,0,0,0,0
"O3120X2","65160","10000",1,0,0,0,0
"O3120X3","65160","10000",1,0,0,0,0
"O3120X4","65160","10000",1,0,0,0,0
"O3120X5","65160","10000",1,0,0,0,0
"O3120X9","65160","10000",1,0,0,0,0
"O3121X0","65131","10000",1,0,0,0,0
"O3121X0","65133","10000",1,0,0,0,0
"O3121X0","65161","10000",1,0,0,0,0
"O3121X0","65163","10000",1,0,0,0,0
"O3121X1","65131","10000",1,0,0,0,0
"O3121X1","65133","10000",1,0,0,0,0
"O3121X1","65161","10000",1,0,0,0,0
"O3121X1","65163","10000",1,0,0,0,0
"O3121X2","65131","10000",1,0,0,0,0
"O3121X2","65133","10000",1,0,0,0,0
"O3121X2","65161","10000",1,0,0,0,0
"O3121X2","65163","10000",1,0,0,0,0
"O3121X3","65161","10000",1,0,0,0,0
"O3121X3","65163","10000",1,0,0,0,0
"O3121X4","65161","10000",1,0,0,0,0
"O3121X4","65163","10000",1,0,0,0,0
"O3121X5","65161","10000",1,0,0,0,0
"O3121X5","65163","10000",1,0,0,0,0
"O3121X9","65161","10000",1,0,0,0,0
"O3121X9","65163","10000",1,0,0,0,0
"O3122X0","65131","10000",1,0,0,0,0
"O3122X0","65133","10000",1,0,0,0,0
"O3122X0","65161","10000",1,0,0,0,0
"O3122X0","65163","10000",1,0,0,0,0
"O3122X1","65131","10000",1,0,0,0,0
"O3122X1","65133","10000",1,0,0,0,0
"O3122X1","65161","10000",1,0,0,0,0
"O3122X1","65163","10000",1,0,0,0,0
"O3122X2","65131","10000",1,0,0,0,0
"O3122X2","65133","10000",1,0,0,0,0
"O3122X2","65161","10000",1,0,0,0,0
"O3122X2","65163","10000",1,0,0,0,0
"O3122X3","65161","10000",1,0,0,0,0
"O3122X3","65163","10000",1,0,0,0,0
"O3122X4","65161","10000",1,0,0,0,0
"O3122X4","65163","10000",1,0,0,0,0
"O3122X5","65161","10000",1,0,0,0,0
"O3122X5","65163","10000",1,0,0,0,0
"O3122X9","65161","10000",1,0,0,0,0
"O3122X9","65163","10000",1,0,0,0,0
"O3123X0","65131","10000",1,0,0,0,0
"O3123X0","65133","10000",1,0,0,0,0
"O3123X0","65161","10000",1,0,0,0,0
"O3123X0","65163","10000",1,0,0,0,0
"O3123X1","65131","10000",1,0,0,0,0
"O3123X1","65133","10000",1,0,0,0,0
"O3123X1","65161","10000",1,0,0,0,0
"O3123X1","65163","10000",1,0,0,0,0
"O3123X2","65131","10000",1,0,0,0,0
"O3123X2","65133","10000",1,0,0,0,0
"O3123X2","65161","10000",1,0,0,0,0
"O3123X2","65163","10000",1,0,0,0,0
"O3123X3","65161","10000",1,0,0,0,0
"O3123X3","65163","10000",1,0,0,0,0
"O3123X4","65161","10000",1,0,0,0,0
"O3123X4","65163","10000",1,0,0,0,0
"O3123X5","65161","10000",1,0,0,0,0
"O3123X5","65163","10000",1,0,0,0,0
"O3123X9","65161","10000",1,0,0,0,0
"O3123X9","65163","10000",1,0,0,0,0
"O3130X0","65170","10000",1,0,0,0,0
"O3130X1","65170","10000",1,0,0,0,0
"O3130X2","65170","10000",1,0,0,0,0
"O3130X3","65170","10000",1,0,0,0,0
"O3130X4","65170","10000",1,0,0,0,0
"O3130X5","65170","10000",1,0,0,0,0
"O3130X9","65170","10000",1,0,0,0,0
"O3131X0","65171","10000",1,0,0,0,0
"O3131X0","65173","10000",1,0,0,0,0
"O3131X1","65171","10000",1,0,0,0,0
"O3131X1","65173","10000",1,0,0,0,0
"O3131X2","65171","10000",1,0,0,0,0
"O3131X2","65173","10000",1,0,0,0,0
"O3131X3","65171","10000",1,0,0,0,0
"O3131X3","65173","10000",1,0,0,0,0
"O3131X4","65171","10000",1,0,0,0,0
"O3131X4","65173","10000",1,0,0,0,0
"O3131X5","65171","10000",1,0,0,0,0
"O3131X5","65173","10000",1,0,0,0,0
"O3131X9","65171","10000",1,0,0,0,0
"O3131X9","65173","10000",1,0,0,0,0
"O3132X0","65171","10000",1,0,0,0,0
"O3132X0","65173","10000",1,0,0,0,0
"O3132X1","65171","10000",1,0,0,0,0
"O3132X1","65173","10000",1,0,0,0,0
"O3132X2","65171","10000",1,0,0,0,0
"O3132X2","65173","10000",1,0,0,0,0
"O3132X3","65171","10000",1,0,0,0,0
"O3132X3","65173","10000",1,0,0,0,0
"O3132X4","65171","10000",1,0,0,0,0
"O3132X4","65173","10000",1,0,0,0,0
"O3132X5","65171","10000",1,0,0,0,0
"O3132X5","65173","10000",1,0,0,0,0
"O3132X9","65171","10000",1,0,0,0,0
"O3132X9","65173","10000",1,0,0,0,0
"O3133X0","65171","10000",1,0,0,0,0
"O3133X0","65173","10000",1,0,0,0,0
"O3133X1","65171","10000",1,0,0,0,0
"O3133X1","65173","10000",1,0,0,0,0
"O3133X2","65171","10000",1,0,0,0,0
"O3133X2","65173","10000",1,0,0,0,0
"O3133X3","65171","10000",1,0,0,0,0
"O3133X3","65173","10000",1,0,0,0,0
"O3133X4","65171","10000",1,0,0,0,0
"O3133X4","65173","10000",1,0,0,0,0
"O3133X5","65171","10000",1,0,0,0,0
"O3133X5","65173","10000",1,0,0,0,0
"O3133X9","65171","10000",1,0,0,0,0
"O3133X9","65173","10000",1,0,0,0,0
"O318X10","65181","10000",1,0,0,0,0
"O318X10","65183","10000",1,0,0,0,0
"O318X11","65181","10000",1,0,0,0,0
"O318X11","65183","10000",1,0,0,0,0
"O318X12","65181","10000",1,0,0,0,0
"O318X12","65183","10000",1,0,0,0,0
"O318X13","65181","10000",1,0,0,0,0
"O318X13","65183","10000",1,0,0,0,0
"O318X14","65181","10000",1,0,0,0,0
"O318X14","65183","10000",1,0,0,0,0
"O318X15","65181","10000",1,0,0,0,0
"O318X15","65183","10000",1,0,0,0,0
"O318X19","65181","10000",1,0,0,0,0
"O318X19","65183","10000",1,0,0,0,0
"O318X20","65181","10000",1,0,0,0,0
"O318X20","65183","10000",1,0,0,0,0
"O318X21","65181","10000",1,0,0,0,0
"O318X21","65183","10000",1,0,0,0,0
"O318X22","65181","10000",1,0,0,0,0
"O318X22","65183","10000",1,0,0,0,0
"O318X23","65181","10000",1,0,0,0,0
"O318X23","65183","10000",1,0,0,0,0
"O318X24","65181","10000",1,0,0,0,0
"O318X24","65183","10000",1,0,0,0,0
"O318X25","65181","10000",1,0,0,0,0
"O318X25","65183","10000",1,0,0,0,0
"O318X29","65181","10000",1,0,0,0,0
"O318X29","65183","10000",1,0,0,0,0
"O318X30","65181","10000",1,0,0,0,0
"O318X30","65183","10000",1,0,0,0,0
"O318X31","65181","10000",1,0,0,0,0
"O318X31","65183","10000",1,0,0,0,0
"O318X32","65181","10000",1,0,0,0,0
"O318X32","65183","10000",1,0,0,0,0
"O318X33","65181","10000",1,0,0,0,0
"O318X33","65183","10000",1,0,0,0,0
"O318X34","65181","10000",1,0,0,0,0
"O318X34","65183","10000",1,0,0,0,0
"O318X35","65181","10000",1,0,0,0,0
"O318X35","65183","10000",1,0,0,0,0
"O318X39","65181","10000",1,0,0,0,0
"O318X39","65183","10000",1,0,0,0,0
"O318X90","65190","10000",1,0,0,0,0
"O318X91","65190","10000",1,0,0,0,0
"O318X92","65190","10000",1,0,0,0,0
"O318X93","65190","10000",1,0,0,0,0
"O318X94","65190","10000",1,0,0,0,0
"O318X95","65190","10000",1,0,0,0,0
"O318X99","65190","10000",1,0,0,0,0
"O320XX0","65201","10000",1,0,0,0,0
"O320XX0","65203","10000",1,0,0,0,0
"O320XX1","65201","10000",1,0,0,0,0
"O320XX1","65203","10000",1,0,0,0,0
"O320XX2","65201","10000",1,0,0,0,0
"O320XX2","65203","10000",1,0,0,0,0
"O320XX3","65201","10000",1,0,0,0,0
"O320XX3","65203","10000",1,0,0,0,0
"O320XX4","65201","10000",1,0,0,0,0
"O320XX4","65203","10000",1,0,0,0,0
"O320XX5","65201","10000",1,0,0,0,0
"O320XX5","65203","10000",1,0,0,0,0
"O320XX9","65201","10000",1,0,0,0,0
"O320XX9","65203","10000",1,0,0,0,0
"O321XX0","65211","10000",1,0,0,0,0
"O321XX0","65221","10000",1,0,0,0,0
"O321XX0","65223","10000",1,0,0,0,0
"O321XX1","65211","10000",1,0,0,0,0
"O321XX1","65221","10000",1,0,0,0,0
"O321XX1","65223","10000",1,0,0,0,0
"O321XX2","65211","10000",1,0,0,0,0
"O321XX2","65221","10000",1,0,0,0,0
"O321XX2","65223","10000",1,0,0,0,0
"O321XX3","65211","10000",1,0,0,0,0
"O321XX3","65221","10000",1,0,0,0,0
"O321XX3","65223","10000",1,0,0,0,0
"O321XX4","65211","10000",1,0,0,0,0
"O321XX4","65221","10000",1,0,0,0,0
"O321XX4","65223","10000",1,0,0,0,0
"O321XX5","65211","10000",1,0,0,0,0
"O321XX5","65221","10000",1,0,0,0,0
"O321XX5","65223","10000",1,0,0,0,0
"O321XX9","65211","10000",1,0,0,0,0
"O321XX9","65221","10000",1,0,0,0,0
"O321XX9","65223","10000",1,0,0,0,0
"O322XX0","65231","10000",1,0,0,0,0
"O322XX0","65233","10000",1,0,0,0,0
"O322XX1","65231","10000",1,0,0,0,0
"O322XX1","65233","10000",1,0,0,0,0
"O322XX2","65231","10000",1,0,0,0,0
"O322XX2","65233","10000",1,0,0,0,0
"O322XX3","65231","10000",1,0,0,0,0
"O322XX3","65233","10000",1,0,0,0,0
"O322XX4","65231","10000",1,0,0,0,0
"O322XX4","65233","10000",1,0,0,0,0
"O322XX5","65231","10000",1,0,0,0,0
"O322XX5","65233","10000",1,0,0,0,0
"O322XX9","65231","10000",1,0,0,0,0
"O322XX9","65233","10000",1,0,0,0,0
"O323XX0","65241","10000",1,0,0,0,0
"O323XX0","65243","10000",1,0,0,0,0
"O323XX1","65241","10000",1,0,0,0,0
"O323XX1","65243","10000",1,0,0,0,0
"O323XX2","65241","10000",1,0,0,0,0
"O323XX2","65243","10000",1,0,0,0,0
"O323XX3","65241","10000",1,0,0,0,0
"O323XX3","65243","10000",1,0,0,0,0
"O323XX4","65241","10000",1,0,0,0,0
"O323XX4","65243","10000",1,0,0,0,0
"O323XX5","65241","10000",1,0,0,0,0
"O323XX5","65243","10000",1,0,0,0,0
"O323XX9","65241","10000",1,0,0,0,0
"O323XX9","65243","10000",1,0,0,0,0
"O324XX0","65251","10000",1,0,0,0,0
"O324XX0","65253","10000",1,0,0,0,0
"O324XX1","65251","10000",1,0,0,0,0
"O324XX1","65253","10000",1,0,0,0,0
"O324XX2","65251","10000",1,0,0,0,0
"O324XX2","65253","10000",1,0,0,0,0
"O324XX3","65251","10000",1,0,0,0,0
"O324XX3","65253","10000",1,0,0,0,0
"O324XX4","65251","10000",1,0,0,0,0
"O324XX4","65253","10000",1,0,0,0,0
"O324XX5","65251","10000",1,0,0,0,0
"O324XX5","65253","10000",1,0,0,0,0
"O324XX9","65251","10000",1,0,0,0,0
"O324XX9","65253","10000",1,0,0,0,0
"O326XX0","65281","10000",1,0,0,0,0
"O326XX0","65283","10000",1,0,0,0,0
"O326XX1","65281","10000",1,0,0,0,0
"O326XX1","65283","10000",1,0,0,0,0
"O326XX2","65281","10000",1,0,0,0,0
"O326XX2","65283","10000",1,0,0,0,0
"O326XX3","65281","10000",1,0,0,0,0
"O326XX3","65283","10000",1,0,0,0,0
"O326XX4","65281","10000",1,0,0,0,0
"O326XX4","65283","10000",1,0,0,0,0
"O326XX5","65281","10000",1,0,0,0,0
"O326XX5","65283","10000",1,0,0,0,0
"O326XX9","65281","10000",1,0,0,0,0
"O326XX9","65283","10000",1,0,0,0,0
"O328XX0","65281","10000",1,0,0,0,0
"O328XX0","65283","10000",1,0,0,0,0
"O328XX1","65281","10000",1,0,0,0,0
"O328XX1","65283","10000",1,0,0,0,0
"O328XX2","65281","10000",1,0,0,0,0
"O328XX2","65283","10000",1,0,0,0,0
"O328XX3","65281","10000",1,0,0,0,0
"O328XX3","65283","10000",1,0,0,0,0
"O328XX4","65281","10000",1,0,0,0,0
"O328XX4","65283","10000",1,0,0,0,0
"O328XX5","65281","10000",1,0,0,0,0
"O328XX5","65283","10000",1,0,0,0,0
"O328XX9","65281","10000",1,0,0,0,0
"O328XX9","65283","10000",1,0,0,0,0
"O329XX0","65261","10000",1,0,0,0,0
"O329XX0","65291","10000",1,0,0,0,0
"O329XX0","65293","10000",1,0,0,0,0
"O329XX1","65261","10000",1,0,0,0,0
"O329XX1","65291","10000",1,0,0,0,0
"O329XX1","65293","10000",1,0,0,0,0
"O329XX2","65261","10000",1,0,0,0,0
"O329XX2","65291","10000",1,0,0,0,0
"O329XX2","65293","10000",1,0,0,0,0
"O329XX3","65261","10000",1,0,0,0,0
"O329XX3","65291","10000",1,0,0,0,0
"O329XX3","65293","10000",1,0,0,0,0
"O329XX4","65261","10000",1,0,0,0,0
"O329XX4","65291","10000",1,0,0,0,0
"O329XX4","65293","10000",1,0,0,0,0
"O329XX5","65261","10000",1,0,0,0,0
"O329XX5","65291","10000",1,0,0,0,0
"O329XX5","65293","10000",1,0,0,0,0
"O329XX9","65261","10000",1,0,0,0,0
"O329XX9","65291","10000",1,0,0,0,0
"O329XX9","65293","10000",1,0,0,0,0
"O330","64871","10000",1,0,0,0,0
"O330","64872","10000",1,0,0,0,0
"O330","65301","10000",1,0,0,0,0
"O331","65311","10000",1,0,0,0,0
"O331","65313","10000",1,0,0,0,0
"O332","65321","10000",1,0,0,0,0
"O332","65323","10000",1,0,0,0,0
"O333XX0","65331","10000",1,0,0,0,0
"O333XX0","65333","10000",1,0,0,0,0
"O333XX1","65331","10000",1,0,0,0,0
"O333XX1","65333","10000",1,0,0,0,0
"O333XX2","65331","10000",1,0,0,0,0
"O333XX2","65333","10000",1,0,0,0,0
"O333XX3","65331","10000",1,0,0,0,0
"O333XX3","65333","10000",1,0,0,0,0
"O333XX4","65331","10000",1,0,0,0,0
"O333XX4","65333","10000",1,0,0,0,0
"O333XX5","65331","10000",1,0,0,0,0
"O333XX5","65333","10000",1,0,0,0,0
"O333XX9","65331","10000",1,0,0,0,0
"O333XX9","65333","10000",1,0,0,0,0
"O334XX0","65341","10000",1,0,0,0,0
"O334XX0","65343","10000",1,0,0,0,0
"O334XX1","65341","10000",1,0,0,0,0
"O334XX1","65343","10000",1,0,0,0,0
"O334XX2","65341","10000",1,0,0,0,0
"O334XX2","65343","10000",1,0,0,0,0
"O334XX3","65341","10000",1,0,0,0,0
"O334XX3","65343","10000",1,0,0,0,0
"O334XX4","65341","10000",1,0,0,0,0
"O334XX4","65343","10000",1,0,0,0,0
"O334XX5","65341","10000",1,0,0,0,0
"O334XX5","65343","10000",1,0,0,0,0
"O334XX9","65341","10000",1,0,0,0,0
"O334XX9","65343","10000",1,0,0,0,0
"O335XX0","65351","10000",1,0,0,0,0
"O335XX0","65353","10000",1,0,0,0,0
"O335XX1","65351","10000",1,0,0,0,0
"O335XX1","65353","10000",1,0,0,0,0
"O335XX2","65351","10000",1,0,0,0,0
"O335XX2","65353","10000",1,0,0,0,0
"O335XX3","65351","10000",1,0,0,0,0
"O335XX3","65353","10000",1,0,0,0,0
"O335XX4","65351","10000",1,0,0,0,0
"O335XX4","65353","10000",1,0,0,0,0
"O335XX5","65351","10000",1,0,0,0,0
"O335XX5","65353","10000",1,0,0,0,0
"O335XX9","65351","10000",1,0,0,0,0
"O335XX9","65353","10000",1,0,0,0,0
"O336XX0","65361","10000",1,0,0,0,0
"O336XX0","65363","10000",1,0,0,0,0
"O336XX1","65361","10000",1,0,0,0,0
"O336XX1","65363","10000",1,0,0,0,0
"O336XX2","65361","10000",1,0,0,0,0
"O336XX2","65363","10000",1,0,0,0,0
"O336XX3","65361","10000",1,0,0,0,0
"O336XX3","65363","10000",1,0,0,0,0
"O336XX4","65361","10000",1,0,0,0,0
"O336XX4","65363","10000",1,0,0,0,0
"O336XX5","65361","10000",1,0,0,0,0
"O336XX5","65363","10000",1,0,0,0,0
"O336XX9","65361","10000",1,0,0,0,0
"O336XX9","65363","10000",1,0,0,0,0
"O337","65371","10000",1,0,0,0,0
"O337","65373","10000",1,0,0,0,0
"O338","65381","10000",1,0,0,0,0
"O338","65383","10000",1,0,0,0,0
"O339","65391","10000",1,0,0,0,0
"O339","65393","10000",1,0,0,0,0
"O3400","65400","10000",1,0,0,0,0
"O3401","65401","10000",1,0,0,0,0
"O3401","65402","10000",1,0,0,0,0
"O3401","65403","10000",1,0,0,0,0
"O3401","65404","10000",1,0,0,0,0
"O3402","65401","10000",1,0,0,0,0
"O3402","65402","10000",1,0,0,0,0
"O3402","65403","10000",1,0,0,0,0
"O3402","65404","10000",1,0,0,0,0
"O3403","65401","10000",1,0,0,0,0
"O3403","65402","10000",1,0,0,0,0
"O3403","65403","10000",1,0,0,0,0
"O3403","65404","10000",1,0,0,0,0
"O3410","65410","10000",1,0,0,0,0
"O3411","65411","10000",1,0,0,0,0
"O3411","65412","10000",1,0,0,0,0
"O3411","65413","10000",1,0,0,0,0
"O3411","65414","10000",1,0,0,0,0
"O3412","65411","10000",1,0,0,0,0
"O3412","65412","10000",1,0,0,0,0
"O3412","65413","10000",1,0,0,0,0
"O3412","65414","10000",1,0,0,0,0
"O3413","65411","10000",1,0,0,0,0
"O3413","65412","10000",1,0,0,0,0
"O3413","65413","10000",1,0,0,0,0
"O3413","65414","10000",1,0,0,0,0
"O3421","65421","10000",1,0,0,0,0
"O3421","65423","10000",1,0,0,0,0
"O3429","65491","10000",1,0,0,0,0
"O3429","65493","10000",1,0,0,0,0
"O3430","65450","10000",1,0,0,0,0
"O3431","65451","10000",1,0,0,0,0
"O3431","65452","10000",1,0,0,0,0
"O3431","65453","10000",1,0,0,0,0
"O3431","65454","10000",1,0,0,0,0
"O3432","65451","10000",1,0,0,0,0
"O3432","65452","10000",1,0,0,0,0
"O3432","65453","10000",1,0,0,0,0
"O3432","65454","10000",1,0,0,0,0
"O3433","65451","10000",1,0,0,0,0
"O3433","65452","10000",1,0,0,0,0
"O3433","65453","10000",1,0,0,0,0
"O3433","65454","10000",1,0,0,0,0
"O3440","65460","10000",1,0,0,0,0
"O3441","65461","10000",1,0,0,0,0
"O3441","65462","10000",1,0,0,0,0
"O3441","65463","10000",1,0,0,0,0
"O3441","65464","10000",1,0,0,0,0
"O3442","65461","10000",1,0,0,0,0
"O3442","65462","10000",1,0,0,0,0
"O3442","65463","10000",1,0,0,0,0
"O3442","65464","10000",1,0,0,0,0
"O3443","65461","10000",1,0,0,0,0
"O3443","65462","10000",1,0,0,0,0
"O3443","65463","10000",1,0,0,0,0
"O3443","65464","10000",1,0,0,0,0
"O34511","65431","10000",1,0,0,0,0
"O34511","65432","10000",1,0,0,0,0
"O34511","65433","10000",1,0,0,0,0
"O34511","65434","10000",1,0,0,0,0
"O34512","65431","10000",1,0,0,0,0
"O34512","65432","10000",1,0,0,0,0
"O34512","65433","10000",1,0,0,0,0
"O34512","65434","10000",1,0,0,0,0
"O34513","65431","10000",1,0,0,0,0
"O34513","65432","10000",1,0,0,0,0
"O34513","65433","10000",1,0,0,0,0
"O34513","65434","10000",1,0,0,0,0
"O34519","65430","10000",1,0,0,0,0
"O34521","65441","10000",1,0,0,0,0
"O34521","65443","10000",1,0,0,0,0
"O34522","65441","10000",1,0,0,0,0
"O34522","65443","10000",1,0,0,0,0
"O34523","65441","10000",1,0,0,0,0
"O34523","65443","10000",1,0,0,0,0
"O34529","65440","10000",1,0,0,0,0
"O34531","65431","10000",1,0,0,0,0
"O34531","65432","10000",1,0,0,0,0
"O34531","65433","10000",1,0,0,0,0
"O34531","65434","10000",1,0,0,0,0
"O34532","65431","10000",1,0,0,0,0
"O34532","65432","10000",1,0,0,0,0
"O34532","65433","10000",1,0,0,0,0
"O34532","65434","10000",1,0,0,0,0
"O34533","65431","10000",1,0,0,0,0
"O34533","65432","10000",1,0,0,0,0
"O34533","65433","10000",1,0,0,0,0
"O34533","65434","10000",1,0,0,0,0
"O34539","65430","10000",1,0,0,0,0
"O34591","65441","10000",1,0,0,0,0
"O34591","65442","10000",1,0,0,0,0
"O34591","65443","10000",1,0,0,0,0
"O34591","65444","10000",1,0,0,0,0
"O34592","65441","10000",1,0,0,0,0
"O34592","65442","10000",1,0,0,0,0
"O34592","65443","10000",1,0,0,0,0
"O34592","65444","10000",1,0,0,0,0
"O34593","65441","10000",1,0,0,0,0
"O34593","65442","10000",1,0,0,0,0
"O34593","65443","10000",1,0,0,0,0
"O34593","65444","10000",1,0,0,0,0
"O34599","65440","10000",1,0,0,0,0
"O3460","65470","10000",1,0,0,0,0
"O3461","65471","10000",1,0,0,0,0
"O3461","65472","10000",1,0,0,0,0
"O3461","65473","10000",1,0,0,0,0
"O3461","65474","10000",1,0,0,0,0
"O3462","65471","10000",1,0,0,0,0
"O3462","65472","10000",1,0,0,0,0
"O3462","65473","10000",1,0,0,0,0
"O3462","65474","10000",1,0,0,0,0
"O3463","65471","10000",1,0,0,0,0
"O3463","65472","10000",1,0,0,0,0
"O3463","65473","10000",1,0,0,0,0
"O3463","65474","10000",1,0,0,0,0
"O3470","65480","10000",1,0,0,0,0
"O3471","65481","10000",1,0,0,0,0
"O3471","65482","10000",1,0,0,0,0
"O3471","65483","10000",1,0,0,0,0
"O3471","65484","10000",1,0,0,0,0
"O3472","65481","10000",1,0,0,0,0
"O3472","65482","10000",1,0,0,0,0
"O3472","65483","10000",1,0,0,0,0
"O3472","65484","10000",1,0,0,0,0
"O3473","65481","10000",1,0,0,0,0
"O3473","65482","10000",1,0,0,0,0
"O3473","65483","10000",1,0,0,0,0
"O3473","65484","10000",1,0,0,0,0
"O3480","65490","10000",1,0,0,0,0
"O3481","65491","10000",1,0,0,0,0
"O3481","65492","10000",1,0,0,0,0
"O3481","65493","10000",1,0,0,0,0
"O3481","65494","10000",1,0,0,0,0
"O3482","65491","10000",1,0,0,0,0
"O3482","65492","10000",1,0,0,0,0
"O3482","65493","10000",1,0,0,0,0
"O3482","65494","10000",1,0,0,0,0
"O3483","65491","10000",1,0,0,0,0
"O3483","65492","10000",1,0,0,0,0
"O3483","65493","10000",1,0,0,0,0
"O3483","65494","10000",1,0,0,0,0
"O3490","65490","10000",1,0,0,0,0
"O3491","65491","10000",1,0,0,0,0
"O3491","65492","10000",1,0,0,0,0
"O3491","65493","10000",1,0,0,0,0
"O3491","65494","10000",1,0,0,0,0
"O3492","65491","10000",1,0,0,0,0
"O3492","65492","10000",1,0,0,0,0
"O3492","65493","10000",1,0,0,0,0
"O3492","65494","10000",1,0,0,0,0
"O3493","65491","10000",1,0,0,0,0
"O3493","65492","10000",1,0,0,0,0
"O3493","65493","10000",1,0,0,0,0
"O3493","65494","10000",1,0,0,0,0
"O350XX0","65501","10000",1,0,0,0,0
"O350XX0","65503","10000",1,0,0,0,0
"O350XX1","65501","10000",1,0,0,0,0
"O350XX1","65503","10000",1,0,0,0,0
"O350XX2","65501","10000",1,0,0,0,0
"O350XX2","65503","10000",1,0,0,0,0
"O350XX3","65501","10000",1,0,0,0,0
"O350XX3","65503","10000",1,0,0,0,0
"O350XX4","65501","10000",1,0,0,0,0
"O350XX4","65503","10000",1,0,0,0,0
"O350XX5","65501","10000",1,0,0,0,0
"O350XX5","65503","10000",1,0,0,0,0
"O350XX9","65501","10000",1,0,0,0,0
"O350XX9","65503","10000",1,0,0,0,0
"O351XX0","65511","10000",1,0,0,0,0
"O351XX0","65513","10000",1,0,0,0,0
"O351XX1","65511","10000",1,0,0,0,0
"O351XX1","65513","10000",1,0,0,0,0
"O351XX2","65511","10000",1,0,0,0,0
"O351XX2","65513","10000",1,0,0,0,0
"O351XX3","65511","10000",1,0,0,0,0
"O351XX3","65513","10000",1,0,0,0,0
"O351XX4","65511","10000",1,0,0,0,0
"O351XX4","65513","10000",1,0,0,0,0
"O351XX5","65511","10000",1,0,0,0,0
"O351XX5","65513","10000",1,0,0,0,0
"O351XX9","65511","10000",1,0,0,0,0
"O351XX9","65513","10000",1,0,0,0,0
"O352XX0","65521","10000",1,0,0,0,0
"O352XX0","65523","10000",1,0,0,0,0
"O352XX1","65521","10000",1,0,0,0,0
"O352XX1","65523","10000",1,0,0,0,0
"O352XX2","65521","10000",1,0,0,0,0
"O352XX2","65523","10000",1,0,0,0,0
"O352XX3","65521","10000",1,0,0,0,0
"O352XX3","65523","10000",1,0,0,0,0
"O352XX4","65521","10000",1,0,0,0,0
"O352XX4","65523","10000",1,0,0,0,0
"O352XX5","65521","10000",1,0,0,0,0
"O352XX5","65523","10000",1,0,0,0,0
"O352XX9","65521","10000",1,0,0,0,0
"O352XX9","65523","10000",1,0,0,0,0
"O353XX0","65531","10000",1,0,0,0,0
"O353XX0","65533","10000",1,0,0,0,0
"O353XX1","65531","10000",1,0,0,0,0
"O353XX1","65533","10000",1,0,0,0,0
"O353XX2","65531","10000",1,0,0,0,0
"O353XX2","65533","10000",1,0,0,0,0
"O353XX3","65531","10000",1,0,0,0,0
"O353XX3","65533","10000",1,0,0,0,0
"O353XX4","65531","10000",1,0,0,0,0
"O353XX4","65533","10000",1,0,0,0,0
"O353XX5","65531","10000",1,0,0,0,0
"O353XX5","65533","10000",1,0,0,0,0
"O353XX9","65531","10000",1,0,0,0,0
"O353XX9","65533","10000",1,0,0,0,0
"O354XX0","65541","10000",1,0,0,0,0
"O354XX0","65543","10000",1,0,0,0,0
"O354XX1","65541","10000",1,0,0,0,0
"O354XX1","65543","10000",1,0,0,0,0
"O354XX2","65541","10000",1,0,0,0,0
"O354XX2","65543","10000",1,0,0,0,0
"O354XX3","65541","10000",1,0,0,0,0
"O354XX3","65543","10000",1,0,0,0,0
"O354XX4","65541","10000",1,0,0,0,0
"O354XX4","65543","10000",1,0,0,0,0
"O354XX5","65541","10000",1,0,0,0,0
"O354XX5","65543","10000",1,0,0,0,0
"O354XX9","65541","10000",1,0,0,0,0
"O354XX9","65543","10000",1,0,0,0,0
"O355XX0","65551","10000",1,0,0,0,0
"O355XX0","65553","10000",1,0,0,0,0
"O355XX1","65551","10000",1,0,0,0,0
"O355XX1","65553","10000",1,0,0,0,0
"O355XX2","65551","10000",1,0,0,0,0
"O355XX2","65553","10000",1,0,0,0,0
"O355XX3","65551","10000",1,0,0,0,0
"O355XX3","65553","10000",1,0,0,0,0
"O355XX4","65551","10000",1,0,0,0,0
"O355XX4","65553","10000",1,0,0,0,0
"O355XX5","65551","10000",1,0,0,0,0
"O355XX5","65553","10000",1,0,0,0,0
"O355XX9","65551","10000",1,0,0,0,0
"O355XX9","65553","10000",1,0,0,0,0
"O356XX0","65561","10000",1,0,0,0,0
"O356XX0","65563","10000",1,0,0,0,0
"O356XX1","65561","10000",1,0,0,0,0
"O356XX1","65563","10000",1,0,0,0,0
"O356XX2","65561","10000",1,0,0,0,0
"O356XX2","65563","10000",1,0,0,0,0
"O356XX3","65561","10000",1,0,0,0,0
"O356XX3","65563","10000",1,0,0,0,0
"O356XX4","65561","10000",1,0,0,0,0
"O356XX4","65563","10000",1,0,0,0,0
"O356XX5","65561","10000",1,0,0,0,0
"O356XX5","65563","10000",1,0,0,0,0
"O356XX9","65561","10000",1,0,0,0,0
"O356XX9","65563","10000",1,0,0,0,0
"O357XX0","67910","10000",1,0,0,0,0
"O357XX0","67911","10000",1,0,0,0,0
"O357XX0","67912","10000",1,0,0,0,0
"O357XX0","67913","10000",1,0,0,0,0
"O357XX0","67914","10000",1,0,0,0,0
"O357XX1","67910","10000",1,0,0,0,0
"O357XX1","67911","10000",1,0,0,0,0
"O357XX1","67912","10000",1,0,0,0,0
"O357XX1","67913","10000",1,0,0,0,0
"O357XX1","67914","10000",1,0,0,0,0
"O357XX2","67910","10000",1,0,0,0,0
"O357XX2","67911","10000",1,0,0,0,0
"O357XX2","67912","10000",1,0,0,0,0
"O357XX2","67913","10000",1,0,0,0,0
"O357XX2","67914","10000",1,0,0,0,0
"O357XX3","67910","10000",1,0,0,0,0
"O357XX3","67911","10000",1,0,0,0,0
"O357XX3","67912","10000",1,0,0,0,0
"O357XX3","67913","10000",1,0,0,0,0
"O357XX3","67914","10000",1,0,0,0,0
"O357XX4","67910","10000",1,0,0,0,0
"O357XX4","67911","10000",1,0,0,0,0
"O357XX4","67912","10000",1,0,0,0,0
"O357XX4","67913","10000",1,0,0,0,0
"O357XX4","67914","10000",1,0,0,0,0
"O357XX5","67910","10000",1,0,0,0,0
"O357XX5","67911","10000",1,0,0,0,0
"O357XX5","67912","10000",1,0,0,0,0
"O357XX5","67913","10000",1,0,0,0,0
"O357XX5","67914","10000",1,0,0,0,0
"O357XX9","67910","10000",1,0,0,0,0
"O357XX9","67911","10000",1,0,0,0,0
"O357XX9","67912","10000",1,0,0,0,0
"O357XX9","67913","10000",1,0,0,0,0
"O357XX9","67914","10000",1,0,0,0,0
"O358XX0","65581","10000",1,0,0,0,0
"O358XX0","65583","10000",1,0,0,0,0
"O358XX0","67801","10000",1,0,0,0,0
"O358XX1","65581","10000",1,0,0,0,0
"O358XX1","65583","10000",1,0,0,0,0
"O358XX1","67801","10000",1,0,0,0,0
"O358XX2","65581","10000",1,0,0,0,0
"O358XX2","65583","10000",1,0,0,0,0
"O358XX2","67801","10000",1,0,0,0,0
"O358XX3","65581","10000",1,0,0,0,0
"O358XX3","65583","10000",1,0,0,0,0
"O358XX3","67801","10000",1,0,0,0,0
"O358XX4","65581","10000",1,0,0,0,0
"O358XX4","65583","10000",1,0,0,0,0
"O358XX4","67801","10000",1,0,0,0,0
"O358XX5","65581","10000",1,0,0,0,0
"O358XX5","65583","10000",1,0,0,0,0
"O358XX5","67801","10000",1,0,0,0,0
"O358XX9","65581","10000",1,0,0,0,0
"O358XX9","65583","10000",1,0,0,0,0
"O358XX9","67801","10000",1,0,0,0,0
"O359XX0","65591","10000",1,0,0,0,0
"O359XX0","65593","10000",1,0,0,0,0
"O359XX1","65591","10000",1,0,0,0,0
"O359XX1","65593","10000",1,0,0,0,0
"O359XX2","65591","10000",1,0,0,0,0
"O359XX2","65593","10000",1,0,0,0,0
"O359XX3","65591","10000",1,0,0,0,0
"O359XX3","65593","10000",1,0,0,0,0
"O359XX4","65591","10000",1,0,0,0,0
"O359XX4","65593","10000",1,0,0,0,0
"O359XX5","65591","10000",1,0,0,0,0
"O359XX5","65593","10000",1,0,0,0,0
"O359XX9","65591","10000",1,0,0,0,0
"O359XX9","65593","10000",1,0,0,0,0
"O360110","65611","10000",1,0,0,0,0
"O360110","65613","10000",1,0,0,0,0
"O360111","65611","10000",1,0,0,0,0
"O360111","65613","10000",1,0,0,0,0
"O360112","65611","10000",1,0,0,0,0
"O360112","65613","10000",1,0,0,0,0
"O360113","65611","10000",1,0,0,0,0
"O360113","65613","10000",1,0,0,0,0
"O360114","65611","10000",1,0,0,0,0
"O360114","65613","10000",1,0,0,0,0
"O360115","65611","10000",1,0,0,0,0
"O360115","65613","10000",1,0,0,0,0
"O360119","65611","10000",1,0,0,0,0
"O360119","65613","10000",1,0,0,0,0
"O360120","65611","10000",1,0,0,0,0
"O360120","65613","10000",1,0,0,0,0
"O360121","65611","10000",1,0,0,0,0
"O360121","65613","10000",1,0,0,0,0
"O360122","65611","10000",1,0,0,0,0
"O360122","65613","10000",1,0,0,0,0
"O360123","65611","10000",1,0,0,0,0
"O360123","65613","10000",1,0,0,0,0
"O360124","65611","10000",1,0,0,0,0
"O360124","65613","10000",1,0,0,0,0
"O360125","65611","10000",1,0,0,0,0
"O360125","65613","10000",1,0,0,0,0
"O360129","65611","10000",1,0,0,0,0
"O360129","65613","10000",1,0,0,0,0
"O360130","65611","10000",1,0,0,0,0
"O360130","65613","10000",1,0,0,0,0
"O360131","65611","10000",1,0,0,0,0
"O360131","65613","10000",1,0,0,0,0
"O360132","65611","10000",1,0,0,0,0
"O360132","65613","10000",1,0,0,0,0
"O360133","65611","10000",1,0,0,0,0
"O360133","65613","10000",1,0,0,0,0
"O360134","65611","10000",1,0,0,0,0
"O360134","65613","10000",1,0,0,0,0
"O360135","65611","10000",1,0,0,0,0
"O360135","65613","10000",1,0,0,0,0
"O360139","65611","10000",1,0,0,0,0
"O360139","65613","10000",1,0,0,0,0
"O360190","65610","10000",1,0,0,0,0
"O360191","65610","10000",1,0,0,0,0
"O360192","65610","10000",1,0,0,0,0
"O360193","65610","10000",1,0,0,0,0
"O360194","65610","10000",1,0,0,0,0
"O360195","65610","10000",1,0,0,0,0
"O360199","65610","10000",1,0,0,0,0
"O360910","65611","10000",1,0,0,0,0
"O360910","65613","10000",1,0,0,0,0
"O360911","65611","10000",1,0,0,0,0
"O360911","65613","10000",1,0,0,0,0
"O360912","65611","10000",1,0,0,0,0
"O360912","65613","10000",1,0,0,0,0
"O360913","65611","10000",1,0,0,0,0
"O360913","65613","10000",1,0,0,0,0
"O360914","65611","10000",1,0,0,0,0
"O360914","65613","10000",1,0,0,0,0
"O360915","65611","10000",1,0,0,0,0
"O360915","65613","10000",1,0,0,0,0
"O360919","65611","10000",1,0,0,0,0
"O360919","65613","10000",1,0,0,0,0
"O360920","65611","10000",1,0,0,0,0
"O360920","65613","10000",1,0,0,0,0
"O360921","65611","10000",1,0,0,0,0
"O360921","65613","10000",1,0,0,0,0
"O360922","65611","10000",1,0,0,0,0
"O360922","65613","10000",1,0,0,0,0
"O360923","65611","10000",1,0,0,0,0
"O360923","65613","10000",1,0,0,0,0
"O360924","65611","10000",1,0,0,0,0
"O360924","65613","10000",1,0,0,0,0
"O360925","65611","10000",1,0,0,0,0
"O360925","65613","10000",1,0,0,0,0
"O360929","65611","10000",1,0,0,0,0
"O360929","65613","10000",1,0,0,0,0
"O360930","65611","10000",1,0,0,0,0
"O360930","65613","10000",1,0,0,0,0
"O360931","65611","10000",1,0,0,0,0
"O360931","65613","10000",1,0,0,0,0
"O360932","65611","10000",1,0,0,0,0
"O360932","65613","10000",1,0,0,0,0
"O360933","65611","10000",1,0,0,0,0
"O360933","65613","10000",1,0,0,0,0
"O360934","65611","10000",1,0,0,0,0
"O360934","65613","10000",1,0,0,0,0
"O360935","65611","10000",1,0,0,0,0
"O360935","65613","10000",1,0,0,0,0
"O360939","65611","10000",1,0,0,0,0
"O360939","65613","10000",1,0,0,0,0
"O360990","65610","10000",1,0,0,0,0
"O360991","65610","10000",1,0,0,0,0
"O360992","65610","10000",1,0,0,0,0
"O360993","65610","10000",1,0,0,0,0
"O360994","65610","10000",1,0,0,0,0
"O360995","65610","10000",1,0,0,0,0
"O360999","65610","10000",1,0,0,0,0
"O361110","65621","10000",1,0,0,0,0
"O361110","65623","10000",1,0,0,0,0
"O361111","65621","10000",1,0,0,0,0
"O361111","65623","10000",1,0,0,0,0
"O361112","65621","10000",1,0,0,0,0
"O361112","65623","10000",1,0,0,0,0
"O361113","65621","10000",1,0,0,0,0
"O361113","65623","10000",1,0,0,0,0
"O361114","65621","10000",1,0,0,0,0
"O361114","65623","10000",1,0,0,0,0
"O361115","65621","10000",1,0,0,0,0
"O361115","65623","10000",1,0,0,0,0
"O361119","65621","10000",1,0,0,0,0
"O361119","65623","10000",1,0,0,0,0
"O361120","65621","10000",1,0,0,0,0
"O361120","65623","10000",1,0,0,0,0
"O361121","65621","10000",1,0,0,0,0
"O361121","65623","10000",1,0,0,0,0
"O361122","65621","10000",1,0,0,0,0
"O361122","65623","10000",1,0,0,0,0
"O361123","65621","10000",1,0,0,0,0
"O361123","65623","10000",1,0,0,0,0
"O361124","65621","10000",1,0,0,0,0
"O361124","65623","10000",1,0,0,0,0
"O361125","65621","10000",1,0,0,0,0
"O361125","65623","10000",1,0,0,0,0
"O361129","65621","10000",1,0,0,0,0
"O361129","65623","10000",1,0,0,0,0
"O361130","65621","10000",1,0,0,0,0
"O361130","65623","10000",1,0,0,0,0
"O361131","65621","10000",1,0,0,0,0
"O361131","65623","10000",1,0,0,0,0
"O361132","65621","10000",1,0,0,0,0
"O361132","65623","10000",1,0,0,0,0
"O361133","65621","10000",1,0,0,0,0
"O361133","65623","10000",1,0,0,0,0
"O361134","65621","10000",1,0,0,0,0
"O361134","65623","10000",1,0,0,0,0
"O361135","65621","10000",1,0,0,0,0
"O361135","65623","10000",1,0,0,0,0
"O361139","65621","10000",1,0,0,0,0
"O361139","65623","10000",1,0,0,0,0
"O361190","65620","10000",1,0,0,0,0
"O361191","65620","10000",1,0,0,0,0
"O361192","65620","10000",1,0,0,0,0
"O361193","65620","10000",1,0,0,0,0
"O361194","65620","10000",1,0,0,0,0
"O361195","65620","10000",1,0,0,0,0
"O361199","65620","10000",1,0,0,0,0
"O361910","65621","10000",1,0,0,0,0
"O361910","65623","10000",1,0,0,0,0
"O361911","65621","10000",1,0,0,0,0
"O361911","65623","10000",1,0,0,0,0
"O361912","65621","10000",1,0,0,0,0
"O361912","65623","10000",1,0,0,0,0
"O361913","65621","10000",1,0,0,0,0
"O361913","65623","10000",1,0,0,0,0
"O361914","65621","10000",1,0,0,0,0
"O361914","65623","10000",1,0,0,0,0
"O361915","65621","10000",1,0,0,0,0
"O361915","65623","10000",1,0,0,0,0
"O361919","65621","10000",1,0,0,0,0
"O361919","65623","10000",1,0,0,0,0
"O361920","65621","10000",1,0,0,0,0
"O361920","65623","10000",1,0,0,0,0
"O361921","65621","10000",1,0,0,0,0
"O361921","65623","10000",1,0,0,0,0
"O361922","65621","10000",1,0,0,0,0
"O361922","65623","10000",1,0,0,0,0
"O361923","65621","10000",1,0,0,0,0
"O361923","65623","10000",1,0,0,0,0
"O361924","65621","10000",1,0,0,0,0
"O361924","65623","10000",1,0,0,0,0
"O361925","65621","10000",1,0,0,0,0
"O361925","65623","10000",1,0,0,0,0
"O361929","65621","10000",1,0,0,0,0
"O361929","65623","10000",1,0,0,0,0
"O361930","65621","10000",1,0,0,0,0
"O361930","65623","10000",1,0,0,0,0
"O361931","65621","10000",1,0,0,0,0
"O361931","65623","10000",1,0,0,0,0
"O361932","65621","10000",1,0,0,0,0
"O361932","65623","10000",1,0,0,0,0
"O361933","65621","10000",1,0,0,0,0
"O361933","65623","10000",1,0,0,0,0
"O361934","65621","10000",1,0,0,0,0
"O361934","65623","10000",1,0,0,0,0
"O361935","65621","10000",1,0,0,0,0
"O361935","65623","10000",1,0,0,0,0
"O361939","65621","10000",1,0,0,0,0
"O361939","65623","10000",1,0,0,0,0
"O361990","65620","10000",1,0,0,0,0
"O361991","65620","10000",1,0,0,0,0
"O361992","65620","10000",1,0,0,0,0
"O361993","65620","10000",1,0,0,0,0
"O361994","65620","10000",1,0,0,0,0
"O361995","65620","10000",1,0,0,0,0
"O361999","65620","10000",1,0,0,0,0
"O3620X0","65680","10000",1,0,0,0,0
"O3620X1","65680","10000",1,0,0,0,0
"O3620X2","65680","10000",1,0,0,0,0
"O3620X3","65680","10000",1,0,0,0,0
"O3620X4","65680","10000",1,0,0,0,0
"O3620X5","65680","10000",1,0,0,0,0
"O3620X9","65680","10000",1,0,0,0,0
"O3621X0","65681","10000",1,0,0,0,0
"O3621X0","65683","10000",1,0,0,0,0
"O3621X1","65681","10000",1,0,0,0,0
"O3621X1","65683","10000",1,0,0,0,0
"O3621X2","65681","10000",1,0,0,0,0
"O3621X2","65683","10000",1,0,0,0,0
"O3621X3","65681","10000",1,0,0,0,0
"O3621X3","65683","10000",1,0,0,0,0
"O3621X4","65681","10000",1,0,0,0,0
"O3621X4","65683","10000",1,0,0,0,0
"O3621X5","65681","10000",1,0,0,0,0
"O3621X5","65683","10000",1,0,0,0,0
"O3621X9","65681","10000",1,0,0,0,0
"O3621X9","65683","10000",1,0,0,0,0
"O3622X0","65681","10000",1,0,0,0,0
"O3622X0","65683","10000",1,0,0,0,0
"O3622X1","65681","10000",1,0,0,0,0
"O3622X1","65683","10000",1,0,0,0,0
"O3622X2","65681","10000",1,0,0,0,0
"O3622X2","65683","10000",1,0,0,0,0
"O3622X3","65681","10000",1,0,0,0,0
"O3622X3","65683","10000",1,0,0,0,0
"O3622X4","65681","10000",1,0,0,0,0
"O3622X4","65683","10000",1,0,0,0,0
"O3622X5","65681","10000",1,0,0,0,0
"O3622X5","65683","10000",1,0,0,0,0
"O3622X9","65681","10000",1,0,0,0,0
"O3622X9","65683","10000",1,0,0,0,0
"O3623X0","65681","10000",1,0,0,0,0
"O3623X0","65683","10000",1,0,0,0,0
"O3623X1","65681","10000",1,0,0,0,0
"O3623X1","65683","10000",1,0,0,0,0
"O3623X2","65681","10000",1,0,0,0,0
"O3623X2","65683","10000",1,0,0,0,0
"O3623X3","65681","10000",1,0,0,0,0
"O3623X3","65683","10000",1,0,0,0,0
"O3623X4","65681","10000",1,0,0,0,0
"O3623X4","65683","10000",1,0,0,0,0
"O3623X5","65681","10000",1,0,0,0,0
"O3623X5","65683","10000",1,0,0,0,0
"O3623X9","65681","10000",1,0,0,0,0
"O3623X9","65683","10000",1,0,0,0,0
"O364XX0","65641","10000",1,0,0,0,0
"O364XX0","65643","10000",1,0,0,0,0
"O364XX1","65641","10000",1,0,0,0,0
"O364XX1","65643","10000",1,0,0,0,0
"O364XX2","65641","10000",1,0,0,0,0
"O364XX2","65643","10000",1,0,0,0,0
"O364XX3","65641","10000",1,0,0,0,0
"O364XX3","65643","10000",1,0,0,0,0
"O364XX4","65641","10000",1,0,0,0,0
"O364XX4","65643","10000",1,0,0,0,0
"O364XX5","65641","10000",1,0,0,0,0
"O364XX5","65643","10000",1,0,0,0,0
"O364XX9","65641","10000",1,0,0,0,0
"O364XX9","65643","10000",1,0,0,0,0
"O365110","65651","10000",1,0,0,0,0
"O365110","65653","10000",1,0,0,0,0
"O365111","65651","10000",1,0,0,0,0
"O365111","65653","10000",1,0,0,0,0
"O365112","65651","10000",1,0,0,0,0
"O365112","65653","10000",1,0,0,0,0
"O365113","65651","10000",1,0,0,0,0
"O365113","65653","10000",1,0,0,0,0
"O365114","65651","10000",1,0,0,0,0
"O365114","65653","10000",1,0,0,0,0
"O365115","65651","10000",1,0,0,0,0
"O365115","65653","10000",1,0,0,0,0
"O365119","65651","10000",1,0,0,0,0
"O365119","65653","10000",1,0,0,0,0
"O365120","65651","10000",1,0,0,0,0
"O365120","65653","10000",1,0,0,0,0
"O365121","65651","10000",1,0,0,0,0
"O365121","65653","10000",1,0,0,0,0
"O365122","65651","10000",1,0,0,0,0
"O365122","65653","10000",1,0,0,0,0
"O365123","65651","10000",1,0,0,0,0
"O365123","65653","10000",1,0,0,0,0
"O365124","65651","10000",1,0,0,0,0
"O365124","65653","10000",1,0,0,0,0
"O365125","65651","10000",1,0,0,0,0
"O365125","65653","10000",1,0,0,0,0
"O365129","65651","10000",1,0,0,0,0
"O365129","65653","10000",1,0,0,0,0
"O365130","65651","10000",1,0,0,0,0
"O365130","65653","10000",1,0,0,0,0
"O365131","65651","10000",1,0,0,0,0
"O365131","65653","10000",1,0,0,0,0
"O365132","65651","10000",1,0,0,0,0
"O365132","65653","10000",1,0,0,0,0
"O365133","65651","10000",1,0,0,0,0
"O365133","65653","10000",1,0,0,0,0
"O365134","65651","10000",1,0,0,0,0
"O365134","65653","10000",1,0,0,0,0
"O365135","65651","10000",1,0,0,0,0
"O365135","65653","10000",1,0,0,0,0
"O365139","65651","10000",1,0,0,0,0
"O365139","65653","10000",1,0,0,0,0
"O365190","65650","10000",1,0,0,0,0
"O365191","65650","10000",1,0,0,0,0
"O365192","65650","10000",1,0,0,0,0
"O365193","65650","10000",1,0,0,0,0
"O365194","65650","10000",1,0,0,0,0
"O365195","65650","10000",1,0,0,0,0
"O365199","65650","10000",1,0,0,0,0
"O365910","65651","10000",1,0,0,0,0
"O365910","65653","10000",1,0,0,0,0
"O365911","65651","10000",1,0,0,0,0
"O365911","65653","10000",1,0,0,0,0
"O365912","65651","10000",1,0,0,0,0
"O365912","65653","10000",1,0,0,0,0
"O365913","65651","10000",1,0,0,0,0
"O365913","65653","10000",1,0,0,0,0
"O365914","65651","10000",1,0,0,0,0
"O365914","65653","10000",1,0,0,0,0
"O365915","65651","10000",1,0,0,0,0
"O365915","65653","10000",1,0,0,0,0
"O365919","65651","10000",1,0,0,0,0
"O365919","65653","10000",1,0,0,0,0
"O365920","65651","10000",1,0,0,0,0
"O365920","65653","10000",1,0,0,0,0
"O365921","65651","10000",1,0,0,0,0
"O365921","65653","10000",1,0,0,0,0
"O365922","65651","10000",1,0,0,0,0
"O365922","65653","10000",1,0,0,0,0
"O365923","65651","10000",1,0,0,0,0
"O365923","65653","10000",1,0,0,0,0
"O365924","65651","10000",1,0,0,0,0
"O365924","65653","10000",1,0,0,0,0
"O365925","65651","10000",1,0,0,0,0
"O365925","65653","10000",1,0,0,0,0
"O365929","65651","10000",1,0,0,0,0
"O365929","65653","10000",1,0,0,0,0
"O365930","65651","10000",1,0,0,0,0
"O365930","65653","10000",1,0,0,0,0
"O365931","65651","10000",1,0,0,0,0
"O365931","65653","10000",1,0,0,0,0
"O365932","65651","10000",1,0,0,0,0
"O365932","65653","10000",1,0,0,0,0
"O365933","65651","10000",1,0,0,0,0
"O365933","65653","10000",1,0,0,0,0
"O365934","65651","10000",1,0,0,0,0
"O365934","65653","10000",1,0,0,0,0
"O365935","65651","10000",1,0,0,0,0
"O365935","65653","10000",1,0,0,0,0
"O365939","65651","10000",1,0,0,0,0
"O365939","65653","10000",1,0,0,0,0
"O365990","65650","10000",1,0,0,0,0
"O365991","65650","10000",1,0,0,0,0
"O365992","65650","10000",1,0,0,0,0
"O365993","65650","10000",1,0,0,0,0
"O365994","65650","10000",1,0,0,0,0
"O365995","65650","10000",1,0,0,0,0
"O365999","65650","10000",1,0,0,0,0
"O3660X0","65660","10000",1,0,0,0,0
"O3660X1","65660","10000",1,0,0,0,0
"O3660X2","65660","10000",1,0,0,0,0
"O3660X3","65660","10000",1,0,0,0,0
"O3660X4","65660","10000",1,0,0,0,0
"O3660X5","65660","10000",1,0,0,0,0
"O3660X9","65660","10000",1,0,0,0,0
"O3661X0","65661","10000",1,0,0,0,0
"O3661X0","65663","10000",1,0,0,0,0
"O3661X1","65661","10000",1,0,0,0,0
"O3661X1","65663","10000",1,0,0,0,0
"O3661X2","65661","10000",1,0,0,0,0
"O3661X2","65663","10000",1,0,0,0,0
"O3661X3","65661","10000",1,0,0,0,0
"O3661X3","65663","10000",1,0,0,0,0
"O3661X4","65661","10000",1,0,0,0,0
"O3661X4","65663","10000",1,0,0,0,0
"O3661X5","65661","10000",1,0,0,0,0
"O3661X5","65663","10000",1,0,0,0,0
"O3661X9","65661","10000",1,0,0,0,0
"O3661X9","65663","10000",1,0,0,0,0
"O3662X0","65661","10000",1,0,0,0,0
"O3662X0","65663","10000",1,0,0,0,0
"O3662X1","65661","10000",1,0,0,0,0
"O3662X1","65663","10000",1,0,0,0,0
"O3662X2","65661","10000",1,0,0,0,0
"O3662X2","65663","10000",1,0,0,0,0
"O3662X3","65661","10000",1,0,0,0,0
"O3662X3","65663","10000",1,0,0,0,0
"O3662X4","65661","10000",1,0,0,0,0
"O3662X4","65663","10000",1,0,0,0,0
"O3662X5","65661","10000",1,0,0,0,0
"O3662X5","65663","10000",1,0,0,0,0
"O3662X9","65661","10000",1,0,0,0,0
"O3662X9","65663","10000",1,0,0,0,0
"O3663X0","65661","10000",1,0,0,0,0
"O3663X0","65663","10000",1,0,0,0,0
"O3663X1","65661","10000",1,0,0,0,0
"O3663X1","65663","10000",1,0,0,0,0
"O3663X2","65661","10000",1,0,0,0,0
"O3663X2","65663","10000",1,0,0,0,0
"O3663X3","65661","10000",1,0,0,0,0
"O3663X3","65663","10000",1,0,0,0,0
"O3663X4","65661","10000",1,0,0,0,0
"O3663X4","65663","10000",1,0,0,0,0
"O3663X5","65661","10000",1,0,0,0,0
"O3663X5","65663","10000",1,0,0,0,0
"O3663X9","65661","10000",1,0,0,0,0
"O3663X9","65663","10000",1,0,0,0,0
"O3670X0","65680","10000",1,0,0,0,0
"O3670X1","65680","10000",1,0,0,0,0
"O3670X2","65680","10000",1,0,0,0,0
"O3670X3","65680","10000",1,0,0,0,0
"O3670X4","65680","10000",1,0,0,0,0
"O3670X5","65680","10000",1,0,0,0,0
"O3670X9","65680","10000",1,0,0,0,0
"O3671X0","65681","10000",1,0,0,0,0
"O3671X0","65683","10000",1,0,0,0,0
"O3671X1","65681","10000",1,0,0,0,0
"O3671X1","65683","10000",1,0,0,0,0
"O3671X2","65681","10000",1,0,0,0,0
"O3671X2","65683","10000",1,0,0,0,0
"O3671X3","65681","10000",1,0,0,0,0
"O3671X3","65683","10000",1,0,0,0,0
"O3671X4","65681","10000",1,0,0,0,0
"O3671X4","65683","10000",1,0,0,0,0
"O3671X5","65681","10000",1,0,0,0,0
"O3671X5","65683","10000",1,0,0,0,0
"O3671X9","65681","10000",1,0,0,0,0
"O3671X9","65683","10000",1,0,0,0,0
"O3672X0","65681","10000",1,0,0,0,0
"O3672X0","65683","10000",1,0,0,0,0
"O3672X1","65681","10000",1,0,0,0,0
"O3672X1","65683","10000",1,0,0,0,0
"O3672X2","65681","10000",1,0,0,0,0
"O3672X2","65683","10000",1,0,0,0,0
"O3672X3","65681","10000",1,0,0,0,0
"O3672X3","65683","10000",1,0,0,0,0
"O3672X4","65681","10000",1,0,0,0,0
"O3672X4","65683","10000",1,0,0,0,0
"O3672X5","65681","10000",1,0,0,0,0
"O3672X5","65683","10000",1,0,0,0,0
"O3672X9","65681","10000",1,0,0,0,0
"O3672X9","65683","10000",1,0,0,0,0
"O3673X0","65681","10000",1,0,0,0,0
"O3673X0","65683","10000",1,0,0,0,0
"O3673X1","65681","10000",1,0,0,0,0
"O3673X1","65683","10000",1,0,0,0,0
"O3673X2","65681","10000",1,0,0,0,0
"O3673X2","65683","10000",1,0,0,0,0
"O3673X3","65681","10000",1,0,0,0,0
"O3673X3","65683","10000",1,0,0,0,0
"O3673X4","65681","10000",1,0,0,0,0
"O3673X4","65683","10000",1,0,0,0,0
"O3673X5","65681","10000",1,0,0,0,0
"O3673X5","65683","10000",1,0,0,0,0
"O3673X9","65681","10000",1,0,0,0,0
"O3673X9","65683","10000",1,0,0,0,0
"O3680X0","V2387","10000",1,0,0,0,0
"O3680X1","V2387","10000",1,0,0,0,0
"O3680X2","V2387","10000",1,0,0,0,0
"O3680X3","V2387","10000",1,0,0,0,0
"O3680X4","V2387","10000",1,0,0,0,0
"O3680X5","V2387","10000",1,0,0,0,0
"O3680X9","V2387","10000",1,0,0,0,0
"O368120","65571","10000",1,0,0,0,0
"O368120","65573","10000",1,0,0,0,0
"O368121","65571","10000",1,0,0,0,0
"O368121","65573","10000",1,0,0,0,0
"O368122","65571","10000",1,0,0,0,0
"O368122","65573","10000",1,0,0,0,0
"O368123","65571","10000",1,0,0,0,0
"O368123","65573","10000",1,0,0,0,0
"O368124","65571","10000",1,0,0,0,0
"O368124","65573","10000",1,0,0,0,0
"O368125","65571","10000",1,0,0,0,0
"O368125","65573","10000",1,0,0,0,0
"O368129","65571","10000",1,0,0,0,0
"O368129","65573","10000",1,0,0,0,0
"O368130","65571","10000",1,0,0,0,0
"O368130","65573","10000",1,0,0,0,0
"O368131","65571","10000",1,0,0,0,0
"O368131","65573","10000",1,0,0,0,0
"O368132","65571","10000",1,0,0,0,0
"O368132","65573","10000",1,0,0,0,0
"O368133","65571","10000",1,0,0,0,0
"O368133","65573","10000",1,0,0,0,0
"O368134","65571","10000",1,0,0,0,0
"O368134","65573","10000",1,0,0,0,0
"O368135","65571","10000",1,0,0,0,0
"O368135","65573","10000",1,0,0,0,0
"O368139","65571","10000",1,0,0,0,0
"O368139","65573","10000",1,0,0,0,0
"O368190","65573","10000",1,0,0,0,0
"O368191","65573","10000",1,0,0,0,0
"O368192","65573","10000",1,0,0,0,0
"O368193","65573","10000",1,0,0,0,0
"O368194","65573","10000",1,0,0,0,0
"O368195","65573","10000",1,0,0,0,0
"O368199","65573","10000",1,0,0,0,0
"O368210","67801","10000",1,0,0,0,0
"O368210","67803","10000",1,0,0,0,0
"O368211","67801","10000",1,0,0,0,0
"O368211","67803","10000",1,0,0,0,0
"O368212","67801","10000",1,0,0,0,0
"O368212","67803","10000",1,0,0,0,0
"O368213","67801","10000",1,0,0,0,0
"O368213","67803","10000",1,0,0,0,0
"O368214","67801","10000",1,0,0,0,0
"O368214","67803","10000",1,0,0,0,0
"O368215","67801","10000",1,0,0,0,0
"O368215","67803","10000",1,0,0,0,0
"O368219","67801","10000",1,0,0,0,0
"O368219","67803","10000",1,0,0,0,0
"O368220","67801","10000",1,0,0,0,0
"O368220","67803","10000",1,0,0,0,0
"O368221","67801","10000",1,0,0,0,0
"O368221","67803","10000",1,0,0,0,0
"O368222","67801","10000",1,0,0,0,0
"O368222","67803","10000",1,0,0,0,0
"O368223","67801","10000",1,0,0,0,0
"O368223","67803","10000",1,0,0,0,0
"O368224","67801","10000",1,0,0,0,0
"O368224","67803","10000",1,0,0,0,0
"O368225","67801","10000",1,0,0,0,0
"O368225","67803","10000",1,0,0,0,0
"O368229","67801","10000",1,0,0,0,0
"O368229","67803","10000",1,0,0,0,0
"O368230","67801","10000",1,0,0,0,0
"O368230","67803","10000",1,0,0,0,0
"O368231","67801","10000",1,0,0,0,0
"O368231","67803","10000",1,0,0,0,0
"O368232","67801","10000",1,0,0,0,0
"O368232","67803","10000",1,0,0,0,0
"O368233","67801","10000",1,0,0,0,0
"O368233","67803","10000",1,0,0,0,0
"O368234","67801","10000",1,0,0,0,0
"O368234","67803","10000",1,0,0,0,0
"O368235","67801","10000",1,0,0,0,0
"O368235","67803","10000",1,0,0,0,0
"O368239","67801","10000",1,0,0,0,0
"O368239","67803","10000",1,0,0,0,0
"O368290","67800","10000",1,0,0,0,0
"O368291","67800","10000",1,0,0,0,0
"O368292","67800","10000",1,0,0,0,0
"O368293","67800","10000",1,0,0,0,0
"O368294","67800","10000",1,0,0,0,0
"O368295","67800","10000",1,0,0,0,0
"O368299","67800","10000",1,0,0,0,0
"O368910","65681","10000",1,0,0,0,0
"O368910","65683","10000",1,0,0,0,0
"O368911","65681","10000",1,0,0,0,0
"O368911","65683","10000",1,0,0,0,0
"O368912","65681","10000",1,0,0,0,0
"O368912","65683","10000",1,0,0,0,0
"O368913","65681","10000",1,0,0,0,0
"O368913","65683","10000",1,0,0,0,0
"O368914","65681","10000",1,0,0,0,0
"O368914","65683","10000",1,0,0,0,0
"O368915","65681","10000",1,0,0,0,0
"O368915","65683","10000",1,0,0,0,0
"O368919","65681","10000",1,0,0,0,0
"O368919","65683","10000",1,0,0,0,0
"O368920","65681","10000",1,0,0,0,0
"O368920","65683","10000",1,0,0,0,0
"O368921","65681","10000",1,0,0,0,0
"O368921","65683","10000",1,0,0,0,0
"O368922","65681","10000",1,0,0,0,0
"O368922","65683","10000",1,0,0,0,0
"O368923","65681","10000",1,0,0,0,0
"O368923","65683","10000",1,0,0,0,0
"O368924","65681","10000",1,0,0,0,0
"O368924","65683","10000",1,0,0,0,0
"O368925","65681","10000",1,0,0,0,0
"O368925","65683","10000",1,0,0,0,0
"O368929","65681","10000",1,0,0,0,0
"O368929","65683","10000",1,0,0,0,0
"O368930","65681","10000",1,0,0,0,0
"O368930","65683","10000",1,0,0,0,0
"O368931","65681","10000",1,0,0,0,0
"O368931","65683","10000",1,0,0,0,0
"O368932","65681","10000",1,0,0,0,0
"O368932","65683","10000",1,0,0,0,0
"O368933","65681","10000",1,0,0,0,0
"O368933","65683","10000",1,0,0,0,0
"O368934","65681","10000",1,0,0,0,0
"O368934","65683","10000",1,0,0,0,0
"O368935","65681","10000",1,0,0,0,0
"O368935","65683","10000",1,0,0,0,0
"O368939","65681","10000",1,0,0,0,0
"O368939","65683","10000",1,0,0,0,0
"O368990","65680","10000",1,0,0,0,0
"O368991","65680","10000",1,0,0,0,0
"O368992","65680","10000",1,0,0,0,0
"O368993","65680","10000",1,0,0,0,0
"O368994","65680","10000",1,0,0,0,0
"O368995","65680","10000",1,0,0,0,0
"O368999","65680","10000",1,0,0,0,0
"O3690X0","65690","10000",1,0,0,0,0
"O3690X1","65690","10000",1,0,0,0,0
"O3690X2","65690","10000",1,0,0,0,0
"O3690X3","65690","10000",1,0,0,0,0
"O3690X4","65690","10000",1,0,0,0,0
"O3690X5","65690","10000",1,0,0,0,0
"O3690X9","65690","10000",1,0,0,0,0
"O3691X0","65691","10000",1,0,0,0,0
"O3691X0","65693","10000",1,0,0,0,0
"O3691X1","65691","10000",1,0,0,0,0
"O3691X1","65693","10000",1,0,0,0,0
"O3691X2","65691","10000",1,0,0,0,0
"O3691X2","65693","10000",1,0,0,0,0
"O3691X3","65691","10000",1,0,0,0,0
"O3691X3","65693","10000",1,0,0,0,0
"O3691X4","65691","10000",1,0,0,0,0
"O3691X4","65693","10000",1,0,0,0,0
"O3691X5","65691","10000",1,0,0,0,0
"O3691X5","65693","10000",1,0,0,0,0
"O3691X9","65691","10000",1,0,0,0,0
"O3691X9","65693","10000",1,0,0,0,0
"O3692X0","65691","10000",1,0,0,0,0
"O3692X0","65693","10000",1,0,0,0,0
"O3692X1","65691","10000",1,0,0,0,0
"O3692X1","65693","10000",1,0,0,0,0
"O3692X2","65691","10000",1,0,0,0,0
"O3692X2","65693","10000",1,0,0,0,0
"O3692X3","65691","10000",1,0,0,0,0
"O3692X3","65693","10000",1,0,0,0,0
"O3692X4","65691","10000",1,0,0,0,0
"O3692X4","65693","10000",1,0,0,0,0
"O3692X5","65691","10000",1,0,0,0,0
"O3692X5","65693","10000",1,0,0,0,0
"O3692X9","65691","10000",1,0,0,0,0
"O3692X9","65693","10000",1,0,0,0,0
"O3693X0","65691","10000",1,0,0,0,0
"O3693X0","65693","10000",1,0,0,0,0
"O3693X1","65691","10000",1,0,0,0,0
"O3693X1","65693","10000",1,0,0,0,0
"O3693X2","65691","10000",1,0,0,0,0
"O3693X2","65693","10000",1,0,0,0,0
"O3693X3","65691","10000",1,0,0,0,0
"O3693X3","65693","10000",1,0,0,0,0
"O3693X4","65691","10000",1,0,0,0,0
"O3693X4","65693","10000",1,0,0,0,0
"O3693X5","65691","10000",1,0,0,0,0
"O3693X5","65693","10000",1,0,0,0,0
"O3693X9","65691","10000",1,0,0,0,0
"O3693X9","65693","10000",1,0,0,0,0
"O401XX0","65701","10000",1,0,0,0,0
"O401XX0","65703","10000",1,0,0,0,0
"O401XX1","65701","10000",1,0,0,0,0
"O401XX1","65703","10000",1,0,0,0,0
"O401XX2","65701","10000",1,0,0,0,0
"O401XX2","65703","10000",1,0,0,0,0
"O401XX3","65701","10000",1,0,0,0,0
"O401XX3","65703","10000",1,0,0,0,0
"O401XX4","65701","10000",1,0,0,0,0
"O401XX4","65703","10000",1,0,0,0,0
"O401XX5","65701","10000",1,0,0,0,0
"O401XX5","65703","10000",1,0,0,0,0
"O401XX9","65701","10000",1,0,0,0,0
"O401XX9","65703","10000",1,0,0,0,0
"O402XX0","65701","10000",1,0,0,0,0
"O402XX0","65703","10000",1,0,0,0,0
"O402XX1","65701","10000",1,0,0,0,0
"O402XX1","65703","10000",1,0,0,0,0
"O402XX2","65701","10000",1,0,0,0,0
"O402XX2","65703","10000",1,0,0,0,0
"O402XX3","65701","10000",1,0,0,0,0
"O402XX3","65703","10000",1,0,0,0,0
"O402XX4","65701","10000",1,0,0,0,0
"O402XX4","65703","10000",1,0,0,0,0
"O402XX5","65701","10000",1,0,0,0,0
"O402XX5","65703","10000",1,0,0,0,0
"O402XX9","65701","10000",1,0,0,0,0
"O402XX9","65703","10000",1,0,0,0,0
"O403XX0","65701","10000",1,0,0,0,0
"O403XX0","65703","10000",1,0,0,0,0
"O403XX1","65701","10000",1,0,0,0,0
"O403XX1","65703","10000",1,0,0,0,0
"O403XX2","65701","10000",1,0,0,0,0
"O403XX2","65703","10000",1,0,0,0,0
"O403XX3","65701","10000",1,0,0,0,0
"O403XX3","65703","10000",1,0,0,0,0
"O403XX4","65701","10000",1,0,0,0,0
"O403XX4","65703","10000",1,0,0,0,0
"O403XX5","65701","10000",1,0,0,0,0
"O403XX5","65703","10000",1,0,0,0,0
"O403XX9","65701","10000",1,0,0,0,0
"O403XX9","65703","10000",1,0,0,0,0
"O409XX0","65700","10000",1,0,0,0,0
"O409XX1","65700","10000",1,0,0,0,0
"O409XX2","65700","10000",1,0,0,0,0
"O409XX3","65700","10000",1,0,0,0,0
"O409XX4","65700","10000",1,0,0,0,0
"O409XX5","65700","10000",1,0,0,0,0
"O409XX9","65700","10000",1,0,0,0,0
"O4100X0","65800","10000",1,0,0,0,0
"O4100X1","65800","10000",1,0,0,0,0
"O4100X2","65800","10000",1,0,0,0,0
"O4100X3","65800","10000",1,0,0,0,0
"O4100X4","65800","10000",1,0,0,0,0
"O4100X5","65800","10000",1,0,0,0,0
"O4100X9","65800","10000",1,0,0,0,0
"O4101X0","65801","10000",1,0,0,0,0
"O4101X0","65803","10000",1,0,0,0,0
"O4101X1","65801","10000",1,0,0,0,0
"O4101X1","65803","10000",1,0,0,0,0
"O4101X2","65801","10000",1,0,0,0,0
"O4101X2","65803","10000",1,0,0,0,0
"O4101X3","65801","10000",1,0,0,0,0
"O4101X3","65803","10000",1,0,0,0,0
"O4101X4","65801","10000",1,0,0,0,0
"O4101X4","65803","10000",1,0,0,0,0
"O4101X5","65801","10000",1,0,0,0,0
"O4101X5","65803","10000",1,0,0,0,0
"O4101X9","65801","10000",1,0,0,0,0
"O4101X9","65803","10000",1,0,0,0,0
"O4102X0","65801","10000",1,0,0,0,0
"O4102X0","65803","10000",1,0,0,0,0
"O4102X1","65801","10000",1,0,0,0,0
"O4102X1","65803","10000",1,0,0,0,0
"O4102X2","65801","10000",1,0,0,0,0
"O4102X2","65803","10000",1,0,0,0,0
"O4102X3","65801","10000",1,0,0,0,0
"O4102X3","65803","10000",1,0,0,0,0
"O4102X4","65801","10000",1,0,0,0,0
"O4102X4","65803","10000",1,0,0,0,0
"O4102X5","65801","10000",1,0,0,0,0
"O4102X5","65803","10000",1,0,0,0,0
"O4102X9","65801","10000",1,0,0,0,0
"O4102X9","65803","10000",1,0,0,0,0
"O4103X0","65801","10000",1,0,0,0,0
"O4103X0","65803","10000",1,0,0,0,0
"O4103X1","65801","10000",1,0,0,0,0
"O4103X1","65803","10000",1,0,0,0,0
"O4103X2","65801","10000",1,0,0,0,0
"O4103X2","65803","10000",1,0,0,0,0
"O4103X3","65801","10000",1,0,0,0,0
"O4103X3","65803","10000",1,0,0,0,0
"O4103X4","65801","10000",1,0,0,0,0
"O4103X4","65803","10000",1,0,0,0,0
"O4103X5","65801","10000",1,0,0,0,0
"O4103X5","65803","10000",1,0,0,0,0
"O4103X9","65801","10000",1,0,0,0,0
"O4103X9","65803","10000",1,0,0,0,0
"O411010","65841","10000",1,0,0,0,0
"O411010","65843","10000",1,0,0,0,0
"O411011","65841","10000",1,0,0,0,0
"O411011","65843","10000",1,0,0,0,0
"O411012","65841","10000",1,0,0,0,0
"O411012","65843","10000",1,0,0,0,0
"O411013","65841","10000",1,0,0,0,0
"O411013","65843","10000",1,0,0,0,0
"O411014","65841","10000",1,0,0,0,0
"O411014","65843","10000",1,0,0,0,0
"O411015","65841","10000",1,0,0,0,0
"O411015","65843","10000",1,0,0,0,0
"O411019","65841","10000",1,0,0,0,0
"O411019","65843","10000",1,0,0,0,0
"O411020","65841","10000",1,0,0,0,0
"O411020","65843","10000",1,0,0,0,0
"O411021","65841","10000",1,0,0,0,0
"O411021","65843","10000",1,0,0,0,0
"O411022","65841","10000",1,0,0,0,0
"O411022","65843","10000",1,0,0,0,0
"O411023","65841","10000",1,0,0,0,0
"O411023","65843","10000",1,0,0,0,0
"O411024","65841","10000",1,0,0,0,0
"O411024","65843","10000",1,0,0,0,0
"O411025","65841","10000",1,0,0,0,0
"O411025","65843","10000",1,0,0,0,0
"O411029","65841","10000",1,0,0,0,0
"O411029","65843","10000",1,0,0,0,0
"O411030","65841","10000",1,0,0,0,0
"O411030","65843","10000",1,0,0,0,0
"O411031","65841","10000",1,0,0,0,0
"O411031","65843","10000",1,0,0,0,0
"O411032","65841","10000",1,0,0,0,0
"O411032","65843","10000",1,0,0,0,0
"O411033","65841","10000",1,0,0,0,0
"O411033","65843","10000",1,0,0,0,0
"O411034","65841","10000",1,0,0,0,0
"O411034","65843","10000",1,0,0,0,0
"O411035","65841","10000",1,0,0,0,0
"O411035","65843","10000",1,0,0,0,0
"O411039","65841","10000",1,0,0,0,0
"O411039","65843","10000",1,0,0,0,0
"O411090","65840","10000",1,0,0,0,0
"O411091","65840","10000",1,0,0,0,0
"O411092","65840","10000",1,0,0,0,0
"O411093","65840","10000",1,0,0,0,0
"O411094","65840","10000",1,0,0,0,0
"O411095","65840","10000",1,0,0,0,0
"O411099","65840","10000",1,0,0,0,0
"O411210","65841","10000",1,0,0,0,0
"O411210","65843","10000",1,0,0,0,0
"O411211","65841","10000",1,0,0,0,0
"O411211","65843","10000",1,0,0,0,0
"O411212","65841","10000",1,0,0,0,0
"O411212","65843","10000",1,0,0,0,0
"O411213","65841","10000",1,0,0,0,0
"O411213","65843","10000",1,0,0,0,0
"O411214","65841","10000",1,0,0,0,0
"O411214","65843","10000",1,0,0,0,0
"O411215","65841","10000",1,0,0,0,0
"O411215","65843","10000",1,0,0,0,0
"O411219","65841","10000",1,0,0,0,0
"O411219","65843","10000",1,0,0,0,0
"O411220","65841","10000",1,0,0,0,0
"O411220","65843","10000",1,0,0,0,0
"O411221","65841","10000",1,0,0,0,0
"O411221","65843","10000",1,0,0,0,0
"O411222","65841","10000",1,0,0,0,0
"O411222","65843","10000",1,0,0,0,0
"O411223","65841","10000",1,0,0,0,0
"O411223","65843","10000",1,0,0,0,0
"O411224","65841","10000",1,0,0,0,0
"O411224","65843","10000",1,0,0,0,0
"O411225","65841","10000",1,0,0,0,0
"O411225","65843","10000",1,0,0,0,0
"O411229","65841","10000",1,0,0,0,0
"O411229","65843","10000",1,0,0,0,0
"O411230","65841","10000",1,0,0,0,0
"O411230","65843","10000",1,0,0,0,0
"O411231","65841","10000",1,0,0,0,0
"O411231","65843","10000",1,0,0,0,0
"O411232","65841","10000",1,0,0,0,0
"O411232","65843","10000",1,0,0,0,0
"O411233","65841","10000",1,0,0,0,0
"O411233","65843","10000",1,0,0,0,0
"O411234","65841","10000",1,0,0,0,0
"O411234","65843","10000",1,0,0,0,0
"O411235","65841","10000",1,0,0,0,0
"O411235","65843","10000",1,0,0,0,0
"O411239","65841","10000",1,0,0,0,0
"O411239","65843","10000",1,0,0,0,0
"O411290","65840","10000",1,0,0,0,0
"O411291","65840","10000",1,0,0,0,0
"O411292","65840","10000",1,0,0,0,0
"O411293","65840","10000",1,0,0,0,0
"O411294","65840","10000",1,0,0,0,0
"O411295","65840","10000",1,0,0,0,0
"O411299","65840","10000",1,0,0,0,0
"O411410","65841","10000",1,0,0,0,0
"O411410","65843","10000",1,0,0,0,0
"O411411","65841","10000",1,0,0,0,0
"O411411","65843","10000",1,0,0,0,0
"O411412","65841","10000",1,0,0,0,0
"O411412","65843","10000",1,0,0,0,0
"O411413","65841","10000",1,0,0,0,0
"O411413","65843","10000",1,0,0,0,0
"O411414","65841","10000",1,0,0,0,0
"O411414","65843","10000",1,0,0,0,0
"O411415","65841","10000",1,0,0,0,0
"O411415","65843","10000",1,0,0,0,0
"O411419","65841","10000",1,0,0,0,0
"O411419","65843","10000",1,0,0,0,0
"O411420","65841","10000",1,0,0,0,0
"O411420","65843","10000",1,0,0,0,0
"O411421","65841","10000",1,0,0,0,0
"O411421","65843","10000",1,0,0,0,0
"O411422","65841","10000",1,0,0,0,0
"O411422","65843","10000",1,0,0,0,0
"O411423","65841","10000",1,0,0,0,0
"O411423","65843","10000",1,0,0,0,0
"O411424","65841","10000",1,0,0,0,0
"O411424","65843","10000",1,0,0,0,0
"O411425","65841","10000",1,0,0,0,0
"O411425","65843","10000",1,0,0,0,0
"O411429","65841","10000",1,0,0,0,0
"O411429","65843","10000",1,0,0,0,0
"O411430","65841","10000",1,0,0,0,0
"O411430","65843","10000",1,0,0,0,0
"O411431","65841","10000",1,0,0,0,0
"O411431","65843","10000",1,0,0,0,0
"O411432","65841","10000",1,0,0,0,0
"O411432","65843","10000",1,0,0,0,0
"O411433","65841","10000",1,0,0,0,0
"O411433","65843","10000",1,0,0,0,0
"O411434","65841","10000",1,0,0,0,0
"O411434","65843","10000",1,0,0,0,0
"O411435","65841","10000",1,0,0,0,0
"O411435","65843","10000",1,0,0,0,0
"O411439","65841","10000",1,0,0,0,0
"O411439","65843","10000",1,0,0,0,0
"O411490","65840","10000",1,0,0,0,0
"O411491","65840","10000",1,0,0,0,0
"O411492","65840","10000",1,0,0,0,0
"O411493","65840","10000",1,0,0,0,0
"O411494","65840","10000",1,0,0,0,0
"O411495","65840","10000",1,0,0,0,0
"O411499","65840","10000",1,0,0,0,0
"O418X10","65881","10000",1,0,0,0,0
"O418X10","65883","10000",1,0,0,0,0
"O418X11","65881","10000",1,0,0,0,0
"O418X11","65883","10000",1,0,0,0,0
"O418X12","65881","10000",1,0,0,0,0
"O418X12","65883","10000",1,0,0,0,0
"O418X13","65881","10000",1,0,0,0,0
"O418X13","65883","10000",1,0,0,0,0
"O418X14","65881","10000",1,0,0,0,0
"O418X14","65883","10000",1,0,0,0,0
"O418X15","65881","10000",1,0,0,0,0
"O418X15","65883","10000",1,0,0,0,0
"O418X19","65881","10000",1,0,0,0,0
"O418X19","65883","10000",1,0,0,0,0
"O418X20","65881","10000",1,0,0,0,0
"O418X20","65883","10000",1,0,0,0,0
"O418X21","65881","10000",1,0,0,0,0
"O418X21","65883","10000",1,0,0,0,0
"O418X22","65881","10000",1,0,0,0,0
"O418X22","65883","10000",1,0,0,0,0
"O418X23","65881","10000",1,0,0,0,0
"O418X23","65883","10000",1,0,0,0,0
"O418X24","65881","10000",1,0,0,0,0
"O418X24","65883","10000",1,0,0,0,0
"O418X25","65881","10000",1,0,0,0,0
"O418X25","65883","10000",1,0,0,0,0
"O418X29","65881","10000",1,0,0,0,0
"O418X29","65883","10000",1,0,0,0,0
"O418X30","65881","10000",1,0,0,0,0
"O418X30","65883","10000",1,0,0,0,0
"O418X31","65881","10000",1,0,0,0,0
"O418X31","65883","10000",1,0,0,0,0
"O418X32","65881","10000",1,0,0,0,0
"O418X32","65883","10000",1,0,0,0,0
"O418X33","65881","10000",1,0,0,0,0
"O418X33","65883","10000",1,0,0,0,0
"O418X34","65881","10000",1,0,0,0,0
"O418X34","65883","10000",1,0,0,0,0
"O418X35","65881","10000",1,0,0,0,0
"O418X35","65883","10000",1,0,0,0,0
"O418X39","65881","10000",1,0,0,0,0
"O418X39","65883","10000",1,0,0,0,0
"O418X90","65880","10000",1,0,0,0,0
"O418X91","65880","10000",1,0,0,0,0
"O418X92","65880","10000",1,0,0,0,0
"O418X93","65880","10000",1,0,0,0,0
"O418X94","65880","10000",1,0,0,0,0
"O418X95","65880","10000",1,0,0,0,0
"O418X99","65880","10000",1,0,0,0,0
"O4190X0","65890","10000",1,0,0,0,0
"O4190X1","65890","10000",1,0,0,0,0
"O4190X2","65890","10000",1,0,0,0,0
"O4190X3","65890","10000",1,0,0,0,0
"O4190X4","65890","10000",1,0,0,0,0
"O4190X5","65890","10000",1,0,0,0,0
"O4190X9","65890","10000",1,0,0,0,0
"O4191X0","65891","10000",1,0,0,0,0
"O4191X0","65893","10000",1,0,0,0,0
"O4191X1","65891","10000",1,0,0,0,0
"O4191X1","65893","10000",1,0,0,0,0
"O4191X2","65891","10000",1,0,0,0,0
"O4191X2","65893","10000",1,0,0,0,0
"O4191X3","65891","10000",1,0,0,0,0
"O4191X3","65893","10000",1,0,0,0,0
"O4191X4","65891","10000",1,0,0,0,0
"O4191X4","65893","10000",1,0,0,0,0
"O4191X5","65891","10000",1,0,0,0,0
"O4191X5","65893","10000",1,0,0,0,0
"O4191X9","65891","10000",1,0,0,0,0
"O4191X9","65893","10000",1,0,0,0,0
"O4192X0","65891","10000",1,0,0,0,0
"O4192X0","65893","10000",1,0,0,0,0
"O4192X1","65891","10000",1,0,0,0,0
"O4192X1","65893","10000",1,0,0,0,0
"O4192X2","65891","10000",1,0,0,0,0
"O4192X2","65893","10000",1,0,0,0,0
"O4192X3","65891","10000",1,0,0,0,0
"O4192X3","65893","10000",1,0,0,0,0
"O4192X4","65891","10000",1,0,0,0,0
"O4192X4","65893","10000",1,0,0,0,0
"O4192X5","65891","10000",1,0,0,0,0
"O4192X5","65893","10000",1,0,0,0,0
"O4192X9","65891","10000",1,0,0,0,0
"O4192X9","65893","10000",1,0,0,0,0
"O4193X0","65891","10000",1,0,0,0,0
"O4193X0","65893","10000",1,0,0,0,0
"O4193X1","65891","10000",1,0,0,0,0
"O4193X1","65893","10000",1,0,0,0,0
"O4193X2","65891","10000",1,0,0,0,0
"O4193X2","65893","10000",1,0,0,0,0
"O4193X3","65891","10000",1,0,0,0,0
"O4193X3","65893","10000",1,0,0,0,0
"O4193X4","65891","10000",1,0,0,0,0
"O4193X4","65893","10000",1,0,0,0,0
"O4193X5","65891","10000",1,0,0,0,0
"O4193X5","65893","10000",1,0,0,0,0
"O4193X9","65891","10000",1,0,0,0,0
"O4193X9","65893","10000",1,0,0,0,0
"O4200","65810","10000",1,0,0,0,0
"O42011","65811","10000",1,0,0,0,0
"O42011","65813","10000",1,0,0,0,0
"O42012","65811","10000",1,0,0,0,0
"O42012","65813","10000",1,0,0,0,0
"O42013","65811","10000",1,0,0,0,0
"O42013","65813","10000",1,0,0,0,0
"O42019","65810","10000",1,0,0,0,0
"O4202","65811","10000",1,0,0,0,0
"O4210","65820","10000",1,0,0,0,0
"O42111","65821","10000",1,0,0,0,0
"O42111","65823","10000",1,0,0,0,0
"O42112","65821","10000",1,0,0,0,0
"O42112","65823","10000",1,0,0,0,0
"O42113","65821","10000",1,0,0,0,0
"O42113","65823","10000",1,0,0,0,0
"O42119","65820","10000",1,0,0,0,0
"O4212","65821","10000",1,0,0,0,0
"O4290","65810","10000",1,0,0,0,0
"O42911","65811","10000",1,0,0,0,0
"O42911","65813","10000",1,0,0,0,0
"O42912","65811","10000",1,0,0,0,0
"O42912","65813","10000",1,0,0,0,0
"O42913","65811","10000",1,0,0,0,0
"O42913","65813","10000",1,0,0,0,0
"O42919","65810","10000",1,0,0,0,0
"O4292","65811","10000",1,0,0,0,0
"O43011","65601","10000",1,0,0,0,0
"O43011","65603","10000",1,0,0,0,0
"O43012","65601","10000",1,0,0,0,0
"O43012","65603","10000",1,0,0,0,0
"O43013","65601","10000",1,0,0,0,0
"O43013","65603","10000",1,0,0,0,0
"O43019","65600","10000",1,0,0,0,0
"O43021","65671","10000",1,0,0,0,0
"O43021","65673","10000",1,0,0,0,0
"O43022","65671","10000",1,0,0,0,0
"O43022","65673","10000",1,0,0,0,0
"O43023","65671","10000",1,0,0,0,0
"O43023","65673","10000",1,0,0,0,0
"O43029","65600","10000",1,0,0,0,0
"O43101","65671","10000",1,0,0,0,0
"O43101","65673","10000",1,0,0,0,0
"O43102","65671","10000",1,0,0,0,0
"O43102","65673","10000",1,0,0,0,0
"O43103","65671","10000",1,0,0,0,0
"O43103","65673","10000",1,0,0,0,0
"O43109","65670","10000",1,0,0,0,0
"O43111","65671","10000",1,0,0,0,0
"O43111","65673","10000",1,0,0,0,0
"O43112","65671","10000",1,0,0,0,0
"O43112","65673","10000",1,0,0,0,0
"O43113","65671","10000",1,0,0,0,0
"O43113","65673","10000",1,0,0,0,0
"O43119","65670","10000",1,0,0,0,0
"O43121","66381","10000",1,0,0,0,0
"O43122","66381","10000",1,0,0,0,0
"O43123","66381","10000",1,0,0,0,0
"O43129","66380","10000",1,0,0,0,0
"O43191","65671","10000",1,0,0,0,0
"O43191","65673","10000",1,0,0,0,0
"O43192","65671","10000",1,0,0,0,0
"O43192","65673","10000",1,0,0,0,0
"O43193","65671","10000",1,0,0,0,0
"O43193","65673","10000",1,0,0,0,0
"O43199","65670","10000",1,0,0,0,0
"O43211","66702","10000",1,0,0,0,0
"O43211","66704","10000",1,0,0,0,0
"O43212","66702","10000",1,0,0,0,0
"O43212","66704","10000",1,0,0,0,0
"O43213","66702","10000",1,0,0,0,0
"O43213","66704","10000",1,0,0,0,0
"O43219","66700","10000",1,0,0,0,0
"O43221","66702","10000",1,0,0,0,0
"O43221","66704","10000",1,0,0,0,0
"O43222","66702","10000",1,0,0,0,0
"O43222","66704","10000",1,0,0,0,0
"O43223","66702","10000",1,0,0,0,0
"O43223","66704","10000",1,0,0,0,0
"O43229","66700","10000",1,0,0,0,0
"O43231","66702","10000",1,0,0,0,0
"O43231","66704","10000",1,0,0,0,0
"O43232","66702","10000",1,0,0,0,0
"O43232","66704","10000",1,0,0,0,0
"O43233","66702","10000",1,0,0,0,0
"O43233","66704","10000",1,0,0,0,0
"O43239","66700","10000",1,0,0,0,0
"O43811","65671","10000",1,0,0,0,0
"O43811","65673","10000",1,0,0,0,0
"O43812","65671","10000",1,0,0,0,0
"O43812","65673","10000",1,0,0,0,0
"O43813","65671","10000",1,0,0,0,0
"O43813","65673","10000",1,0,0,0,0
"O43819","65670","10000",1,0,0,0,0
"O43891","65681","10000",1,0,0,0,0
"O43891","65683","10000",1,0,0,0,0
"O43892","65681","10000",1,0,0,0,0
"O43892","65683","10000",1,0,0,0,0
"O43893","65681","10000",1,0,0,0,0
"O43893","65683","10000",1,0,0,0,0
"O43899","65680","10000",1,0,0,0,0
"O4390","65670","10000",1,0,0,0,0
"O4391","65671","10000",1,0,0,0,0
"O4391","65673","10000",1,0,0,0,0
"O4392","65671","10000",1,0,0,0,0
"O4392","65673","10000",1,0,0,0,0
"O4393","65671","10000",1,0,0,0,0
"O4393","65673","10000",1,0,0,0,0
"O4400","64100","10000",1,0,0,0,0
"O4401","64101","10000",1,0,0,0,0
"O4401","64103","10000",1,0,0,0,0
"O4402","64101","10000",1,0,0,0,0
"O4402","64103","10000",1,0,0,0,0
"O4403","64101","10000",1,0,0,0,0
"O4403","64103","10000",1,0,0,0,0
"O4410","64110","10000",1,0,0,0,0
"O4411","64111","10000",1,0,0,0,0
"O4411","64113","10000",1,0,0,0,0
"O4412","64111","10000",1,0,0,0,0
"O4412","64113","10000",1,0,0,0,0
"O4413","64111","10000",1,0,0,0,0
"O4413","64113","10000",1,0,0,0,0
"O45001","64131","10000",1,0,0,0,0
"O45001","64133","10000",1,0,0,0,0
"O45002","64131","10000",1,0,0,0,0
"O45002","64133","10000",1,0,0,0,0
"O45003","64131","10000",1,0,0,0,0
"O45003","64133","10000",1,0,0,0,0
"O45009","64130","10000",1,0,0,0,0
"O45011","64131","10000",1,0,0,0,0
"O45011","64133","10000",1,0,0,0,0
"O45012","64131","10000",1,0,0,0,0
"O45012","64133","10000",1,0,0,0,0
"O45013","64131","10000",1,0,0,0,0
"O45013","64133","10000",1,0,0,0,0
"O45019","64130","10000",1,0,0,0,0
"O45021","64131","10000",1,0,0,0,0
"O45021","64133","10000",1,0,0,0,0
"O45022","64131","10000",1,0,0,0,0
"O45022","64133","10000",1,0,0,0,0
"O45023","64131","10000",1,0,0,0,0
"O45023","64133","10000",1,0,0,0,0
"O45029","64130","10000",1,0,0,0,0
"O45091","64131","10000",1,0,0,0,0
"O45091","64133","10000",1,0,0,0,0
"O45092","64131","10000",1,0,0,0,0
"O45092","64133","10000",1,0,0,0,0
"O45093","64131","10000",1,0,0,0,0
"O45093","64133","10000",1,0,0,0,0
"O45099","64130","10000",1,0,0,0,0
"O458X1","64121","10000",1,0,0,0,0
"O458X1","64123","10000",1,0,0,0,0
"O458X2","64121","10000",1,0,0,0,0
"O458X2","64123","10000",1,0,0,0,0
"O458X3","64121","10000",1,0,0,0,0
"O458X3","64123","10000",1,0,0,0,0
"O458X9","64120","10000",1,0,0,0,0
"O4590","64120","10000",1,0,0,0,0
"O4591","64121","10000",1,0,0,0,0
"O4591","64123","10000",1,0,0,0,0
"O4592","64121","10000",1,0,0,0,0
"O4592","64123","10000",1,0,0,0,0
"O4593","64121","10000",1,0,0,0,0
"O4593","64123","10000",1,0,0,0,0
"O46001","64131","10000",1,0,0,0,0
"O46001","64133","10000",1,0,0,0,0
"O46002","64131","10000",1,0,0,0,0
"O46002","64133","10000",1,0,0,0,0
"O46003","64131","10000",1,0,0,0,0
"O46003","64133","10000",1,0,0,0,0
"O46009","64130","10000",1,0,0,0,0
"O46011","64131","10000",1,0,0,0,0
"O46011","64133","10000",1,0,0,0,0
"O46012","64131","10000",1,0,0,0,0
"O46012","64133","10000",1,0,0,0,0
"O46013","64131","10000",1,0,0,0,0
"O46013","64133","10000",1,0,0,0,0
"O46019","64130","10000",1,0,0,0,0
"O46021","64131","10000",1,0,0,0,0
"O46021","64133","10000",1,0,0,0,0
"O46022","64131","10000",1,0,0,0,0
"O46022","64133","10000",1,0,0,0,0
"O46023","64131","10000",1,0,0,0,0
"O46023","64133","10000",1,0,0,0,0
"O46029","64130","10000",1,0,0,0,0
"O46091","64131","10000",1,0,0,0,0
"O46091","64133","10000",1,0,0,0,0
"O46092","64131","10000",1,0,0,0,0
"O46092","64133","10000",1,0,0,0,0
"O46093","64131","10000",1,0,0,0,0
"O46093","64133","10000",1,0,0,0,0
"O46099","64130","10000",1,0,0,0,0
"O468X1","64181","10000",1,0,0,0,0
"O468X1","64183","10000",1,0,0,0,0
"O468X2","64181","10000",1,0,0,0,0
"O468X2","64183","10000",1,0,0,0,0
"O468X3","64181","10000",1,0,0,0,0
"O468X3","64183","10000",1,0,0,0,0
"O468X9","64180","10000",1,0,0,0,0
"O4690","64190","10000",1,0,0,0,0
"O4691","64191","10000",1,0,0,0,0
"O4691","64193","10000",1,0,0,0,0
"O4692","64191","10000",1,0,0,0,0
"O4692","64193","10000",1,0,0,0,0
"O4693","64191","10000",1,0,0,0,0
"O4693","64193","10000",1,0,0,0,0
"O4700","64410","10000",1,0,0,0,0
"O4702","64413","10000",1,0,0,0,0
"O4703","64413","10000",1,0,0,0,0
"O471","64413","10000",1,0,0,0,0
"O479","64410","10000",1,0,0,0,0
"O480","64511","10000",1,0,0,0,0
"O480","64513","10000",1,0,0,0,0
"O481","64523","10000",1,0,0,0,0
"O6000","64400","10000",1,0,0,0,0
"O6002","64403","10000",1,0,0,0,0
"O6003","64403","10000",1,0,0,0,0
"O6010X0","64420","10000",1,0,0,0,0
"O6010X1","64420","10000",1,0,0,0,0
"O6010X2","64420","10000",1,0,0,0,0
"O6010X3","64420","10000",1,0,0,0,0
"O6010X4","64420","10000",1,0,0,0,0
"O6010X5","64420","10000",1,0,0,0,0
"O6010X9","64420","10000",1,0,0,0,0
"O6012X0","64421","10000",1,0,0,0,0
"O6012X1","64421","10000",1,0,0,0,0
"O6012X2","64421","10000",1,0,0,0,0
"O6012X3","64421","10000",1,0,0,0,0
"O6012X4","64421","10000",1,0,0,0,0
"O6012X5","64421","10000",1,0,0,0,0
"O6012X9","64421","10000",1,0,0,0,0
"O6013X0","64421","10000",1,0,0,0,0
"O6013X1","64421","10000",1,0,0,0,0
"O6013X2","64421","10000",1,0,0,0,0
"O6013X3","64421","10000",1,0,0,0,0
"O6013X4","64421","10000",1,0,0,0,0
"O6013X5","64421","10000",1,0,0,0,0
"O6013X9","64421","10000",1,0,0,0,0
"O6014X0","64421","10000",1,0,0,0,0
"O6014X1","64421","10000",1,0,0,0,0
"O6014X2","64421","10000",1,0,0,0,0
"O6014X3","64421","10000",1,0,0,0,0
"O6014X4","64421","10000",1,0,0,0,0
"O6014X5","64421","10000",1,0,0,0,0
"O6014X9","64421","10000",1,0,0,0,0
"O6020X0","64420","10000",1,0,0,0,0
"O6020X1","64420","10000",1,0,0,0,0
"O6020X2","64420","10000",1,0,0,0,0
"O6020X3","64420","10000",1,0,0,0,0
"O6020X4","64420","10000",1,0,0,0,0
"O6020X5","64420","10000",1,0,0,0,0
"O6020X9","64420","10000",1,0,0,0,0
"O6022X0","64421","10000",1,0,0,0,0
"O6022X1","64421","10000",1,0,0,0,0
"O6022X2","64421","10000",1,0,0,0,0
"O6022X3","64421","10000",1,0,0,0,0
"O6022X4","64421","10000",1,0,0,0,0
"O6022X5","64421","10000",1,0,0,0,0
"O6022X9","64421","10000",1,0,0,0,0
"O6023X0","64421","10000",1,0,0,0,0
"O6023X1","64421","10000",1,0,0,0,0
"O6023X2","64421","10000",1,0,0,0,0
"O6023X3","64421","10000",1,0,0,0,0
"O6023X4","64421","10000",1,0,0,0,0
"O6023X5","64421","10000",1,0,0,0,0
"O6023X9","64421","10000",1,0,0,0,0
"O610","65911","10000",1,0,0,0,0
"O611","65901","10000",1,0,0,0,0
"O618","65911","10000",1,0,0,0,0
"O619","65911","10000",1,0,0,0,0
"O620","66101","10000",1,0,0,0,0
"O621","66111","10000",1,0,0,0,0
"O622","66121","10000",1,0,0,0,0
"O623","66131","10000",1,0,0,0,0
"O624","66141","10000",1,0,0,0,0
"O628","66191","10000",1,0,0,0,0
"O629","66191","10000",1,0,0,0,0
"O630","66201","10000",1,0,0,0,0
"O631","66221","10000",1,0,0,0,0
"O632","66231","10000",1,0,0,0,0
"O639","66211","10000",1,0,0,0,0
"O640XX0","66031","10000",1,0,0,0,0
"O640XX1","66031","10000",1,0,0,0,0
"O640XX2","66031","10000",1,0,0,0,0
"O640XX3","66031","10000",1,0,0,0,0
"O640XX4","66031","10000",1,0,0,0,0
"O640XX5","66031","10000",1,0,0,0,0
"O640XX9","66031","10000",1,0,0,0,0
"O641XX0","65221","10112",1,0,1,1,2
"O641XX0","66001","10111",1,0,1,1,1
"O641XX1","65221","10112",1,0,1,1,2
"O641XX1","66001","10111",1,0,1,1,1
"O641XX2","65221","10112",1,0,1,1,2
"O641XX2","66001","10111",1,0,1,1,1
"O641XX3","65221","10112",1,0,1,1,2
"O641XX3","66001","10111",1,0,1,1,1
"O641XX4","65221","10112",1,0,1,1,2
"O641XX4","66001","10111",1,0,1,1,1
"O641XX5","65221","10112",1,0,1,1,2
"O641XX5","66001","10111",1,0,1,1,1
"O641XX9","65221","10112",1,0,1,1,2
"O641XX9","66001","10111",1,0,1,1,1
"O642XX0","65241","10112",1,0,1,1,2
"O642XX0","66001","10111",1,0,1,1,1
"O642XX1","65241","10112",1,0,1,1,2
"O642XX1","66001","10111",1,0,1,1,1
"O642XX2","65241","10112",1,0,1,1,2
"O642XX2","66001","10111",1,0,1,1,1
"O642XX3","65241","10112",1,0,1,1,2
"O642XX3","66001","10111",1,0,1,1,1
"O642XX4","65241","10112",1,0,1,1,2
"O642XX4","66001","10111",1,0,1,1,1
"O642XX5","65241","10112",1,0,1,1,2
"O642XX5","66001","10111",1,0,1,1,1
"O642XX9","65241","10112",1,0,1,1,2
"O642XX9","66001","10111",1,0,1,1,1
"O643XX0","65241","10112",1,0,1,1,2
"O643XX0","66001","10111",1,0,1,1,1
"O643XX1","65241","10112",1,0,1,1,2
"O643XX1","66001","10111",1,0,1,1,1
"O643XX2","65241","10112",1,0,1,1,2
"O643XX2","66001","10111",1,0,1,1,1
"O643XX3","65241","10112",1,0,1,1,2
"O643XX3","66001","10111",1,0,1,1,1
"O643XX4","65241","10112",1,0,1,1,2
"O643XX4","66001","10111",1,0,1,1,1
"O643XX5","65241","10112",1,0,1,1,2
"O643XX5","66001","10111",1,0,1,1,1
"O643XX9","65241","10112",1,0,1,1,2
"O643XX9","66001","10111",1,0,1,1,1
"O644XX0","65281","10112",1,0,1,1,2
"O644XX0","66001","10111",1,0,1,1,1
"O644XX1","65281","10112",1,0,1,1,2
"O644XX1","66001","10111",1,0,1,1,1
"O644XX2","65281","10112",1,0,1,1,2
"O644XX2","66001","10111",1,0,1,1,1
"O644XX3","65281","10112",1,0,1,1,2
"O644XX3","66001","10111",1,0,1,1,1
"O644XX4","65281","10112",1,0,1,1,2
"O644XX4","66001","10111",1,0,1,1,1
"O644XX5","65281","10112",1,0,1,1,2
"O644XX5","66001","10111",1,0,1,1,1
"O644XX9","65281","10112",1,0,1,1,2
"O644XX9","66001","10111",1,0,1,1,1
"O645XX0","65281","10112",1,0,1,1,2
"O645XX0","66001","10111",1,0,1,1,1
"O645XX1","65281","10112",1,0,1,1,2
"O645XX1","66001","10111",1,0,1,1,1
"O645XX2","65281","10112",1,0,1,1,2
"O645XX2","66001","10111",1,0,1,1,1
"O645XX3","65281","10112",1,0,1,1,2
"O645XX3","66001","10111",1,0,1,1,1
"O645XX4","65281","10112",1,0,1,1,2
"O645XX4","66001","10111",1,0,1,1,1
"O645XX5","65281","10112",1,0,1,1,2
"O645XX5","66001","10111",1,0,1,1,1
"O645XX9","65281","10112",1,0,1,1,2
"O645XX9","66001","10111",1,0,1,1,1
"O648XX0","65281","10112",1,0,1,1,2
"O648XX0","66001","10111",1,0,1,1,1
"O648XX1","65281","10112",1,0,1,1,2
"O648XX1","66001","10111",1,0,1,1,1
"O648XX2","65281","10112",1,0,1,1,2
"O648XX2","66001","10111",1,0,1,1,1
"O648XX3","65281","10112",1,0,1,1,2
"O648XX3","66001","10111",1,0,1,1,1
"O648XX4","65281","10112",1,0,1,1,2
"O648XX4","66001","10111",1,0,1,1,1
"O648XX5","65281","10112",1,0,1,1,2
"O648XX5","66001","10111",1,0,1,1,1
"O648XX9","65281","10112",1,0,1,1,2
"O648XX9","66001","10111",1,0,1,1,1
"O649XX0","65291","10112",1,0,1,1,2
"O649XX0","66001","10111",1,0,1,1,1
"O649XX1","65291","10112",1,0,1,1,2
"O649XX1","66001","10111",1,0,1,1,1
"O649XX2","65291","10112",1,0,1,1,2
"O649XX2","66001","10111",1,0,1,1,1
"O649XX3","65291","10112",1,0,1,1,2
"O649XX3","66001","10111",1,0,1,1,1
"O649XX4","65291","10112",1,0,1,1,2
"O649XX4","66001","10111",1,0,1,1,1
"O649XX5","65291","10112",1,0,1,1,2
"O649XX5","66001","10111",1,0,1,1,1
"O649XX9","65291","10112",1,0,1,1,2
"O649XX9","66001","10111",1,0,1,1,1
"O650","65301","10112",1,0,1,1,2
"O650","66011","10111",1,0,1,1,1
"O651","65311","10112",1,0,1,1,2
"O651","66011","10111",1,0,1,1,1
"O652","65321","10112",1,0,1,1,2
"O652","66011","10111",1,0,1,1,1
"O653","65331","10112",1,0,1,1,2
"O653","66011","10111",1,0,1,1,1
"O654","65341","10112",1,0,1,1,2
"O654","66011","10111",1,0,1,1,1
"O655","66021","10000",1,0,0,0,0
"O658","65491","10112",1,0,1,1,2
"O658","66021","10111",1,0,1,1,1
"O659","65491","10112",1,0,1,1,2
"O659","66021","10000",1,0,0,0,0
"O659","66021","10111",1,0,1,1,1
"O660","66041","10000",1,0,0,0,0
"O661","66051","10000",1,0,0,0,0
"O662","65351","10112",1,0,1,1,2
"O662","66081","10111",1,0,1,1,1
"O663","66081","10000",1,0,0,0,0
"O6640","66061","10000",1,0,0,0,0
"O6641","66061","10000",1,0,0,0,0
"O665","66071","10000",1,0,0,0,0
"O665","66951","10000",1,0,0,0,0
"O666","65261","10112",1,0,1,1,2
"O666","66081","10111",1,0,1,1,1
"O668","66081","10000",1,0,0,0,0
"O669","66091","10000",1,0,0,0,0
"O670","64131","10000",1,0,0,0,0
"O678","64181","10000",1,0,0,0,0
"O679","64191","10000",1,0,0,0,0
"O68","65631","10000",1,0,0,0,0
"O68","65681","10000",1,0,0,0,0
"O690XX0","66301","10000",1,0,0,0,0
"O690XX1","66301","10000",1,0,0,0,0
"O690XX2","66301","10000",1,0,0,0,0
"O690XX3","66301","10000",1,0,0,0,0
"O690XX4","66301","10000",1,0,0,0,0
"O690XX5","66301","10000",1,0,0,0,0
"O690XX9","66301","10000",1,0,0,0,0
"O691XX0","66311","10000",1,0,0,0,0
"O691XX1","66311","10000",1,0,0,0,0
"O691XX2","66311","10000",1,0,0,0,0
"O691XX3","66311","10000",1,0,0,0,0
"O691XX4","66311","10000",1,0,0,0,0
"O691XX5","66311","10000",1,0,0,0,0
"O691XX9","66311","10000",1,0,0,0,0
"O692XX0","66321","10000",1,0,0,0,0
"O692XX1","66321","10000",1,0,0,0,0
"O692XX2","66321","10000",1,0,0,0,0
"O692XX3","66321","10000",1,0,0,0,0
"O692XX4","66321","10000",1,0,0,0,0
"O692XX5","66321","10000",1,0,0,0,0
"O692XX9","66321","10000",1,0,0,0,0
"O693XX0","66341","10000",1,0,0,0,0
"O693XX1","66341","10000",1,0,0,0,0
"O693XX2","66341","10000",1,0,0,0,0
"O693XX3","66341","10000",1,0,0,0,0
"O693XX4","66341","10000",1,0,0,0,0
"O693XX5","66341","10000",1,0,0,0,0
"O693XX9","66341","10000",1,0,0,0,0
"O694XX0","66351","10000",1,0,0,0,0
"O694XX1","66351","10000",1,0,0,0,0
"O694XX2","66351","10000",1,0,0,0,0
"O694XX3","66351","10000",1,0,0,0,0
"O694XX4","66351","10000",1,0,0,0,0
"O694XX5","66351","10000",1,0,0,0,0
"O694XX9","66351","10000",1,0,0,0,0
"O695XX0","66361","10000",1,0,0,0,0
"O695XX1","66361","10000",1,0,0,0,0
"O695XX2","66361","10000",1,0,0,0,0
"O695XX3","66361","10000",1,0,0,0,0
"O695XX4","66361","10000",1,0,0,0,0
"O695XX5","66361","10000",1,0,0,0,0
"O695XX9","66361","10000",1,0,0,0,0
"O6981X0","66331","10000",1,0,0,0,0
"O6981X1","66331","10000",1,0,0,0,0
"O6981X2","66331","10000",1,0,0,0,0
"O6981X3","66331","10000",1,0,0,0,0
"O6981X4","66331","10000",1,0,0,0,0
"O6981X5","66331","10000",1,0,0,0,0
"O6981X9","66331","10000",1,0,0,0,0
"O6982X0","66331","10000",1,0,0,0,0
"O6982X1","66331","10000",1,0,0,0,0
"O6982X2","66331","10000",1,0,0,0,0
"O6982X3","66331","10000",1,0,0,0,0
"O6982X4","66331","10000",1,0,0,0,0
"O6982X5","66331","10000",1,0,0,0,0
"O6982X9","66331","10000",1,0,0,0,0
"O6989X0","66331","10000",1,0,0,0,0
"O6989X0","66381","10000",1,0,0,0,0
"O6989X1","66331","10000",1,0,0,0,0
"O6989X1","66381","10000",1,0,0,0,0
"O6989X2","66331","10000",1,0,0,0,0
"O6989X2","66381","10000",1,0,0,0,0
"O6989X3","66331","10000",1,0,0,0,0
"O6989X3","66381","10000",1,0,0,0,0
"O6989X4","66331","10000",1,0,0,0,0
"O6989X4","66381","10000",1,0,0,0,0
"O6989X5","66331","10000",1,0,0,0,0
"O6989X5","66381","10000",1,0,0,0,0
"O6989X9","66331","10000",1,0,0,0,0
"O6989X9","66381","10000",1,0,0,0,0
"O699XX0","66391","10000",1,0,0,0,0
"O699XX1","66391","10000",1,0,0,0,0
"O699XX2","66391","10000",1,0,0,0,0
"O699XX3","66391","10000",1,0,0,0,0
"O699XX4","66391","10000",1,0,0,0,0
"O699XX5","66391","10000",1,0,0,0,0
"O699XX9","66391","10000",1,0,0,0,0
"O700","66401","10000",1,0,0,0,0
"O700","66404","10000",1,0,0,0,0
"O701","66411","10000",1,0,0,0,0
"O701","66414","10000",1,0,0,0,0
"O702","66421","10000",1,0,0,0,0
"O702","66424","10000",1,0,0,0,0
"O703","66431","10000",1,0,0,0,0
"O703","66434","10000",1,0,0,0,0
"O704","66461","10000",1,0,0,0,0
"O704","66464","10000",1,0,0,0,0
"O709","66441","10000",1,0,0,0,0
"O709","66444","10000",1,0,0,0,0
"O7100","66500","10000",1,0,0,0,0
"O7102","66501","10000",1,0,0,0,0
"O7102","66503","10000",1,0,0,0,0
"O7103","66501","10000",1,0,0,0,0
"O7103","66503","10000",1,0,0,0,0
"O711","66511","10000",1,0,0,0,0
"O712","66522","10000",1,0,0,0,0
"O712","66524","10000",1,0,0,0,0
"O713","66531","10000",1,0,0,0,0
"O713","66534","10000",1,0,0,0,0
"O714","66541","10000",1,0,0,0,0
"O714","66544","10000",1,0,0,0,0
"O715","66551","10000",1,0,0,0,0
"O715","66554","10000",1,0,0,0,0
"O716","66561","10000",1,0,0,0,0
"O716","66564","10000",1,0,0,0,0
"O717","66451","10000",1,0,0,0,0
"O717","66454","10000",1,0,0,0,0
"O717","66571","10000",1,0,0,0,0
"O717","66572","10000",1,0,0,0,0
"O717","66574","10000",1,0,0,0,0
"O7181","66581","10000",1,0,0,0,0
"O7181","66582","10000",1,0,0,0,0
"O7182","66481","10000",1,0,0,0,0
"O7182","66484","10000",1,0,0,0,0
"O7189","66581","10000",1,0,0,0,0
"O7189","66582","10000",1,0,0,0,0
"O7189","66584","10000",1,0,0,0,0
"O719","66591","10000",1,0,0,0,0
"O719","66592","10000",1,0,0,0,0
"O719","66594","10000",1,0,0,0,0
"O720","66602","10000",1,0,0,0,0
"O720","66604","10000",1,0,0,0,0
"O721","66612","10000",1,0,0,0,0
"O721","66614","10000",1,0,0,0,0
"O722","66622","10000",1,0,0,0,0
"O722","66624","10000",1,0,0,0,0
"O723","66632","10000",1,0,0,0,0
"O723","66634","10000",1,0,0,0,0
"O730","66700","10000",1,0,0,0,0
"O730","66702","10000",1,0,0,0,0
"O730","66704","10000",1,0,0,0,0
"O731","66710","10000",1,0,0,0,0
"O731","66712","10000",1,0,0,0,0
"O731","66714","10000",1,0,0,0,0
"O740","66801","10000",1,0,0,0,0
"O740","66802","10000",1,0,0,0,0
"O741","66801","10000",1,0,0,0,0
"O741","66802","10000",1,0,0,0,0
"O742","66811","10000",1,0,0,0,0
"O742","66812","10000",1,0,0,0,0
"O743","66821","10000",1,0,0,0,0
"O743","66822","10000",1,0,0,0,0
"O744","66881","10000",1,0,0,0,0
"O744","66882","10000",1,0,0,0,0
"O745","66881","10000",1,0,0,0,0
"O745","66882","10000",1,0,0,0,0
"O746","66881","10000",1,0,0,0,0
"O746","66882","10000",1,0,0,0,0
"O747","66881","10000",1,0,0,0,0
"O747","66882","10000",1,0,0,0,0
"O748","66881","10000",1,0,0,0,0
"O748","66882","10000",1,0,0,0,0
"O749","66891","10000",1,0,0,0,0
"O749","66892","10000",1,0,0,0,0
"O750","66901","10000",1,0,0,0,0
"O750","66902","10000",1,0,0,0,0
"O750","66904","10000",1,0,0,0,0
"O751","66911","10000",1,0,0,0,0
"O751","66912","10000",1,0,0,0,0
"O751","66914","10000",1,0,0,0,0
"O752","65921","10000",1,0,0,0,0
"O753","65931","10000",1,0,0,0,0
"O754","66941","10000",1,0,0,0,0
"O754","66942","10000",1,0,0,0,0
"O754","66944","10000",1,0,0,0,0
"O755","65831","10000",1,0,0,0,0
"O7581","66981","10000",1,0,0,0,0
"O7581","66982","10000",1,0,0,0,0
"O7582","64981","10000",1,0,0,0,0
"O7582","64982","10000",1,0,0,0,0
"O7589","65981","10000",1,0,0,0,0
"O7589","66981","10000",1,0,0,0,0
"O7589","66982","10000",1,0,0,0,0
"O7589","66984","10000",1,0,0,0,0
"O759","65991","10000",1,0,0,0,0
"O759","66991","10000",1,0,0,0,0
"O759","66992","10000",1,0,0,0,0
"O759","66994","10000",1,0,0,0,0
"O76","65971","10000",1,0,0,0,0
"O770","65681","10000",1,0,0,0,0
"O771","65681","10000",1,0,0,0,0
"O778","65681","10000",1,0,0,0,0
"O779","65681","10000",1,0,0,0,0
"O80","650","00000",0,0,0,0,0
"O82","66971","10000",1,0,0,0,0
"O85","67022","10000",1,0,0,0,0
"O85","67024","10000",1,0,0,0,0
"O860","67432","10000",1,0,0,0,0
"O860","67434","10000",1,0,0,0,0
"O8611","64664","10000",1,0,0,0,0
"O8612","67012","10000",1,0,0,0,0
"O8612","67014","10000",1,0,0,0,0
"O8613","64664","10000",1,0,0,0,0
"O8619","64664","10000",1,0,0,0,0
"O8620","64664","10000",1,0,0,0,0
"O8621","64664","10000",1,0,0,0,0
"O8622","64664","10000",1,0,0,0,0
"O8629","64664","10000",1,0,0,0,0
"O864","67202","10000",1,0,0,0,0
"O864","67204","10000",1,0,0,0,0
"O8681","67032","10000",1,0,0,0,0
"O8681","67034","10000",1,0,0,0,0
"O8689","67082","10000",1,0,0,0,0
"O8689","67084","10000",1,0,0,0,0
"O870","67122","10000",1,0,0,0,0
"O870","67124","10000",1,0,0,0,0
"O871","67142","10000",1,0,0,0,0
"O871","67144","10000",1,0,0,0,0
"O872","67182","10000",1,0,0,0,0
"O872","67184","10000",1,0,0,0,0
"O873","67152","10000",1,0,0,0,0
"O873","67154","10000",1,0,0,0,0
"O874","67102","10000",1,0,0,0,0
"O874","67104","10000",1,0,0,0,0
"O878","67182","10000",1,0,0,0,0
"O878","67184","10000",1,0,0,0,0
"O879","67192","10000",1,0,0,0,0
"O879","67194","10000",1,0,0,0,0
"O88011","67301","10000",1,0,0,0,0
"O88011","67303","10000",1,0,0,0,0
"O88012","67301","10000",1,0,0,0,0
"O88012","67303","10000",1,0,0,0,0
"O88013","67301","10000",1,0,0,0,0
"O88013","67303","10000",1,0,0,0,0
"O88019","67300","10000",1,0,0,0,0
"O8802","67301","10000",1,0,0,0,0
"O8802","67302","10000",1,0,0,0,0
"O8803","67302","10000",1,0,0,0,0
"O8803","67304","10000",1,0,0,0,0
"O88111","67311","10000",1,0,0,0,0
"O88111","67313","10000",1,0,0,0,0
"O88112","67311","10000",1,0,0,0,0
"O88112","67313","10000",1,0,0,0,0
"O88113","67311","10000",1,0,0,0,0
"O88113","67313","10000",1,0,0,0,0
"O88119","67310","10000",1,0,0,0,0
"O8812","67311","10000",1,0,0,0,0
"O8812","67312","10000",1,0,0,0,0
"O8813","67312","10000",1,0,0,0,0
"O8813","67314","10000",1,0,0,0,0
"O88211","67321","10000",1,0,0,0,0
"O88211","67323","10000",1,0,0,0,0
"O88212","67321","10000",1,0,0,0,0
"O88212","67323","10000",1,0,0,0,0
"O88213","67321","10000",1,0,0,0,0
"O88213","67323","10000",1,0,0,0,0
"O88219","67320","10000",1,0,0,0,0
"O8822","67321","10000",1,0,0,0,0
"O8822","67322","10000",1,0,0,0,0
"O8823","67322","10000",1,0,0,0,0
"O8823","67324","10000",1,0,0,0,0
"O88311","67331","10000",1,0,0,0,0
"O88311","67333","10000",1,0,0,0,0
"O88312","67331","10000",1,0,0,0,0
"O88312","67333","10000",1,0,0,0,0
"O88313","67331","10000",1,0,0,0,0
"O88313","67333","10000",1,0,0,0,0
"O88319","67330","10000",1,0,0,0,0
"O8832","67331","10000",1,0,0,0,0
"O8832","67332","10000",1,0,0,0,0
"O8833","67332","10000",1,0,0,0,0
"O8833","67334","10000",1,0,0,0,0
"O88811","67381","10000",1,0,0,0,0
"O88811","67382","10000",1,0,0,0,0
"O88811","67383","10000",1,0,0,0,0
"O88812","67381","10000",1,0,0,0,0
"O88812","67382","10000",1,0,0,0,0
"O88812","67383","10000",1,0,0,0,0
"O88813","67381","10000",1,0,0,0,0
"O88813","67382","10000",1,0,0,0,0
"O88813","67383","10000",1,0,0,0,0
"O88819","67380","10000",1,0,0,0,0
"O8882","67381","10000",1,0,0,0,0
"O8882","67382","10000",1,0,0,0,0
"O8883","67382","10000",1,0,0,0,0
"O8883","67384","10000",1,0,0,0,0
"O8901","66804","10000",1,0,0,0,0
"O8909","66802","10000",1,0,0,0,0
"O8909","66804","10000",1,0,0,0,0
"O891","66814","10000",1,0,0,0,0
"O892","66824","10000",1,0,0,0,0
"O893","66884","10000",1,0,0,0,0
"O894","66884","10000",1,0,0,0,0
"O895","66884","10000",1,0,0,0,0
"O896","66884","10000",1,0,0,0,0
"O898","66882","10000",1,0,0,0,0
"O898","66884","10000",1,0,0,0,0
"O899","66892","10000",1,0,0,0,0
"O899","66894","10000",1,0,0,0,0
"O900","67412","10000",1,0,0,0,0
"O900","67414","10000",1,0,0,0,0
"O901","67422","10000",1,0,0,0,0
"O901","67424","10000",1,0,0,0,0
"O902","67432","10000",1,0,0,0,0
"O903","67452","10000",1,0,0,0,0
"O903","67454","10000",1,0,0,0,0
"O904","66932","10000",1,0,0,0,0
"O904","66934","10000",1,0,0,0,0
"O905","64812","10000",1,0,0,0,0
"O905","64814","10000",1,0,0,0,0
"O906","64842","10000",1,0,0,0,0
"O906","64844","10000",1,0,0,0,0
"O9081","64824","10000",1,0,0,0,0
"O9089","64644","10000",1,0,0,0,0
"O9089","64684","10000",1,0,0,0,0
"O9089","67444","10000",1,0,0,0,0
"O9089","67482","10000",1,0,0,0,0
"O9089","67484","10000",1,0,0,0,0
"O9089","67904","10000",1,0,0,0,0
"O909","67492","10000",1,0,0,0,0
"O909","67494","10000",1,0,0,0,0
"O91011","67501","10000",1,0,0,0,0
"O91011","67503","10000",1,0,0,0,0
"O91012","67501","10000",1,0,0,0,0
"O91012","67503","10000",1,0,0,0,0
"O91013","67501","10000",1,0,0,0,0
"O91013","67503","10000",1,0,0,0,0
"O91019","67500","10000",1,0,0,0,0
"O9102","67502","10000",1,0,0,0,0
"O9102","67504","10000",1,0,0,0,0
"O9103","67504","10000",1,0,0,0,0
"O91111","67511","10000",1,0,0,0,0
"O91111","67513","10000",1,0,0,0,0
"O91112","67511","10000",1,0,0,0,0
"O91112","67513","10000",1,0,0,0,0
"O91113","67511","10000",1,0,0,0,0
"O91113","67513","10000",1,0,0,0,0
"O91119","67510","10000",1,0,0,0,0
"O9112","67512","10000",1,0,0,0,0
"O9112","67514","10000",1,0,0,0,0
"O9113","67514","10000",1,0,0,0,0
"O91211","67521","10000",1,0,0,0,0
"O91211","67523","10000",1,0,0,0,0
"O91212","67521","10000",1,0,0,0,0
"O91212","67523","10000",1,0,0,0,0
"O91213","67521","10000",1,0,0,0,0
"O91213","67523","10000",1,0,0,0,0
"O91219","67520","10000",1,0,0,0,0
"O9122","67522","10000",1,0,0,0,0
"O9122","67524","10000",1,0,0,0,0
"O9123","67582","10000",1,0,0,0,0
"O9123","67584","10000",1,0,0,0,0
"O92011","67601","10000",1,0,0,0,0
"O92011","67603","10000",1,0,0,0,0
"O92012","67601","10000",1,0,0,0,0
"O92012","67603","10000",1,0,0,0,0
"O92013","67601","10000",1,0,0,0,0
"O92013","67603","10000",1,0,0,0,0
"O92019","67600","10000",1,0,0,0,0
"O9202","67604","10000",1,0,0,0,0
"O9203","67602","10000",1,0,0,0,0
"O9203","67604","10000",1,0,0,0,0
"O92111","67611","10000",1,0,0,0,0
"O92111","67613","10000",1,0,0,0,0
"O92112","67611","10000",1,0,0,0,0
"O92112","67613","10000",1,0,0,0,0
"O92113","67611","10000",1,0,0,0,0
"O92113","67613","10000",1,0,0,0,0
"O92119","67610","10000",1,0,0,0,0
"O9212","67614","10000",1,0,0,0,0
"O9213","67612","10000",1,0,0,0,0
"O9213","67614","10000",1,0,0,0,0
"O9220","67632","10000",1,0,0,0,0
"O9220","67634","10000",1,0,0,0,0
"O9229","67622","10000",1,0,0,0,0
"O9229","67632","10000",1,0,0,0,0
"O9229","67634","10000",1,0,0,0,0
"O923","67642","10000",1,0,0,0,0
"O923","67644","10000",1,0,0,0,0
"O924","67684","10000",1,0,0,0,0
"O925","67652","10000",1,0,0,0,0
"O925","67654","10000",1,0,0,0,0
"O926","67662","10000",1,0,0,0,0
"O926","67664","10000",1,0,0,0,0
"O9270","67692","10000",1,0,0,0,0
"O9270","67694","10000",1,0,0,0,0
"O9279","67682","10000",1,0,0,0,0
"O9279","67684","10000",1,0,0,0,0
"O94","677","00000",0,0,0,0,0
"O98011","64731","10000",1,0,0,0,0
"O98011","64733","10000",1,0,0,0,0
"O98012","64731","10000",1,0,0,0,0
"O98012","64733","10000",1,0,0,0,0
"O98013","64731","10000",1,0,0,0,0
"O98013","64733","10000",1,0,0,0,0
"O98019","64730","10000",1,0,0,0,0
"O9802","64731","10000",1,0,0,0,0
"O9803","64732","10000",1,0,0,0,0
"O9803","64734","10000",1,0,0,0,0
"O98111","64701","10000",1,0,0,0,0
"O98111","64703","10000",1,0,0,0,0
"O98112","64701","10000",1,0,0,0,0
"O98112","64703","10000",1,0,0,0,0
"O98113","64701","10000",1,0,0,0,0
"O98113","64703","10000",1,0,0,0,0
"O98119","64700","10000",1,0,0,0,0
"O9812","64701","10000",1,0,0,0,0
"O9813","64702","10000",1,0,0,0,0
"O9813","64704","10000",1,0,0,0,0
"O98211","64711","10000",1,0,0,0,0
"O98211","64713","10000",1,0,0,0,0
"O98212","64711","10000",1,0,0,0,0
"O98212","64713","10000",1,0,0,0,0
"O98213","64711","10000",1,0,0,0,0
"O98213","64713","10000",1,0,0,0,0
"O98219","64710","10000",1,0,0,0,0
"O9822","64711","10000",1,0,0,0,0
"O9823","64712","10000",1,0,0,0,0
"O9823","64714","10000",1,0,0,0,0
"O98311","64721","10000",1,0,0,0,0
"O98311","64723","10000",1,0,0,0,0
"O98312","64721","10000",1,0,0,0,0
"O98312","64723","10000",1,0,0,0,0
"O98313","64721","10000",1,0,0,0,0
"O98313","64723","10000",1,0,0,0,0
"O98319","64720","10000",1,0,0,0,0
"O9832","64721","10000",1,0,0,0,0
"O9833","64722","10000",1,0,0,0,0
"O9833","64724","10000",1,0,0,0,0
"O98411","64761","10000",1,0,0,0,0
"O98411","64763","10000",1,0,0,0,0
"O98412","64761","10000",1,0,0,0,0
"O98412","64763","10000",1,0,0,0,0
"O98413","64761","10000",1,0,0,0,0
"O98413","64763","10000",1,0,0,0,0
"O98419","64760","10000",1,0,0,0,0
"O9842","64761","10000",1,0,0,0,0
"O9843","64762","10000",1,0,0,0,0
"O9843","64764","10000",1,0,0,0,0
"O98511","64761","10000",1,0,0,0,0
"O98511","64763","10000",1,0,0,0,0
"O98512","64761","10000",1,0,0,0,0
"O98512","64763","10000",1,0,0,0,0
"O98513","64761","10000",1,0,0,0,0
"O98513","64763","10000",1,0,0,0,0
"O98519","64760","10000",1,0,0,0,0
"O9852","64761","10000",1,0,0,0,0
"O9853","64762","10000",1,0,0,0,0
"O9853","64764","10000",1,0,0,0,0
"O98611","64781","10000",1,0,0,0,0
"O98611","64783","10000",1,0,0,0,0
"O98612","64781","10000",1,0,0,0,0
"O98612","64783","10000",1,0,0,0,0
"O98613","64781","10000",1,0,0,0,0
"O98613","64783","10000",1,0,0,0,0
"O98619","64740","10000",1,0,0,0,0
"O9862","64741","10000",1,0,0,0,0
"O9863","64742","10000",1,0,0,0,0
"O9863","64744","10000",1,0,0,0,0
"O98711","64761","10000",1,0,0,0,0
"O98711","64763","10000",1,0,0,0,0
"O98712","64761","10000",1,0,0,0,0
"O98712","64763","10000",1,0,0,0,0
"O98713","64761","10000",1,0,0,0,0
"O98713","64763","10000",1,0,0,0,0
"O98719","64760","10000",1,0,0,0,0
"O9872","64761","10000",1,0,0,0,0
"O9873","64764","10000",1,0,0,0,0
"O98811","64781","10000",1,0,0,0,0
"O98811","64783","10000",1,0,0,0,0
"O98812","64781","10000",1,0,0,0,0
"O98812","64783","10000",1,0,0,0,0
"O98813","64781","10000",1,0,0,0,0
"O98813","64783","10000",1,0,0,0,0
"O98819","64780","10000",1,0,0,0,0
"O9882","64781","10000",1,0,0,0,0
"O9883","64782","10000",1,0,0,0,0
"O9883","64784","10000",1,0,0,0,0
"O98911","64791","10000",1,0,0,0,0
"O98911","64793","10000",1,0,0,0,0
"O98912","64791","10000",1,0,0,0,0
"O98912","64793","10000",1,0,0,0,0
"O98913","64791","10000",1,0,0,0,0
"O98913","64793","10000",1,0,0,0,0
"O98919","64790","10000",1,0,0,0,0
"O9892","64791","10000",1,0,0,0,0
"O9893","64792","10000",1,0,0,0,0
"O9893","64794","10000",1,0,0,0,0
"O99011","64821","10000",1,0,0,0,0
"O99011","64823","10000",1,0,0,0,0
"O99012","64821","10000",1,0,0,0,0
"O99012","64823","10000",1,0,0,0,0
"O99013","64821","10000",1,0,0,0,0
"O99013","64823","10000",1,0,0,0,0
"O99019","64820","10000",1,0,0,0,0
"O9902","64821","10000",1,0,0,0,0
"O9903","64822","10000",1,0,0,0,0
"O9903","64824","10000",1,0,0,0,0
"O99111","64931","10000",1,0,0,0,0
"O99111","64933","10000",1,0,0,0,0
"O99112","64931","10000",1,0,0,0,0
"O99112","64933","10000",1,0,0,0,0
"O99113","64931","10000",1,0,0,0,0
"O99113","64933","10000",1,0,0,0,0
"O99119","64930","10000",1,0,0,0,0
"O9912","64931","10000",1,0,0,0,0
"O9913","64934","10000",1,0,0,0,0
"O99210","64910","10000",1,0,0,0,0
"O99211","64911","10000",1,0,0,0,0
"O99211","64913","10000",1,0,0,0,0
"O99212","64911","10000",1,0,0,0,0
"O99212","64913","10000",1,0,0,0,0
"O99213","64911","10000",1,0,0,0,0
"O99213","64913","10000",1,0,0,0,0
"O99214","64911","10000",1,0,0,0,0
"O99215","64912","10000",1,0,0,0,0
"O99215","64914","10000",1,0,0,0,0
"O99280","64890","10000",1,0,0,0,0
"O99281","64891","10000",1,0,0,0,0
"O99281","64893","10000",1,0,0,0,0
"O99282","64891","10000",1,0,0,0,0
"O99282","64893","10000",1,0,0,0,0
"O99283","64891","10000",1,0,0,0,0
"O99283","64893","10000",1,0,0,0,0
"O99284","64891","10000",1,0,0,0,0
"O99285","64894","10000",1,0,0,0,0
"O99310","64840","10000",1,0,0,0,0
"O99311","64841","10000",1,0,0,0,0
"O99311","64843","10000",1,0,0,0,0
"O99312","64841","10000",1,0,0,0,0
"O99312","64843","10000",1,0,0,0,0
"O99313","64841","10000",1,0,0,0,0
"O99313","64843","10000",1,0,0,0,0
"O99314","64841","10000",1,0,0,0,0
"O99315","64844","10000",1,0,0,0,0
"O99320","64830","10000",1,0,0,0,0
"O99321","64831","10000",1,0,0,0,0
"O99321","64833","10000",1,0,0,0,0
"O99322","64831","10000",1,0,0,0,0
"O99322","64833","10000",1,0,0,0,0
"O99323","64831","10000",1,0,0,0,0
"O99323","64833","10000",1,0,0,0,0
"O99324","64831","10000",1,0,0,0,0
"O99325","64832","10000",1,0,0,0,0
"O99325","64834","10000",1,0,0,0,0
"O99330","64900","10000",1,0,0,0,0
"O99331","64901","10000",1,0,0,0,0
"O99331","64903","10000",1,0,0,0,0
"O99332","64901","10000",1,0,0,0,0
"O99332","64903","10000",1,0,0,0,0
"O99333","64901","10000",1,0,0,0,0
"O99333","64903","10000",1,0,0,0,0
"O99334","64901","10000",1,0,0,0,0
"O99335","64902","10000",1,0,0,0,0
"O99335","64904","10000",1,0,0,0,0
"O99340","64840","10000",1,0,0,0,0
"O99341","64841","10000",1,0,0,0,0
"O99341","64843","10000",1,0,0,0,0
"O99342","64841","10000",1,0,0,0,0
"O99342","64843","10000",1,0,0,0,0
"O99343","64841","10000",1,0,0,0,0
"O99343","64843","10000",1,0,0,0,0
"O99344","64841","10000",1,0,0,0,0
"O99345","64842","10000",1,0,0,0,0
"O99345","64844","10000",1,0,0,0,0
"O99350","64680","10000",1,0,0,0,0
"O99351","64681","10000",1,0,0,0,0
"O99351","64683","10000",1,0,0,0,0
"O99352","64681","10000",1,0,0,0,0
"O99352","64683","10000",1,0,0,0,0
"O99353","64681","10000",1,0,0,0,0
"O99353","64683","10000",1,0,0,0,0
"O99354","64681","10000",1,0,0,0,0
"O99355","64682","10000",1,0,0,0,0
"O99355","64684","10000",1,0,0,0,0
"O99411","67401","10000",1,0,0,0,0
"O99411","67403","10000",1,0,0,0,0
"O99412","67401","10000",1,0,0,0,0
"O99412","67403","10000",1,0,0,0,0
"O99413","67401","10000",1,0,0,0,0
"O99413","67403","10000",1,0,0,0,0
"O99419","67400","10000",1,0,0,0,0
"O9942","67401","10000",1,0,0,0,0
"O9942","67402","10000",1,0,0,0,0
"O9943","67404","10000",1,0,0,0,0
"O99511","64891","10000",1,0,0,0,0
"O99511","64893","10000",1,0,0,0,0
"O99512","64891","10000",1,0,0,0,0
"O99512","64893","10000",1,0,0,0,0
"O99513","64891","10000",1,0,0,0,0
"O99513","64893","10000",1,0,0,0,0
"O99519","64890","10000",1,0,0,0,0
"O9952","64891","10000",1,0,0,0,0
"O9953","64894","10000",1,0,0,0,0
"O99611","64891","10000",1,0,0,0,0
"O99611","64893","10000",1,0,0,0,0
"O99612","64891","10000",1,0,0,0,0
"O99612","64893","10000",1,0,0,0,0
"O99613","64891","10000",1,0,0,0,0
"O99613","64893","10000",1,0,0,0,0
"O99619","64890","10000",1,0,0,0,0
"O9962","64891","10000",1,0,0,0,0
"O9963","64894","10000",1,0,0,0,0
"O99711","64891","10000",1,0,0,0,0
"O99711","64893","10000",1,0,0,0,0
"O99712","64891","10000",1,0,0,0,0
"O99712","64893","10000",1,0,0,0,0
"O99713","64891","10000",1,0,0,0,0
"O99713","64893","10000",1,0,0,0,0
"O99719","64890","10000",1,0,0,0,0
"O9972","64891","10000",1,0,0,0,0
"O9973","64894","10000",1,0,0,0,0
"O99810","64881","10000",1,0,0,0,0
"O99810","64883","10000",1,0,0,0,0
"O99814","64881","10000",1,0,0,0,0
"O99815","64882","10000",1,0,0,0,0
"O99815","64884","10000",1,0,0,0,0
"O99820","64893","10111",1,0,1,1,1
"O99820","V0251","10112",1,0,1,1,2
"O99824","64891","10111",1,0,1,1,1
"O99824","V0251","10112",1,0,1,1,2
"O99825","64894","10111",1,0,1,1,1
"O99825","V0251","10112",1,0,1,1,2
"O99830","64781","10000",1,0,0,0,0
"O99830","64783","10000",1,0,0,0,0
"O99834","64781","10000",1,0,0,0,0
"O99835","64784","10000",1,0,0,0,0
"O99840","64920","10000",1,0,0,0,0
"O99841","64921","10000",1,0,0,0,0
"O99841","64923","10000",1,0,0,0,0
"O99842","64921","10000",1,0,0,0,0
"O99842","64923","10000",1,0,0,0,0
"O99843","64921","10000",1,0,0,0,0
"O99843","64923","10000",1,0,0,0,0
"O99844","64921","10000",1,0,0,0,0
"O99845","64922","10000",1,0,0,0,0
"O99845","64924","10000",1,0,0,0,0
"O9989","64683","10000",1,0,0,0,0
"O9989","64693","10000",1,0,0,0,0
"O9A111","64891","10000",1,0,0,0,0
"O9A111","64893","10000",1,0,0,0,0
"O9A112","64891","10000",1,0,0,0,0
"O9A112","64893","10000",1,0,0,0,0
"O9A113","64891","10000",1,0,0,0,0
"O9A113","64893","10000",1,0,0,0,0
"O9A119","64890","10000",1,0,0,0,0
"O9A12","64891","10000",1,0,0,0,0
"O9A13","64894","10000",1,0,0,0,0
"O9A211","64891","10000",1,0,0,0,0
"O9A211","64893","10000",1,0,0,0,0
"O9A212","64891","10000",1,0,0,0,0
"O9A212","64893","10000",1,0,0,0,0
"O9A213","64891","10000",1,0,0,0,0
"O9A213","64893","10000",1,0,0,0,0
"O9A219","64890","10000",1,0,0,0,0
"O9A22","64891","10000",1,0,0,0,0
"O9A23","64894","10000",1,0,0,0,0
"O9A311","64891","10000",1,0,0,0,0
"O9A311","64893","10000",1,0,0,0,0
"O9A312","64891","10000",1,0,0,0,0
"O9A312","64893","10000",1,0,0,0,0
"O9A313","64891","10000",1,0,0,0,0
"O9A313","64893","10000",1,0,0,0,0
"O9A319","64890","10000",1,0,0,0,0
"O9A32","64891","10000",1,0,0,0,0
"O9A33","64894","10000",1,0,0,0,0
"O9A411","64891","10000",1,0,0,0,0
"O9A411","64893","10000",1,0,0,0,0
"O9A412","64891","10000",1,0,0,0,0
"O9A412","64893","10000",1,0,0,0,0
"O9A413","64891","10000",1,0,0,0,0
"O9A413","64893","10000",1,0,0,0,0
"O9A419","64890","10000",1,0,0,0,0
"O9A42","64891","10000",1,0,0,0,0
"O9A43","64894","10000",1,0,0,0,0
"O9A511","64891","10000",1,0,0,0,0
"O9A511","64893","10000",1,0,0,0,0
"O9A512","64891","10000",1,0,0,0,0
"O9A512","64893","10000",1,0,0,0,0
"O9A513","64891","10000",1,0,0,0,0
"O9A513","64893","10000",1,0,0,0,0
"O9A519","64890","10000",1,0,0,0,0
"O9A52","64891","10000",1,0,0,0,0
"O9A53","64894","10000",1,0,0,0,0
"P000","7600","00000",0,0,0,0,0
"P001","7601","00000",0,0,0,0,0
"P002","7602","10000",1,0,0,0,0
"P003","7603","10000",1,0,0,0,0
"P004","7604","00000",0,0,0,0,0
"P005","7605","00000",0,0,0,0,0
"P006","76063","10000",1,0,0,0,0
"P007","76062","10000",1,0,0,0,0
"P0081","7608","10000",1,0,0,0,0
"P0089","7608","10000",1,0,0,0,0
"P009","7609","10000",1,0,0,0,0
"P010","7610","00000",0,0,0,0,0
"P011","7611","00000",0,0,0,0,0
"P012","7612","00000",0,0,0,0,0
"P013","7613","00000",0,0,0,0,0
"P014","7614","00000",0,0,0,0,0
"P015","7615","00000",0,0,0,0,0
"P016","7616","00000",0,0,0,0,0
"P017","7617","00000",0,0,0,0,0
"P018","7618","00000",0,0,0,0,0
"P019","7619","00000",0,0,0,0,0
"P020","7620","00000",0,0,0,0,0
"P021","7621","00000",0,0,0,0,0
"P0220","7622","10000",1,0,0,0,0
"P0229","7622","10000",1,0,0,0,0
"P023","7623","00000",0,0,0,0,0
"P024","7624","00000",0,0,0,0,0
"P025","7625","00000",0,0,0,0,0
"P0260","7626","10000",1,0,0,0,0
"P0269","7626","10000",1,0,0,0,0
"P027","7627","00000",0,0,0,0,0
"P028","7628","00000",0,0,0,0,0
"P029","7629","00000",0,0,0,0,0
"P030","7630","00000",0,0,0,0,0
"P031","7631","00000",0,0,0,0,0
"P032","7632","00000",0,0,0,0,0
"P033","7633","00000",0,0,0,0,0
"P034","7634","00000",0,0,0,0,0
"P035","7636","00000",0,0,0,0,0
"P036","7637","00000",0,0,0,0,0
"P03810","76381","00000",0,0,0,0,0
"P03811","76382","00000",0,0,0,0,0
"P03819","76383","00000",0,0,0,0,0
"P0382","76384","00000",0,0,0,0,0
"P0389","76389","00000",0,0,0,0,0
"P039","7639","00000",0,0,0,0,0
"P040","7635","00000",0,0,0,0,0
"P041","76074","10000",1,0,0,0,0
"P041","76078","10000",1,0,0,0,0
"P042","76079","10000",1,0,0,0,0
"P043","76071","10000",1,0,0,0,0
"P0441","76075","00000",0,0,0,0,0
"P0449","76072","10000",1,0,0,0,0
"P0449","76073","10000",1,0,0,0,0
"P045","76079","10000",1,0,0,0,0
"P046","76079","10000",1,0,0,0,0
"P048","76079","10000",1,0,0,0,0
"P049","76070","10000",1,0,0,0,0
"P049","76079","10000",1,0,0,0,0
"P0500","76400","10000",1,0,0,0,0
"P0501","76401","10000",1,0,0,0,0
"P0502","76402","10000",1,0,0,0,0
"P0503","76403","10000",1,0,0,0,0
"P0504","76404","10000",1,0,0,0,0
"P0505","76405","10000",1,0,0,0,0
"P0506","76406","10000",1,0,0,0,0
"P0507","76407","10000",1,0,0,0,0
"P0508","76408","10000",1,0,0,0,0
"P0510","76410","10000",1,0,0,0,0
"P0511","76411","10000",1,0,0,0,0
"P0512","76412","10000",1,0,0,0,0
"P0513","76413","10000",1,0,0,0,0
"P0514","76414","10000",1,0,0,0,0
"P0515","76415","10000",1,0,0,0,0
"P0516","76416","10000",1,0,0,0,0
"P0517","76417","10000",1,0,0,0,0
"P0518","76418","10000",1,0,0,0,0
"P052","76420","10000",1,0,0,0,0
"P059","76490","10000",1,0,0,0,0
"P0700","76500","10000",1,0,0,0,0
"P0700","76510","10000",1,0,0,0,0
"P0701","76501","10000",1,0,0,0,0
"P0701","76511","10000",1,0,0,0,0
"P0702","76502","10000",1,0,0,0,0
"P0702","76512","10000",1,0,0,0,0
"P0703","76503","10000",1,0,0,0,0
"P0703","76513","10000",1,0,0,0,0
"P0710","76500","10000",1,0,0,0,0
"P0710","76510","10000",1,0,0,0,0
"P0714","76504","10000",1,0,0,0,0
"P0714","76514","10000",1,0,0,0,0
"P0715","76505","10000",1,0,0,0,0
"P0715","76515","10000",1,0,0,0,0
"P0716","76506","10000",1,0,0,0,0
"P0716","76516","10000",1,0,0,0,0
"P0717","76507","10000",1,0,0,0,0
"P0717","76517","10000",1,0,0,0,0
"P0718","76508","10000",1,0,0,0,0
"P0718","76518","10000",1,0,0,0,0
"P0720","76520","10000",1,0,0,0,0
"P0721","76521","10000",1,0,0,0,0
"P0722","76521","10000",1,0,0,0,0
"P0723","76522","10000",1,0,0,0,0
"P0724","76523","10000",1,0,0,0,0
"P0725","76523","10000",1,0,0,0,0
"P0726","76524","10000",1,0,0,0,0
"P0730","76509","10000",1,0,0,0,0
"P0730","76519","10000",1,0,0,0,0
"P0730","76520","10000",1,0,0,0,0
"P0731","76524","10000",1,0,0,0,0
"P0732","76525","10000",1,0,0,0,0
"P0733","76525","10000",1,0,0,0,0
"P0734","76526","10000",1,0,0,0,0
"P0735","76526","10000",1,0,0,0,0
"P0736","76527","10000",1,0,0,0,0
"P0737","76527","10000",1,0,0,0,0
"P0738","76528","10000",1,0,0,0,0
"P0739","76528","10000",1,0,0,0,0
"P080","7660","00000",0,0,0,0,0
"P081","7661","00000",0,0,0,0,0
"P0821","76621","00000",0,0,0,0,0
"P0822","76622","00000",0,0,0,0,0
"P09","7966","00000",0,0,0,0,0
"P100","7670","10000",1,0,0,0,0
"P101","7670","10000",1,0,0,0,0
"P102","77210","10000",1,0,0,0,0
"P103","7722","10000",1,0,0,0,0
"P104","7670","10000",1,0,0,0,0
"P108","7670","10000",1,0,0,0,0
"P109","7670","10000",1,0,0,0,0
"P110","7670","10000",1,0,0,0,0
"P111","7678","10000",1,0,0,0,0
"P112","7670","10000",1,0,0,0,0
"P113","7675","00000",0,0,0,0,0
"P114","7677","10000",1,0,0,0,0
"P115","7674","00000",0,0,0,0,0
"P119","7670","10000",1,0,0,0,0
"P120","76719","10000",1,0,0,0,0
"P121","76719","10000",1,0,0,0,0
"P122","76711","00000",0,0,0,0,0
"P123","76719","10000",1,0,0,0,0
"P124","76719","10000",1,0,0,0,0
"P1281","76719","10000",1,0,0,0,0
"P1289","76719","10000",1,0,0,0,0
"P129","76719","10000",1,0,0,0,0
"P130","7673","10000",1,0,0,0,0
"P131","7673","10000",1,0,0,0,0
"P132","7673","10000",1,0,0,0,0
"P133","7673","10000",1,0,0,0,0
"P134","7672","00000",0,0,0,0,0
"P138","7673","10000",1,0,0,0,0
"P139","7673","10000",1,0,0,0,0
"P140","7676","10000",1,0,0,0,0
"P141","7676","10000",1,0,0,0,0
"P142","7677","10000",1,0,0,0,0
"P143","7676","10000",1,0,0,0,0
"P148","7677","10000",1,0,0,0,0
"P149","7677","10000",1,0,0,0,0
"P150","7678","10000",1,0,0,0,0
"P151","7678","10000",1,0,0,0,0
"P152","7678","10000",1,0,0,0,0
"P153","7678","10000",1,0,0,0,0
"P154","7678","10000",1,0,0,0,0
"P155","7678","10000",1,0,0,0,0
"P156","7678","10000",1,0,0,0,0
"P158","7678","10000",1,0,0,0,0
"P159","7679","00000",0,0,0,0,0
"P190","7682","10000",1,0,0,0,0
"P191","7683","10000",1,0,0,0,0
"P192","7684","10000",1,0,0,0,0
"P199","7684","10000",1,0,0,0,0
"P220","769","00000",0,0,0,0,0
"P221","7706","00000",0,0,0,0,0
"P228","77089","10000",1,0,0,0,0
"P229","77089","10000",1,0,0,0,0
"P230","7700","10000",1,0,0,0,0
"P231","7700","10000",1,0,0,0,0
"P232","7700","10000",1,0,0,0,0
"P233","7700","10000",1,0,0,0,0
"P234","7700","10000",1,0,0,0,0
"P235","7700","10000",1,0,0,0,0
"P236","7700","10000",1,0,0,0,0
"P238","7700","10000",1,0,0,0,0
"P239","7700","10000",1,0,0,0,0
"P2400","77011","00000",0,0,0,0,0
"P2401","77012","00000",0,0,0,0,0
"P2410","77013","00000",0,0,0,0,0
"P2411","77014","00000",0,0,0,0,0
"P2420","77015","00000",0,0,0,0,0
"P2421","77016","00000",0,0,0,0,0
"P2430","77085","00000",0,0,0,0,0
"P2431","77086","00000",0,0,0,0,0
"P2480","77017","00000",0,0,0,0,0
"P2481","77018","00000",0,0,0,0,0
"P249","77010","10000",1,0,0,0,0
"P250","7702","10000",1,0,0,0,0
"P251","7702","10000",1,0,0,0,0
"P252","7702","10000",1,0,0,0,0
"P253","7702","10000",1,0,0,0,0
"P258","7702","10000",1,0,0,0,0
"P260","7703","10000",1,0,0,0,0
"P261","7703","10000",1,0,0,0,0
"P268","7703","10000",1,0,0,0,0
"P269","7703","10000",1,0,0,0,0
"P270","7707","10000",1,0,0,0,0
"P271","7707","10000",1,0,0,0,0
"P278","7707","10000",1,0,0,0,0
"P279","7707","10000",1,0,0,0,0
"P280","7704","00000",0,0,0,0,0
"P2810","7705","10000",1,0,0,0,0
"P2811","7705","10000",1,0,0,0,0
"P2819","7705","10000",1,0,0,0,0
"P282","77083","00000",0,0,0,0,0
"P283","77081","10000",1,0,0,0,0
"P284","77082","00000",0,0,0,0,0
"P285","77084","00000",0,0,0,0,0
"P2881","77087","00000",0,0,0,0,0
"P2889","77089","10000",1,0,0,0,0
"P289","7709","10000",1,0,0,0,0
"P290","77989","10000",1,0,0,0,0
"P2911","77982","00000",0,0,0,0,0
"P2912","77981","00000",0,0,0,0,0
"P292","77989","10000",1,0,0,0,0
"P293","74783","00000",0,0,0,0,0
"P294","77989","10000",1,0,0,0,0
"P2981","77985","00000",0,0,0,0,0
"P2989","77989","10000",1,0,0,0,0
"P299","77989","10000",1,0,0,0,0
"P350","7710","00000",0,0,0,0,0
"P351","7711","00000",0,0,0,0,0
"P352","7712","10000",1,0,0,0,0
"P353","7712","10000",1,0,0,0,0
"P358","7712","10000",1,0,0,0,0
"P359","7712","10000",1,0,0,0,0
"P360","77181","10000",1,0,0,0,0
"P3610","77181","10000",1,0,0,0,0
"P3619","77181","10000",1,0,0,0,0
"P362","77181","10000",1,0,0,0,0
"P3630","77181","10000",1,0,0,0,0
"P3639","77181","10000",1,0,0,0,0
"P364","77181","10000",1,0,0,0,0
"P365","77181","10000",1,0,0,0,0
"P368","77181","10000",1,0,0,0,0
"P369","77181","10000",1,0,0,0,0
"P370","7712","10000",1,0,0,0,0
"P371","7712","10000",1,0,0,0,0
"P372","7712","10000",1,0,0,0,0
"P373","7712","10000",1,0,0,0,0
"P374","7712","10000",1,0,0,0,0
"P375","7717","00000",0,0,0,0,0
"P378","7712","10000",1,0,0,0,0
"P379","7712","10000",1,0,0,0,0
"P381","7714","10000",1,0,0,0,0
"P389","7714","10000",1,0,0,0,0
"P390","7715","00000",0,0,0,0,0
"P391","7716","00000",0,0,0,0,0
"P392","77189","10000",1,0,0,0,0
"P393","77182","00000",0,0,0,0,0
"P394","77189","10000",1,0,0,0,0
"P398","77189","10000",1,0,0,0,0
"P399","77189","10000",1,0,0,0,0
"P500","7720","10000",1,0,0,0,0
"P501","7720","10000",1,0,0,0,0
"P502","7720","10000",1,0,0,0,0
"P503","7720","10000",1,0,0,0,0
"P504","7720","10000",1,0,0,0,0
"P505","7720","10000",1,0,0,0,0
"P508","7720","10000",1,0,0,0,0
"P509","7720","10000",1,0,0,0,0
"P510","7723","10000",1,0,0,0,0
"P518","7723","10000",1,0,0,0,0
"P519","7723","10000",1,0,0,0,0
"P520","77211","00000",0,0,0,0,0
"P521","77212","00000",0,0,0,0,0
"P5221","77213","00000",0,0,0,0,0
"P5222","77214","00000",0,0,0,0,0
"P523","77210","10000",1,0,0,0,0
"P524","7670","10000",1,0,0,0,0
"P525","7722","10000",1,0,0,0,0
"P526","7670","10000",1,0,0,0,0
"P528","7670","10000",1,0,0,0,0
"P529","7670","10000",1,0,0,0,0
"P53","7760","00000",0,0,0,0,0
"P540","7728","10000",1,0,0,0,0
"P541","7724","10000",1,0,0,0,0
"P542","7724","10000",1,0,0,0,0
"P543","7724","10000",1,0,0,0,0
"P544","7725","00000",0,0,0,0,0
"P545","7726","00000",0,0,0,0,0
"P546","7728","10000",1,0,0,0,0
"P548","7728","10000",1,0,0,0,0
"P549","7729","00000",0,0,0,0,0
"P550","7730","00000",0,0,0,0,0
"P551","7731","10000",1,0,0,0,0
"P558","7732","10000",1,0,0,0,0
"P559","7732","10000",1,0,0,0,0
"P560","7733","10000",1,0,0,0,0
"P5690","7733","10000",1,0,0,0,0
"P5699","7733","10000",1,0,0,0,0
"P570","7734","00000",0,0,0,0,0
"P578","7747","10000",1,0,0,0,0
"P579","7747","10000",1,0,0,0,0
"P580","7741","10000",1,0,0,0,0
"P581","7741","10000",1,0,0,0,0
"P582","7741","10000",1,0,0,0,0
"P583","7741","10000",1,0,0,0,0
"P5841","7741","10000",1,0,0,0,0
"P5842","7741","10000",1,0,0,0,0
"P585","7741","10000",1,0,0,0,0
"P588","7740","10000",1,0,0,0,0
"P588","7741","10000",1,0,0,0,0
"P589","7741","10000",1,0,0,0,0
"P590","7742","00000",0,0,0,0,0
"P591","7744","10000",1,0,0,0,0
"P5920","7744","10000",1,0,0,0,0
"P5929","7744","10000",1,0,0,0,0
"P593","77439","10000",1,0,0,0,0
"P598","77430","10000",1,0,0,0,0
"P598","7745","10000",1,0,0,0,0
"P599","7746","10000",1,0,0,0,0
"P60","7762","00000",0,0,0,0,0
"P610","7761","00000",0,0,0,0,0
"P611","7764","00000",0,0,0,0,0
"P612","7766","00000",0,0,0,0,0
"P613","7765","10000",1,0,0,0,0
"P614","7765","10000",1,0,0,0,0
"P615","7767","00000",0,0,0,0,0
"P616","7763","00000",0,0,0,0,0
"P618","7768","00000",0,0,0,0,0
"P619","7769","00000",0,0,0,0,0
"P700","7750","10000",1,0,0,0,0
"P701","7750","10000",1,0,0,0,0
"P702","7751","00000",0,0,0,0,0
"P703","7756","10000",1,0,0,0,0
"P704","7756","10000",1,0,0,0,0
"P708","77589","10000",1,0,0,0,0
"P709","7759","10000",1,0,0,0,0
"P710","7754","10000",1,0,0,0,0
"P711","7754","10000",1,0,0,0,0
"P712","7754","10000",1,0,0,0,0
"P713","7754","10000",1,0,0,0,0
"P714","7754","10000",1,0,0,0,0
"P718","7754","10000",1,0,0,0,0
"P719","7754","10000",1,0,0,0,0
"P720","77589","10000",1,0,0,0,0
"P721","7753","00000",0,0,0,0,0
"P722","77589","10000",1,0,0,0,0
"P728","77589","10000",1,0,0,0,0
"P729","7759","10000",1,0,0,0,0
"P740","7757","00000",0,0,0,0,0
"P741","7755","10000",1,0,0,0,0
"P742","7755","10000",1,0,0,0,0
"P743","7755","10000",1,0,0,0,0
"P744","7755","10000",1,0,0,0,0
"P745","77589","10000",1,0,0,0,0
"P746","77589","10000",1,0,0,0,0
"P748","77589","10000",1,0,0,0,0
"P749","7759","10000",1,0,0,0,0
"P760","7771","10000",1,0,0,0,0
"P761","7774","00000",0,0,0,0,0
"P762","7772","00000",0,0,0,0,0
"P768","7778","10000",1,0,0,0,0
"P769","7778","10000",1,0,0,0,0
"P771","77751","00000",0,0,0,0,0
"P772","77752","00000",0,0,0,0,0
"P773","77753","00000",0,0,0,0,0
"P779","77750","00000",0,0,0,0,0
"P780","7776","00000",0,0,0,0,0
"P781","7778","10000",1,0,0,0,0
"P782","7773","00000",0,0,0,0,0
"P783","7778","10000",1,0,0,0,0
"P7881","7778","10000",1,0,0,0,0
"P7882","7778","10000",1,0,0,0,0
"P7883","7778","10000",1,0,0,0,0
"P7889","7778","10000",1,0,0,0,0
"P789","7779","00000",0,0,0,0,0
"P800","7782","00000",0,0,0,0,0
"P808","7783","10000",1,0,0,0,0
"P809","7783","10000",1,0,0,0,0
"P810","7784","10000",1,0,0,0,0
"P818","7784","10000",1,0,0,0,0
"P819","7784","10000",1,0,0,0,0
"P830","7781","00000",0,0,0,0,0
"P831","7788","10000",1,0,0,0,0
"P832","7780","00000",0,0,0,0,0
"P8330","7785","10000",1,0,0,0,0
"P8339","7785","10000",1,0,0,0,0
"P834","7787","00000",0,0,0,0,0
"P835","7786","00000",0,0,0,0,0
"P836","7788","10000",1,0,0,0,0
"P838","7788","10000",1,0,0,0,0
"P839","7789","10000",1,0,0,0,0
"P84","7689","10000",1,0,0,0,0
"P84","77088","10000",1,0,0,0,0
"P84","77581","10000",1,0,0,0,0
"P90","7790","00000",0,0,0,0,0
"P910","7792","10000",1,0,0,0,0
"P911","7792","10000",1,0,0,0,0
"P912","7797","10000",1,0,0,0,0
"P913","7792","10000",1,0,0,0,0
"P914","7792","10000",1,0,0,0,0
"P915","7792","10000",1,0,0,0,0
"P9160","76870","00000",0,0,0,0,0
"P9161","76871","00000",0,0,0,0,0
"P9162","76872","00000",0,0,0,0,0
"P9163","76873","00000",0,0,0,0,0
"P918","7791","10000",1,0,0,0,0
"P919","7791","10000",1,0,0,0,0
"P9201","77932","00000",0,0,0,0,0
"P9209","77933","10000",1,0,0,0,0
"P921","77931","10000",1,0,0,0,0
"P922","77931","10000",1,0,0,0,0
"P923","77931","10000",1,0,0,0,0
"P924","77931","10000",1,0,0,0,0
"P925","77931","10000",1,0,0,0,0
"P926","77934","00000",0,0,0,0,0
"P928","77931","10000",1,0,0,0,0
"P929","77931","10000",1,0,0,0,0
"P930","7794","10000",1,0,0,0,0
"P938","7794","10000",1,0,0,0,0
"P940","7752","10000",1,0,0,0,0
"P941","77989","10000",1,0,0,0,0
"P942","77989","10000",1,0,0,0,0
"P948","77989","10000",1,0,0,0,0
"P949","77989","10000",1,0,0,0,0
"P95","7799","10000",1,0,0,0,0
"P960","77989","10000",1,0,0,0,0
"P961","7795","10000",1,0,0,0,0
"P962","7795","10000",1,0,0,0,0
"P963","77989","10000",1,0,0,0,0
"P965","77989","10000",1,0,0,0,0
"P9681","7608","10000",1,0,0,0,0
"P9682","77983","00000",0,0,0,0,0
"P9683","77984","00000",0,0,0,0,0
"P9689","77989","10000",1,0,0,0,0
"P969","7799","10000",1,0,0,0,0
"Q000","7400","00000",0,0,0,0,0
"Q001","7401","00000",0,0,0,0,0
"Q002","7402","00000",0,0,0,0,0
"Q010","7420","10000",1,0,0,0,0
"Q011","7420","10000",1,0,0,0,0
"Q012","7420","10000",1,0,0,0,0
"Q018","7420","10000",1,0,0,0,0
"Q019","7420","10000",1,0,0,0,0
"Q02","7421","00000",0,0,0,0,0
"Q030","7423","10000",1,0,0,0,0
"Q031","7423","10000",1,0,0,0,0
"Q038","7423","10000",1,0,0,0,0
"Q039","7423","10000",1,0,0,0,0
"Q040","7422","10000",1,0,0,0,0
"Q041","7422","10000",1,0,0,0,0
"Q042","7422","10000",1,0,0,0,0
"Q043","7422","10000",1,0,0,0,0
"Q044","7424","10000",1,0,0,0,0
"Q045","7424","10000",1,0,0,0,0
"Q046","7424","10000",1,0,0,0,0
"Q048","7424","10000",1,0,0,0,0
"Q049","7429","10000",1,0,0,0,0
"Q050","74101","00000",0,0,0,0,0
"Q051","74102","00000",0,0,0,0,0
"Q052","74103","10000",1,0,0,0,0
"Q053","74103","10000",1,0,0,0,0
"Q054","74100","10000",1,0,0,0,0
"Q055","74191","00000",0,0,0,0,0
"Q056","74192","00000",0,0,0,0,0
"Q057","74193","00000",0,0,0,0,0
"Q058","74190","10000",1,0,0,0,0
"Q059","74100","10000",1,0,0,0,0
"Q059","74190","10000",1,0,0,0,0
"Q060","74259","10000",1,0,0,0,0
"Q061","74259","10000",1,0,0,0,0
"Q062","74251","00000",0,0,0,0,0
"Q063","74259","10000",1,0,0,0,0
"Q064","74253","00000",0,0,0,0,0
"Q068","74259","10000",1,0,0,0,0
"Q069","74259","10000",1,0,0,0,0
"Q069","7429","10000",1,0,0,0,0
"Q0700","74190","10000",1,0,0,0,0
"Q0701","74100","10000",1,0,0,0,0
"Q0702","74100","10000",1,0,0,0,0
"Q0703","74100","10000",1,0,0,0,0
"Q078","7428","10000",1,0,0,0,0
"Q079","7429","10000",1,0,0,0,0
"Q100","74361","00000",0,0,0,0,0
"Q101","74362","10000",1,0,0,0,0
"Q102","74362","10000",1,0,0,0,0
"Q103","74362","10000",1,0,0,0,0
"Q103","74363","10000",1,0,0,0,0
"Q103","74369","10000",1,0,0,0,0
"Q104","74365","10000",1,0,0,0,0
"Q105","74365","10000",1,0,0,0,0
"Q106","74365","10000",1,0,0,0,0
"Q107","74366","10000",1,0,0,0,0
"Q107","74369","10000",1,0,0,0,0
"Q110","74303","00000",0,0,0,0,0
"Q111","74300","00000",0,0,0,0,0
"Q112","74306","10000",1,0,0,0,0
"Q112","74310","10000",1,0,0,0,0
"Q113","7438","10000",1,0,0,0,0
"Q120","74330","10000",1,0,0,0,0
"Q121","74337","00000",0,0,0,0,0
"Q122","74336","10000",1,0,0,0,0
"Q123","74335","00000",0,0,0,0,0
"Q124","74336","10000",1,0,0,0,0
"Q128","74336","10000",1,0,0,0,0
"Q129","74339","10000",1,0,0,0,0
"Q130","74346","10000",1,0,0,0,0
"Q131","74345","00000",0,0,0,0,0
"Q132","74346","10000",1,0,0,0,0
"Q133","74343","10000",1,0,0,0,0
"Q134","74341","10000",1,0,0,0,0
"Q134","74344","10000",1,0,0,0,0
"Q135","74347","10000",1,0,0,0,0
"Q1381","74344","10000",1,0,0,0,0
"Q1389","74349","10000",1,0,0,0,0
"Q139","74344","10000",1,0,0,0,0
"Q139","74349","10000",1,0,0,0,0
"Q140","74351","00000",0,0,0,0,0
"Q141","74356","10000",1,0,0,0,0
"Q142","74357","10000",1,0,0,0,0
"Q143","74353","10000",1,0,0,0,0
"Q148","74352","10000",1,0,0,0,0
"Q148","74359","10000",1,0,0,0,0
"Q149","74359","10000",1,0,0,0,0
"Q150","36514","10000",1,0,0,0,0
"Q150","74320","10000",1,0,0,0,0
"Q150","74321","10000",1,0,0,0,0
"Q150","74322","10000",1,0,0,0,0
"Q150","74344","10000",1,0,0,0,0
"Q158","7438","10000",1,0,0,0,0
"Q159","7439","00000",0,0,0,0,0
"Q160","74401","00000",0,0,0,0,0
"Q161","74402","10000",1,0,0,0,0
"Q162","74424","10000",1,0,0,0,0
"Q163","74404","00000",0,0,0,0,0
"Q164","74403","00000",0,0,0,0,0
"Q165","74405","00000",0,0,0,0,0
"Q169","74400","10000",1,0,0,0,0
"Q169","74409","10000",1,0,0,0,0
"Q170","7441","00000",0,0,0,0,0
"Q171","74422","00000",0,0,0,0,0
"Q172","74423","00000",0,0,0,0,0
"Q173","74429","10000",1,0,0,0,0
"Q174","74429","10000",1,0,0,0,0
"Q175","74429","10000",1,0,0,0,0
"Q178","74421","10000",1,0,0,0,0
"Q178","74429","10000",1,0,0,0,0
"Q179","7443","00000",0,0,0,0,0
"Q180","74441","10000",1,0,0,0,0
"Q180","74442","10000",1,0,0,0,0
"Q181","74446","10000",1,0,0,0,0
"Q181","74447","10000",1,0,0,0,0
"Q182","74443","10000",1,0,0,0,0
"Q182","74449","10000",1,0,0,0,0
"Q183","7445","00000",0,0,0,0,0
"Q184","74483","00000",0,0,0,0,0
"Q185","74484","00000",0,0,0,0,0
"Q186","74481","00000",0,0,0,0,0
"Q187","74482","00000",0,0,0,0,0
"Q188","74489","00000",0,0,0,0,0
"Q189","7449","00000",0,0,0,0,0
"Q200","7450","00000",0,0,0,0,0
"Q201","74511","00000",0,0,0,0,0
"Q202","74519","10000",1,0,0,0,0
"Q203","74510","10000",1,0,0,0,0
"Q203","74519","10000",1,0,0,0,0
"Q204","7453","00000",0,0,0,0,0
"Q205","74512","10000",1,0,0,0,0
"Q206","7458","10000",1,0,0,0,0
"Q208","74519","10000",1,0,0,0,0
"Q208","7457","10000",1,0,0,0,0
"Q208","7458","10000",1,0,0,0,0
"Q209","7469","10000",1,0,0,0,0
"Q210","7454","00000",0,0,0,0,0
"Q211","7455","00000",0,0,0,0,0
"Q212","74560","10000",1,0,0,0,0
"Q212","74561","10000",1,0,0,0,0
"Q212","74569","10000",1,0,0,0,0
"Q213","7452","00000",0,0,0,0,0
"Q214","7458","10000",1,0,0,0,0
"Q218","7458","10000",1,0,0,0,0
"Q219","7459","00000",0,0,0,0,0
"Q220","74601","00000",0,0,0,0,0
"Q221","74602","00000",0,0,0,0,0
"Q222","74609","10000",1,0,0,0,0
"Q223","74600","10000",1,0,0,0,0
"Q224","7461","10000",1,0,0,0,0
"Q225","7462","00000",0,0,0,0,0
"Q226","7461","10000",1,0,0,0,0
"Q228","7461","10000",1,0,0,0,0
"Q229","7461","10000",1,0,0,0,0
"Q230","7463","00000",0,0,0,0,0
"Q231","7464","00000",0,0,0,0,0
"Q232","7465","00000",0,0,0,0,0
"Q233","7466","00000",0,0,0,0,0
"Q234","7467","00000",0,0,0,0,0
"Q238","74689","10000",1,0,0,0,0
"Q239","74689","10000",1,0,0,0,0
"Q240","74687","10000",1,0,0,0,0
"Q241","74687","10000",1,0,0,0,0
"Q242","74682","00000",0,0,0,0,0
"Q243","74683","00000",0,0,0,0,0
"Q244","74681","00000",0,0,0,0,0
"Q245","74685","10000",1,0,0,0,0
"Q246","74686","00000",0,0,0,0,0
"Q248","74684","10000",1,0,0,0,0
"Q248","74687","10000",1,0,0,0,0
"Q248","74689","10000",1,0,0,0,0
"Q249","7469","10000",1,0,0,0,0
"Q250","7470","00000",0,0,0,0,0
"Q251","74710","00000",0,0,0,0,0
"Q252","74722","10000",1,0,0,0,0
"Q253","74722","10000",1,0,0,0,0
"Q254","74720","10000",1,0,0,0,0
"Q254","74721","10000",1,0,0,0,0
"Q254","74729","10000",1,0,0,0,0
"Q255","74731","10000",1,0,0,0,0
"Q256","74739","10000",1,0,0,0,0
"Q2571","74731","10000",1,0,0,0,0
"Q2572","74732","00000",0,0,0,0,0
"Q2579","74739","10000",1,0,0,0,0
"Q258","74729","10000",1,0,0,0,0
"Q259","74729","10000",1,0,0,0,0
"Q260","74749","10000",1,0,0,0,0
"Q261","74749","10000",1,0,0,0,0
"Q262","74741","00000",0,0,0,0,0
"Q263","74742","10000",1,0,0,0,0
"Q264","74742","10000",1,0,0,0,0
"Q265","74761","10000",1,0,0,0,0
"Q266","74761","10000",1,0,0,0,0
"Q268","74749","10000",1,0,0,0,0
"Q269","74740","10000",1,0,0,0,0
"Q270","7475","00000",0,0,0,0,0
"Q271","74762","10000",1,0,0,0,0
"Q272","74762","10000",1,0,0,0,0
"Q2730","74789","10000",1,0,0,0,0
"Q2731","74763","00000",0,0,0,0,0
"Q2732","74764","00000",0,0,0,0,0
"Q2733","74761","10000",1,0,0,0,0
"Q2734","74762","10000",1,0,0,0,0
"Q2739","74769","10000",1,0,0,0,0
"Q274","74789","10000",1,0,0,0,0
"Q278","74769","10000",1,0,0,0,0
"Q279","74760","10000",1,0,0,0,0
"Q280","74789","10000",1,0,0,0,0
"Q281","74789","10000",1,0,0,0,0
"Q282","74781","10000",1,0,0,0,0
"Q283","74781","10000",1,0,0,0,0
"Q288","74789","10000",1,0,0,0,0
"Q289","7479","00000",0,0,0,0,0
"Q300","7480","00000",0,0,0,0,0
"Q301","7481","10000",1,0,0,0,0
"Q302","7481","10000",1,0,0,0,0
"Q303","7481","10000",1,0,0,0,0
"Q308","7481","10000",1,0,0,0,0
"Q309","7481","10000",1,0,0,0,0
"Q310","7482","00000",0,0,0,0,0
"Q311","7483","10000",1,0,0,0,0
"Q312","7483","10000",1,0,0,0,0
"Q313","7483","10000",1,0,0,0,0
"Q315","7483","10000",1,0,0,0,0
"Q318","7483","10000",1,0,0,0,0
"Q319","7483","10000",1,0,0,0,0
"Q320","7483","10000",1,0,0,0,0
"Q321","7483","10000",1,0,0,0,0
"Q322","7483","10000",1,0,0,0,0
"Q323","7483","10000",1,0,0,0,0
"Q324","7483","10000",1,0,0,0,0
"Q330","7484","00000",0,0,0,0,0
"Q331","74869","10000",1,0,0,0,0
"Q332","7485","10000",1,0,0,0,0
"Q333","7485","10000",1,0,0,0,0
"Q334","74861","00000",0,0,0,0,0
"Q335","74869","10000",1,0,0,0,0
"Q336","7485","10000",1,0,0,0,0
"Q338","74869","10000",1,0,0,0,0
"Q339","74860","00000",0,0,0,0,0
"Q340","7488","10000",1,0,0,0,0
"Q341","7488","10000",1,0,0,0,0
"Q348","7488","10000",1,0,0,0,0
"Q349","7489","00000",0,0,0,0,0
"Q351","74900","10000",1,0,0,0,0
"Q353","74900","10000",1,0,0,0,0
"Q355","74900","10000",1,0,0,0,0
"Q357","74902","10000",1,0,0,0,0
"Q359","74900","10000",1,0,0,0,0
"Q360","74913","10000",1,0,0,0,0
"Q360","74914","10000",1,0,0,0,0
"Q361","74911","10000",1,0,0,0,0
"Q369","74910","10000",1,0,0,0,0
"Q369","74911","10000",1,0,0,0,0
"Q369","74912","10000",1,0,0,0,0
"Q370","74923","10000",1,0,0,0,0
"Q370","74924","10000",1,0,0,0,0
"Q371","74921","10000",1,0,0,0,0
"Q371","74922","10000",1,0,0,0,0
"Q372","74923","10000",1,0,0,0,0
"Q372","74924","10000",1,0,0,0,0
"Q373","74921","10000",1,0,0,0,0
"Q373","74922","10000",1,0,0,0,0
"Q374","74923","10000",1,0,0,0,0
"Q374","74924","10000",1,0,0,0,0
"Q375","74921","10000",1,0,0,0,0
"Q375","74922","10000",1,0,0,0,0
"Q378","74923","10000",1,0,0,0,0
"Q378","74924","10000",1,0,0,0,0
"Q379","74920","10000",1,0,0,0,0
"Q380","75025","10000",1,0,0,0,0
"Q381","7500","00000",0,0,0,0,0
"Q382","75015","00000",0,0,0,0,0
"Q383","75010","10000",1,0,0,0,0
"Q383","75011","10000",1,0,0,0,0
"Q383","75012","10000",1,0,0,0,0
"Q383","75013","10000",1,0,0,0,0
"Q383","75016","10000",1,0,0,0,0
"Q383","75019","10000",1,0,0,0,0
"Q384","75021","10000",1,0,0,0,0
"Q384","75022","10000",1,0,0,0,0
"Q384","75023","10000",1,0,0,0,0
"Q384","75024","10000",1,0,0,0,0
"Q385","7509","10000",1,0,0,0,0
"Q386","75026","10000",1,0,0,0,0
"Q387","75027","00000",0,0,0,0,0
"Q388","75029","00000",0,0,0,0,0
"Q390","7503","10000",1,0,0,0,0
"Q391","7503","10000",1,0,0,0,0
"Q392","7503","10000",1,0,0,0,0
"Q393","7503","10000",1,0,0,0,0
"Q394","7503","10000",1,0,0,0,0
"Q395","7504","10000",1,0,0,0,0
"Q395","7507","10000",1,0,0,0,0
"Q396","7504","10000",1,0,0,0,0
"Q398","7504","10000",1,0,0,0,0
"Q399","7504","10000",1,0,0,0,0
"Q400","7505","00000",0,0,0,0,0
"Q401","7506","00000",0,0,0,0,0
"Q402","7507","10000",1,0,0,0,0
"Q403","7507","10000",1,0,0,0,0
"Q408","7508","00000",0,0,0,0,0
"Q409","7509","10000",1,0,0,0,0
"Q410","7511","10000",1,0,0,0,0
"Q411","7511","10000",1,0,0,0,0
"Q412","7511","10000",1,0,0,0,0
"Q418","7511","10000",1,0,0,0,0
"Q419","7511","10000",1,0,0,0,0
"Q420","7512","10000",1,0,0,0,0
"Q421","7512","10000",1,0,0,0,0
"Q422","7512","10000",1,0,0,0,0
"Q423","7512","10000",1,0,0,0,0
"Q428","7512","10000",1,0,0,0,0
"Q429","7512","10000",1,0,0,0,0
"Q430","7510","00000",0,0,0,0,0
"Q431","7513","10000",1,0,0,0,0
"Q432","7513","10000",1,0,0,0,0
"Q433","7514","00000",0,0,0,0,0
"Q434","7515","10000",1,0,0,0,0
"Q435","7515","10000",1,0,0,0,0
"Q436","7515","10000",1,0,0,0,0
"Q437","7515","10000",1,0,0,0,0
"Q438","7515","10000",1,0,0,0,0
"Q439","7515","10000",1,0,0,0,0
"Q440","75169","10000",1,0,0,0,0
"Q441","75160","10000",1,0,0,0,0
"Q441","75169","10000",1,0,0,0,0
"Q442","75161","10000",1,0,0,0,0
"Q443","75161","10000",1,0,0,0,0
"Q444","75169","10000",1,0,0,0,0
"Q445","75160","10000",1,0,0,0,0
"Q445","75169","10000",1,0,0,0,0
"Q446","75162","00000",0,0,0,0,0
"Q447","75160","10000",1,0,0,0,0
"Q447","75169","10000",1,0,0,0,0
"Q450","7517","10000",1,0,0,0,0
"Q451","7517","10000",1,0,0,0,0
"Q452","7517","10000",1,0,0,0,0
"Q453","7517","10000",1,0,0,0,0
"Q458","7518","00000",0,0,0,0,0
"Q459","7519","00000",0,0,0,0,0
"Q5001","7520","10000",1,0,0,0,0
"Q5002","7520","10000",1,0,0,0,0
"Q501","7520","10000",1,0,0,0,0
"Q502","7520","10000",1,0,0,0,0
"Q5031","7520","10000",1,0,0,0,0
"Q5032","7520","10000",1,0,0,0,0
"Q5039","7520","10000",1,0,0,0,0
"Q504","75211","10000",1,0,0,0,0
"Q505","75211","10000",1,0,0,0,0
"Q506","75210","10000",1,0,0,0,0
"Q506","75219","10000",1,0,0,0,0
"Q510","75231","10000",1,0,0,0,0
"Q510","75249","10000",1,0,0,0,0
"Q5110","7522","10000",1,0,0,0,0
"Q5111","7522","10000",1,0,0,0,0
"Q512","7522","10000",1,0,0,0,0
"Q512","75235","10000",1,0,0,0,0
"Q513","75234","00000",0,0,0,0,0
"Q514","75233","00000",0,0,0,0,0
"Q515","75243","10000",1,0,0,0,0
"Q515","75249","10000",1,0,0,0,0
"Q516","75241","10000",1,0,0,0,0
"Q517","75249","10000",1,0,0,0,0
"Q51810","75236","00000",0,0,0,0,0
"Q51811","75232","00000",0,0,0,0,0
"Q51818","75239","10000",1,0,0,0,0
"Q51820","75244","00000",0,0,0,0,0
"Q51821","75249","10000",1,0,0,0,0
"Q51828","75249","10000",1,0,0,0,0
"Q519","75239","10000",1,0,0,0,0
"Q519","75249","10000",1,0,0,0,0
"Q520","75245","00000",0,0,0,0,0
"Q5210","75249","10000",1,0,0,0,0
"Q5211","75246","00000",0,0,0,0,0
"Q5212","75247","00000",0,0,0,0,0
"Q522","75249","10000",1,0,0,0,0
"Q523","75242","00000",0,0,0,0,0
"Q524","75241","10000",1,0,0,0,0
"Q524","75249","10000",1,0,0,0,0
"Q525","75249","10000",1,0,0,0,0
"Q526","75249","10000",1,0,0,0,0
"Q5270","75249","10000",1,0,0,0,0
"Q5271","75249","10000",1,0,0,0,0
"Q5279","75249","10000",1,0,0,0,0
"Q528","75249","10000",1,0,0,0,0
"Q529","75240","10000",1,0,0,0,0
"Q529","7529","10000",1,0,0,0,0
"Q5300","75251","10000",1,0,0,0,0
"Q5301","75251","10000",1,0,0,0,0
"Q5302","75251","10000",1,0,0,0,0
"Q5310","75251","10000",1,0,0,0,0
"Q5311","75251","10000",1,0,0,0,0
"Q5312","75251","10000",1,0,0,0,0
"Q5320","75251","10000",1,0,0,0,0
"Q5321","75251","10000",1,0,0,0,0
"Q5322","75251","10000",1,0,0,0,0
"Q539","75251","10000",1,0,0,0,0
"Q540","75261","10000",1,0,0,0,0
"Q541","75261","10000",1,0,0,0,0
"Q542","75261","10000",1,0,0,0,0
"Q543","75261","10000",1,0,0,0,0
"Q544","75263","00000",0,0,0,0,0
"Q548","75261","10000",1,0,0,0,0
"Q549","75261","10000",1,0,0,0,0
"Q550","75289","10000",1,0,0,0,0
"Q551","75289","10000",1,0,0,0,0
"Q5520","75289","10000",1,0,0,0,0
"Q5521","75289","10000",1,0,0,0,0
"Q5522","75252","00000",0,0,0,0,0
"Q5523","75281","00000",0,0,0,0,0
"Q5529","75289","10000",1,0,0,0,0
"Q553","75289","10000",1,0,0,0,0
"Q554","75289","10000",1,0,0,0,0
"Q555","75269","10000",1,0,0,0,0
"Q5561","75269","10000",1,0,0,0,0
"Q5562","75264","00000",0,0,0,0,0
"Q5563","75269","10000",1,0,0,0,0
"Q5564","75265","00000",0,0,0,0,0
"Q5569","75269","10000",1,0,0,0,0
"Q557","75289","10000",1,0,0,0,0
"Q558","75289","10000",1,0,0,0,0
"Q559","7529","10000",1,0,0,0,0
"Q560","7527","10000",1,0,0,0,0
"Q561","7527","10000",1,0,0,0,0
"Q562","7527","10000",1,0,0,0,0
"Q563","7527","10000",1,0,0,0,0
"Q564","7527","10000",1,0,0,0,0
"Q600","7530","10000",1,0,0,0,0
"Q601","7530","10000",1,0,0,0,0
"Q602","7530","10000",1,0,0,0,0
"Q603","7530","10000",1,0,0,0,0
"Q604","7530","10000",1,0,0,0,0
"Q605","7530","10000",1,0,0,0,0
"Q606","7530","10000",1,0,0,0,0
"Q6100","75310","10000",1,0,0,0,0
"Q6101","75311","00000",0,0,0,0,0
"Q6102","75319","10000",1,0,0,0,0
"Q6111","75314","10000",1,0,0,0,0
"Q6119","75314","10000",1,0,0,0,0
"Q612","75313","00000",0,0,0,0,0
"Q613","75312","00000",0,0,0,0,0
"Q614","75315","00000",0,0,0,0,0
"Q615","75316","10000",1,0,0,0,0
"Q615","75317","10000",1,0,0,0,0
"Q618","75319","10000",1,0,0,0,0
"Q619","75310","10000",1,0,0,0,0
"Q620","75329","10000",1,0,0,0,0
"Q6210","75329","10000",1,0,0,0,0
"Q6211","75321","10000",1,0,0,0,0
"Q6212","75322","10000",1,0,0,0,0
"Q622","75322","10000",1,0,0,0,0
"Q6231","75323","10000",1,0,0,0,0
"Q6232","75323","10000",1,0,0,0,0
"Q6239","75320","10000",1,0,0,0,0
"Q624","7534","10000",1,0,0,0,0
"Q625","7534","10000",1,0,0,0,0
"Q6260","7534","10000",1,0,0,0,0
"Q6261","7534","10000",1,0,0,0,0
"Q6262","7534","10000",1,0,0,0,0
"Q6263","7534","10000",1,0,0,0,0
"Q6269","7534","10000",1,0,0,0,0
"Q627","7534","10000",1,0,0,0,0
"Q628","7534","10000",1,0,0,0,0
"Q630","7533","10000",1,0,0,0,0
"Q631","7533","10000",1,0,0,0,0
"Q632","7533","10000",1,0,0,0,0
"Q633","7533","10000",1,0,0,0,0
"Q638","7533","10000",1,0,0,0,0
"Q639","7533","10000",1,0,0,0,0
"Q640","75262","00000",0,0,0,0,0
"Q6410","7535","10000",1,0,0,0,0
"Q6411","7535","10000",1,0,0,0,0
"Q6411","7538","10000",1,0,0,0,0
"Q6412","7535","10000",1,0,0,0,0
"Q6419","7535","10000",1,0,0,0,0
"Q642","7536","10000",1,0,0,0,0
"Q6431","7536","10000",1,0,0,0,0
"Q6432","7536","10000",1,0,0,0,0
"Q6433","7536","10000",1,0,0,0,0
"Q6439","7536","10000",1,0,0,0,0
"Q644","7537","00000",0,0,0,0,0
"Q645","7538","10000",1,0,0,0,0
"Q646","7538","10000",1,0,0,0,0
"Q6470","7538","10000",1,0,0,0,0
"Q6471","7538","10000",1,0,0,0,0
"Q6472","7538","10000",1,0,0,0,0
"Q6473","7538","10000",1,0,0,0,0
"Q6474","7538","10000",1,0,0,0,0
"Q6475","7538","10000",1,0,0,0,0
"Q6479","7538","10000",1,0,0,0,0
"Q648","7539","10000",1,0,0,0,0
"Q649","7539","10000",1,0,0,0,0
"Q6500","75430","10000",1,0,0,0,0
"Q6501","75430","10000",1,0,0,0,0
"Q6502","75430","10000",1,0,0,0,0
"Q651","75431","00000",0,0,0,0,0
"Q652","75430","10000",1,0,0,0,0
"Q6530","75432","10000",1,0,0,0,0
"Q6531","75432","10000",1,0,0,0,0
"Q6532","75432","10000",1,0,0,0,0
"Q654","75433","00000",0,0,0,0,0
"Q655","75432","10000",1,0,0,0,0
"Q656","75432","10000",1,0,0,0,0
"Q6581","75561","00000",0,0,0,0,0
"Q6582","75562","00000",0,0,0,0,0
"Q6589","75563","10000",1,0,0,0,0
"Q659","75563","10000",1,0,0,0,0
"Q660","75451","10000",1,0,0,0,0
"Q661","75459","10000",1,0,0,0,0
"Q662","75452","10000",1,0,0,0,0
"Q662","75453","10000",1,0,0,0,0
"Q663","75459","10000",1,0,0,0,0
"Q664","75462","10000",1,0,0,0,0
"Q6650","75461","10000",1,0,0,0,0
"Q6651","75461","10000",1,0,0,0,0
"Q6652","75461","10000",1,0,0,0,0
"Q666","75469","00000",0,0,0,0,0
"Q667","75471","00000",0,0,0,0,0
"Q6680","75461","10000",1,0,0,0,0
"Q6681","75461","10000",1,0,0,0,0
"Q6682","75461","10000",1,0,0,0,0
"Q6689","75470","10000",1,0,0,0,0
"Q6689","75479","10000",1,0,0,0,0
"Q6689","75566","10000",1,0,0,0,0
"Q6689","75567","10000",1,0,0,0,0
"Q669","75479","10000",1,0,0,0,0
"Q670","7540","10000",1,0,0,0,0
"Q671","7540","10000",1,0,0,0,0
"Q672","7540","10000",1,0,0,0,0
"Q673","7540","10000",1,0,0,0,0
"Q674","7540","10000",1,0,0,0,0
"Q675","7542","10000",1,0,0,0,0
"Q676","75481","00000",0,0,0,0,0
"Q677","75482","00000",0,0,0,0,0
"Q678","75489","10000",1,0,0,0,0
"Q680","7541","00000",0,0,0,0,0
"Q681","75489","10000",1,0,0,0,0
"Q682","75440","10000",1,0,0,0,0
"Q682","75441","10000",1,0,0,0,0
"Q682","75564","10000",1,0,0,0,0
"Q683","75442","00000",0,0,0,0,0
"Q684","75443","00000",0,0,0,0,0
"Q685","75444","00000",0,0,0,0,0
"Q686","7175","10000",1,0,0,0,0
"Q688","75551","10000",1,0,0,0,0
"Q688","75552","10000",1,0,0,0,0
"Q688","7569","10000",1,0,0,0,0
"Q690","75501","10000",1,0,0,0,0
"Q691","75501","10000",1,0,0,0,0
"Q692","75502","00000",0,0,0,0,0
"Q699","75500","10000",1,0,0,0,0
"Q7000","75512","10000",1,0,0,0,0
"Q7001","75512","10000",1,0,0,0,0
"Q7002","75512","10000",1,0,0,0,0
"Q7003","75512","10000",1,0,0,0,0
"Q7010","75511","10000",1,0,0,0,0
"Q7011","75511","10000",1,0,0,0,0
"Q7012","75511","10000",1,0,0,0,0
"Q7013","75511","10000",1,0,0,0,0
"Q7020","75514","10000",1,0,0,0,0
"Q7021","75514","10000",1,0,0,0,0
"Q7022","75514","10000",1,0,0,0,0
"Q7023","75514","10000",1,0,0,0,0
"Q7030","75513","10000",1,0,0,0,0
"Q7031","75513","10000",1,0,0,0,0
"Q7032","75513","10000",1,0,0,0,0
"Q7033","75513","10000",1,0,0,0,0
"Q704","75500","10000",1,0,0,0,0
"Q704","75510","10000",1,0,0,0,0
"Q709","75510","10000",1,0,0,0,0
"Q7100","75521","10000",1,0,0,0,0
"Q7101","75521","10000",1,0,0,0,0
"Q7102","75521","10000",1,0,0,0,0
"Q7103","75521","10000",1,0,0,0,0
"Q7110","75523","10000",1,0,0,0,0
"Q7111","75523","10000",1,0,0,0,0
"Q7112","75523","10000",1,0,0,0,0
"Q7113","75523","10000",1,0,0,0,0
"Q7120","75525","10000",1,0,0,0,0
"Q7121","75525","10000",1,0,0,0,0
"Q7122","75525","10000",1,0,0,0,0
"Q7123","75525","10000",1,0,0,0,0
"Q7130","75529","10000",1,0,0,0,0
"Q7131","75528","10000",1,0,0,0,0
"Q7131","75529","10000",1,0,0,0,0
"Q7132","75528","10000",1,0,0,0,0
"Q7132","75529","10000",1,0,0,0,0
"Q7133","75528","10000",1,0,0,0,0
"Q7133","75529","10000",1,0,0,0,0
"Q7140","75526","10000",1,0,0,0,0
"Q7141","75526","10000",1,0,0,0,0
"Q7142","75526","10000",1,0,0,0,0
"Q7143","75526","10000",1,0,0,0,0
"Q7150","75527","10000",1,0,0,0,0
"Q7151","75527","10000",1,0,0,0,0
"Q7152","75527","10000",1,0,0,0,0
"Q7153","75527","10000",1,0,0,0,0
"Q7160","75558","10000",1,0,0,0,0
"Q7161","75558","10000",1,0,0,0,0
"Q7162","75558","10000",1,0,0,0,0
"Q7163","75558","10000",1,0,0,0,0
"Q71811","75520","10000",1,0,0,0,0
"Q71812","75520","10000",1,0,0,0,0
"Q71813","75520","10000",1,0,0,0,0
"Q71819","75520","10000",1,0,0,0,0
"Q71891","75520","10000",1,0,0,0,0
"Q71892","75520","10000",1,0,0,0,0
"Q71893","75520","10000",1,0,0,0,0
"Q71899","75520","10000",1,0,0,0,0
"Q7190","75520","10000",1,0,0,0,0
"Q7191","75520","10000",1,0,0,0,0
"Q7192","75520","10000",1,0,0,0,0
"Q7193","75520","10000",1,0,0,0,0
"Q7200","75531","10000",1,0,0,0,0
"Q7201","75531","10000",1,0,0,0,0
"Q7202","75531","10000",1,0,0,0,0
"Q7203","75531","10000",1,0,0,0,0
"Q7210","75533","10000",1,0,0,0,0
"Q7211","75533","10000",1,0,0,0,0
"Q7212","75533","10000",1,0,0,0,0
"Q7213","75533","10000",1,0,0,0,0
"Q7220","75535","10000",1,0,0,0,0
"Q7221","75535","10000",1,0,0,0,0
"Q7222","75535","10000",1,0,0,0,0
"Q7223","75535","10000",1,0,0,0,0
"Q7230","75538","10000",1,0,0,0,0
"Q7230","75539","10000",1,0,0,0,0
"Q7231","75538","10000",1,0,0,0,0
"Q7231","75539","10000",1,0,0,0,0
"Q7232","75538","10000",1,0,0,0,0
"Q7232","75539","10000",1,0,0,0,0
"Q7233","75538","10000",1,0,0,0,0
"Q7233","75539","10000",1,0,0,0,0
"Q7240","75534","10000",1,0,0,0,0
"Q7241","75534","10000",1,0,0,0,0
"Q7242","75534","10000",1,0,0,0,0
"Q7243","75534","10000",1,0,0,0,0
"Q7250","75536","10000",1,0,0,0,0
"Q7251","75536","10000",1,0,0,0,0
"Q7252","75536","10000",1,0,0,0,0
"Q7253","75536","10000",1,0,0,0,0
"Q7260","75537","10000",1,0,0,0,0
"Q7261","75537","10000",1,0,0,0,0
"Q7262","75537","10000",1,0,0,0,0
"Q7263","75537","10000",1,0,0,0,0
"Q7270","75538","10000",1,0,0,0,0
"Q7270","75539","10000",1,0,0,0,0
"Q7270","75567","10000",1,0,0,0,0
"Q7270","75569","10000",1,0,0,0,0
"Q7271","75538","10000",1,0,0,0,0
"Q7271","75539","10000",1,0,0,0,0
"Q7272","75538","10000",1,0,0,0,0
"Q7272","75539","10000",1,0,0,0,0
"Q7273","75538","10000",1,0,0,0,0
"Q7273","75539","10000",1,0,0,0,0
"Q72811","75530","10000",1,0,0,0,0
"Q72812","75530","10000",1,0,0,0,0
"Q72813","75530","10000",1,0,0,0,0
"Q72819","75530","10000",1,0,0,0,0
"Q72891","75530","10000",1,0,0,0,0
"Q72892","75530","10000",1,0,0,0,0
"Q72893","75530","10000",1,0,0,0,0
"Q72899","75530","10000",1,0,0,0,0
"Q7290","75532","10000",1,0,0,0,0
"Q7291","75532","10000",1,0,0,0,0
"Q7292","75532","10000",1,0,0,0,0
"Q7293","75532","10000",1,0,0,0,0
"Q730","7554","10000",1,0,0,0,0
"Q731","7554","10000",1,0,0,0,0
"Q738","7554","10000",1,0,0,0,0
"Q740","75553","10000",1,0,0,0,0
"Q740","75554","10000",1,0,0,0,0
"Q740","75556","10000",1,0,0,0,0
"Q740","75557","10000",1,0,0,0,0
"Q740","75559","10000",1,0,0,0,0
"Q741","75564","10000",1,0,0,0,0
"Q742","75565","10000",1,0,0,0,0
"Q742","75569","10000",1,0,0,0,0
"Q743","75489","10000",1,0,0,0,0
"Q748","7558","00000",0,0,0,0,0
"Q749","75550","10000",1,0,0,0,0
"Q749","7559","10000",1,0,0,0,0
"Q750","7560","10000",1,0,0,0,0
"Q751","7560","10000",1,0,0,0,0
"Q752","7560","10000",1,0,0,0,0
"Q753","7560","10000",1,0,0,0,0
"Q754","7560","10000",1,0,0,0,0
"Q755","7560","10000",1,0,0,0,0
"Q758","7560","10000",1,0,0,0,0
"Q759","7560","10000",1,0,0,0,0
"Q760","75617","00000",0,0,0,0,0
"Q761","75616","00000",0,0,0,0,0
"Q762","75612","10000",1,0,0,0,0
"Q763","7542","10000",1,0,0,0,0
"Q76411","75619","10000",1,0,0,0,0
"Q76412","75619","10000",1,0,0,0,0
"Q76413","75619","10000",1,0,0,0,0
"Q76414","75619","10000",1,0,0,0,0
"Q76415","75619","10000",1,0,0,0,0
"Q76419","75619","10000",1,0,0,0,0
"Q76425","7542","10000",1,0,0,0,0
"Q76426","7542","10000",1,0,0,0,0
"Q76427","7542","10000",1,0,0,0,0
"Q76428","7542","10000",1,0,0,0,0
"Q76429","7542","10000",1,0,0,0,0
"Q7649","75613","10000",1,0,0,0,0
"Q7649","75614","10000",1,0,0,0,0
"Q7649","75615","10000",1,0,0,0,0
"Q7649","75619","10000",1,0,0,0,0
"Q765","7562","00000",0,0,0,0,0
"Q766","7563","10000",1,0,0,0,0
"Q767","7563","10000",1,0,0,0,0
"Q768","7563","10000",1,0,0,0,0
"Q769","7563","10000",1,0,0,0,0
"Q770","7564","10000",1,0,0,0,0
"Q771","7564","10000",1,0,0,0,0
"Q772","7563","10000",1,0,0,0,0
"Q773","75659","10000",1,0,0,0,0
"Q774","7564","10000",1,0,0,0,0
"Q775","7564","10000",1,0,0,0,0
"Q776","75655","00000",0,0,0,0,0
"Q777","7564","10000",1,0,0,0,0
"Q778","7564","10000",1,0,0,0,0
"Q779","7564","10000",1,0,0,0,0
"Q780","75651","00000",0,0,0,0,0
"Q781","75654","00000",0,0,0,0,0
"Q782","75652","00000",0,0,0,0,0
"Q783","75656","10000",1,0,0,0,0
"Q784","7564","10000",1,0,0,0,0
"Q785","75659","10000",1,0,0,0,0
"Q786","75659","10000",1,0,0,0,0
"Q788","75653","10000",1,0,0,0,0
"Q788","75659","10000",1,0,0,0,0
"Q789","75650","10000",1,0,0,0,0
"Q790","7566","10000",1,0,0,0,0
"Q791","7566","10000",1,0,0,0,0
"Q792","75672","00000",0,0,0,0,0
"Q793","75673","00000",0,0,0,0,0
"Q794","75671","10000",1,0,0,0,0
"Q7951","75671","10000",1,0,0,0,0
"Q7959","75670","10000",1,0,0,0,0
"Q7959","75679","10000",1,0,0,0,0
"Q796","75683","00000",0,0,0,0,0
"Q798","75681","10000",1,0,0,0,0
"Q798","75682","10000",1,0,0,0,0
"Q798","75689","10000",1,0,0,0,0
"Q798","7569","10000",1,0,0,0,0
"Q799","7569","10000",1,0,0,0,0
"Q800","7571","10000",1,0,0,0,0
"Q801","7571","10000",1,0,0,0,0
"Q802","7571","10000",1,0,0,0,0
"Q803","7571","10000",1,0,0,0,0
"Q804","7571","10000",1,0,0,0,0
"Q808","7571","10000",1,0,0,0,0
"Q809","7571","10000",1,0,0,0,0
"Q810","75739","10000",1,0,0,0,0
"Q811","75739","10000",1,0,0,0,0
"Q812","75739","10000",1,0,0,0,0
"Q818","75739","10000",1,0,0,0,0
"Q819","75739","10000",1,0,0,0,0
"Q820","7570","00000",0,0,0,0,0
"Q821","75733","10000",1,0,0,0,0
"Q822","75733","10000",1,0,0,0,0
"Q823","75733","10000",1,0,0,0,0
"Q824","75731","00000",0,0,0,0,0
"Q825","75732","10000",1,0,0,0,0
"Q828","7572","10000",1,0,0,0,0
"Q828","75739","10000",1,0,0,0,0
"Q829","75739","10000",1,0,0,0,0
"Q830","7576","10000",1,0,0,0,0
"Q831","7576","10000",1,0,0,0,0
"Q832","7576","10000",1,0,0,0,0
"Q833","7576","10000",1,0,0,0,0
"Q838","7576","10000",1,0,0,0,0
"Q839","7576","10000",1,0,0,0,0
"Q840","7574","10000",1,0,0,0,0
"Q841","7574","10000",1,0,0,0,0
"Q842","7574","10000",1,0,0,0,0
"Q843","7575","10000",1,0,0,0,0
"Q844","7575","10000",1,0,0,0,0
"Q845","7575","10000",1,0,0,0,0
"Q846","7575","10000",1,0,0,0,0
"Q848","7578","00000",0,0,0,0,0
"Q849","7579","00000",0,0,0,0,0
"Q8500","23770","00000",0,0,0,0,0
"Q8501","23771","00000",0,0,0,0,0
"Q8502","23772","00000",0,0,0,0,0
"Q8503","23773","00000",0,0,0,0,0
"Q8509","23779","00000",0,0,0,0,0
"Q851","7595","00000",0,0,0,0,0
"Q858","7596","10000",1,0,0,0,0
"Q859","7596","10000",1,0,0,0,0
"Q860","76071","10000",1,0,0,0,0
"Q861","76077","10000",1,0,0,0,0
"Q862","76079","10000",1,0,0,0,0
"Q868","76079","10000",1,0,0,0,0
"Q870","75555","10000",1,0,0,0,0
"Q870","7560","10000",1,0,0,0,0
"Q871","75981","10000",1,0,0,0,0
"Q872","75989","10000",1,0,0,0,0
"Q873","75989","10000",1,0,0,0,0
"Q8740","75982","10000",1,0,0,0,0
"Q87410","75982","10000",1,0,0,0,0
"Q87418","75982","10000",1,0,0,0,0
"Q8742","75982","10000",1,0,0,0,0
"Q8743","75982","10000",1,0,0,0,0
"Q875","75989","10000",1,0,0,0,0
"Q8781","75989","10000",1,0,0,0,0
"Q8789","75989","10000",1,0,0,0,0
"Q8901","7590","10000",1,0,0,0,0
"Q8909","7590","10000",1,0,0,0,0
"Q891","7591","00000",0,0,0,0,0
"Q892","7592","00000",0,0,0,0,0
"Q893","7593","00000",0,0,0,0,0
"Q894","7594","00000",0,0,0,0,0
"Q897","7597","00000",0,0,0,0,0
"Q898","75989","10000",1,0,0,0,0
"Q899","7599","00000",0,0,0,0,0
"Q900","7580","10000",1,0,0,0,0
"Q901","7580","10000",1,0,0,0,0
"Q902","7580","10000",1,0,0,0,0
"Q909","7580","10000",1,0,0,0,0
"Q910","7582","10000",1,0,0,0,0
"Q911","7582","10000",1,0,0,0,0
"Q912","7582","10000",1,0,0,0,0
"Q913","7582","10000",1,0,0,0,0
"Q914","7581","10000",1,0,0,0,0
"Q915","7581","10000",1,0,0,0,0
"Q916","7581","10000",1,0,0,0,0
"Q917","7581","10000",1,0,0,0,0
"Q920","7585","10000",1,0,0,0,0
"Q921","7585","10000",1,0,0,0,0
"Q922","7585","10000",1,0,0,0,0
"Q925","7585","10000",1,0,0,0,0
"Q9261","7585","10000",1,0,0,0,0
"Q9262","7585","10000",1,0,0,0,0
"Q927","7585","10000",1,0,0,0,0
"Q928","7585","10000",1,0,0,0,0
"Q929","7585","10000",1,0,0,0,0
"Q930","7585","10000",1,0,0,0,0
"Q931","7585","10000",1,0,0,0,0
"Q932","7585","10000",1,0,0,0,0
"Q933","75839","10000",1,0,0,0,0
"Q934","75831","00000",0,0,0,0,0
"Q935","75839","10000",1,0,0,0,0
"Q937","75839","10000",1,0,0,0,0
"Q9381","75832","00000",0,0,0,0,0
"Q9388","75833","00000",0,0,0,0,0
"Q9389","75839","10000",1,0,0,0,0
"Q939","75839","10000",1,0,0,0,0
"Q950","7584","10000",1,0,0,0,0
"Q951","7584","10000",1,0,0,0,0
"Q952","7585","10000",1,0,0,0,0
"Q953","7585","10000",1,0,0,0,0
"Q955","7584","10000",1,0,0,0,0
"Q958","7584","10000",1,0,0,0,0
"Q959","7584","10000",1,0,0,0,0
"Q960","7586","10000",1,0,0,0,0
"Q961","7586","10000",1,0,0,0,0
"Q962","7586","10000",1,0,0,0,0
"Q963","7586","10000",1,0,0,0,0
"Q964","7586","10000",1,0,0,0,0
"Q968","7586","10000",1,0,0,0,0
"Q969","7586","10000",1,0,0,0,0
"Q970","75881","10000",1,0,0,0,0
"Q971","75881","10000",1,0,0,0,0
"Q972","75881","10000",1,0,0,0,0
"Q973","75881","10000",1,0,0,0,0
"Q978","75881","10000",1,0,0,0,0
"Q979","75881","10000",1,0,0,0,0
"Q980","7587","10000",1,0,0,0,0
"Q981","7587","10000",1,0,0,0,0
"Q983","7587","10000",1,0,0,0,0
"Q984","7587","10000",1,0,0,0,0
"Q985","75881","10000",1,0,0,0,0
"Q986","75881","10000",1,0,0,0,0
"Q987","75881","10000",1,0,0,0,0
"Q988","75881","10000",1,0,0,0,0
"Q989","75881","10000",1,0,0,0,0
"Q990","75881","10000",1,0,0,0,0
"Q991","75881","10000",1,0,0,0,0
"Q992","75983","00000",0,0,0,0,0
"Q998","75881","10000",1,0,0,0,0
"Q998","75889","10000",1,0,0,0,0
"Q999","7589","00000",0,0,0,0,0
"R000","7850","00000",0,0,0,0,0
"R001","42781","10000",1,0,0,0,0
"R001","42789","10000",1,0,0,0,0
"R002","7851","00000",0,0,0,0,0
"R008","7853","10000",1,0,0,0,0
"R009","7853","10000",1,0,0,0,0
"R010","7852","10000",1,0,0,0,0
"R011","7852","10000",1,0,0,0,0
"R012","7853","10000",1,0,0,0,0
"R030","7962","00000",0,0,0,0,0
"R031","7963","00000",0,0,0,0,0
"R040","7847","00000",0,0,0,0,0
"R041","7848","00000",0,0,0,0,0
"R042","78630","10000",1,0,0,0,0
"R0481","78631","00000",0,0,0,0,0
"R0489","78639","10000",1,0,0,0,0
"R049","78630","10000",1,0,0,0,0
"R05","7862","00000",0,0,0,0,0
"R0600","78609","10000",1,0,0,0,0
"R0601","78602","00000",0,0,0,0,0
"R0602","78605","00000",0,0,0,0,0
"R0609","78609","10000",1,0,0,0,0
"R061","7861","00000",0,0,0,0,0
"R062","78607","00000",0,0,0,0,0
"R063","78604","00000",0,0,0,0,0
"R064","78601","00000",0,0,0,0,0
"R065","78499","10000",1,0,0,0,0
"R066","7868","00000",0,0,0,0,0
"R067","78499","10000",1,0,0,0,0
"R0681","78603","00000",0,0,0,0,0
"R0682","78606","00000",0,0,0,0,0
"R0683","78609","10000",1,0,0,0,0
"R0689","78499","10000",1,0,0,0,0
"R0689","78609","10000",1,0,0,0,0
"R0689","7869","10000",1,0,0,0,0
"R069","78600","10000",1,0,0,0,0
"R070","7841","00000",0,0,0,0,0
"R071","78652","10000",1,0,0,0,0
"R072","78651","00000",0,0,0,0,0
"R0781","78652","10000",1,0,0,0,0
"R0782","78659","10000",1,0,0,0,0
"R0789","78659","10000",1,0,0,0,0
"R079","78650","00000",0,0,0,0,0
"R0901","79901","00000",0,0,0,0,0
"R0902","79902","00000",0,0,0,0,0
"R091","5110","10000",1,0,0,0,0
"R092","7991","00000",0,0,0,0,0
"R093","7864","00000",0,0,0,0,0
"R0981","47819","10000",1,0,0,0,0
"R0982","78491","00000",0,0,0,0,0
"R0989","7859","10000",1,0,0,0,0
"R0989","7867","10000",1,0,0,0,0
"R100","78900","10000",1,0,0,0,0
"R1010","78909","10000",1,0,0,0,0
"R1011","78901","00000",0,0,0,0,0
"R1012","78902","00000",0,0,0,0,0
"R1013","78906","00000",0,0,0,0,0
"R102","6089","10000",1,0,0,0,0
"R102","6259","10000",1,0,0,0,0
"R102","78909","10000",1,0,0,0,0
"R1030","78909","10000",1,0,0,0,0
"R1031","78903","00000",0,0,0,0,0
"R1032","78904","00000",0,0,0,0,0
"R1033","78905","00000",0,0,0,0,0
"R10811","78961","10000",1,0,0,0,0
"R10812","78962","10000",1,0,0,0,0
"R10813","78963","10000",1,0,0,0,0
"R10814","78964","10000",1,0,0,0,0
"R10815","78965","10000",1,0,0,0,0
"R10816","78966","10000",1,0,0,0,0
"R10817","78967","10000",1,0,0,0,0
"R10819","78960","10000",1,0,0,0,0
"R10819","78969","10000",1,0,0,0,0
"R10821","78961","10000",1,0,0,0,0
"R10822","78962","10000",1,0,0,0,0
"R10823","78963","10000",1,0,0,0,0
"R10824","78964","10000",1,0,0,0,0
"R10825","78965","10000",1,0,0,0,0
"R10826","78966","10000",1,0,0,0,0
"R10827","78967","10000",1,0,0,0,0
"R10829","78960","10000",1,0,0,0,0
"R10829","78969","10000",1,0,0,0,0
"R1083","7897","00000",0,0,0,0,0
"R1084","78907","00000",0,0,0,0,0
"R109","78900","10000",1,0,0,0,0
"R110","78702","00000",0,0,0,0,0
"R1110","5362","10000",1,0,0,0,0
"R1110","78703","10000",1,0,0,0,0
"R1111","07882","10000",1,0,0,0,0
"R1111","78703","10000",1,0,0,0,0
"R1112","78703","10000",1,0,0,0,0
"R1113","56987","00000",0,0,0,0,0
"R1114","78704","00000",0,0,0,0,0
"R112","78701","10000",1,0,0,0,0
"R12","7871","00000",0,0,0,0,0
"R130","78720","10000",1,0,0,0,0
"R1310","78720","10000",1,0,0,0,0
"R1311","78721","00000",0,0,0,0,0
"R1312","78722","00000",0,0,0,0,0
"R1313","78723","00000",0,0,0,0,0
"R1314","78724","00000",0,0,0,0,0
"R1319","78729","10000",1,0,0,0,0
"R140","7873","10000",1,0,0,0,0
"R141","7873","10000",1,0,0,0,0
"R142","7873","10000",1,0,0,0,0
"R143","7873","10000",1,0,0,0,0
"R150","78761","00000",0,0,0,0,0
"R151","78762","00000",0,0,0,0,0
"R152","78763","00000",0,0,0,0,0
"R159","78760","00000",0,0,0,0,0
"R160","7891","10000",1,0,0,0,0
"R161","7892","10000",1,0,0,0,0
"R162","7891","10111",1,0,1,1,1
"R162","7892","10112",1,0,1,1,2
"R17","7824","00000",0,0,0,0,0
"R180","78951","00000",0,0,0,0,0
"R188","56882","10000",1,0,0,0,0
"R188","78959","00000",0,0,0,0,0
"R1900","78930","00000",0,0,0,0,0
"R1901","78931","00000",0,0,0,0,0
"R1902","78932","00000",0,0,0,0,0
"R1903","78933","00000",0,0,0,0,0
"R1904","78934","00000",0,0,0,0,0
"R1905","78935","00000",0,0,0,0,0
"R1906","78936","00000",0,0,0,0,0
"R1907","78937","00000",0,0,0,0,0
"R1909","78939","10000",1,0,0,0,0
"R1911","7875","10000",1,0,0,0,0
"R1912","7875","10000",1,0,0,0,0
"R1915","7875","10000",1,0,0,0,0
"R192","7874","00000",0,0,0,0,0
"R1930","78940","10000",1,0,0,0,0
"R1930","78949","10000",1,0,0,0,0
"R1931","78941","00000",0,0,0,0,0
"R1932","78942","00000",0,0,0,0,0
"R1933","78943","00000",0,0,0,0,0
"R1934","78944","00000",0,0,0,0,0
"R1935","78945","00000",0,0,0,0,0
"R1936","78946","00000",0,0,0,0,0
"R1937","78947","00000",0,0,0,0,0
"R194","78799","10000",1,0,0,0,0
"R195","7877","10000",1,0,0,0,0
"R195","7921","10000",1,0,0,0,0
"R196","78499","10000",1,0,0,0,0
"R197","78791","10000",1,0,0,0,0
"R198","78799","10000",1,0,0,0,0
"R198","7899","10000",1,0,0,0,0
"R200","7820","10000",1,0,0,0,0
"R201","7820","10000",1,0,0,0,0
"R202","7820","10000",1,0,0,0,0
"R203","7820","10000",1,0,0,0,0
"R208","7820","10000",1,0,0,0,0
"R209","7820","10000",1,0,0,0,0
"R21","7821","00000",0,0,0,0,0
"R220","7822","10000",1,0,0,0,0
"R220","7842","10000",1,0,0,0,0
"R221","7822","10000",1,0,0,0,0
"R221","7842","10000",1,0,0,0,0
"R222","7822","10000",1,0,0,0,0
"R222","7866","10000",1,0,0,0,0
"R2230","7822","10000",1,0,0,0,0
"R2231","7822","10000",1,0,0,0,0
"R2232","7822","10000",1,0,0,0,0
"R2233","7822","10000",1,0,0,0,0
"R2240","7822","10000",1,0,0,0,0
"R2241","7822","10000",1,0,0,0,0
"R2242","7822","10000",1,0,0,0,0
"R2243","7822","10000",1,0,0,0,0
"R229","7822","10000",1,0,0,0,0
"R230","7825","00000",0,0,0,0,0
"R231","78261","00000",0,0,0,0,0
"R232","78262","00000",0,0,0,0,0
"R233","7827","00000",0,0,0,0,0
"R234","7828","00000",0,0,0,0,0
"R238","7829","10000",1,0,0,0,0
"R239","7829","10000",1,0,0,0,0
"R250","7810","10000",1,0,0,0,0
"R251","7810","10000",1,0,0,0,0
"R252","72982","10000",1,0,0,0,0
"R252","7810","10000",1,0,0,0,0
"R253","7810","10000",1,0,0,0,0
"R258","7810","10000",1,0,0,0,0
"R259","7810","10000",1,0,0,0,0
"R260","7812","10000",1,0,0,0,0
"R261","7812","10000",1,0,0,0,0
"R262","7197","00000",0,0,0,0,0
"R2681","7812","10000",1,0,0,0,0
"R2689","7812","10000",1,0,0,0,0
"R269","7812","10000",1,0,0,0,0
"R270","7813","10000",1,0,0,0,0
"R278","7813","10000",1,0,0,0,0
"R279","7813","10000",1,0,0,0,0
"R290","7817","00000",0,0,0,0,0
"R291","7816","00000",0,0,0,0,0
"R292","7961","00000",0,0,0,0,0
"R293","78192","00000",0,0,0,0,0
"R294","71965","10000",1,0,0,0,0
"R295","7814","10000",1,0,0,0,0
"R296","78199","10000",1,0,0,0,0
"R29810","78194","00000",0,0,0,0,0
"R29818","78199","10000",1,0,0,0,0
"R29890","78191","00000",0,0,0,0,0
"R29891","78193","00000",0,0,0,0,0
"R29898","72989","10000",1,0,0,0,0
"R29898","78199","10000",1,0,0,0,0
"R2990","78199","10000",1,0,0,0,0
"R2991","78199","10000",1,0,0,0,0
"R300","7881","10000",1,0,0,0,0
"R301","78899","10000",1,0,0,0,0
"R309","7881","10000",1,0,0,0,0
"R310","59971","00000",0,0,0,0,0
"R311","59972","10000",1,0,0,0,0
"R312","59972","10000",1,0,0,0,0
"R319","59970","00000",0,0,0,0,0
"R32","78830","00000",0,0,0,0,0
"R330","78829","10000",1,0,0,0,0
"R338","78829","10000",1,0,0,0,0
"R339","78820","00000",0,0,0,0,0
"R34","7885","00000",0,0,0,0,0
"R350","78841","00000",0,0,0,0,0
"R351","78843","00000",0,0,0,0,0
"R358","78842","00000",0,0,0,0,0
"R360","7887","10000",1,0,0,0,0
"R361","60882","00000",0,0,0,0,0
"R369","7887","10000",1,0,0,0,0
"R37","30270","10000",1,0,0,0,0
"R390","7888","00000",0,0,0,0,0
"R3911","78864","00000",0,0,0,0,0
"R3912","78862","10000",1,0,0,0,0
"R3913","78861","00000",0,0,0,0,0
"R3914","78821","10000",1,0,0,0,0
"R3915","78863","00000",0,0,0,0,0
"R3916","78865","00000",0,0,0,0,0
"R3919","78869","00000",0,0,0,0,0
"R392","78899","10000",1,0,0,0,0
"R3981","78891","00000",0,0,0,0,0
"R3989","78899","10000",1,0,0,0,0
"R399","78899","10000",1,0,0,0,0
"R400","78009","10000",1,0,0,0,0
"R401","78009","10000",1,0,0,0,0
"R4020","78001","10000",1,0,0,0,0
"R402110","78001","10000",1,0,0,0,0
"R402111","78001","10000",1,0,0,0,0
"R402112","78001","10000",1,0,0,0,0
"R402113","78001","10000",1,0,0,0,0
"R402114","78001","10000",1,0,0,0,0
"R402120","78001","10000",1,0,0,0,0
"R402121","78001","10000",1,0,0,0,0
"R402122","78001","10000",1,0,0,0,0
"R402123","78001","10000",1,0,0,0,0
"R402124","78001","10000",1,0,0,0,0
"R402130","NoDx","11000",1,1,0,0,0
"R402131","NoDx","11000",1,1,0,0,0
"R402132","NoDx","11000",1,1,0,0,0
"R402133","NoDx","11000",1,1,0,0,0
"R402134","NoDx","11000",1,1,0,0,0
"R402140","NoDx","11000",1,1,0,0,0
"R402141","NoDx","11000",1,1,0,0,0
"R402142","NoDx","11000",1,1,0,0,0
"R402143","NoDx","11000",1,1,0,0,0
"R402144","NoDx","11000",1,1,0,0,0
"R402210","78001","10000",1,0,0,0,0
"R402211","78001","10000",1,0,0,0,0
"R402212","78001","10000",1,0,0,0,0
"R402213","78001","10000",1,0,0,0,0
"R402214","78001","10000",1,0,0,0,0
"R402220","78001","10000",1,0,0,0,0
"R402221","78001","10000",1,0,0,0,0
"R402222","78001","10000",1,0,0,0,0
"R402223","78001","10000",1,0,0,0,0
"R402224","78001","10000",1,0,0,0,0
"R402230","NoDx","11000",1,1,0,0,0
"R402231","NoDx","11000",1,1,0,0,0
"R402232","NoDx","11000",1,1,0,0,0
"R402233","NoDx","11000",1,1,0,0,0
"R402234","NoDx","11000",1,1,0,0,0
"R402240","NoDx","11000",1,1,0,0,0
"R402241","NoDx","11000",1,1,0,0,0
"R402242","NoDx","11000",1,1,0,0,0
"R402243","NoDx","11000",1,1,0,0,0
"R402244","NoDx","11000",1,1,0,0,0
"R402250","NoDx","11000",1,1,0,0,0
"R402251","NoDx","11000",1,1,0,0,0
"R402252","NoDx","11000",1,1,0,0,0
"R402253","NoDx","11000",1,1,0,0,0
"R402254","NoDx","11000",1,1,0,0,0
"R402310","78001","10000",1,0,0,0,0
"R402311","78001","10000",1,0,0,0,0
"R402312","78001","10000",1,0,0,0,0
"R402313","78001","10000",1,0,0,0,0
"R402314","78001","10000",1,0,0,0,0
"R402320","78001","10000",1,0,0,0,0
"R402321","78001","10000",1,0,0,0,0
"R402322","78001","10000",1,0,0,0,0
"R402323","78001","10000",1,0,0,0,0
"R402324","78001","10000",1,0,0,0,0
"R402330","NoDx","11000",1,1,0,0,0
"R402331","NoDx","11000",1,1,0,0,0
"R402332","NoDx","11000",1,1,0,0,0
"R402333","NoDx","11000",1,1,0,0,0
"R402334","NoDx","11000",1,1,0,0,0
"R402340","78001","10000",1,0,0,0,0
"R402341","78001","10000",1,0,0,0,0
"R402342","78001","10000",1,0,0,0,0
"R402343","78001","10000",1,0,0,0,0
"R402344","78001","10000",1,0,0,0,0
"R402350","NoDx","11000",1,1,0,0,0
"R402351","NoDx","11000",1,1,0,0,0
"R402352","NoDx","11000",1,1,0,0,0
"R402353","NoDx","11000",1,1,0,0,0
"R402354","NoDx","11000",1,1,0,0,0
"R402360","NoDx","11000",1,1,0,0,0
"R402361","NoDx","11000",1,1,0,0,0
"R402362","NoDx","11000",1,1,0,0,0
"R402363","NoDx","11000",1,1,0,0,0
"R402364","NoDx","11000",1,1,0,0,0
"R40241","NoDx","11000",1,1,0,0,0
"R40242","NoDx","11000",1,1,0,0,0
"R40243","NoDx","11000",1,1,0,0,0
"R40244","NoDx","11000",1,1,0,0,0
"R403","78003","00000",0,0,0,0,0
"R404","78002","00000",0,0,0,0,0
"R410","78097","10000",1,0,0,0,0
"R411","78093","10000",1,0,0,0,0
"R412","78093","10000",1,0,0,0,0
"R413","78093","10000",1,0,0,0,0
"R414","7818","00000",0,0,0,0,0
"R4181","797","10000",1,0,0,0,0
"R4182","78097","10000",1,0,0,0,0
"R4183","V6289","10000",1,0,0,0,0
"R41840","79951","00000",0,0,0,0,0
"R41841","79952","00000",0,0,0,0,0
"R41842","79953","00000",0,0,0,0,0
"R41843","79954","00000",0,0,0,0,0
"R41844","79955","00000",0,0,0,0,0
"R4189","79959","00000",0,0,0,0,0
"R419","78099","10000",1,0,0,0,0
"R42","7804","00000",0,0,0,0,0
"R430","7811","10000",1,0,0,0,0
"R431","7811","10000",1,0,0,0,0
"R432","7811","10000",1,0,0,0,0
"R438","7811","10000",1,0,0,0,0
"R439","7811","10000",1,0,0,0,0
"R439","V415","10000",1,0,0,0,0
"R440","7801","10000",1,0,0,0,0
"R441","36816","10000",1,0,0,0,0
"R442","7801","10000",1,0,0,0,0
"R443","7801","10000",1,0,0,0,0
"R448","79989","10000",1,0,0,0,0
"R449","79989","10000",1,0,0,0,0
"R450","79921","00000",0,0,0,0,0
"R451","3079","10000",1,0,0,0,0
"R452","3009","10000",1,0,0,0,0
"R453","79925","00000",0,0,0,0,0
"R454","79922","10000",1,0,0,0,0
"R455","3009","10000",1,0,0,0,0
"R456","3009","10000",1,0,0,0,0
"R457","3089","10000",1,0,0,0,0
"R4581","3079","10000",1,0,0,0,0
"R4582","3079","10000",1,0,0,0,0
"R4583","78095","00000",0,0,0,0,0
"R4584","78099","10000",1,0,0,0,0
"R45850","V6285","00000",0,0,0,0,0
"R45851","V6284","00000",0,0,0,0,0
"R4586","79924","00000",0,0,0,0,0
"R4587","79923","00000",0,0,0,0,0
"R4589","79929","10000",1,0,0,0,0
"R460","79989","10000",1,0,0,0,0
"R461","79989","10000",1,0,0,0,0
"R462","79989","10000",1,0,0,0,0
"R463","79989","10000",1,0,0,0,0
"R464","79989","10000",1,0,0,0,0
"R465","79989","10000",1,0,0,0,0
"R466","79989","10000",1,0,0,0,0
"R467","79989","10000",1,0,0,0,0
"R4681","79989","10000",1,0,0,0,0
"R4681","V4039","10000",1,0,0,0,0
"R4689","79989","10000",1,0,0,0,0
"R4689","V4039","10000",1,0,0,0,0
"R4701","7843","00000",0,0,0,0,0
"R4702","78459","10000",1,0,0,0,0
"R471","78451","00000",0,0,0,0,0
"R4781","78459","10000",1,0,0,0,0
"R4782","78452","00000",0,0,0,0,0
"R4789","78459","10000",1,0,0,0,0
"R4789","V414","10000",1,0,0,0,0
"R479","78459","10000",1,0,0,0,0
"R480","31501","10000",1,0,0,0,0
"R480","78461","10000",1,0,0,0,0
"R481","78469","10000",1,0,0,0,0
"R482","78469","10000",1,0,0,0,0
"R483","36816","10000",1,0,0,0,0
"R488","78469","10000",1,0,0,0,0
"R489","78460","00000",0,0,0,0,0
"R490","78442","00000",0,0,0,0,0
"R491","78441","00000",0,0,0,0,0
"R4921","78443","00000",0,0,0,0,0
"R4922","78444","00000",0,0,0,0,0
"R498","78449","10000",1,0,0,0,0
"R499","78440","10000",1,0,0,0,0
"R502","78060","10111",1,0,1,1,1
"R502","E9479","10112",1,0,1,1,2
"R5081","78061","00000",0,0,0,0,0
"R5082","78062","00000",0,0,0,0,0
"R5083","78063","00000",0,0,0,0,0
"R5084","78066","00000",0,0,0,0,0
"R509","78060","10000",1,0,0,0,0
"R51","7840","10000",1,0,0,0,0
"R52","33819","10000",1,0,0,0,0
"R52","78096","10000",1,0,0,0,0
"R530","78079","10000",1,0,0,0,0
"R531","78079","10000",1,0,0,0,0
"R532","78072","00000",0,0,0,0,0
"R5381","78079","10000",1,0,0,0,0
"R5381","7993","10000",1,0,0,0,0
"R5382","78071","00000",0,0,0,0,0
"R5383","78079","10000",1,0,0,0,0
"R54","797","10000",1,0,0,0,0
"R55","7802","00000",0,0,0,0,0
"R5600","78031","00000",0,0,0,0,0
"R5601","78032","00000",0,0,0,0,0
"R561","78033","00000",0,0,0,0,0
"R569","78039","10000",1,0,0,0,0
"R570","78551","00000",0,0,0,0,0
"R571","78559","10000",1,0,0,0,0
"R578","78559","10000",1,0,0,0,0
"R579","78550","00000",0,0,0,0,0
"R58","4590","00000",0,0,0,0,0
"R590","7856","10000",1,0,0,0,0
"R591","7856","10000",1,0,0,0,0
"R599","7856","10000",1,0,0,0,0
"R600","7823","10000",1,0,0,0,0
"R601","7823","10000",1,0,0,0,0
"R609","7823","10000",1,0,0,0,0
"R61","7808","00000",0,0,0,0,0
"R620","78342","00000",0,0,0,0,0
"R6250","78340","10000",1,0,0,0,0
"R6251","78341","00000",0,0,0,0,0
"R6252","78343","00000",0,0,0,0,0
"R6259","78340","10000",1,0,0,0,0
"R627","7837","00000",0,0,0,0,0
"R630","7830","00000",0,0,0,0,0
"R631","7835","00000",0,0,0,0,0
"R632","7836","00000",0,0,0,0,0
"R633","7833","00000",0,0,0,0,0
"R634","78321","00000",0,0,0,0,0
"R635","7831","00000",0,0,0,0,0
"R636","78322","00000",0,0,0,0,0
"R638","7839","10000",1,0,0,0,0
"R64","7994","00000",0,0,0,0,0
"R6510","99593","10000",1,0,0,0,0
"R6511","99594","00000",0,0,0,0,0
"R6520","99592","10000",1,0,0,0,0
"R6521","78552","10111",1,0,1,1,1
"R6521","99592","10112",1,0,1,1,2
"R680","78065","00000",0,0,0,0,0
"R6811","78092","00000",0,0,0,0,0
"R6812","78091","00000",0,0,0,0,0
"R6813","79982","00000",0,0,0,0,0
"R6819","79989","10000",1,0,0,0,0
"R682","5277","10000",1,0,0,0,0
"R683","7815","00000",0,0,0,0,0
"R6881","78094","00000",0,0,0,0,0
"R6882","79981","00000",0,0,0,0,0
"R6883","78064","00000",0,0,0,0,0
"R6884","78492","00000",0,0,0,0,0
"R6889","78099","10000",1,0,0,0,0
"R6889","7964","10000",1,0,0,0,0
"R6889","7969","10000",1,0,0,0,0
"R69","79989","10000",1,0,0,0,0
"R69","7999","10000",1,0,0,0,0
"R69","V419","10000",1,0,0,0,0
"R700","7901","00000",0,0,0,0,0
"R701","79099","10000",1,0,0,0,0
"R710","79001","00000",0,0,0,0,0
"R718","79009","00000",0,0,0,0,0
"R7301","79021","00000",0,0,0,0,0
"R7302","79022","00000",0,0,0,0,0
"R7309","79029","10000",1,0,0,0,0
"R739","79029","10000",1,0,0,0,0
"R740","7904","00000",0,0,0,0,0
"R748","7905","10000",1,0,0,0,0
"R749","7905","10000",1,0,0,0,0
"R75","79571","10000",1,0,0,0,0
"R760","79579","10000",1,0,0,0,0
"R7611","79551","00000",0,0,0,0,0
"R7612","79552","00000",0,0,0,0,0
"R768","7956","10000",1,0,0,0,0
"R768","79579","10000",1,0,0,0,0
"R769","79579","10000",1,0,0,0,0
"R770","79099","10000",1,0,0,0,0
"R771","79099","10000",1,0,0,0,0
"R772","79099","10000",1,0,0,0,0
"R778","79099","10000",1,0,0,0,0
"R779","79099","10000",1,0,0,0,0
"R780","7903","10000",1,0,0,0,0
"R781","79099","10000",1,0,0,0,0
"R782","79099","10000",1,0,0,0,0
"R783","79099","10000",1,0,0,0,0
"R784","79099","10000",1,0,0,0,0
"R785","79099","10000",1,0,0,0,0
"R786","79099","10000",1,0,0,0,0
"R7871","7906","10000",1,0,0,0,0
"R7879","7906","10000",1,0,0,0,0
"R7881","77183","10000",1,0,0,0,0
"R7881","7907","10000",1,0,0,0,0
"R7889","7906","10000",1,0,0,0,0
"R7889","79099","10000",1,0,0,0,0
"R789","79099","10000",1,0,0,0,0
"R790","7906","10000",1,0,0,0,0
"R791","79092","00000",0,0,0,0,0
"R7981","79091","10000",1,0,0,0,0
"R7982","79095","00000",0,0,0,0,0
"R7989","7906","10000",1,0,0,0,0
"R7989","79099","10000",1,0,0,0,0
"R799","7906","10000",1,0,0,0,0
"R800","7910","10000",1,0,0,0,0
"R801","7910","10000",1,0,0,0,0
"R802","5936","10000",1,0,0,0,0
"R803","7910","10000",1,0,0,0,0
"R808","7910","10000",1,0,0,0,0
"R809","7910","10000",1,0,0,0,0
"R81","7915","00000",0,0,0,0,0
"R820","7911","00000",0,0,0,0,0
"R821","7913","00000",0,0,0,0,0
"R822","7914","00000",0,0,0,0,0
"R823","7912","00000",0,0,0,0,0
"R824","7916","00000",0,0,0,0,0
"R825","7919","10000",1,0,0,0,0
"R825","7960","10000",1,0,0,0,0
"R826","7919","10000",1,0,0,0,0
"R826","7960","10000",1,0,0,0,0
"R827","7919","10000",1,0,0,0,0
"R828","7919","10000",1,0,0,0,0
"R8290","7919","10000",1,0,0,0,0
"R8291","7919","10000",1,0,0,0,0
"R8299","7917","10000",1,0,0,0,0
"R8299","7919","10000",1,0,0,0,0
"R830","7920","10000",1,0,0,0,0
"R831","7920","10000",1,0,0,0,0
"R832","7920","10000",1,0,0,0,0
"R833","7920","10000",1,0,0,0,0
"R834","7920","10000",1,0,0,0,0
"R835","7920","10000",1,0,0,0,0
"R836","7920","10000",1,0,0,0,0
"R838","7920","10000",1,0,0,0,0
"R839","7920","10000",1,0,0,0,0
"R840","7929","10000",1,0,0,0,0
"R841","7929","10000",1,0,0,0,0
"R842","7929","10000",1,0,0,0,0
"R843","7929","10000",1,0,0,0,0
"R844","7929","10000",1,0,0,0,0
"R845","7929","10000",1,0,0,0,0
"R846","7929","10000",1,0,0,0,0
"R847","7929","10000",1,0,0,0,0
"R848","7929","10000",1,0,0,0,0
"R849","7929","10000",1,0,0,0,0
"R850","7924","10000",1,0,0,0,0
"R850","7929","10000",1,0,0,0,0
"R851","7924","10000",1,0,0,0,0
"R851","7929","10000",1,0,0,0,0
"R852","7924","10000",1,0,0,0,0
"R852","7929","10000",1,0,0,0,0
"R853","7924","10000",1,0,0,0,0
"R853","7929","10000",1,0,0,0,0
"R854","7924","10000",1,0,0,0,0
"R854","7929","10000",1,0,0,0,0
"R855","7924","10000",1,0,0,0,0
"R855","7929","10000",1,0,0,0,0
"R85610","79671","00000",0,0,0,0,0
"R85611","79672","00000",0,0,0,0,0
"R85612","79673","00000",0,0,0,0,0
"R85613","79674","00000",0,0,0,0,0
"R85614","79676","00000",0,0,0,0,0
"R85615","79678","00000",0,0,0,0,0
"R85616","79677","00000",0,0,0,0,0
"R85618","79679","10000",1,0,0,0,0
"R85619","79670","00000",0,0,0,0,0
"R8569","7924","10000",1,0,0,0,0
"R8569","7929","10000",1,0,0,0,0
"R857","7924","10000",1,0,0,0,0
"R857","7929","10000",1,0,0,0,0
"R8581","79675","00000",0,0,0,0,0
"R8582","79679","10000",1,0,0,0,0
"R8589","7924","10000",1,0,0,0,0
"R8589","7929","10000",1,0,0,0,0
"R859","7924","10000",1,0,0,0,0
"R859","7929","10000",1,0,0,0,0
"R860","7922","10000",1,0,0,0,0
"R861","7922","10000",1,0,0,0,0
"R862","7922","10000",1,0,0,0,0
"R863","7922","10000",1,0,0,0,0
"R864","7922","10000",1,0,0,0,0
"R865","7922","10000",1,0,0,0,0
"R866","7922","10000",1,0,0,0,0
"R867","7922","10000",1,0,0,0,0
"R868","7922","10000",1,0,0,0,0
"R869","7922","10000",1,0,0,0,0
"R870","7929","10000",1,0,0,0,0
"R871","7929","10000",1,0,0,0,0
"R872","7929","10000",1,0,0,0,0
"R873","7929","10000",1,0,0,0,0
"R874","7929","10000",1,0,0,0,0
"R875","7929","10000",1,0,0,0,0
"R87610","79501","00000",0,0,0,0,0
"R87611","79502","00000",0,0,0,0,0
"R87612","79503","00000",0,0,0,0,0
"R87613","79504","00000",0,0,0,0,0
"R87614","79506","00000",0,0,0,0,0
"R87615","79508","00000",0,0,0,0,0
"R87616","79507","00000",0,0,0,0,0
"R87618","7954","10000",1,0,0,0,0
"R87619","7954","10000",1,0,0,0,0
"R87620","79511","00000",0,0,0,0,0
"R87621","79512","00000",0,0,0,0,0
"R87622","79513","00000",0,0,0,0,0
"R87623","79514","00000",0,0,0,0,0
"R87624","79516","00000",0,0,0,0,0
"R87625","79518","00000",0,0,0,0,0
"R87628","79510","10000",1,0,0,0,0
"R87628","79519","10000",1,0,0,0,0
"R87629","7954","10000",1,0,0,0,0
"R8769","7929","10000",1,0,0,0,0
"R877","7929","10000",1,0,0,0,0
"R87810","79505","00000",0,0,0,0,0
"R87811","79515","10000",1,0,0,0,0
"R87820","79509","10000",1,0,0,0,0
"R87821","79519","10000",1,0,0,0,0
"R8789","7929","10000",1,0,0,0,0
"R879","7929","10000",1,0,0,0,0
"R880","7925","00000",0,0,0,0,0
"R888","7929","10000",1,0,0,0,0
"R890","7929","10000",1,0,0,0,0
"R891","7929","10000",1,0,0,0,0
"R892","7929","10000",1,0,0,0,0
"R892","7960","10000",1,0,0,0,0
"R893","7929","10000",1,0,0,0,0
"R893","7960","10000",1,0,0,0,0
"R894","7929","10000",1,0,0,0,0
"R895","7929","10000",1,0,0,0,0
"R896","7929","10000",1,0,0,0,0
"R897","7929","10000",1,0,0,0,0
"R897","7954","10000",1,0,0,0,0
"R898","7929","10000",1,0,0,0,0
"R898","7952","10000",1,0,0,0,0
"R899","7929","10000",1,0,0,0,0
"R899","79539","10000",1,0,0,0,0
"R900","7842","10000",1,0,0,0,0
"R9081","79401","00000",0,0,0,0,0
"R9082","7930","10000",1,0,0,0,0
"R9089","79399","10000",1,0,0,0,0
"R911","79311","00000",0,0,0,0,0
"R918","79319","00000",0,0,0,0,0
"R920","79381","00000",0,0,0,0,0
"R921","79389","10000",1,0,0,0,0
"R922","79382","00000",0,0,0,0,0
"R928","79380","10000",1,0,0,0,0
"R928","79389","10000",1,0,0,0,0
"R930","7930","10000",1,0,0,0,0
"R931","7932","10000",1,0,0,0,0
"R932","7933","10000",1,0,0,0,0
"R933","7934","10000",1,0,0,0,0
"R934","7935","10000",1,0,0,0,0
"R935","7936","10000",1,0,0,0,0
"R936","7937","10000",1,0,0,0,0
"R937","7937","10000",1,0,0,0,0
"R938","7932","10000",1,0,0,0,0
"R938","79399","10000",1,0,0,0,0
"R939","79391","00000",0,0,0,0,0
"R9401","79402","00000",0,0,0,0,0
"R9402","79409","10000",1,0,0,0,0
"R9409","79400","10000",1,0,0,0,0
"R9409","79409","10000",1,0,0,0,0
"R94110","79412","00000",0,0,0,0,0
"R94111","79411","00000",0,0,0,0,0
"R94112","79413","00000",0,0,0,0,0
"R94113","79414","00000",0,0,0,0,0
"R94118","79419","10000",1,0,0,0,0
"R94120","79415","00000",0,0,0,0,0
"R94121","79416","00000",0,0,0,0,0
"R94128","79419","10000",1,0,0,0,0
"R94130","79410","00000",0,0,0,0,0
"R94131","79417","00000",0,0,0,0,0
"R94138","79419","10000",1,0,0,0,0
"R942","7942","00000",0,0,0,0,0
"R9430","79430","00000",0,0,0,0,0
"R9431","79431","00000",0,0,0,0,0
"R9439","79439","00000",0,0,0,0,0
"R944","7944","00000",0,0,0,0,0
"R945","7948","00000",0,0,0,0,0
"R946","7945","00000",0,0,0,0,0
"R947","7946","00000",0,0,0,0,0
"R948","7947","10000",1,0,0,0,0
"R948","7949","10000",1,0,0,0,0
"R970","79581","00000",0,0,0,0,0
"R971","79582","00000",0,0,0,0,0
"R972","79093","00000",0,0,0,0,0
"R978","79589","00000",0,0,0,0,0
"R99","7980","10000",1,0,0,0,0
"R99","7999","10000",1,0,0,0,0
"S0000XA","9108","10000",1,0,0,0,0
"S0000XD","V5889","10000",1,0,0,0,0
"S0000XS","9062","10000",1,0,0,0,0
"S0001XA","9100","10000",1,0,0,0,0
"S0001XD","V5889","10000",1,0,0,0,0
"S0001XS","9062","10000",1,0,0,0,0
"S0002XA","9102","10000",1,0,0,0,0
"S0002XD","V5889","10000",1,0,0,0,0
"S0002XS","9062","10000",1,0,0,0,0
"S0003XA","920","10000",1,0,0,0,0
"S0003XD","V5889","10000",1,0,0,0,0
"S0003XS","9063","10000",1,0,0,0,0
"S0004XA","9108","10000",1,0,0,0,0
"S0004XD","V5889","10000",1,0,0,0,0
"S0004XS","9062","10000",1,0,0,0,0
"S0005XA","9106","10000",1,0,0,0,0
"S0005XD","V5889","10000",1,0,0,0,0
"S0005XS","9062","10000",1,0,0,0,0
"S0006XA","9104","10000",1,0,0,0,0
"S0006XD","V5889","10000",1,0,0,0,0
"S0006XS","9062","10000",1,0,0,0,0
"S0007XA","9108","10000",1,0,0,0,0
"S0007XD","V5889","10000",1,0,0,0,0
"S0007XS","9062","10000",1,0,0,0,0
"S0010XA","9210","10000",1,0,0,0,0
"S0010XA","9211","10000",1,0,0,0,0
"S0010XD","V5889","10000",1,0,0,0,0
"S0010XS","9063","10000",1,0,0,0,0
"S0011XA","9210","10000",1,0,0,0,0
"S0011XA","9211","10000",1,0,0,0,0
"S0011XD","V5889","10000",1,0,0,0,0
"S0011XS","9063","10000",1,0,0,0,0
"S0012XA","9210","10000",1,0,0,0,0
"S0012XA","9211","10000",1,0,0,0,0
"S0012XD","V5889","10000",1,0,0,0,0
"S0012XS","9063","10000",1,0,0,0,0
"S00201A","9180","10000",1,0,0,0,0
"S00201D","V5889","10000",1,0,0,0,0
"S00201S","9062","10000",1,0,0,0,0
"S00202A","9180","10000",1,0,0,0,0
"S00202D","V5889","10000",1,0,0,0,0
"S00202S","9062","10000",1,0,0,0,0
"S00209A","9180","10000",1,0,0,0,0
"S00209D","V5889","10000",1,0,0,0,0
"S00209S","9062","10000",1,0,0,0,0
"S00211A","9180","10000",1,0,0,0,0
"S00211D","V5889","10000",1,0,0,0,0
"S00211S","9062","10000",1,0,0,0,0
"S00212A","9180","10000",1,0,0,0,0
"S00212D","V5889","10000",1,0,0,0,0
"S00212S","9062","10000",1,0,0,0,0
"S00219A","9180","10000",1,0,0,0,0
"S00219D","V5889","10000",1,0,0,0,0
"S00219S","9062","10000",1,0,0,0,0
"S00221A","9180","10000",1,0,0,0,0
"S00221D","V5889","10000",1,0,0,0,0
"S00221S","9062","10000",1,0,0,0,0
"S00222A","9180","10000",1,0,0,0,0
"S00222D","V5889","10000",1,0,0,0,0
"S00222S","9062","10000",1,0,0,0,0
"S00229A","9180","10000",1,0,0,0,0
"S00229D","V5889","10000",1,0,0,0,0
"S00229S","9062","10000",1,0,0,0,0
"S00241A","9180","10000",1,0,0,0,0
"S00241D","V5889","10000",1,0,0,0,0
"S00241S","9062","10000",1,0,0,0,0
"S00242A","9180","10000",1,0,0,0,0
"S00242D","V5889","10000",1,0,0,0,0
"S00242S","9062","10000",1,0,0,0,0
"S00249A","9180","10000",1,0,0,0,0
"S00249D","V5889","10000",1,0,0,0,0
"S00249S","9062","10000",1,0,0,0,0
"S00251A","9180","10000",1,0,0,0,0
"S00251D","V5889","10000",1,0,0,0,0
"S00251S","9062","10000",1,0,0,0,0
"S00252A","9180","10000",1,0,0,0,0
"S00252D","V5889","10000",1,0,0,0,0
"S00252S","9062","10000",1,0,0,0,0
"S00259A","9180","10000",1,0,0,0,0
"S00259D","V5889","10000",1,0,0,0,0
"S00259S","9062","10000",1,0,0,0,0
"S00261A","9180","10000",1,0,0,0,0
"S00261D","V5889","10000",1,0,0,0,0
"S00261S","9062","10000",1,0,0,0,0
"S00262A","9180","10000",1,0,0,0,0
"S00262D","V5889","10000",1,0,0,0,0
"S00262S","9062","10000",1,0,0,0,0
"S00269A","9180","10000",1,0,0,0,0
"S00269D","V5889","10000",1,0,0,0,0
"S00269S","9062","10000",1,0,0,0,0
"S00271A","9180","10000",1,0,0,0,0
"S00271D","V5889","10000",1,0,0,0,0
"S00271S","9062","10000",1,0,0,0,0
"S00272A","9180","10000",1,0,0,0,0
"S00272D","V5889","10000",1,0,0,0,0
"S00272S","9062","10000",1,0,0,0,0
"S00279A","9180","10000",1,0,0,0,0
"S00279D","V5889","10000",1,0,0,0,0
"S00279S","9062","10000",1,0,0,0,0
"S0030XA","9108","10000",1,0,0,0,0
"S0030XD","V5889","10000",1,0,0,0,0
"S0030XS","9062","10000",1,0,0,0,0
"S0031XA","9100","10000",1,0,0,0,0
"S0031XD","V5889","10000",1,0,0,0,0
"S0031XS","9062","10000",1,0,0,0,0
"S0032XA","9102","10000",1,0,0,0,0
"S0032XD","V5889","10000",1,0,0,0,0
"S0032XS","9062","10000",1,0,0,0,0
"S0033XA","920","10000",1,0,0,0,0
"S0033XD","V5889","10000",1,0,0,0,0
"S0033XS","9063","10000",1,0,0,0,0
"S0034XA","9108","10000",1,0,0,0,0
"S0034XD","V5889","10000",1,0,0,0,0
"S0034XS","9062","10000",1,0,0,0,0
"S0035XA","9106","10000",1,0,0,0,0
"S0035XD","V5889","10000",1,0,0,0,0
"S0035XS","9062","10000",1,0,0,0,0
"S0036XA","9104","10000",1,0,0,0,0
"S0036XD","V5889","10000",1,0,0,0,0
"S0036XS","9062","10000",1,0,0,0,0
"S0037XA","9108","10000",1,0,0,0,0
"S0037XD","V5889","10000",1,0,0,0,0
"S0037XS","9062","10000",1,0,0,0,0
"S00401A","9108","10000",1,0,0,0,0
"S00401D","V5889","10000",1,0,0,0,0
"S00401S","9062","10000",1,0,0,0,0
"S00402A","9108","10000",1,0,0,0,0
"S00402D","V5889","10000",1,0,0,0,0
"S00402S","9062","10000",1,0,0,0,0
"S00409A","9108","10000",1,0,0,0,0
"S00409D","V5889","10000",1,0,0,0,0
"S00409S","9062","10000",1,0,0,0,0
"S00411A","9100","10000",1,0,0,0,0
"S00411D","V5889","10000",1,0,0,0,0
"S00411S","9062","10000",1,0,0,0,0
"S00412A","9100","10000",1,0,0,0,0
"S00412D","V5889","10000",1,0,0,0,0
"S00412S","9062","10000",1,0,0,0,0
"S00419A","9100","10000",1,0,0,0,0
"S00419D","V5889","10000",1,0,0,0,0
"S00419S","9062","10000",1,0,0,0,0
"S00421A","9102","10000",1,0,0,0,0
"S00421D","V5889","10000",1,0,0,0,0
"S00421S","9062","10000",1,0,0,0,0
"S00422A","9102","10000",1,0,0,0,0
"S00422D","V5889","10000",1,0,0,0,0
"S00422S","9062","10000",1,0,0,0,0
"S00429A","9102","10000",1,0,0,0,0
"S00429D","V5889","10000",1,0,0,0,0
"S00429S","9062","10000",1,0,0,0,0
"S00431A","920","10000",1,0,0,0,0
"S00431D","V5889","10000",1,0,0,0,0
"S00431S","9063","10000",1,0,0,0,0
"S00432A","920","10000",1,0,0,0,0
"S00432D","V5889","10000",1,0,0,0,0
"S00432S","9063","10000",1,0,0,0,0
"S00439A","920","10000",1,0,0,0,0
"S00439D","V5889","10000",1,0,0,0,0
"S00439S","9063","10000",1,0,0,0,0
"S00441A","9108","10000",1,0,0,0,0
"S00441D","V5889","10000",1,0,0,0,0
"S00441S","9062","10000",1,0,0,0,0
"S00442A","9108","10000",1,0,0,0,0
"S00442D","V5889","10000",1,0,0,0,0
"S00442S","9062","10000",1,0,0,0,0
"S00449A","9108","10000",1,0,0,0,0
"S00449D","V5889","10000",1,0,0,0,0
"S00449S","9062","10000",1,0,0,0,0
"S00451A","9106","10000",1,0,0,0,0
"S00451D","V5889","10000",1,0,0,0,0
"S00451S","9062","10000",1,0,0,0,0
"S00452A","9106","10000",1,0,0,0,0
"S00452D","V5889","10000",1,0,0,0,0
"S00452S","9062","10000",1,0,0,0,0
"S00459A","9106","10000",1,0,0,0,0
"S00459D","V5889","10000",1,0,0,0,0
"S00459S","9062","10000",1,0,0,0,0
"S00461A","9104","10000",1,0,0,0,0
"S00461D","V5889","10000",1,0,0,0,0
"S00461S","9062","10000",1,0,0,0,0
"S00462A","9104","10000",1,0,0,0,0
"S00462D","V5889","10000",1,0,0,0,0
"S00462S","9062","10000",1,0,0,0,0
"S00469A","9104","10000",1,0,0,0,0
"S00469D","V5889","10000",1,0,0,0,0
"S00469S","9062","10000",1,0,0,0,0
"S00471A","9108","10000",1,0,0,0,0
"S00471D","V5889","10000",1,0,0,0,0
"S00471S","9062","10000",1,0,0,0,0
"S00472A","9108","10000",1,0,0,0,0
"S00472D","V5889","10000",1,0,0,0,0
"S00472S","9062","10000",1,0,0,0,0
"S00479A","9108","10000",1,0,0,0,0
"S00479D","V5889","10000",1,0,0,0,0
"S00479S","9062","10000",1,0,0,0,0
"S00501A","9108","10000",1,0,0,0,0
"S00501D","V5889","10000",1,0,0,0,0
"S00501S","9062","10000",1,0,0,0,0
"S00502A","9108","10000",1,0,0,0,0
"S00502D","V5889","10000",1,0,0,0,0
"S00502S","9062","10000",1,0,0,0,0
"S00511A","9100","10000",1,0,0,0,0
"S00511D","V5889","10000",1,0,0,0,0
"S00511S","9062","10000",1,0,0,0,0
"S00512A","9100","10000",1,0,0,0,0
"S00512D","V5889","10000",1,0,0,0,0
"S00512S","9062","10000",1,0,0,0,0
"S00521A","9102","10000",1,0,0,0,0
"S00521D","V5889","10000",1,0,0,0,0
"S00521S","9062","10000",1,0,0,0,0
"S00522A","9102","10000",1,0,0,0,0
"S00522D","V5889","10000",1,0,0,0,0
"S00522S","9062","10000",1,0,0,0,0
"S00531A","920","10000",1,0,0,0,0
"S00531D","V5889","10000",1,0,0,0,0
"S00531S","9063","10000",1,0,0,0,0
"S00532A","920","10000",1,0,0,0,0
"S00532D","V5889","10000",1,0,0,0,0
"S00532S","9063","10000",1,0,0,0,0
"S00541A","9108","10000",1,0,0,0,0
"S00541D","V5889","10000",1,0,0,0,0
"S00541S","9062","10000",1,0,0,0,0
"S00542A","9108","10000",1,0,0,0,0
"S00542D","V5889","10000",1,0,0,0,0
"S00542S","9062","10000",1,0,0,0,0
"S00551A","9106","10000",1,0,0,0,0
"S00551D","V5889","10000",1,0,0,0,0
"S00551S","9062","10000",1,0,0,0,0
"S00552A","9106","10000",1,0,0,0,0
"S00552D","V5889","10000",1,0,0,0,0
"S00552S","9062","10000",1,0,0,0,0
"S00561A","9104","10000",1,0,0,0,0
"S00561D","V5889","10000",1,0,0,0,0
"S00561S","9062","10000",1,0,0,0,0
"S00562A","9104","10000",1,0,0,0,0
"S00562D","V5889","10000",1,0,0,0,0
"S00562S","9062","10000",1,0,0,0,0
"S00571A","9108","10000",1,0,0,0,0
"S00571D","V5889","10000",1,0,0,0,0
"S00571S","9062","10000",1,0,0,0,0
"S00572A","9108","10000",1,0,0,0,0
"S00572D","V5889","10000",1,0,0,0,0
"S00572S","9062","10000",1,0,0,0,0
"S0080XA","9108","10000",1,0,0,0,0
"S0080XD","V5889","10000",1,0,0,0,0
"S0080XS","9062","10000",1,0,0,0,0
"S0081XA","9100","10000",1,0,0,0,0
"S0081XD","V5889","10000",1,0,0,0,0
"S0081XS","9062","10000",1,0,0,0,0
"S0082XA","9102","10000",1,0,0,0,0
"S0082XD","V5889","10000",1,0,0,0,0
"S0082XS","9062","10000",1,0,0,0,0
"S0083XA","920","10000",1,0,0,0,0
"S0083XD","V5889","10000",1,0,0,0,0
"S0083XS","9063","10000",1,0,0,0,0
"S0084XA","9108","10000",1,0,0,0,0
"S0084XD","V5889","10000",1,0,0,0,0
"S0084XS","9062","10000",1,0,0,0,0
"S0085XA","9106","10000",1,0,0,0,0
"S0085XD","V5889","10000",1,0,0,0,0
"S0085XS","9062","10000",1,0,0,0,0
"S0086XA","9104","10000",1,0,0,0,0
"S0086XD","V5889","10000",1,0,0,0,0
"S0086XS","9062","10000",1,0,0,0,0
"S0087XA","9108","10000",1,0,0,0,0
"S0087XD","V5889","10000",1,0,0,0,0
"S0087XS","9062","10000",1,0,0,0,0
"S0090XA","9108","10000",1,0,0,0,0
"S0090XD","V5889","10000",1,0,0,0,0
"S0090XS","9062","10000",1,0,0,0,0
"S0091XA","9100","10000",1,0,0,0,0
"S0091XD","V5889","10000",1,0,0,0,0
"S0091XS","9062","10000",1,0,0,0,0
"S0092XA","9102","10000",1,0,0,0,0
"S0092XD","V5889","10000",1,0,0,0,0
"S0092XS","9062","10000",1,0,0,0,0
"S0093XA","920","10000",1,0,0,0,0
"S0093XD","V5889","10000",1,0,0,0,0
"S0093XS","9063","10000",1,0,0,0,0
"S0094XA","9108","10000",1,0,0,0,0
"S0094XD","V5889","10000",1,0,0,0,0
"S0094XS","9062","10000",1,0,0,0,0
"S0095XA","9106","10000",1,0,0,0,0
"S0095XD","V5889","10000",1,0,0,0,0
"S0095XS","9062","10000",1,0,0,0,0
"S0096XA","9104","10000",1,0,0,0,0
"S0096XD","V5889","10000",1,0,0,0,0
"S0096XS","9062","10000",1,0,0,0,0
"S0097XA","9108","10000",1,0,0,0,0
"S0097XD","V5889","10000",1,0,0,0,0
"S0097XS","9062","10000",1,0,0,0,0
"S0100XA","8730","10000",1,0,0,0,0
"S0100XD","V5889","10000",1,0,0,0,0
"S0100XS","9060","10000",1,0,0,0,0
"S0101XA","8730","10000",1,0,0,0,0
"S0101XD","V5889","10000",1,0,0,0,0
"S0101XS","9060","10000",1,0,0,0,0
"S0102XA","8731","10000",1,0,0,0,0
"S0102XD","V5889","10000",1,0,0,0,0
"S0102XS","9060","10000",1,0,0,0,0
"S0103XA","8730","10000",1,0,0,0,0
"S0103XD","V5889","10000",1,0,0,0,0
"S0103XS","9060","10000",1,0,0,0,0
"S0104XA","8731","10000",1,0,0,0,0
"S0104XD","V5889","10000",1,0,0,0,0
"S0104XS","9060","10000",1,0,0,0,0
"S0105XA","8730","10000",1,0,0,0,0
"S0105XD","V5889","10000",1,0,0,0,0
"S0105XS","9060","10000",1,0,0,0,0
"S01101A","8708","10000",1,0,0,0,0
"S01101A","8709","10000",1,0,0,0,0
"S01101D","V5889","10000",1,0,0,0,0
"S01101S","9060","10000",1,0,0,0,0
"S01102A","8708","10000",1,0,0,0,0
"S01102A","8709","10000",1,0,0,0,0
"S01102D","V5889","10000",1,0,0,0,0
"S01102S","9060","10000",1,0,0,0,0
"S01109A","8709","10000",1,0,0,0,0
"S01109D","V5889","10000",1,0,0,0,0
"S01109S","9060","10000",1,0,0,0,0
"S01111A","8700","10000",1,0,0,0,0
"S01111A","8702","10000",1,0,0,0,0
"S01111D","V5889","10000",1,0,0,0,0
"S01111S","9060","10000",1,0,0,0,0
"S01112A","8700","10000",1,0,0,0,0
"S01112A","8702","10000",1,0,0,0,0
"S01112D","V5889","10000",1,0,0,0,0
"S01112S","9060","10000",1,0,0,0,0
"S01119A","8700","10000",1,0,0,0,0
"S01119A","8702","10000",1,0,0,0,0
"S01119D","V5889","10000",1,0,0,0,0
"S01119S","9060","10000",1,0,0,0,0
"S01121A","8700","10000",1,0,0,0,0
"S01121A","8702","10000",1,0,0,0,0
"S01121D","V5889","10000",1,0,0,0,0
"S01121S","9060","10000",1,0,0,0,0
"S01122A","8700","10000",1,0,0,0,0
"S01122A","8702","10000",1,0,0,0,0
"S01122D","V5889","10000",1,0,0,0,0
"S01122S","9060","10000",1,0,0,0,0
"S01129A","8700","10000",1,0,0,0,0
"S01129A","8702","10000",1,0,0,0,0
"S01129D","V5889","10000",1,0,0,0,0
"S01129S","9060","10000",1,0,0,0,0
"S01131A","8700","10000",1,0,0,0,0
"S01131A","8702","10000",1,0,0,0,0
"S01131D","V5889","10000",1,0,0,0,0
"S01131S","9060","10000",1,0,0,0,0
"S01132A","8700","10000",1,0,0,0,0
"S01132A","8702","10000",1,0,0,0,0
"S01132D","V5889","10000",1,0,0,0,0
"S01132S","9060","10000",1,0,0,0,0
"S01139A","8700","10000",1,0,0,0,0
"S01139A","8702","10000",1,0,0,0,0
"S01139D","V5889","10000",1,0,0,0,0
"S01139S","9060","10000",1,0,0,0,0
"S01141A","8700","10000",1,0,0,0,0
"S01141A","8702","10000",1,0,0,0,0
"S01141D","V5889","10000",1,0,0,0,0
"S01141S","9060","10000",1,0,0,0,0
"S01142A","8700","10000",1,0,0,0,0
"S01142A","8702","10000",1,0,0,0,0
"S01142D","V5889","10000",1,0,0,0,0
"S01142S","9060","10000",1,0,0,0,0
"S01149A","8700","10000",1,0,0,0,0
"S01149A","8702","10000",1,0,0,0,0
"S01149D","V5889","10000",1,0,0,0,0
"S01149S","9060","10000",1,0,0,0,0
"S01151A","8700","10000",1,0,0,0,0
"S01151A","8702","10000",1,0,0,0,0
"S01151D","V5889","10000",1,0,0,0,0
"S01151S","9060","10000",1,0,0,0,0
"S01152A","8700","10000",1,0,0,0,0
"S01152A","8702","10000",1,0,0,0,0
"S01152D","V5889","10000",1,0,0,0,0
"S01152S","9060","10000",1,0,0,0,0
"S01159A","8700","10000",1,0,0,0,0
"S01159A","8702","10000",1,0,0,0,0
"S01159D","V5889","10000",1,0,0,0,0
"S01159S","9060","10000",1,0,0,0,0
"S0120XA","87320","10000",1,0,0,0,0
"S0120XD","V5889","10000",1,0,0,0,0
"S0120XS","9060","10000",1,0,0,0,0
"S0121XA","87320","10000",1,0,0,0,0
"S0121XD","V5889","10000",1,0,0,0,0
"S0121XS","9060","10000",1,0,0,0,0
"S0122XA","87330","10000",1,0,0,0,0
"S0122XD","V5889","10000",1,0,0,0,0
"S0122XS","9060","10000",1,0,0,0,0
"S0123XA","87320","10000",1,0,0,0,0
"S0123XD","V5889","10000",1,0,0,0,0
"S0123XS","9060","10000",1,0,0,0,0
"S0124XA","87330","10000",1,0,0,0,0
"S0124XD","V5889","10000",1,0,0,0,0
"S0124XS","9060","10000",1,0,0,0,0
"S0125XA","87320","10000",1,0,0,0,0
"S0125XD","V5889","10000",1,0,0,0,0
"S0125XS","9060","10000",1,0,0,0,0
"S01301A","87200","10000",1,0,0,0,0
"S01301A","87202","10000",1,0,0,0,0
"S01301D","V5889","10000",1,0,0,0,0
"S01301S","9060","10000",1,0,0,0,0
"S01302A","87200","10000",1,0,0,0,0
"S01302A","87201","10000",1,0,0,0,0
"S01302A","87202","10000",1,0,0,0,0
"S01302D","V5889","10000",1,0,0,0,0
"S01302S","9060","10000",1,0,0,0,0
"S01309A","87200","10000",1,0,0,0,0
"S01309A","87201","10000",1,0,0,0,0
"S01309D","V5889","10000",1,0,0,0,0
"S01309S","9060","10000",1,0,0,0,0
"S01311A","87201","10000",1,0,0,0,0
"S01311A","87202","10000",1,0,0,0,0
"S01311D","V5889","10000",1,0,0,0,0
"S01311S","9060","10000",1,0,0,0,0
"S01312A","87201","10000",1,0,0,0,0
"S01312A","87202","10000",1,0,0,0,0
"S01312D","V5889","10000",1,0,0,0,0
"S01312S","9060","10000",1,0,0,0,0
"S01319A","87201","10000",1,0,0,0,0
"S01319A","87202","10000",1,0,0,0,0
"S01319D","V5889","10000",1,0,0,0,0
"S01319S","9060","10000",1,0,0,0,0
"S01321A","87210","10000",1,0,0,0,0
"S01321D","V5889","10000",1,0,0,0,0
"S01321S","9060","10000",1,0,0,0,0
"S01322A","87210","10000",1,0,0,0,0
"S01322D","V5889","10000",1,0,0,0,0
"S01322S","9060","10000",1,0,0,0,0
"S01329A","87210","10000",1,0,0,0,0
"S01329D","V5889","10000",1,0,0,0,0
"S01329S","9060","10000",1,0,0,0,0
"S01331A","87201","10000",1,0,0,0,0
"S01331A","87202","10000",1,0,0,0,0
"S01331D","V5889","10000",1,0,0,0,0
"S01331S","9060","10000",1,0,0,0,0
"S01332A","87201","10000",1,0,0,0,0
"S01332A","87202","10000",1,0,0,0,0
"S01332D","V5889","10000",1,0,0,0,0
"S01332S","9060","10000",1,0,0,0,0
"S01339A","87201","10000",1,0,0,0,0
"S01339A","87202","10000",1,0,0,0,0
"S01339D","V5889","10000",1,0,0,0,0
"S01339S","9060","10000",1,0,0,0,0
"S01341A","87210","10000",1,0,0,0,0
"S01341D","V5889","10000",1,0,0,0,0
"S01341S","9060","10000",1,0,0,0,0
"S01342A","87210","10000",1,0,0,0,0
"S01342D","V5889","10000",1,0,0,0,0
"S01342S","9060","10000",1,0,0,0,0
"S01349A","87210","10000",1,0,0,0,0
"S01349D","V5889","10000",1,0,0,0,0
"S01349S","9060","10000",1,0,0,0,0
"S01351A","87201","10000",1,0,0,0,0
"S01351A","87202","10000",1,0,0,0,0
"S01351D","V5889","10000",1,0,0,0,0
"S01351S","9060","10000",1,0,0,0,0
"S01352A","87201","10000",1,0,0,0,0
"S01352A","87202","10000",1,0,0,0,0
"S01352D","V5889","10000",1,0,0,0,0
"S01352S","9060","10000",1,0,0,0,0
"S01359A","87201","10000",1,0,0,0,0
"S01359A","87202","10000",1,0,0,0,0
"S01359D","V5889","10000",1,0,0,0,0
"S01359S","9060","10000",1,0,0,0,0
"S01401A","87341","10000",1,0,0,0,0
"S01401A","87344","10000",1,0,0,0,0
"S01401D","V5889","10000",1,0,0,0,0
"S01401S","9060","10000",1,0,0,0,0
"S01402A","87341","10000",1,0,0,0,0
"S01402A","87344","10000",1,0,0,0,0
"S01402D","V5889","10000",1,0,0,0,0
"S01402S","9060","10000",1,0,0,0,0
"S01409A","87341","10000",1,0,0,0,0
"S01409A","87344","10000",1,0,0,0,0
"S01409D","V5889","10000",1,0,0,0,0
"S01409S","9060","10000",1,0,0,0,0
"S01411A","87341","10000",1,0,0,0,0
"S01411A","87344","10000",1,0,0,0,0
"S01411D","V5889","10000",1,0,0,0,0
"S01411S","9060","10000",1,0,0,0,0
"S01412A","87341","10000",1,0,0,0,0
"S01412A","87344","10000",1,0,0,0,0
"S01412D","V5889","10000",1,0,0,0,0
"S01412S","9060","10000",1,0,0,0,0
"S01419A","87341","10000",1,0,0,0,0
"S01419A","87344","10000",1,0,0,0,0
"S01419D","V5889","10000",1,0,0,0,0
"S01419S","9060","10000",1,0,0,0,0
"S01421A","87351","10000",1,0,0,0,0
"S01421A","87354","10000",1,0,0,0,0
"S01421D","V5889","10000",1,0,0,0,0
"S01421S","9060","10000",1,0,0,0,0
"S01422A","87351","10000",1,0,0,0,0
"S01422A","87354","10000",1,0,0,0,0
"S01422D","V5889","10000",1,0,0,0,0
"S01422S","9060","10000",1,0,0,0,0
"S01429A","87351","10000",1,0,0,0,0
"S01429A","87354","10000",1,0,0,0,0
"S01429D","V5889","10000",1,0,0,0,0
"S01429S","9060","10000",1,0,0,0,0
"S01431A","87341","10000",1,0,0,0,0
"S01431A","87344","10000",1,0,0,0,0
"S01431D","V5889","10000",1,0,0,0,0
"S01431S","9060","10000",1,0,0,0,0
"S01432A","87341","10000",1,0,0,0,0
"S01432A","87344","10000",1,0,0,0,0
"S01432D","V5889","10000",1,0,0,0,0
"S01432S","9060","10000",1,0,0,0,0
"S01439A","87341","10000",1,0,0,0,0
"S01439A","87344","10000",1,0,0,0,0
"S01439D","V5889","10000",1,0,0,0,0
"S01439S","9060","10000",1,0,0,0,0
"S01441A","87351","10000",1,0,0,0,0
"S01441A","87354","10000",1,0,0,0,0
"S01441D","V5889","10000",1,0,0,0,0
"S01441S","9060","10000",1,0,0,0,0
"S01442A","87351","10000",1,0,0,0,0
"S01442A","87354","10000",1,0,0,0,0
"S01442D","V5889","10000",1,0,0,0,0
"S01442S","9060","10000",1,0,0,0,0
"S01449A","87351","10000",1,0,0,0,0
"S01449A","87354","10000",1,0,0,0,0
"S01449D","V5889","10000",1,0,0,0,0
"S01449S","9060","10000",1,0,0,0,0
"S01451A","87341","10000",1,0,0,0,0
"S01451A","87344","10000",1,0,0,0,0
"S01451D","V5889","10000",1,0,0,0,0
"S01451S","9060","10000",1,0,0,0,0
"S01452A","87341","10000",1,0,0,0,0
"S01452A","87344","10000",1,0,0,0,0
"S01452D","V5889","10000",1,0,0,0,0
"S01452S","9060","10000",1,0,0,0,0
"S01459A","87341","10000",1,0,0,0,0
"S01459A","87344","10000",1,0,0,0,0
"S01459D","V5889","10000",1,0,0,0,0
"S01459S","9060","10000",1,0,0,0,0
"S01501A","87343","10000",1,0,0,0,0
"S01501D","V5889","10000",1,0,0,0,0
"S01501S","9060","10000",1,0,0,0,0
"S01502A","87360","10000",1,0,0,0,0
"S01502D","V5889","10000",1,0,0,0,0
"S01502S","9060","10000",1,0,0,0,0
"S01511A","87343","10000",1,0,0,0,0
"S01511D","V5889","10000",1,0,0,0,0
"S01511S","9060","10000",1,0,0,0,0
"S01512A","87360","10000",1,0,0,0,0
"S01512D","V5889","10000",1,0,0,0,0
"S01512S","9060","10000",1,0,0,0,0
"S01521A","87353","10000",1,0,0,0,0
"S01521D","V5889","10000",1,0,0,0,0
"S01521S","9060","10000",1,0,0,0,0
"S01522A","87370","10000",1,0,0,0,0
"S01522D","V5889","10000",1,0,0,0,0
"S01522S","9060","10000",1,0,0,0,0
"S01531A","87343","10000",1,0,0,0,0
"S01531D","V5889","10000",1,0,0,0,0
"S01531S","9060","10000",1,0,0,0,0
"S01532A","87360","10000",1,0,0,0,0
"S01532A","87361","10000",1,0,0,0,0
"S01532A","87362","10000",1,0,0,0,0
"S01532A","87364","10000",1,0,0,0,0
"S01532A","87365","10000",1,0,0,0,0
"S01532D","V5889","10000",1,0,0,0,0
"S01532S","9060","10000",1,0,0,0,0
"S01541A","87353","10000",1,0,0,0,0
"S01541D","V5889","10000",1,0,0,0,0
"S01541S","9060","10000",1,0,0,0,0
"S01542A","87370","10000",1,0,0,0,0
"S01542A","87371","10000",1,0,0,0,0
"S01542A","87372","10000",1,0,0,0,0
"S01542A","87374","10000",1,0,0,0,0
"S01542A","87375","10000",1,0,0,0,0
"S01542D","V5889","10000",1,0,0,0,0
"S01542S","9060","10000",1,0,0,0,0
"S01551A","87343","10000",1,0,0,0,0
"S01551D","V5889","10000",1,0,0,0,0
"S01551S","9060","10000",1,0,0,0,0
"S01552A","87360","10000",1,0,0,0,0
"S01552A","87361","10000",1,0,0,0,0
"S01552A","87362","10000",1,0,0,0,0
"S01552A","87364","10000",1,0,0,0,0
"S01552A","87365","10000",1,0,0,0,0
"S01552D","V5889","10000",1,0,0,0,0
"S01552S","9060","10000",1,0,0,0,0
"S0180XA","87342","10000",1,0,0,0,0
"S0180XA","87349","10000",1,0,0,0,0
"S0180XD","V5889","10000",1,0,0,0,0
"S0180XS","9060","10000",1,0,0,0,0
"S0181XA","87342","10000",1,0,0,0,0
"S0181XA","87349","10000",1,0,0,0,0
"S0181XD","V5889","10000",1,0,0,0,0
"S0181XS","9060","10000",1,0,0,0,0
"S0182XA","87352","10000",1,0,0,0,0
"S0182XA","87359","10000",1,0,0,0,0
"S0182XD","V5889","10000",1,0,0,0,0
"S0182XS","9060","10000",1,0,0,0,0
"S0183XA","87342","10000",1,0,0,0,0
"S0183XA","87349","10000",1,0,0,0,0
"S0183XD","V5889","10000",1,0,0,0,0
"S0183XS","9060","10000",1,0,0,0,0
"S0184XA","87352","10000",1,0,0,0,0
"S0184XA","87359","10000",1,0,0,0,0
"S0184XD","V5889","10000",1,0,0,0,0
"S0184XS","9060","10000",1,0,0,0,0
"S0185XA","87342","10000",1,0,0,0,0
"S0185XA","87349","10000",1,0,0,0,0
"S0185XD","V5889","10000",1,0,0,0,0
"S0185XS","9060","10000",1,0,0,0,0
"S0190XA","8738","10000",1,0,0,0,0
"S0190XA","8739","10000",1,0,0,0,0
"S0190XD","V5889","10000",1,0,0,0,0
"S0190XS","9060","10000",1,0,0,0,0
"S0191XA","8738","10000",1,0,0,0,0
"S0191XD","V5889","10000",1,0,0,0,0
"S0191XS","9060","10000",1,0,0,0,0
"S0192XA","8739","10000",1,0,0,0,0
"S0192XD","V5889","10000",1,0,0,0,0
"S0192XS","9060","10000",1,0,0,0,0
"S0193XA","8738","10000",1,0,0,0,0
"S0193XD","V5889","10000",1,0,0,0,0
"S0193XS","9060","10000",1,0,0,0,0
"S0194XA","8739","10000",1,0,0,0,0
"S0194XD","V5889","10000",1,0,0,0,0
"S0194XS","9060","10000",1,0,0,0,0
"S0195XA","8738","10000",1,0,0,0,0
"S0195XA","8739","10000",1,0,0,0,0
"S0195XD","V5889","10000",1,0,0,0,0
"S0195XS","9060","10000",1,0,0,0,0
"S020XXA","80000","10000",1,0,0,0,0
"S020XXB","80050","10000",1,0,0,0,0
"S020XXD","V5419","10000",1,0,0,0,0
"S020XXG","V5419","10000",1,0,0,0,0
"S020XXK","73382","10000",1,0,0,0,0
"S020XXS","9050","10000",1,0,0,0,0
"S0210XA","80100","10000",1,0,0,0,0
"S0210XB","80150","10000",1,0,0,0,0
"S0210XD","V5419","10000",1,0,0,0,0
"S0210XG","V5419","10000",1,0,0,0,0
"S0210XK","73382","10000",1,0,0,0,0
"S0210XS","9050","10000",1,0,0,0,0
"S02110A","80100","10000",1,0,0,0,0
"S02110B","80150","10000",1,0,0,0,0
"S02110D","V5419","10000",1,0,0,0,0
"S02110G","V5419","10000",1,0,0,0,0
"S02110K","73382","10000",1,0,0,0,0
"S02110S","9050","10000",1,0,0,0,0
"S02111A","80100","10000",1,0,0,0,0
"S02111B","80150","10000",1,0,0,0,0
"S02111D","V5419","10000",1,0,0,0,0
"S02111G","V5419","10000",1,0,0,0,0
"S02111K","73382","10000",1,0,0,0,0
"S02111S","9050","10000",1,0,0,0,0
"S02112A","80100","10000",1,0,0,0,0
"S02112B","80150","10000",1,0,0,0,0
"S02112D","V5419","10000",1,0,0,0,0
"S02112G","V5419","10000",1,0,0,0,0
"S02112K","73382","10000",1,0,0,0,0
"S02112S","9050","10000",1,0,0,0,0
"S02113A","80100","10000",1,0,0,0,0
"S02113B","80150","10000",1,0,0,0,0
"S02113D","V5419","10000",1,0,0,0,0
"S02113G","V5419","10000",1,0,0,0,0
"S02113K","73382","10000",1,0,0,0,0
"S02113S","9050","10000",1,0,0,0,0
"S02118A","80100","10000",1,0,0,0,0
"S02118B","80150","10000",1,0,0,0,0
"S02118D","V5419","10000",1,0,0,0,0
"S02118G","V5419","10000",1,0,0,0,0
"S02118K","73382","10000",1,0,0,0,0
"S02118S","9050","10000",1,0,0,0,0
"S02119A","80100","10000",1,0,0,0,0
"S02119B","80150","10000",1,0,0,0,0
"S02119D","V5419","10000",1,0,0,0,0
"S02119G","V5419","10000",1,0,0,0,0
"S02119K","73382","10000",1,0,0,0,0
"S02119S","9050","10000",1,0,0,0,0
"S0219XA","80100","10000",1,0,0,0,0
"S0219XB","80150","10000",1,0,0,0,0
"S0219XD","V5419","10000",1,0,0,0,0
"S0219XG","V5419","10000",1,0,0,0,0
"S0219XK","73382","10000",1,0,0,0,0
"S0219XS","9050","10000",1,0,0,0,0
"S022XXA","8020","10000",1,0,0,0,0
"S022XXB","8021","10000",1,0,0,0,0
"S022XXD","V5419","10000",1,0,0,0,0
"S022XXG","V5419","10000",1,0,0,0,0
"S022XXK","73382","10000",1,0,0,0,0
"S022XXS","9050","10000",1,0,0,0,0
"S023XXA","8026","10000",1,0,0,0,0
"S023XXB","8027","10000",1,0,0,0,0
"S023XXD","V5419","10000",1,0,0,0,0
"S023XXG","V5419","10000",1,0,0,0,0
"S023XXK","73382","10000",1,0,0,0,0
"S023XXS","9050","10000",1,0,0,0,0
"S02400A","8024","10000",1,0,0,0,0
"S02400B","8025","10000",1,0,0,0,0
"S02400D","V5419","10000",1,0,0,0,0
"S02400G","V5419","10000",1,0,0,0,0
"S02400K","73382","10000",1,0,0,0,0
"S02400S","9050","10000",1,0,0,0,0
"S02401A","8024","10000",1,0,0,0,0
"S02401B","8025","10000",1,0,0,0,0
"S02401D","V5419","10000",1,0,0,0,0
"S02401G","V5419","10000",1,0,0,0,0
"S02401K","73382","10000",1,0,0,0,0
"S02401S","9050","10000",1,0,0,0,0
"S02402A","8024","10000",1,0,0,0,0
"S02402B","8025","10000",1,0,0,0,0
"S02402D","V5419","10000",1,0,0,0,0
"S02402G","V5419","10000",1,0,0,0,0
"S02402K","73382","10000",1,0,0,0,0
"S02402S","9050","10000",1,0,0,0,0
"S02411A","8024","10000",1,0,0,0,0
"S02411B","8025","10000",1,0,0,0,0
"S02411D","V5419","10000",1,0,0,0,0
"S02411G","V5419","10000",1,0,0,0,0
"S02411K","73382","10000",1,0,0,0,0
"S02411S","9050","10000",1,0,0,0,0
"S02412A","8024","10000",1,0,0,0,0
"S02412B","8025","10000",1,0,0,0,0
"S02412D","V5419","10000",1,0,0,0,0
"S02412G","V5419","10000",1,0,0,0,0
"S02412K","73382","10000",1,0,0,0,0
"S02412S","9050","10000",1,0,0,0,0
"S02413A","8024","10000",1,0,0,0,0
"S02413B","8025","10000",1,0,0,0,0
"S02413D","V5419","10000",1,0,0,0,0
"S02413G","V5419","10000",1,0,0,0,0
"S02413K","73382","10000",1,0,0,0,0
"S02413S","9050","10000",1,0,0,0,0
"S0242XA","8028","10000",1,0,0,0,0
"S0242XB","8029","10000",1,0,0,0,0
"S0242XD","V5419","10000",1,0,0,0,0
"S0242XG","V5419","10000",1,0,0,0,0
"S0242XK","73382","10000",1,0,0,0,0
"S0242XS","9050","10000",1,0,0,0,0
"S025XXA","87363","10000",1,0,0,0,0
"S025XXB","87363","10000",1,0,0,0,0
"S025XXD","V5419","10000",1,0,0,0,0
"S025XXG","V5419","10000",1,0,0,0,0
"S025XXK","73382","10000",1,0,0,0,0
"S025XXS","9050","10000",1,0,0,0,0
"S02600A","80228","10000",1,0,0,0,0
"S02600B","80238","10000",1,0,0,0,0
"S02600D","V5419","10000",1,0,0,0,0
"S02600G","V5419","10000",1,0,0,0,0
"S02600K","73382","10000",1,0,0,0,0
"S02600S","9050","10000",1,0,0,0,0
"S02609A","80220","10000",1,0,0,0,0
"S02609B","80230","10000",1,0,0,0,0
"S02609D","V5419","10000",1,0,0,0,0
"S02609G","V5419","10000",1,0,0,0,0
"S02609K","73382","10000",1,0,0,0,0
"S02609S","9050","10000",1,0,0,0,0
"S0261XA","80221","10000",1,0,0,0,0
"S0261XB","80231","10000",1,0,0,0,0
"S0261XD","V5419","10000",1,0,0,0,0
"S0261XG","V5419","10000",1,0,0,0,0
"S0261XK","73382","10000",1,0,0,0,0
"S0261XS","9050","10000",1,0,0,0,0
"S0262XA","80222","10000",1,0,0,0,0
"S0262XB","80232","10000",1,0,0,0,0
"S0262XD","V5419","10000",1,0,0,0,0
"S0262XG","V5419","10000",1,0,0,0,0
"S0262XK","73382","10000",1,0,0,0,0
"S0262XS","9050","10000",1,0,0,0,0
"S0263XA","80223","10000",1,0,0,0,0
"S0263XB","80233","10000",1,0,0,0,0
"S0263XD","V5419","10000",1,0,0,0,0
"S0263XG","V5419","10000",1,0,0,0,0
"S0263XK","73382","10000",1,0,0,0,0
"S0263XS","9050","10000",1,0,0,0,0
"S0264XA","80224","10000",1,0,0,0,0
"S0264XB","80234","10000",1,0,0,0,0
"S0264XD","V5419","10000",1,0,0,0,0
"S0264XG","V5419","10000",1,0,0,0,0
"S0264XK","73382","10000",1,0,0,0,0
"S0264XS","9050","10000",1,0,0,0,0
"S0265XA","80225","10000",1,0,0,0,0
"S0265XB","80235","10000",1,0,0,0,0
"S0265XD","V5419","10000",1,0,0,0,0
"S0265XG","V5419","10000",1,0,0,0,0
"S0265XK","73382","10000",1,0,0,0,0
"S0265XS","9050","10000",1,0,0,0,0
"S0266XA","80226","10000",1,0,0,0,0
"S0266XB","80236","10000",1,0,0,0,0
"S0266XD","V5419","10000",1,0,0,0,0
"S0266XG","V5419","10000",1,0,0,0,0
"S0266XK","73382","10000",1,0,0,0,0
"S0266XS","9050","10000",1,0,0,0,0
"S0267XA","80227","10000",1,0,0,0,0
"S0267XB","80237","10000",1,0,0,0,0
"S0267XD","V5419","10000",1,0,0,0,0
"S0267XG","V5419","10000",1,0,0,0,0
"S0267XK","73382","10000",1,0,0,0,0
"S0267XS","9050","10000",1,0,0,0,0
"S0269XA","80220","10000",1,0,0,0,0
"S0269XB","80230","10000",1,0,0,0,0
"S0269XD","V5419","10000",1,0,0,0,0
"S0269XG","V5419","10000",1,0,0,0,0
"S0269XK","73382","10000",1,0,0,0,0
"S0269XS","9050","10000",1,0,0,0,0
"S028XXA","8028","10000",1,0,0,0,0
"S028XXB","8029","10000",1,0,0,0,0
"S028XXD","V5419","10000",1,0,0,0,0
"S028XXG","V5419","10000",1,0,0,0,0
"S028XXK","73382","10000",1,0,0,0,0
"S028XXS","9050","10000",1,0,0,0,0
"S0291XA","80300","10000",1,0,0,0,0
"S0291XB","80350","10000",1,0,0,0,0
"S0291XD","V5419","10000",1,0,0,0,0
"S0291XG","V5419","10000",1,0,0,0,0
"S0291XK","73382","10000",1,0,0,0,0
"S0291XS","9050","10000",1,0,0,0,0
"S0292XA","8028","10000",1,0,0,0,0
"S0292XB","8029","10000",1,0,0,0,0
"S0292XD","V5419","10000",1,0,0,0,0
"S0292XG","V5419","10000",1,0,0,0,0
"S0292XK","73382","10000",1,0,0,0,0
"S0292XS","9050","10000",1,0,0,0,0
"S030XXA","8300","10000",1,0,0,0,0
"S030XXD","V5889","10000",1,0,0,0,0
"S030XXS","9056","10000",1,0,0,0,0
"S031XXA","8480","10000",1,0,0,0,0
"S031XXD","V5889","10000",1,0,0,0,0
"S031XXS","9056","10000",1,0,0,0,0
"S032XXA","87363","10000",1,0,0,0,0
"S032XXD","V5889","10000",1,0,0,0,0
"S032XXS","9060","10000",1,0,0,0,0
"S034XXA","8481","10000",1,0,0,0,0
"S034XXD","V5889","10000",1,0,0,0,0
"S034XXS","9057","10000",1,0,0,0,0
"S038XXA","8488","10000",1,0,0,0,0
"S038XXD","V5889","10000",1,0,0,0,0
"S038XXS","9057","10000",1,0,0,0,0
"S039XXA","8488","10000",1,0,0,0,0
"S039XXD","V5889","10000",1,0,0,0,0
"S039XXS","9057","10000",1,0,0,0,0
"S04011A","9500","10000",1,0,0,0,0
"S04011D","V5889","10000",1,0,0,0,0
"S04011S","9071","10000",1,0,0,0,0
"S04012A","9500","10000",1,0,0,0,0
"S04012D","V5889","10000",1,0,0,0,0
"S04012S","9071","10000",1,0,0,0,0
"S04019A","9500","10000",1,0,0,0,0
"S04019D","V5889","10000",1,0,0,0,0
"S04019S","9071","10000",1,0,0,0,0
"S0402XA","9501","10000",1,0,0,0,0
"S0402XD","V5889","10000",1,0,0,0,0
"S0402XS","9071","10000",1,0,0,0,0
"S04031A","9502","10000",1,0,0,0,0
"S04031D","V5889","10000",1,0,0,0,0
"S04031S","9071","10000",1,0,0,0,0
"S04032A","9502","10000",1,0,0,0,0
"S04032D","V5889","10000",1,0,0,0,0
"S04032S","9071","10000",1,0,0,0,0
"S04039A","9502","10000",1,0,0,0,0
"S04039D","V5889","10000",1,0,0,0,0
"S04039S","9071","10000",1,0,0,0,0
"S04041A","9503","10000",1,0,0,0,0
"S04041D","V5889","10000",1,0,0,0,0
"S04041S","9071","10000",1,0,0,0,0
"S04042A","9503","10000",1,0,0,0,0
"S04042D","V5889","10000",1,0,0,0,0
"S04042S","9071","10000",1,0,0,0,0
"S04049A","9503","10000",1,0,0,0,0
"S04049D","V5889","10000",1,0,0,0,0
"S04049S","9071","10000",1,0,0,0,0
"S0410XA","9510","10000",1,0,0,0,0
"S0410XD","V5889","10000",1,0,0,0,0
"S0410XS","9071","10000",1,0,0,0,0
"S0411XA","9510","10000",1,0,0,0,0
"S0411XD","V5889","10000",1,0,0,0,0
"S0411XS","9071","10000",1,0,0,0,0
"S0412XA","9510","10000",1,0,0,0,0
"S0412XD","V5889","10000",1,0,0,0,0
"S0412XS","9071","10000",1,0,0,0,0
"S0420XA","9511","10000",1,0,0,0,0
"S0420XD","V5889","10000",1,0,0,0,0
"S0420XS","9071","10000",1,0,0,0,0
"S0421XA","9511","10000",1,0,0,0,0
"S0421XD","V5889","10000",1,0,0,0,0
"S0421XS","9071","10000",1,0,0,0,0
"S0422XA","9511","10000",1,0,0,0,0
"S0422XD","V5889","10000",1,0,0,0,0
"S0422XS","9071","10000",1,0,0,0,0
"S0430XA","9512","10000",1,0,0,0,0
"S0430XD","V5889","10000",1,0,0,0,0
"S0430XS","9071","10000",1,0,0,0,0
"S0431XA","9512","10000",1,0,0,0,0
"S0431XD","V5889","10000",1,0,0,0,0
"S0431XS","9071","10000",1,0,0,0,0
"S0432XA","9512","10000",1,0,0,0,0
"S0432XD","V5889","10000",1,0,0,0,0
"S0432XS","9071","10000",1,0,0,0,0
"S0440XA","9513","10000",1,0,0,0,0
"S0440XD","V5889","10000",1,0,0,0,0
"S0440XS","9071","10000",1,0,0,0,0
"S0441XA","9513","10000",1,0,0,0,0
"S0441XD","V5889","10000",1,0,0,0,0
"S0441XS","9071","10000",1,0,0,0,0
"S0442XA","9513","10000",1,0,0,0,0
"S0442XD","V5889","10000",1,0,0,0,0
"S0442XS","9071","10000",1,0,0,0,0
"S0450XA","9514","10000",1,0,0,0,0
"S0450XD","V5889","10000",1,0,0,0,0
"S0450XS","9071","10000",1,0,0,0,0
"S0451XA","9514","10000",1,0,0,0,0
"S0451XD","V5889","10000",1,0,0,0,0
"S0451XS","9071","10000",1,0,0,0,0
"S0452XA","9514","10000",1,0,0,0,0
"S0452XD","V5889","10000",1,0,0,0,0
"S0452XS","9071","10000",1,0,0,0,0
"S0460XA","9515","10000",1,0,0,0,0
"S0460XD","V5889","10000",1,0,0,0,0
"S0460XS","9071","10000",1,0,0,0,0
"S0461XA","9515","10000",1,0,0,0,0
"S0461XD","V5889","10000",1,0,0,0,0
"S0461XS","9071","10000",1,0,0,0,0
"S0462XA","9515","10000",1,0,0,0,0
"S0462XD","V5889","10000",1,0,0,0,0
"S0462XS","9071","10000",1,0,0,0,0
"S0470XA","9516","10000",1,0,0,0,0
"S0470XD","V5889","10000",1,0,0,0,0
"S0470XS","9071","10000",1,0,0,0,0
"S0471XA","9516","10000",1,0,0,0,0
"S0471XD","V5889","10000",1,0,0,0,0
"S0471XS","9071","10000",1,0,0,0,0
"S0472XA","9516","10000",1,0,0,0,0
"S0472XD","V5889","10000",1,0,0,0,0
"S0472XS","9071","10000",1,0,0,0,0
"S04811A","9518","10000",1,0,0,0,0
"S04811D","V5889","10000",1,0,0,0,0
"S04811S","9071","10000",1,0,0,0,0
"S04812A","9518","10000",1,0,0,0,0
"S04812D","V5889","10000",1,0,0,0,0
"S04812S","9071","10000",1,0,0,0,0
"S04819A","9518","10000",1,0,0,0,0
"S04819D","V5889","10000",1,0,0,0,0
"S04819S","9071","10000",1,0,0,0,0
"S04891A","9517","10000",1,0,0,0,0
"S04891A","9518","10000",1,0,0,0,0
"S04891D","V5889","10000",1,0,0,0,0
"S04891S","9071","10000",1,0,0,0,0
"S04892A","9517","10000",1,0,0,0,0
"S04892A","9518","10000",1,0,0,0,0
"S04892D","V5889","10000",1,0,0,0,0
"S04892S","9071","10000",1,0,0,0,0
"S04899A","9517","10000",1,0,0,0,0
"S04899A","9518","10000",1,0,0,0,0
"S04899D","V5889","10000",1,0,0,0,0
"S04899S","9071","10000",1,0,0,0,0
"S049XXA","9519","10000",1,0,0,0,0
"S049XXD","V5889","10000",1,0,0,0,0
"S049XXS","9071","10000",1,0,0,0,0
"S0500XA","9181","10000",1,0,0,0,0
"S0500XA","9182","10000",1,0,0,0,0
"S0500XD","V5889","10000",1,0,0,0,0
"S0500XS","9062","10000",1,0,0,0,0
"S0501XA","9181","10000",1,0,0,0,0
"S0501XA","9182","10000",1,0,0,0,0
"S0501XD","V5889","10000",1,0,0,0,0
"S0501XS","9062","10000",1,0,0,0,0
"S0502XA","9181","10000",1,0,0,0,0
"S0502XA","9182","10000",1,0,0,0,0
"S0502XD","V5889","10000",1,0,0,0,0
"S0502XS","9062","10000",1,0,0,0,0
"S0510XA","9212","10000",1,0,0,0,0
"S0510XA","9213","10000",1,0,0,0,0
"S0510XD","V5889","10000",1,0,0,0,0
"S0510XS","9063","10000",1,0,0,0,0
"S0511XA","9212","10000",1,0,0,0,0
"S0511XA","9213","10000",1,0,0,0,0
"S0511XD","V5889","10000",1,0,0,0,0
"S0511XS","9063","10000",1,0,0,0,0
"S0512XA","9212","10000",1,0,0,0,0
"S0512XA","9213","10000",1,0,0,0,0
"S0512XD","V5889","10000",1,0,0,0,0
"S0512XS","9063","10000",1,0,0,0,0
"S0520XA","8711","10000",1,0,0,0,0
"S0520XA","8712","10000",1,0,0,0,0
"S0520XD","V5889","10000",1,0,0,0,0
"S0520XS","9060","10000",1,0,0,0,0
"S0521XA","8711","10000",1,0,0,0,0
"S0521XA","8712","10000",1,0,0,0,0
"S0521XD","V5889","10000",1,0,0,0,0
"S0521XS","9060","10000",1,0,0,0,0
"S0522XA","8711","10000",1,0,0,0,0
"S0522XA","8712","10000",1,0,0,0,0
"S0522XD","V5889","10000",1,0,0,0,0
"S0522XS","9060","10000",1,0,0,0,0
"S0530XA","8710","10000",1,0,0,0,0
"S0530XD","V5889","10000",1,0,0,0,0
"S0530XS","9060","10000",1,0,0,0,0
"S0531XA","8710","10000",1,0,0,0,0
"S0531XD","V5889","10000",1,0,0,0,0
"S0531XS","9060","10000",1,0,0,0,0
"S0532XA","8710","10000",1,0,0,0,0
"S0532XD","V5889","10000",1,0,0,0,0
"S0532XS","9060","10000",1,0,0,0,0
"S0540XA","8703","10000",1,0,0,0,0
"S0540XA","8704","10000",1,0,0,0,0
"S0540XD","V5889","10000",1,0,0,0,0
"S0540XS","9060","10000",1,0,0,0,0
"S0541XA","8703","10000",1,0,0,0,0
"S0541XA","8704","10000",1,0,0,0,0
"S0541XD","V5889","10000",1,0,0,0,0
"S0541XS","9060","10000",1,0,0,0,0
"S0542XA","8703","10000",1,0,0,0,0
"S0542XA","8704","10000",1,0,0,0,0
"S0542XD","V5889","10000",1,0,0,0,0
"S0542XS","9060","10000",1,0,0,0,0
"S0550XA","8715","10000",1,0,0,0,0
"S0550XA","8716","10000",1,0,0,0,0
"S0550XD","V5889","10000",1,0,0,0,0
"S0550XS","9060","10000",1,0,0,0,0
"S0551XA","8715","10000",1,0,0,0,0
"S0551XA","8716","10000",1,0,0,0,0
"S0551XD","V5889","10000",1,0,0,0,0
"S0551XS","9060","10000",1,0,0,0,0
"S0552XA","8715","10000",1,0,0,0,0
"S0552XA","8716","10000",1,0,0,0,0
"S0552XD","V5889","10000",1,0,0,0,0
"S0552XS","9060","10000",1,0,0,0,0
"S0560XA","8717","10000",1,0,0,0,0
"S0560XD","V5889","10000",1,0,0,0,0
"S0560XS","9060","10000",1,0,0,0,0
"S0561XA","8717","10000",1,0,0,0,0
"S0561XD","V5889","10000",1,0,0,0,0
"S0561XS","9060","10000",1,0,0,0,0
"S0562XA","8717","10000",1,0,0,0,0
"S0562XD","V5889","10000",1,0,0,0,0
"S0562XS","9060","10000",1,0,0,0,0
"S0570XA","8713","10000",1,0,0,0,0
"S0570XD","V5889","10000",1,0,0,0,0
"S0570XS","9089","10000",1,0,0,0,0
"S0571XA","8713","10000",1,0,0,0,0
"S0571XD","V5889","10000",1,0,0,0,0
"S0571XS","9089","10000",1,0,0,0,0
"S0572XA","8713","10000",1,0,0,0,0
"S0572XD","V5889","10000",1,0,0,0,0
"S0572XS","9089","10000",1,0,0,0,0
"S058X1A","8719","10000",1,0,0,0,0
"S058X1D","V5889","10000",1,0,0,0,0
"S058X1S","9089","10000",1,0,0,0,0
"S058X2A","8719","10000",1,0,0,0,0
"S058X2D","V5889","10000",1,0,0,0,0
"S058X2S","9089","10000",1,0,0,0,0
"S058X9A","8719","10000",1,0,0,0,0
"S058X9D","V5889","10000",1,0,0,0,0
"S058X9S","9089","10000",1,0,0,0,0
"S0590XA","8719","10000",1,0,0,0,0
"S0590XA","9189","10000",1,0,0,0,0
"S0590XA","9219","10000",1,0,0,0,0
"S0590XD","V5889","10000",1,0,0,0,0
"S0590XS","9089","10000",1,0,0,0,0
"S0591XA","8719","10000",1,0,0,0,0
"S0591XD","V5889","10000",1,0,0,0,0
"S0591XS","9089","10000",1,0,0,0,0
"S0592XA","8719","10000",1,0,0,0,0
"S0592XD","V5889","10000",1,0,0,0,0
"S0592XS","9089","10000",1,0,0,0,0
"S060X0A","8500","10000",1,0,0,0,0
"S060X0D","V5889","10000",1,0,0,0,0
"S060X0S","9070","10000",1,0,0,0,0
"S060X1A","85011","10000",1,0,0,0,0
"S060X1D","V5889","10000",1,0,0,0,0
"S060X1S","9070","10000",1,0,0,0,0
"S060X2A","85012","10000",1,0,0,0,0
"S060X2D","V5889","10000",1,0,0,0,0
"S060X2S","9070","10000",1,0,0,0,0
"S060X3A","8502","10000",1,0,0,0,0
"S060X3D","V5889","10000",1,0,0,0,0
"S060X3S","9070","10000",1,0,0,0,0
"S060X4A","8502","10000",1,0,0,0,0
"S060X4D","V5889","10000",1,0,0,0,0
"S060X4S","9070","10000",1,0,0,0,0
"S060X5A","8503","10000",1,0,0,0,0
"S060X5D","V5889","10000",1,0,0,0,0
"S060X5S","9070","10000",1,0,0,0,0
"S060X6A","8504","10000",1,0,0,0,0
"S060X6D","V5889","10000",1,0,0,0,0
"S060X6S","9070","10000",1,0,0,0,0
"S060X7A","8505","10000",1,0,0,0,0
"S060X7D","V5889","10000",1,0,0,0,0
"S060X7S","9070","10000",1,0,0,0,0
"S060X8A","8505","10000",1,0,0,0,0
"S060X8D","V5889","10000",1,0,0,0,0
"S060X8S","9070","10000",1,0,0,0,0
"S060X9A","8505","10000",1,0,0,0,0
"S060X9D","V5889","10000",1,0,0,0,0
"S060X9S","9070","10000",1,0,0,0,0
"S061X0A","3485","10112",1,0,1,1,2
"S061X0A","85401","10111",1,0,1,1,1
"S061X0D","V5889","10000",1,0,0,0,0
"S061X0S","9070","10000",1,0,0,0,0
"S061X1A","3485","10112",1,0,1,1,2
"S061X1A","85402","10111",1,0,1,1,1
"S061X1D","V5889","10000",1,0,0,0,0
"S061X1S","9070","10000",1,0,0,0,0
"S061X2A","3485","10112",1,0,1,1,2
"S061X2A","85402","10111",1,0,1,1,1
"S061X2D","V5889","10000",1,0,0,0,0
"S061X2S","9070","10000",1,0,0,0,0
"S061X3A","3485","10112",1,0,1,1,2
"S061X3A","85403","10111",1,0,1,1,1
"S061X3D","V5889","10000",1,0,0,0,0
"S061X3S","9070","10000",1,0,0,0,0
"S061X4A","3485","10112",1,0,1,1,2
"S061X4A","85403","10111",1,0,1,1,1
"S061X4D","V5889","10000",1,0,0,0,0
"S061X4S","9070","10000",1,0,0,0,0
"S061X5A","3485","10112",1,0,1,1,2
"S061X5A","85404","10111",1,0,1,1,1
"S061X5D","V5889","10000",1,0,0,0,0
"S061X5S","9070","10000",1,0,0,0,0
"S061X6A","3485","10112",1,0,1,1,2
"S061X6A","85405","10111",1,0,1,1,1
"S061X6D","V5889","10000",1,0,0,0,0
"S061X6S","9070","10000",1,0,0,0,0
"S061X7A","3485","10112",1,0,1,1,2
"S061X7A","85405","10111",1,0,1,1,1
"S061X7D","V5889","10000",1,0,0,0,0
"S061X7S","9070","10000",1,0,0,0,0
"S061X8A","3485","10112",1,0,1,1,2
"S061X8A","85405","10111",1,0,1,1,1
"S061X8D","V5889","10000",1,0,0,0,0
"S061X8S","9070","10000",1,0,0,0,0
"S061X9A","3485","10112",1,0,1,1,2
"S061X9A","85406","10111",1,0,1,1,1
"S061X9D","V5889","10000",1,0,0,0,0
"S061X9S","9070","10000",1,0,0,0,0
"S062X0A","85401","10000",1,0,0,0,0
"S062X0D","V5889","10000",1,0,0,0,0
"S062X0S","9070","10000",1,0,0,0,0
"S062X1A","85402","10000",1,0,0,0,0
"S062X1D","V5889","10000",1,0,0,0,0
"S062X1S","9070","10000",1,0,0,0,0
"S062X2A","85402","10000",1,0,0,0,0
"S062X2D","V5889","10000",1,0,0,0,0
"S062X2S","9070","10000",1,0,0,0,0
"S062X3A","85403","10000",1,0,0,0,0
"S062X3D","V5889","10000",1,0,0,0,0
"S062X3S","9070","10000",1,0,0,0,0
"S062X4A","85403","10000",1,0,0,0,0
"S062X4D","V5889","10000",1,0,0,0,0
"S062X4S","9070","10000",1,0,0,0,0
"S062X5A","85404","10000",1,0,0,0,0
"S062X5D","V5889","10000",1,0,0,0,0
"S062X5S","9070","10000",1,0,0,0,0
"S062X6A","85405","10000",1,0,0,0,0
"S062X6D","V5889","10000",1,0,0,0,0
"S062X6S","9070","10000",1,0,0,0,0
"S062X7A","85405","10000",1,0,0,0,0
"S062X7D","V5889","10000",1,0,0,0,0
"S062X7S","9070","10000",1,0,0,0,0
"S062X8A","85405","10000",1,0,0,0,0
"S062X8D","V5889","10000",1,0,0,0,0
"S062X8S","9070","10000",1,0,0,0,0
"S062X9A","85406","10000",1,0,0,0,0
"S062X9D","V5889","10000",1,0,0,0,0
"S062X9S","9070","10000",1,0,0,0,0
"S06300A","85401","10000",1,0,0,0,0
"S06300D","V5889","10000",1,0,0,0,0
"S06300S","9070","10000",1,0,0,0,0
"S06301A","85402","10000",1,0,0,0,0
"S06301D","V5889","10000",1,0,0,0,0
"S06301S","9070","10000",1,0,0,0,0
"S06302A","85402","10000",1,0,0,0,0
"S06302D","V5889","10000",1,0,0,0,0
"S06302S","9070","10000",1,0,0,0,0
"S06303A","85403","10000",1,0,0,0,0
"S06303D","V5889","10000",1,0,0,0,0
"S06303S","9070","10000",1,0,0,0,0
"S06304A","85403","10000",1,0,0,0,0
"S06304D","V5889","10000",1,0,0,0,0
"S06304S","9070","10000",1,0,0,0,0
"S06305A","85404","10000",1,0,0,0,0
"S06305D","V5889","10000",1,0,0,0,0
"S06305S","9070","10000",1,0,0,0,0
"S06306A","85405","10000",1,0,0,0,0
"S06306D","V5889","10000",1,0,0,0,0
"S06306S","9070","10000",1,0,0,0,0
"S06307A","85405","10000",1,0,0,0,0
"S06307D","V5889","10000",1,0,0,0,0
"S06307S","9070","10000",1,0,0,0,0
"S06308A","85405","10000",1,0,0,0,0
"S06308D","V5889","10000",1,0,0,0,0
"S06308S","9070","10000",1,0,0,0,0
"S06309A","85406","10000",1,0,0,0,0
"S06309D","V5889","10000",1,0,0,0,0
"S06309S","9070","10000",1,0,0,0,0
"S06310A","85181","10000",1,0,0,0,0
"S06310D","V5889","10000",1,0,0,0,0
"S06310S","9070","10000",1,0,0,0,0
"S06311A","85182","10000",1,0,0,0,0
"S06311D","V5889","10000",1,0,0,0,0
"S06311S","9070","10000",1,0,0,0,0
"S06312A","85182","10000",1,0,0,0,0
"S06312D","V5889","10000",1,0,0,0,0
"S06312S","9070","10000",1,0,0,0,0
"S06313A","85183","10000",1,0,0,0,0
"S06313D","V5889","10000",1,0,0,0,0
"S06313S","9070","10000",1,0,0,0,0
"S06314A","85183","10000",1,0,0,0,0
"S06314D","V5889","10000",1,0,0,0,0
"S06314S","9070","10000",1,0,0,0,0
"S06315A","85184","10000",1,0,0,0,0
"S06315D","V5889","10000",1,0,0,0,0
"S06315S","9070","10000",1,0,0,0,0
"S06316A","85185","10000",1,0,0,0,0
"S06316D","V5889","10000",1,0,0,0,0
"S06316S","9070","10000",1,0,0,0,0
"S06317A","85185","10000",1,0,0,0,0
"S06317D","V5889","10000",1,0,0,0,0
"S06317S","9070","10000",1,0,0,0,0
"S06318A","85185","10000",1,0,0,0,0
"S06318D","V5889","10000",1,0,0,0,0
"S06318S","9070","10000",1,0,0,0,0
"S06319A","85186","10000",1,0,0,0,0
"S06319D","V5889","10000",1,0,0,0,0
"S06319S","9070","10000",1,0,0,0,0
"S06320A","85181","10000",1,0,0,0,0
"S06320D","V5889","10000",1,0,0,0,0
"S06320S","9070","10000",1,0,0,0,0
"S06321A","85182","10000",1,0,0,0,0
"S06321D","V5889","10000",1,0,0,0,0
"S06321S","9070","10000",1,0,0,0,0
"S06322A","85182","10000",1,0,0,0,0
"S06322D","V5889","10000",1,0,0,0,0
"S06322S","9070","10000",1,0,0,0,0
"S06323A","85183","10000",1,0,0,0,0
"S06323D","V5889","10000",1,0,0,0,0
"S06323S","9070","10000",1,0,0,0,0
"S06324A","85183","10000",1,0,0,0,0
"S06324D","V5889","10000",1,0,0,0,0
"S06324S","9070","10000",1,0,0,0,0
"S06325A","85184","10000",1,0,0,0,0
"S06325D","V5889","10000",1,0,0,0,0
"S06325S","9070","10000",1,0,0,0,0
"S06326A","85185","10000",1,0,0,0,0
"S06326D","V5889","10000",1,0,0,0,0
"S06326S","9070","10000",1,0,0,0,0
"S06327A","85185","10000",1,0,0,0,0
"S06327D","V5889","10000",1,0,0,0,0
"S06327S","9070","10000",1,0,0,0,0
"S06328A","85185","10000",1,0,0,0,0
"S06328D","V5889","10000",1,0,0,0,0
"S06328S","9070","10000",1,0,0,0,0
"S06329A","85186","10000",1,0,0,0,0
"S06329D","V5889","10000",1,0,0,0,0
"S06329S","9070","10000",1,0,0,0,0
"S06330A","85181","10000",1,0,0,0,0
"S06330D","V5889","10000",1,0,0,0,0
"S06330S","9070","10000",1,0,0,0,0
"S06331A","85182","10000",1,0,0,0,0
"S06331D","V5889","10000",1,0,0,0,0
"S06331S","9070","10000",1,0,0,0,0
"S06332A","85182","10000",1,0,0,0,0
"S06332D","V5889","10000",1,0,0,0,0
"S06332S","9070","10000",1,0,0,0,0
"S06333A","85183","10000",1,0,0,0,0
"S06333D","V5889","10000",1,0,0,0,0
"S06333S","9070","10000",1,0,0,0,0
"S06334A","85183","10000",1,0,0,0,0
"S06334D","V5889","10000",1,0,0,0,0
"S06334S","9070","10000",1,0,0,0,0
"S06335A","85184","10000",1,0,0,0,0
"S06335D","V5889","10000",1,0,0,0,0
"S06335S","9070","10000",1,0,0,0,0
"S06336A","85185","10000",1,0,0,0,0
"S06336D","V5889","10000",1,0,0,0,0
"S06336S","9070","10000",1,0,0,0,0
"S06337A","85185","10000",1,0,0,0,0
"S06337D","V5889","10000",1,0,0,0,0
"S06337S","9070","10000",1,0,0,0,0
"S06338A","85185","10000",1,0,0,0,0
"S06338D","V5889","10000",1,0,0,0,0
"S06338S","9070","10000",1,0,0,0,0
"S06339A","85186","10000",1,0,0,0,0
"S06339D","V5889","10000",1,0,0,0,0
"S06339S","9070","10000",1,0,0,0,0
"S06340A","85301","10000",1,0,0,0,0
"S06340D","V5889","10000",1,0,0,0,0
"S06340S","9070","10000",1,0,0,0,0
"S06341A","85302","10000",1,0,0,0,0
"S06341D","V5889","10000",1,0,0,0,0
"S06341S","9070","10000",1,0,0,0,0
"S06342A","85302","10000",1,0,0,0,0
"S06342D","V5889","10000",1,0,0,0,0
"S06342S","9070","10000",1,0,0,0,0
"S06343A","85303","10000",1,0,0,0,0
"S06343D","V5889","10000",1,0,0,0,0
"S06343S","9070","10000",1,0,0,0,0
"S06344A","85303","10000",1,0,0,0,0
"S06344D","V5889","10000",1,0,0,0,0
"S06344S","9070","10000",1,0,0,0,0
"S06345A","85304","10000",1,0,0,0,0
"S06345D","V5889","10000",1,0,0,0,0
"S06345S","9070","10000",1,0,0,0,0
"S06346A","85305","10000",1,0,0,0,0
"S06346D","V5889","10000",1,0,0,0,0
"S06346S","9070","10000",1,0,0,0,0
"S06347A","85305","10000",1,0,0,0,0
"S06347D","V5889","10000",1,0,0,0,0
"S06347S","9070","10000",1,0,0,0,0
"S06348A","85305","10000",1,0,0,0,0
"S06348D","V5889","10000",1,0,0,0,0
"S06348S","9070","10000",1,0,0,0,0
"S06349A","85306","10000",1,0,0,0,0
"S06349D","V5889","10000",1,0,0,0,0
"S06349S","9070","10000",1,0,0,0,0
"S06350A","85301","10000",1,0,0,0,0
"S06350D","V5889","10000",1,0,0,0,0
"S06350S","9070","10000",1,0,0,0,0
"S06351A","85302","10000",1,0,0,0,0
"S06351D","V5889","10000",1,0,0,0,0
"S06351S","9070","10000",1,0,0,0,0
"S06352A","85302","10000",1,0,0,0,0
"S06352D","V5889","10000",1,0,0,0,0
"S06352S","9070","10000",1,0,0,0,0
"S06353A","85303","10000",1,0,0,0,0
"S06353D","V5889","10000",1,0,0,0,0
"S06353S","9070","10000",1,0,0,0,0
"S06354A","85303","10000",1,0,0,0,0
"S06354D","V5889","10000",1,0,0,0,0
"S06354S","9070","10000",1,0,0,0,0
"S06355A","85304","10000",1,0,0,0,0
"S06355D","V5889","10000",1,0,0,0,0
"S06355S","9070","10000",1,0,0,0,0
"S06356A","85305","10000",1,0,0,0,0
"S06356D","V5889","10000",1,0,0,0,0
"S06356S","9070","10000",1,0,0,0,0
"S06357A","85305","10000",1,0,0,0,0
"S06357D","V5889","10000",1,0,0,0,0
"S06357S","9070","10000",1,0,0,0,0
"S06358A","85305","10000",1,0,0,0,0
"S06358D","V5889","10000",1,0,0,0,0
"S06358S","9070","10000",1,0,0,0,0
"S06359A","85306","10000",1,0,0,0,0
"S06359D","V5889","10000",1,0,0,0,0
"S06359S","9070","10000",1,0,0,0,0
"S06360A","85301","10000",1,0,0,0,0
"S06360D","V5889","10000",1,0,0,0,0
"S06360S","9070","10000",1,0,0,0,0
"S06361A","85302","10000",1,0,0,0,0
"S06361D","V5889","10000",1,0,0,0,0
"S06361S","9070","10000",1,0,0,0,0
"S06362A","85302","10000",1,0,0,0,0
"S06362D","V5889","10000",1,0,0,0,0
"S06362S","9070","10000",1,0,0,0,0
"S06363A","85303","10000",1,0,0,0,0
"S06363D","V5889","10000",1,0,0,0,0
"S06363S","9070","10000",1,0,0,0,0
"S06364A","85303","10000",1,0,0,0,0
"S06364D","V5889","10000",1,0,0,0,0
"S06364S","9070","10000",1,0,0,0,0
"S06365A","85304","10000",1,0,0,0,0
"S06365D","V5889","10000",1,0,0,0,0
"S06365S","9070","10000",1,0,0,0,0
"S06366A","85305","10000",1,0,0,0,0
"S06366D","V5889","10000",1,0,0,0,0
"S06366S","9070","10000",1,0,0,0,0
"S06367A","85305","10000",1,0,0,0,0
"S06367D","V5889","10000",1,0,0,0,0
"S06367S","9070","10000",1,0,0,0,0
"S06368A","85305","10000",1,0,0,0,0
"S06368D","V5889","10000",1,0,0,0,0
"S06368S","9070","10000",1,0,0,0,0
"S06369A","85306","10000",1,0,0,0,0
"S06369D","V5889","10000",1,0,0,0,0
"S06369S","9070","10000",1,0,0,0,0
"S06370A","85141","10000",1,0,0,0,0
"S06370A","85161","10000",1,0,0,0,0
"S06370D","V5889","10000",1,0,0,0,0
"S06370S","9070","10000",1,0,0,0,0
"S06371A","85142","10000",1,0,0,0,0
"S06371A","85162","10000",1,0,0,0,0
"S06371D","V5889","10000",1,0,0,0,0
"S06371S","9070","10000",1,0,0,0,0
"S06372A","85142","10000",1,0,0,0,0
"S06372A","85162","10000",1,0,0,0,0
"S06372D","V5889","10000",1,0,0,0,0
"S06372S","9070","10000",1,0,0,0,0
"S06373A","85143","10000",1,0,0,0,0
"S06373A","85163","10000",1,0,0,0,0
"S06373D","V5889","10000",1,0,0,0,0
"S06373S","9070","10000",1,0,0,0,0
"S06374A","85143","10000",1,0,0,0,0
"S06374A","85163","10000",1,0,0,0,0
"S06374D","V5889","10000",1,0,0,0,0
"S06374S","9070","10000",1,0,0,0,0
"S06375A","85144","10000",1,0,0,0,0
"S06375A","85164","10000",1,0,0,0,0
"S06375D","V5889","10000",1,0,0,0,0
"S06375S","9070","10000",1,0,0,0,0
"S06376A","85145","10000",1,0,0,0,0
"S06376A","85165","10000",1,0,0,0,0
"S06376D","V5889","10000",1,0,0,0,0
"S06376S","9070","10000",1,0,0,0,0
"S06377A","85145","10000",1,0,0,0,0
"S06377A","85165","10000",1,0,0,0,0
"S06377D","V5889","10000",1,0,0,0,0
"S06377S","9070","10000",1,0,0,0,0
"S06378A","85145","10000",1,0,0,0,0
"S06378A","85165","10000",1,0,0,0,0
"S06378D","V5889","10000",1,0,0,0,0
"S06378S","9070","10000",1,0,0,0,0
"S06379A","85146","10000",1,0,0,0,0
"S06379A","85166","10000",1,0,0,0,0
"S06379D","V5889","10000",1,0,0,0,0
"S06379S","9070","10000",1,0,0,0,0
"S06380A","85141","10000",1,0,0,0,0
"S06380A","85161","10000",1,0,0,0,0
"S06380D","V5889","10000",1,0,0,0,0
"S06380S","9070","10000",1,0,0,0,0
"S06381A","85142","10000",1,0,0,0,0
"S06381A","85162","10000",1,0,0,0,0
"S06381D","V5889","10000",1,0,0,0,0
"S06381S","9070","10000",1,0,0,0,0
"S06382A","85142","10000",1,0,0,0,0
"S06382A","85162","10000",1,0,0,0,0
"S06382D","V5889","10000",1,0,0,0,0
"S06382S","9070","10000",1,0,0,0,0
"S06383A","85143","10000",1,0,0,0,0
"S06383A","85163","10000",1,0,0,0,0
"S06383D","V5889","10000",1,0,0,0,0
"S06383S","9070","10000",1,0,0,0,0
"S06384A","85143","10000",1,0,0,0,0
"S06384A","85163","10000",1,0,0,0,0
"S06384D","V5889","10000",1,0,0,0,0
"S06384S","9070","10000",1,0,0,0,0
"S06385A","85144","10000",1,0,0,0,0
"S06385A","85164","10000",1,0,0,0,0
"S06385D","V5889","10000",1,0,0,0,0
"S06385S","9070","10000",1,0,0,0,0
"S06386A","85145","10000",1,0,0,0,0
"S06386A","85165","10000",1,0,0,0,0
"S06386D","V5889","10000",1,0,0,0,0
"S06386S","9070","10000",1,0,0,0,0
"S06387A","85145","10000",1,0,0,0,0
"S06387A","85165","10000",1,0,0,0,0
"S06387D","V5889","10000",1,0,0,0,0
"S06387S","9070","10000",1,0,0,0,0
"S06388A","85145","10000",1,0,0,0,0
"S06388A","85165","10000",1,0,0,0,0
"S06388D","V5889","10000",1,0,0,0,0
"S06388S","9070","10000",1,0,0,0,0
"S06389A","85146","10000",1,0,0,0,0
"S06389A","85166","10000",1,0,0,0,0
"S06389D","V5889","10000",1,0,0,0,0
"S06389S","9070","10000",1,0,0,0,0
"S064X0A","85241","10000",1,0,0,0,0
"S064X0D","V5889","10000",1,0,0,0,0
"S064X0S","9070","10000",1,0,0,0,0
"S064X1A","85242","10000",1,0,0,0,0
"S064X1D","V5889","10000",1,0,0,0,0
"S064X1S","9070","10000",1,0,0,0,0
"S064X2A","85242","10000",1,0,0,0,0
"S064X2D","V5889","10000",1,0,0,0,0
"S064X2S","9070","10000",1,0,0,0,0
"S064X3A","85243","10000",1,0,0,0,0
"S064X3D","V5889","10000",1,0,0,0,0
"S064X3S","9070","10000",1,0,0,0,0
"S064X4A","85243","10000",1,0,0,0,0
"S064X4D","V5889","10000",1,0,0,0,0
"S064X4S","9070","10000",1,0,0,0,0
"S064X5A","85244","10000",1,0,0,0,0
"S064X5D","V5889","10000",1,0,0,0,0
"S064X5S","9070","10000",1,0,0,0,0
"S064X6A","85245","10000",1,0,0,0,0
"S064X6D","V5889","10000",1,0,0,0,0
"S064X6S","9070","10000",1,0,0,0,0
"S064X7A","85245","10000",1,0,0,0,0
"S064X7D","V5889","10000",1,0,0,0,0
"S064X7S","9070","10000",1,0,0,0,0
"S064X8A","85245","10000",1,0,0,0,0
"S064X8D","V5889","10000",1,0,0,0,0
"S064X8S","9070","10000",1,0,0,0,0
"S064X9A","85246","10000",1,0,0,0,0
"S064X9D","V5889","10000",1,0,0,0,0
"S064X9S","9070","10000",1,0,0,0,0
"S065X0A","85221","10000",1,0,0,0,0
"S065X0D","V5889","10000",1,0,0,0,0
"S065X0S","9070","10000",1,0,0,0,0
"S065X1A","85222","10000",1,0,0,0,0
"S065X1D","V5889","10000",1,0,0,0,0
"S065X1S","9070","10000",1,0,0,0,0
"S065X2A","85222","10000",1,0,0,0,0
"S065X2D","V5889","10000",1,0,0,0,0
"S065X2S","9070","10000",1,0,0,0,0
"S065X3A","85223","10000",1,0,0,0,0
"S065X3D","V5889","10000",1,0,0,0,0
"S065X3S","9070","10000",1,0,0,0,0
"S065X4A","85223","10000",1,0,0,0,0
"S065X4D","V5889","10000",1,0,0,0,0
"S065X4S","9070","10000",1,0,0,0,0
"S065X5A","85224","10000",1,0,0,0,0
"S065X5D","V5889","10000",1,0,0,0,0
"S065X5S","9070","10000",1,0,0,0,0
"S065X6A","85225","10000",1,0,0,0,0
"S065X6D","V5889","10000",1,0,0,0,0
"S065X6S","9070","10000",1,0,0,0,0
"S065X7A","85225","10000",1,0,0,0,0
"S065X7D","V5889","10000",1,0,0,0,0
"S065X7S","9070","10000",1,0,0,0,0
"S065X8A","85225","10000",1,0,0,0,0
"S065X8D","V5889","10000",1,0,0,0,0
"S065X8S","9070","10000",1,0,0,0,0
"S065X9A","85226","10000",1,0,0,0,0
"S065X9D","V5889","10000",1,0,0,0,0
"S065X9S","9070","10000",1,0,0,0,0
"S066X0A","85201","10000",1,0,0,0,0
"S066X0D","V5889","10000",1,0,0,0,0
"S066X0S","9070","10000",1,0,0,0,0
"S066X1A","85202","10000",1,0,0,0,0
"S066X1D","V5889","10000",1,0,0,0,0
"S066X1S","9070","10000",1,0,0,0,0
"S066X2A","85202","10000",1,0,0,0,0
"S066X2D","V5889","10000",1,0,0,0,0
"S066X2S","9070","10000",1,0,0,0,0
"S066X3A","85203","10000",1,0,0,0,0
"S066X3D","V5889","10000",1,0,0,0,0
"S066X3S","9070","10000",1,0,0,0,0
"S066X4A","85203","10000",1,0,0,0,0
"S066X4D","V5889","10000",1,0,0,0,0
"S066X4S","9070","10000",1,0,0,0,0
"S066X5A","85204","10000",1,0,0,0,0
"S066X5D","V5889","10000",1,0,0,0,0
"S066X5S","9070","10000",1,0,0,0,0
"S066X6A","85205","10000",1,0,0,0,0
"S066X6D","V5889","10000",1,0,0,0,0
"S066X6S","9070","10000",1,0,0,0,0
"S066X7A","85205","10000",1,0,0,0,0
"S066X7D","V5889","10000",1,0,0,0,0
"S066X7S","9070","10000",1,0,0,0,0
"S066X8A","85205","10000",1,0,0,0,0
"S066X8D","V5889","10000",1,0,0,0,0
"S066X8S","9070","10000",1,0,0,0,0
"S066X9A","85206","10000",1,0,0,0,0
"S066X9D","V5889","10000",1,0,0,0,0
"S066X9S","9070","10000",1,0,0,0,0
"S06810A","85401","10000",1,0,0,0,0
"S06810D","V5889","10000",1,0,0,0,0
"S06810S","9070","10000",1,0,0,0,0
"S06811A","85402","10000",1,0,0,0,0
"S06811D","V5889","10000",1,0,0,0,0
"S06811S","9070","10000",1,0,0,0,0
"S06812A","85402","10000",1,0,0,0,0
"S06812D","V5889","10000",1,0,0,0,0
"S06812S","9070","10000",1,0,0,0,0
"S06813A","85403","10000",1,0,0,0,0
"S06813D","V5889","10000",1,0,0,0,0
"S06813S","9070","10000",1,0,0,0,0
"S06814A","85403","10000",1,0,0,0,0
"S06814D","V5889","10000",1,0,0,0,0
"S06814S","9070","10000",1,0,0,0,0
"S06815A","85404","10000",1,0,0,0,0
"S06815D","V5889","10000",1,0,0,0,0
"S06815S","9070","10000",1,0,0,0,0
"S06816A","85405","10000",1,0,0,0,0
"S06816D","V5889","10000",1,0,0,0,0
"S06816S","9070","10000",1,0,0,0,0
"S06817A","85405","10000",1,0,0,0,0
"S06817D","V5889","10000",1,0,0,0,0
"S06817S","9070","10000",1,0,0,0,0
"S06818A","85405","10000",1,0,0,0,0
"S06818D","V5889","10000",1,0,0,0,0
"S06818S","9070","10000",1,0,0,0,0
"S06819A","85406","10000",1,0,0,0,0
"S06819D","V5889","10000",1,0,0,0,0
"S06819S","9070","10000",1,0,0,0,0
"S06820A","85401","10000",1,0,0,0,0
"S06820D","V5889","10000",1,0,0,0,0
"S06820S","9070","10000",1,0,0,0,0
"S06821A","85402","10000",1,0,0,0,0
"S06821D","V5889","10000",1,0,0,0,0
"S06821S","9070","10000",1,0,0,0,0
"S06822A","85402","10000",1,0,0,0,0
"S06822D","V5889","10000",1,0,0,0,0
"S06822S","9070","10000",1,0,0,0,0
"S06823A","85403","10000",1,0,0,0,0
"S06823D","V5889","10000",1,0,0,0,0
"S06823S","9070","10000",1,0,0,0,0
"S06824A","85403","10000",1,0,0,0,0
"S06824D","V5889","10000",1,0,0,0,0
"S06824S","9070","10000",1,0,0,0,0
"S06825A","85404","10000",1,0,0,0,0
"S06825D","V5889","10000",1,0,0,0,0
"S06825S","9070","10000",1,0,0,0,0
"S06826A","85405","10000",1,0,0,0,0
"S06826D","V5889","10000",1,0,0,0,0
"S06826S","9070","10000",1,0,0,0,0
"S06827A","85405","10000",1,0,0,0,0
"S06827D","V5889","10000",1,0,0,0,0
"S06827S","9070","10000",1,0,0,0,0
"S06828A","85405","10000",1,0,0,0,0
"S06828D","V5889","10000",1,0,0,0,0
"S06828S","9070","10000",1,0,0,0,0
"S06829A","85406","10000",1,0,0,0,0
"S06829D","V5889","10000",1,0,0,0,0
"S06829S","9070","10000",1,0,0,0,0
"S06890A","85401","10000",1,0,0,0,0
"S06890D","V5889","10000",1,0,0,0,0
"S06890S","9070","10000",1,0,0,0,0
"S06891A","85402","10000",1,0,0,0,0
"S06891D","V5889","10000",1,0,0,0,0
"S06891S","9070","10000",1,0,0,0,0
"S06892A","85402","10000",1,0,0,0,0
"S06892D","V5889","10000",1,0,0,0,0
"S06892S","9070","10000",1,0,0,0,0
"S06893A","85403","10000",1,0,0,0,0
"S06893D","V5889","10000",1,0,0,0,0
"S06893S","9070","10000",1,0,0,0,0
"S06894A","85403","10000",1,0,0,0,0
"S06894D","V5889","10000",1,0,0,0,0
"S06894S","9070","10000",1,0,0,0,0
"S06895A","85404","10000",1,0,0,0,0
"S06895D","V5889","10000",1,0,0,0,0
"S06895S","9070","10000",1,0,0,0,0
"S06896A","85405","10000",1,0,0,0,0
"S06896D","V5889","10000",1,0,0,0,0
"S06896S","9070","10000",1,0,0,0,0
"S06897A","85405","10000",1,0,0,0,0
"S06897D","V5889","10000",1,0,0,0,0
"S06897S","9070","10000",1,0,0,0,0
"S06898A","85405","10000",1,0,0,0,0
"S06898D","V5889","10000",1,0,0,0,0
"S06898S","9070","10000",1,0,0,0,0
"S06899A","85406","10000",1,0,0,0,0
"S06899D","V5889","10000",1,0,0,0,0
"S06899S","9070","10000",1,0,0,0,0
"S069X0A","85401","10000",1,0,0,0,0
"S069X0D","V5889","10000",1,0,0,0,0
"S069X0S","9070","10000",1,0,0,0,0
"S069X1A","85402","10000",1,0,0,0,0
"S069X1D","V5889","10000",1,0,0,0,0
"S069X1S","9070","10000",1,0,0,0,0
"S069X2A","85402","10000",1,0,0,0,0
"S069X2D","V5889","10000",1,0,0,0,0
"S069X2S","9070","10000",1,0,0,0,0
"S069X3A","85403","10000",1,0,0,0,0
"S069X3D","V5889","10000",1,0,0,0,0
"S069X3S","9070","10000",1,0,0,0,0
"S069X4A","85403","10000",1,0,0,0,0
"S069X4D","V5889","10000",1,0,0,0,0
"S069X4S","9070","10000",1,0,0,0,0
"S069X5A","85404","10000",1,0,0,0,0
"S069X5D","V5889","10000",1,0,0,0,0
"S069X5S","9070","10000",1,0,0,0,0
"S069X6A","85405","10000",1,0,0,0,0
"S069X6D","V5889","10000",1,0,0,0,0
"S069X6S","9070","10000",1,0,0,0,0
"S069X7A","85405","10000",1,0,0,0,0
"S069X7D","V5889","10000",1,0,0,0,0
"S069X7S","9070","10000",1,0,0,0,0
"S069X8A","85405","10000",1,0,0,0,0
"S069X8D","V5889","10000",1,0,0,0,0
"S069X8S","9070","10000",1,0,0,0,0
"S069X9A","85406","10000",1,0,0,0,0
"S069X9D","V5889","10000",1,0,0,0,0
"S069X9S","9070","10000",1,0,0,0,0
"S070XXA","9251","10000",1,0,0,0,0
"S070XXD","V5889","10000",1,0,0,0,0
"S070XXS","9064","10000",1,0,0,0,0
"S071XXA","9251","10000",1,0,0,0,0
"S071XXD","V5889","10000",1,0,0,0,0
"S071XXS","9064","10000",1,0,0,0,0
"S078XXA","9251","10000",1,0,0,0,0
"S078XXD","V5889","10000",1,0,0,0,0
"S078XXS","9064","10000",1,0,0,0,0
"S079XXA","9251","10000",1,0,0,0,0
"S079XXD","V5889","10000",1,0,0,0,0
"S079XXS","9064","10000",1,0,0,0,0
"S080XXA","8730","10000",1,0,0,0,0
"S080XXD","V5889","10000",1,0,0,0,0
"S080XXS","9060","10000",1,0,0,0,0
"S08111A","87201","10000",1,0,0,0,0
"S08111D","V5889","10000",1,0,0,0,0
"S08111S","9060","10000",1,0,0,0,0
"S08112A","87201","10000",1,0,0,0,0
"S08112D","V5889","10000",1,0,0,0,0
"S08112S","9060","10000",1,0,0,0,0
"S08119A","87201","10000",1,0,0,0,0
"S08119D","V5889","10000",1,0,0,0,0
"S08119S","9060","10000",1,0,0,0,0
"S08121A","87201","10000",1,0,0,0,0
"S08121D","V5889","10000",1,0,0,0,0
"S08121S","9060","10000",1,0,0,0,0
"S08122A","87201","10000",1,0,0,0,0
"S08122D","V5889","10000",1,0,0,0,0
"S08122S","9060","10000",1,0,0,0,0
"S08129A","87201","10000",1,0,0,0,0
"S08129D","V5889","10000",1,0,0,0,0
"S08129S","9060","10000",1,0,0,0,0
"S08811A","87329","10000",1,0,0,0,0
"S08811D","V5889","10000",1,0,0,0,0
"S08811S","9060","10000",1,0,0,0,0
"S08812A","87329","10000",1,0,0,0,0
"S08812D","V5889","10000",1,0,0,0,0
"S08812S","9060","10000",1,0,0,0,0
"S0889XA","8738","10000",1,0,0,0,0
"S0889XD","V5889","10000",1,0,0,0,0
"S0889XS","9060","10000",1,0,0,0,0
"S090XXA","90089","10000",1,0,0,0,0
"S090XXD","V5889","10000",1,0,0,0,0
"S090XXS","9083","10000",1,0,0,0,0
"S0910XA","95901","10000",1,0,0,0,0
"S0910XD","V5889","10000",1,0,0,0,0
"S0910XS","9089","10000",1,0,0,0,0
"S0911XA","95901","10000",1,0,0,0,0
"S0911XD","V5889","10000",1,0,0,0,0
"S0911XS","9057","10000",1,0,0,0,0
"S0912XA","8738","10000",1,0,0,0,0
"S0912XD","V5889","10000",1,0,0,0,0
"S0912XS","9060","10000",1,0,0,0,0
"S0919XA","95901","10000",1,0,0,0,0
"S0919XD","V5889","10000",1,0,0,0,0
"S0919XS","9089","10000",1,0,0,0,0
"S0920XA","87261","10000",1,0,0,0,0
"S0920XA","87271","10000",1,0,0,0,0
"S0920XD","V5889","10000",1,0,0,0,0
"S0920XS","9089","10000",1,0,0,0,0
"S0921XA","87261","10000",1,0,0,0,0
"S0921XA","87271","10000",1,0,0,0,0
"S0921XD","V5889","10000",1,0,0,0,0
"S0921XS","9060","10000",1,0,0,0,0
"S0922XA","87261","10000",1,0,0,0,0
"S0922XA","87271","10000",1,0,0,0,0
"S0922XD","V5889","10000",1,0,0,0,0
"S0922XS","9060","10000",1,0,0,0,0
"S09301A","87262","10000",1,0,0,0,0
"S09301A","87263","10000",1,0,0,0,0
"S09301A","87264","10000",1,0,0,0,0
"S09301A","87272","10000",1,0,0,0,0
"S09301A","87273","10000",1,0,0,0,0
"S09301A","87274","10000",1,0,0,0,0
"S09301D","V5889","10000",1,0,0,0,0
"S09301S","9089","10000",1,0,0,0,0
"S09302A","87262","10000",1,0,0,0,0
"S09302A","87263","10000",1,0,0,0,0
"S09302A","87264","10000",1,0,0,0,0
"S09302A","87272","10000",1,0,0,0,0
"S09302A","87273","10000",1,0,0,0,0
"S09302A","87274","10000",1,0,0,0,0
"S09302D","V5889","10000",1,0,0,0,0
"S09302S","9089","10000",1,0,0,0,0
"S09309A","87262","10000",1,0,0,0,0
"S09309A","87263","10000",1,0,0,0,0
"S09309A","87264","10000",1,0,0,0,0
"S09309D","V5889","10000",1,0,0,0,0
"S09309S","9089","10000",1,0,0,0,0
"S09311A","87262","10000",1,0,0,0,0
"S09311A","87263","10000",1,0,0,0,0
"S09311A","87264","10000",1,0,0,0,0
"S09311A","87272","10000",1,0,0,0,0
"S09311A","87273","10000",1,0,0,0,0
"S09311A","87274","10000",1,0,0,0,0
"S09311D","V5889","10000",1,0,0,0,0
"S09311S","9060","10000",1,0,0,0,0
"S09312A","87262","10000",1,0,0,0,0
"S09312A","87263","10000",1,0,0,0,0
"S09312A","87264","10000",1,0,0,0,0
"S09312A","87272","10000",1,0,0,0,0
"S09312A","87273","10000",1,0,0,0,0
"S09312A","87274","10000",1,0,0,0,0
"S09312D","V5889","10000",1,0,0,0,0
"S09312S","9060","10000",1,0,0,0,0
"S09313A","87262","10000",1,0,0,0,0
"S09313A","87263","10000",1,0,0,0,0
"S09313A","87264","10000",1,0,0,0,0
"S09313A","87272","10000",1,0,0,0,0
"S09313A","87273","10000",1,0,0,0,0
"S09313A","87274","10000",1,0,0,0,0
"S09313D","V5889","10000",1,0,0,0,0
"S09313S","9060","10000",1,0,0,0,0
"S09319A","87262","10000",1,0,0,0,0
"S09319A","87263","10000",1,0,0,0,0
"S09319A","87264","10000",1,0,0,0,0
"S09319A","87272","10000",1,0,0,0,0
"S09319A","87273","10000",1,0,0,0,0
"S09319A","87274","10000",1,0,0,0,0
"S09319D","V5889","10000",1,0,0,0,0
"S09319S","9060","10000",1,0,0,0,0
"S09391A","87262","10000",1,0,0,0,0
"S09391A","87263","10000",1,0,0,0,0
"S09391A","87264","10000",1,0,0,0,0
"S09391A","87269","10000",1,0,0,0,0
"S09391A","87272","10000",1,0,0,0,0
"S09391A","87273","10000",1,0,0,0,0
"S09391A","87274","10000",1,0,0,0,0
"S09391D","V5889","10000",1,0,0,0,0
"S09391S","9089","10000",1,0,0,0,0
"S09392A","87262","10000",1,0,0,0,0
"S09392A","87263","10000",1,0,0,0,0
"S09392A","87264","10000",1,0,0,0,0
"S09392A","87269","10000",1,0,0,0,0
"S09392A","87272","10000",1,0,0,0,0
"S09392A","87273","10000",1,0,0,0,0
"S09392A","87274","10000",1,0,0,0,0
"S09392D","V5889","10000",1,0,0,0,0
"S09392S","9089","10000",1,0,0,0,0
"S09399A","87262","10000",1,0,0,0,0
"S09399A","87263","10000",1,0,0,0,0
"S09399A","87264","10000",1,0,0,0,0
"S09399A","87269","10000",1,0,0,0,0
"S09399A","87272","10000",1,0,0,0,0
"S09399A","87273","10000",1,0,0,0,0
"S09399A","87274","10000",1,0,0,0,0
"S09399D","V5889","10000",1,0,0,0,0
"S09399S","9089","10000",1,0,0,0,0
"S098XXA","8738","10000",1,0,0,0,0
"S098XXA","8739","10000",1,0,0,0,0
"S098XXA","95901","10000",1,0,0,0,0
"S098XXD","V5889","10000",1,0,0,0,0
"S098XXS","9089","10000",1,0,0,0,0
"S0990XA","8738","10000",1,0,0,0,0
"S0990XA","8739","10000",1,0,0,0,0
"S0990XA","95901","10000",1,0,0,0,0
"S0990XD","V5889","10000",1,0,0,0,0
"S0990XS","9089","10000",1,0,0,0,0
"S0991XA","8728","10000",1,0,0,0,0
"S0991XD","V5889","10000",1,0,0,0,0
"S0991XS","9089","10000",1,0,0,0,0
"S0992XA","95909","10000",1,0,0,0,0
"S0992XD","V5889","10000",1,0,0,0,0
"S0992XS","9089","10000",1,0,0,0,0
"S0993XA","95909","10000",1,0,0,0,0
"S0993XD","V5889","10000",1,0,0,0,0
"S0993XS","9089","10000",1,0,0,0,0
"S100XXA","920","10000",1,0,0,0,0
"S100XXD","V5889","10000",1,0,0,0,0
"S100XXS","9063","10000",1,0,0,0,0
"S1010XA","9108","10000",1,0,0,0,0
"S1010XD","V5889","10000",1,0,0,0,0
"S1010XS","9062","10000",1,0,0,0,0
"S1011XA","9100","10000",1,0,0,0,0
"S1011XD","V5889","10000",1,0,0,0,0
"S1011XS","9062","10000",1,0,0,0,0
"S1012XA","9102","10000",1,0,0,0,0
"S1012XD","V5889","10000",1,0,0,0,0
"S1012XS","9062","10000",1,0,0,0,0
"S1014XA","9108","10000",1,0,0,0,0
"S1014XD","V5889","10000",1,0,0,0,0
"S1014XS","9062","10000",1,0,0,0,0
"S1015XA","9106","10000",1,0,0,0,0
"S1015XD","V5889","10000",1,0,0,0,0
"S1015XS","9062","10000",1,0,0,0,0
"S1016XA","9104","10000",1,0,0,0,0
"S1016XD","V5889","10000",1,0,0,0,0
"S1016XS","9062","10000",1,0,0,0,0
"S1017XA","9108","10000",1,0,0,0,0
"S1017XD","V5889","10000",1,0,0,0,0
"S1017XS","9062","10000",1,0,0,0,0
"S1080XA","9108","10000",1,0,0,0,0
"S1080XD","V5889","10000",1,0,0,0,0
"S1080XS","9062","10000",1,0,0,0,0
"S1081XA","9100","10000",1,0,0,0,0
"S1081XD","V5889","10000",1,0,0,0,0
"S1081XS","9062","10000",1,0,0,0,0
"S1082XA","9102","10000",1,0,0,0,0
"S1082XD","V5889","10000",1,0,0,0,0
"S1082XS","9062","10000",1,0,0,0,0
"S1083XA","920","10000",1,0,0,0,0
"S1083XD","V5889","10000",1,0,0,0,0
"S1083XS","9063","10000",1,0,0,0,0
"S1084XA","9108","10000",1,0,0,0,0
"S1084XD","V5889","10000",1,0,0,0,0
"S1084XS","9062","10000",1,0,0,0,0
"S1085XA","9106","10000",1,0,0,0,0
"S1085XD","V5889","10000",1,0,0,0,0
"S1085XS","9062","10000",1,0,0,0,0
"S1086XA","9104","10000",1,0,0,0,0
"S1086XD","V5889","10000",1,0,0,0,0
"S1086XS","9062","10000",1,0,0,0,0
"S1087XA","9108","10000",1,0,0,0,0
"S1087XD","V5889","10000",1,0,0,0,0
"S1087XS","9062","10000",1,0,0,0,0
"S1090XA","9108","10000",1,0,0,0,0
"S1090XD","V5889","10000",1,0,0,0,0
"S1090XS","9062","10000",1,0,0,0,0
"S1091XA","9100","10000",1,0,0,0,0
"S1091XD","V5889","10000",1,0,0,0,0
"S1091XS","9062","10000",1,0,0,0,0
"S1092XA","9102","10000",1,0,0,0,0
"S1092XD","V5889","10000",1,0,0,0,0
"S1092XS","9062","10000",1,0,0,0,0
"S1093XA","920","10000",1,0,0,0,0
"S1093XD","V5889","10000",1,0,0,0,0
"S1093XS","9063","10000",1,0,0,0,0
"S1094XA","9108","10000",1,0,0,0,0
"S1094XD","V5889","10000",1,0,0,0,0
"S1094XS","9062","10000",1,0,0,0,0
"S1095XA","9106","10000",1,0,0,0,0
"S1095XD","V5889","10000",1,0,0,0,0
"S1095XS","9062","10000",1,0,0,0,0
"S1096XA","9104","10000",1,0,0,0,0
"S1096XD","V5889","10000",1,0,0,0,0
"S1096XS","9062","10000",1,0,0,0,0
"S1097XA","9108","10000",1,0,0,0,0
"S1097XD","V5889","10000",1,0,0,0,0
"S1097XS","9062","10000",1,0,0,0,0
"S11011A","87401","10000",1,0,0,0,0
"S11011D","V5889","10000",1,0,0,0,0
"S11011S","9060","10000",1,0,0,0,0
"S11012A","87411","10000",1,0,0,0,0
"S11012D","V5889","10000",1,0,0,0,0
"S11012S","9060","10000",1,0,0,0,0
"S11013A","87401","10000",1,0,0,0,0
"S11013D","V5889","10000",1,0,0,0,0
"S11013S","9060","10000",1,0,0,0,0
"S11014A","87411","10000",1,0,0,0,0
"S11014D","V5889","10000",1,0,0,0,0
"S11014S","9060","10000",1,0,0,0,0
"S11015A","87401","10000",1,0,0,0,0
"S11015D","V5889","10000",1,0,0,0,0
"S11015S","9060","10000",1,0,0,0,0
"S11019A","87401","10000",1,0,0,0,0
"S11019D","V5889","10000",1,0,0,0,0
"S11019S","9060","10000",1,0,0,0,0
"S11021A","87402","10000",1,0,0,0,0
"S11021D","V5889","10000",1,0,0,0,0
"S11021S","9060","10000",1,0,0,0,0
"S11022A","87412","10000",1,0,0,0,0
"S11022D","V5889","10000",1,0,0,0,0
"S11022S","9060","10000",1,0,0,0,0
"S11023A","87402","10000",1,0,0,0,0
"S11023D","V5889","10000",1,0,0,0,0
"S11023S","9060","10000",1,0,0,0,0
"S11024A","87412","10000",1,0,0,0,0
"S11024D","V5889","10000",1,0,0,0,0
"S11024S","9060","10000",1,0,0,0,0
"S11025A","87402","10000",1,0,0,0,0
"S11025D","V5889","10000",1,0,0,0,0
"S11025S","9060","10000",1,0,0,0,0
"S11029A","87402","10000",1,0,0,0,0
"S11029D","V5889","10000",1,0,0,0,0
"S11029S","9060","10000",1,0,0,0,0
"S11031A","87401","10000",1,0,0,0,0
"S11031D","V5889","10000",1,0,0,0,0
"S11031S","9060","10000",1,0,0,0,0
"S11032A","87411","10000",1,0,0,0,0
"S11032D","V5889","10000",1,0,0,0,0
"S11032S","9060","10000",1,0,0,0,0
"S11033A","87401","10000",1,0,0,0,0
"S11033D","V5889","10000",1,0,0,0,0
"S11033S","9060","10000",1,0,0,0,0
"S11034A","87411","10000",1,0,0,0,0
"S11034D","V5889","10000",1,0,0,0,0
"S11034S","9060","10000",1,0,0,0,0
"S11035A","87401","10000",1,0,0,0,0
"S11035D","V5889","10000",1,0,0,0,0
"S11035S","9060","10000",1,0,0,0,0
"S11039A","87401","10000",1,0,0,0,0
"S11039D","V5889","10000",1,0,0,0,0
"S11039S","9060","10000",1,0,0,0,0
"S1110XA","8742","10000",1,0,0,0,0
"S1110XD","V5889","10000",1,0,0,0,0
"S1110XS","9060","10000",1,0,0,0,0
"S1111XA","8742","10000",1,0,0,0,0
"S1111XD","V5889","10000",1,0,0,0,0
"S1111XS","9060","10000",1,0,0,0,0
"S1112XA","8743","10000",1,0,0,0,0
"S1112XD","V5889","10000",1,0,0,0,0
"S1112XS","9060","10000",1,0,0,0,0
"S1113XA","8742","10000",1,0,0,0,0
"S1113XD","V5889","10000",1,0,0,0,0
"S1113XS","9060","10000",1,0,0,0,0
"S1114XA","8743","10000",1,0,0,0,0
"S1114XD","V5889","10000",1,0,0,0,0
"S1114XS","9060","10000",1,0,0,0,0
"S1115XA","8742","10000",1,0,0,0,0
"S1115XD","V5889","10000",1,0,0,0,0
"S1115XS","9060","10000",1,0,0,0,0
"S1120XA","8744","10000",1,0,0,0,0
"S1120XD","V5889","10000",1,0,0,0,0
"S1120XS","9060","10000",1,0,0,0,0
"S1121XA","8744","10000",1,0,0,0,0
"S1121XD","V5889","10000",1,0,0,0,0
"S1121XS","9060","10000",1,0,0,0,0
"S1122XA","8745","10000",1,0,0,0,0
"S1122XD","V5889","10000",1,0,0,0,0
"S1122XS","9060","10000",1,0,0,0,0
"S1123XA","8744","10000",1,0,0,0,0
"S1123XD","V5889","10000",1,0,0,0,0
"S1123XS","9060","10000",1,0,0,0,0
"S1124XA","8745","10000",1,0,0,0,0
"S1124XD","V5889","10000",1,0,0,0,0
"S1124XS","9060","10000",1,0,0,0,0
"S1125XA","8744","10000",1,0,0,0,0
"S1125XD","V5889","10000",1,0,0,0,0
"S1125XS","9060","10000",1,0,0,0,0
"S1180XA","8748","10000",1,0,0,0,0
"S1180XD","V5889","10000",1,0,0,0,0
"S1180XS","9060","10000",1,0,0,0,0
"S1181XA","8748","10000",1,0,0,0,0
"S1181XD","V5889","10000",1,0,0,0,0
"S1181XS","9060","10000",1,0,0,0,0
"S1182XA","8749","10000",1,0,0,0,0
"S1182XD","V5889","10000",1,0,0,0,0
"S1182XS","9060","10000",1,0,0,0,0
"S1183XA","8748","10000",1,0,0,0,0
"S1183XD","V5889","10000",1,0,0,0,0
"S1183XS","9060","10000",1,0,0,0,0
"S1184XA","8749","10000",1,0,0,0,0
"S1184XD","V5889","10000",1,0,0,0,0
"S1184XS","9060","10000",1,0,0,0,0
"S1185XA","8748","10000",1,0,0,0,0
"S1185XD","V5889","10000",1,0,0,0,0
"S1185XS","9060","10000",1,0,0,0,0
"S1189XA","8748","10000",1,0,0,0,0
"S1189XD","V5889","10000",1,0,0,0,0
"S1189XS","9060","10000",1,0,0,0,0
"S1190XA","8748","10000",1,0,0,0,0
"S1190XD","V5889","10000",1,0,0,0,0
"S1190XS","9060","10000",1,0,0,0,0
"S1191XA","8748","10000",1,0,0,0,0
"S1191XD","V5889","10000",1,0,0,0,0
"S1191XS","9060","10000",1,0,0,0,0
"S1192XA","8749","10000",1,0,0,0,0
"S1192XD","V5889","10000",1,0,0,0,0
"S1192XS","9060","10000",1,0,0,0,0
"S1193XA","8748","10000",1,0,0,0,0
"S1193XD","V5889","10000",1,0,0,0,0
"S1193XS","9060","10000",1,0,0,0,0
"S1194XA","8749","10000",1,0,0,0,0
"S1194XD","V5889","10000",1,0,0,0,0
"S1194XS","9060","10000",1,0,0,0,0
"S1195XA","8748","10000",1,0,0,0,0
"S1195XD","V5889","10000",1,0,0,0,0
"S1195XS","9060","10000",1,0,0,0,0
"S12000A","80501","10000",1,0,0,0,0
"S12000B","80511","10000",1,0,0,0,0
"S12000D","V5417","10000",1,0,0,0,0
"S12000G","V5417","10000",1,0,0,0,0
"S12000K","73382","10000",1,0,0,0,0
"S12000S","9051","10000",1,0,0,0,0
"S12001A","80501","10000",1,0,0,0,0
"S12001B","80511","10000",1,0,0,0,0
"S12001D","V5417","10000",1,0,0,0,0
"S12001G","V5417","10000",1,0,0,0,0
"S12001K","73382","10000",1,0,0,0,0
"S12001S","9051","10000",1,0,0,0,0
"S1201XA","80501","10000",1,0,0,0,0
"S1201XB","80511","10000",1,0,0,0,0
"S1201XD","V5417","10000",1,0,0,0,0
"S1201XG","V5417","10000",1,0,0,0,0
"S1201XK","73382","10000",1,0,0,0,0
"S1201XS","9051","10000",1,0,0,0,0
"S1202XA","80501","10000",1,0,0,0,0
"S1202XB","80511","10000",1,0,0,0,0
"S1202XD","V5417","10000",1,0,0,0,0
"S1202XG","V5417","10000",1,0,0,0,0
"S1202XK","73382","10000",1,0,0,0,0
"S1202XS","9051","10000",1,0,0,0,0
"S12030A","80501","10000",1,0,0,0,0
"S12030B","80511","10000",1,0,0,0,0
"S12030D","V5417","10000",1,0,0,0,0
"S12030G","V5417","10000",1,0,0,0,0
"S12030K","73382","10000",1,0,0,0,0
"S12030S","9051","10000",1,0,0,0,0
"S12031A","80501","10000",1,0,0,0,0
"S12031B","80511","10000",1,0,0,0,0
"S12031D","V5417","10000",1,0,0,0,0
"S12031G","V5417","10000",1,0,0,0,0
"S12031K","73382","10000",1,0,0,0,0
"S12031S","9051","10000",1,0,0,0,0
"S12040A","80501","10000",1,0,0,0,0
"S12040B","80511","10000",1,0,0,0,0
"S12040D","V5417","10000",1,0,0,0,0
"S12040G","V5417","10000",1,0,0,0,0
"S12040K","73382","10000",1,0,0,0,0
"S12040S","9051","10000",1,0,0,0,0
"S12041A","80501","10000",1,0,0,0,0
"S12041B","80511","10000",1,0,0,0,0
"S12041D","V5417","10000",1,0,0,0,0
"S12041G","V5417","10000",1,0,0,0,0
"S12041K","73382","10000",1,0,0,0,0
"S12041S","9051","10000",1,0,0,0,0
"S12090A","80501","10000",1,0,0,0,0
"S12090B","80511","10000",1,0,0,0,0
"S12090D","V5417","10000",1,0,0,0,0
"S12090G","V5417","10000",1,0,0,0,0
"S12090K","73382","10000",1,0,0,0,0
"S12090S","9051","10000",1,0,0,0,0
"S12091A","80501","10000",1,0,0,0,0
"S12091B","80511","10000",1,0,0,0,0
"S12091D","V5417","10000",1,0,0,0,0
"S12091G","V5417","10000",1,0,0,0,0
"S12091K","73382","10000",1,0,0,0,0
"S12091S","9051","10000",1,0,0,0,0
"S12100A","80502","10000",1,0,0,0,0
"S12100B","80512","10000",1,0,0,0,0
"S12100D","V5417","10000",1,0,0,0,0
"S12100G","V5417","10000",1,0,0,0,0
"S12100K","73382","10000",1,0,0,0,0
"S12100S","9051","10000",1,0,0,0,0
"S12101A","80502","10000",1,0,0,0,0
"S12101B","80512","10000",1,0,0,0,0
"S12101D","V5417","10000",1,0,0,0,0
"S12101G","V5417","10000",1,0,0,0,0
"S12101K","73382","10000",1,0,0,0,0
"S12101S","9051","10000",1,0,0,0,0
"S12110A","80502","10000",1,0,0,0,0
"S12110B","80512","10000",1,0,0,0,0
"S12110D","V5417","10000",1,0,0,0,0
"S12110G","V5417","10000",1,0,0,0,0
"S12110K","73382","10000",1,0,0,0,0
"S12110S","9051","10000",1,0,0,0,0
"S12111A","80502","10000",1,0,0,0,0
"S12111B","80512","10000",1,0,0,0,0
"S12111D","V5417","10000",1,0,0,0,0
"S12111G","V5417","10000",1,0,0,0,0
"S12111K","73382","10000",1,0,0,0,0
"S12111S","9051","10000",1,0,0,0,0
"S12112A","80502","10000",1,0,0,0,0
"S12112B","80512","10000",1,0,0,0,0
"S12112D","V5417","10000",1,0,0,0,0
"S12112G","V5417","10000",1,0,0,0,0
"S12112K","73382","10000",1,0,0,0,0
"S12112S","9051","10000",1,0,0,0,0
"S12120A","80502","10000",1,0,0,0,0
"S12120B","80512","10000",1,0,0,0,0
"S12120D","V5417","10000",1,0,0,0,0
"S12120G","V5417","10000",1,0,0,0,0
"S12120K","73382","10000",1,0,0,0,0
"S12120S","9051","10000",1,0,0,0,0
"S12121A","80502","10000",1,0,0,0,0
"S12121B","80512","10000",1,0,0,0,0
"S12121D","V5417","10000",1,0,0,0,0
"S12121G","V5417","10000",1,0,0,0,0
"S12121K","73382","10000",1,0,0,0,0
"S12121S","9051","10000",1,0,0,0,0
"S12130A","80502","10000",1,0,0,0,0
"S12130B","80512","10000",1,0,0,0,0
"S12130D","V5417","10000",1,0,0,0,0
"S12130G","V5417","10000",1,0,0,0,0
"S12130K","73382","10000",1,0,0,0,0
"S12130S","9051","10000",1,0,0,0,0
"S12131A","80502","10000",1,0,0,0,0
"S12131B","80512","10000",1,0,0,0,0
"S12131D","V5417","10000",1,0,0,0,0
"S12131G","V5417","10000",1,0,0,0,0
"S12131K","73382","10000",1,0,0,0,0
"S12131S","9051","10000",1,0,0,0,0
"S1214XA","80502","10000",1,0,0,0,0
"S1214XB","80512","10000",1,0,0,0,0
"S1214XD","V5417","10000",1,0,0,0,0
"S1214XG","V5417","10000",1,0,0,0,0
"S1214XK","73382","10000",1,0,0,0,0
"S1214XS","9051","10000",1,0,0,0,0
"S12150A","80502","10000",1,0,0,0,0
"S12150B","80512","10000",1,0,0,0,0
"S12150D","V5417","10000",1,0,0,0,0
"S12150G","V5417","10000",1,0,0,0,0
"S12150K","73382","10000",1,0,0,0,0
"S12150S","9051","10000",1,0,0,0,0
"S12151A","80502","10000",1,0,0,0,0
"S12151B","80512","10000",1,0,0,0,0
"S12151D","V5417","10000",1,0,0,0,0
"S12151G","V5417","10000",1,0,0,0,0
"S12151K","73382","10000",1,0,0,0,0
"S12151S","9051","10000",1,0,0,0,0
"S12190A","80502","10000",1,0,0,0,0
"S12190B","80512","10000",1,0,0,0,0
"S12190D","V5417","10000",1,0,0,0,0
"S12190G","V5417","10000",1,0,0,0,0
"S12190K","73382","10000",1,0,0,0,0
"S12190S","9051","10000",1,0,0,0,0
"S12191A","80502","10000",1,0,0,0,0
"S12191B","80512","10000",1,0,0,0,0
"S12191D","V5417","10000",1,0,0,0,0
"S12191G","V5417","10000",1,0,0,0,0
"S12191K","73382","10000",1,0,0,0,0
"S12191S","9051","10000",1,0,0,0,0
"S12200A","80503","10000",1,0,0,0,0
"S12200B","80513","10000",1,0,0,0,0
"S12200D","V5417","10000",1,0,0,0,0
"S12200G","V5417","10000",1,0,0,0,0
"S12200K","73382","10000",1,0,0,0,0
"S12200S","9051","10000",1,0,0,0,0
"S12201A","80503","10000",1,0,0,0,0
"S12201B","80513","10000",1,0,0,0,0
"S12201D","V5417","10000",1,0,0,0,0
"S12201G","V5417","10000",1,0,0,0,0
"S12201K","73382","10000",1,0,0,0,0
"S12201S","9051","10000",1,0,0,0,0
"S12230A","80503","10000",1,0,0,0,0
"S12230B","80513","10000",1,0,0,0,0
"S12230D","V5417","10000",1,0,0,0,0
"S12230G","V5417","10000",1,0,0,0,0
"S12230K","73382","10000",1,0,0,0,0
"S12230S","9051","10000",1,0,0,0,0
"S12231A","80503","10000",1,0,0,0,0
"S12231B","80513","10000",1,0,0,0,0
"S12231D","V5417","10000",1,0,0,0,0
"S12231G","V5417","10000",1,0,0,0,0
"S12231K","73382","10000",1,0,0,0,0
"S12231S","9051","10000",1,0,0,0,0
"S1224XA","80503","10000",1,0,0,0,0
"S1224XB","80513","10000",1,0,0,0,0
"S1224XD","V5417","10000",1,0,0,0,0
"S1224XG","V5417","10000",1,0,0,0,0
"S1224XK","73382","10000",1,0,0,0,0
"S1224XS","9051","10000",1,0,0,0,0
"S12250A","80503","10000",1,0,0,0,0
"S12250B","80513","10000",1,0,0,0,0
"S12250D","V5417","10000",1,0,0,0,0
"S12250G","V5417","10000",1,0,0,0,0
"S12250K","73382","10000",1,0,0,0,0
"S12250S","9051","10000",1,0,0,0,0
"S12251A","80503","10000",1,0,0,0,0
"S12251B","80513","10000",1,0,0,0,0
"S12251D","V5417","10000",1,0,0,0,0
"S12251G","V5417","10000",1,0,0,0,0
"S12251K","73382","10000",1,0,0,0,0
"S12251S","9051","10000",1,0,0,0,0
"S12290A","80503","10000",1,0,0,0,0
"S12290B","80513","10000",1,0,0,0,0
"S12290D","V5417","10000",1,0,0,0,0
"S12290G","V5417","10000",1,0,0,0,0
"S12290K","73382","10000",1,0,0,0,0
"S12290S","9051","10000",1,0,0,0,0
"S12291A","80503","10000",1,0,0,0,0
"S12291B","80513","10000",1,0,0,0,0
"S12291D","V5417","10000",1,0,0,0,0
"S12291G","V5417","10000",1,0,0,0,0
"S12291K","73382","10000",1,0,0,0,0
"S12291S","9051","10000",1,0,0,0,0
"S12300A","80504","10000",1,0,0,0,0
"S12300B","80514","10000",1,0,0,0,0
"S12300D","V5417","10000",1,0,0,0,0
"S12300G","V5417","10000",1,0,0,0,0
"S12300K","73382","10000",1,0,0,0,0
"S12300S","9051","10000",1,0,0,0,0
"S12301A","80504","10000",1,0,0,0,0
"S12301B","80514","10000",1,0,0,0,0
"S12301D","V5417","10000",1,0,0,0,0
"S12301G","V5417","10000",1,0,0,0,0
"S12301K","73382","10000",1,0,0,0,0
"S12301S","9051","10000",1,0,0,0,0
"S12330A","80504","10000",1,0,0,0,0
"S12330B","80514","10000",1,0,0,0,0
"S12330D","V5417","10000",1,0,0,0,0
"S12330G","V5417","10000",1,0,0,0,0
"S12330K","73382","10000",1,0,0,0,0
"S12330S","9051","10000",1,0,0,0,0
"S12331A","80504","10000",1,0,0,0,0
"S12331B","80514","10000",1,0,0,0,0
"S12331D","V5417","10000",1,0,0,0,0
"S12331G","V5417","10000",1,0,0,0,0
"S12331K","73382","10000",1,0,0,0,0
"S12331S","9051","10000",1,0,0,0,0
"S1234XA","80504","10000",1,0,0,0,0
"S1234XB","80514","10000",1,0,0,0,0
"S1234XD","V5417","10000",1,0,0,0,0
"S1234XG","V5417","10000",1,0,0,0,0
"S1234XK","73382","10000",1,0,0,0,0
"S1234XS","9051","10000",1,0,0,0,0
"S12350A","80504","10000",1,0,0,0,0
"S12350B","80514","10000",1,0,0,0,0
"S12350D","V5417","10000",1,0,0,0,0
"S12350G","V5417","10000",1,0,0,0,0
"S12350K","73382","10000",1,0,0,0,0
"S12350S","9051","10000",1,0,0,0,0
"S12351A","80504","10000",1,0,0,0,0
"S12351B","80514","10000",1,0,0,0,0
"S12351D","V5417","10000",1,0,0,0,0
"S12351G","V5417","10000",1,0,0,0,0
"S12351K","73382","10000",1,0,0,0,0
"S12351S","9051","10000",1,0,0,0,0
"S12390A","80504","10000",1,0,0,0,0
"S12390B","80514","10000",1,0,0,0,0
"S12390D","V5417","10000",1,0,0,0,0
"S12390G","V5417","10000",1,0,0,0,0
"S12390K","73382","10000",1,0,0,0,0
"S12390S","9051","10000",1,0,0,0,0
"S12391A","80504","10000",1,0,0,0,0
"S12391B","80514","10000",1,0,0,0,0
"S12391D","V5417","10000",1,0,0,0,0
"S12391G","V5417","10000",1,0,0,0,0
"S12391K","73382","10000",1,0,0,0,0
"S12391S","9051","10000",1,0,0,0,0
"S12400A","80505","10000",1,0,0,0,0
"S12400B","80515","10000",1,0,0,0,0
"S12400D","V5417","10000",1,0,0,0,0
"S12400G","V5417","10000",1,0,0,0,0
"S12400K","73382","10000",1,0,0,0,0
"S12400S","9051","10000",1,0,0,0,0
"S12401A","80505","10000",1,0,0,0,0
"S12401B","80515","10000",1,0,0,0,0
"S12401D","V5417","10000",1,0,0,0,0
"S12401G","V5417","10000",1,0,0,0,0
"S12401K","73382","10000",1,0,0,0,0
"S12401S","9051","10000",1,0,0,0,0
"S12430A","80505","10000",1,0,0,0,0
"S12430B","80515","10000",1,0,0,0,0
"S12430D","V5417","10000",1,0,0,0,0
"S12430G","V5417","10000",1,0,0,0,0
"S12430K","73382","10000",1,0,0,0,0
"S12430S","9051","10000",1,0,0,0,0
"S12431A","80505","10000",1,0,0,0,0
"S12431B","80515","10000",1,0,0,0,0
"S12431D","V5417","10000",1,0,0,0,0
"S12431G","V5417","10000",1,0,0,0,0
"S12431K","73382","10000",1,0,0,0,0
"S12431S","9051","10000",1,0,0,0,0
"S1244XA","80505","10000",1,0,0,0,0
"S1244XB","80515","10000",1,0,0,0,0
"S1244XD","V5417","10000",1,0,0,0,0
"S1244XG","V5417","10000",1,0,0,0,0
"S1244XK","73382","10000",1,0,0,0,0
"S1244XS","9051","10000",1,0,0,0,0
"S12450A","80505","10000",1,0,0,0,0
"S12450B","80515","10000",1,0,0,0,0
"S12450D","V5417","10000",1,0,0,0,0
"S12450G","V5417","10000",1,0,0,0,0
"S12450K","73382","10000",1,0,0,0,0
"S12450S","9051","10000",1,0,0,0,0
"S12451A","80505","10000",1,0,0,0,0
"S12451B","80515","10000",1,0,0,0,0
"S12451D","V5417","10000",1,0,0,0,0
"S12451G","V5417","10000",1,0,0,0,0
"S12451K","73382","10000",1,0,0,0,0
"S12451S","9051","10000",1,0,0,0,0
"S12490A","80505","10000",1,0,0,0,0
"S12490B","80515","10000",1,0,0,0,0
"S12490D","V5417","10000",1,0,0,0,0
"S12490G","V5417","10000",1,0,0,0,0
"S12490K","73382","10000",1,0,0,0,0
"S12490S","9051","10000",1,0,0,0,0
"S12491A","80505","10000",1,0,0,0,0
"S12491B","80515","10000",1,0,0,0,0
"S12491D","V5417","10000",1,0,0,0,0
"S12491G","V5417","10000",1,0,0,0,0
"S12491K","73382","10000",1,0,0,0,0
"S12491S","9051","10000",1,0,0,0,0
"S12500A","80506","10000",1,0,0,0,0
"S12500B","80516","10000",1,0,0,0,0
"S12500D","V5417","10000",1,0,0,0,0
"S12500G","V5417","10000",1,0,0,0,0
"S12500K","73382","10000",1,0,0,0,0
"S12500S","9051","10000",1,0,0,0,0
"S12501A","80506","10000",1,0,0,0,0
"S12501B","80516","10000",1,0,0,0,0
"S12501D","V5417","10000",1,0,0,0,0
"S12501G","V5417","10000",1,0,0,0,0
"S12501K","73382","10000",1,0,0,0,0
"S12501S","9051","10000",1,0,0,0,0
"S12530A","80506","10000",1,0,0,0,0
"S12530B","80516","10000",1,0,0,0,0
"S12530D","V5417","10000",1,0,0,0,0
"S12530G","V5417","10000",1,0,0,0,0
"S12530K","73382","10000",1,0,0,0,0
"S12530S","9051","10000",1,0,0,0,0
"S12531A","80506","10000",1,0,0,0,0
"S12531B","80516","10000",1,0,0,0,0
"S12531D","V5417","10000",1,0,0,0,0
"S12531G","V5417","10000",1,0,0,0,0
"S12531K","73382","10000",1,0,0,0,0
"S12531S","9051","10000",1,0,0,0,0
"S1254XA","80506","10000",1,0,0,0,0
"S1254XB","80516","10000",1,0,0,0,0
"S1254XD","V5417","10000",1,0,0,0,0
"S1254XG","V5417","10000",1,0,0,0,0
"S1254XK","73382","10000",1,0,0,0,0
"S1254XS","9051","10000",1,0,0,0,0
"S12550A","80506","10000",1,0,0,0,0
"S12550B","80516","10000",1,0,0,0,0
"S12550D","V5417","10000",1,0,0,0,0
"S12550G","V5417","10000",1,0,0,0,0
"S12550K","73382","10000",1,0,0,0,0
"S12550S","9051","10000",1,0,0,0,0
"S12551A","80506","10000",1,0,0,0,0
"S12551B","80516","10000",1,0,0,0,0
"S12551D","V5417","10000",1,0,0,0,0
"S12551G","V5417","10000",1,0,0,0,0
"S12551K","73382","10000",1,0,0,0,0
"S12551S","9051","10000",1,0,0,0,0
"S12590A","80506","10000",1,0,0,0,0
"S12590B","80516","10000",1,0,0,0,0
"S12590D","V5417","10000",1,0,0,0,0
"S12590G","V5417","10000",1,0,0,0,0
"S12590K","73382","10000",1,0,0,0,0
"S12590S","9051","10000",1,0,0,0,0
"S12591A","80506","10000",1,0,0,0,0
"S12591B","80516","10000",1,0,0,0,0
"S12591D","V5417","10000",1,0,0,0,0
"S12591G","V5417","10000",1,0,0,0,0
"S12591K","73382","10000",1,0,0,0,0
"S12591S","9051","10000",1,0,0,0,0
"S12600A","80507","10000",1,0,0,0,0
"S12600B","80517","10000",1,0,0,0,0
"S12600D","V5417","10000",1,0,0,0,0
"S12600G","V5417","10000",1,0,0,0,0
"S12600K","73382","10000",1,0,0,0,0
"S12600S","9051","10000",1,0,0,0,0
"S12601A","80507","10000",1,0,0,0,0
"S12601B","80517","10000",1,0,0,0,0
"S12601D","V5417","10000",1,0,0,0,0
"S12601G","V5417","10000",1,0,0,0,0
"S12601K","73382","10000",1,0,0,0,0
"S12601S","9051","10000",1,0,0,0,0
"S12630A","80507","10000",1,0,0,0,0
"S12630B","80517","10000",1,0,0,0,0
"S12630D","V5417","10000",1,0,0,0,0
"S12630G","V5417","10000",1,0,0,0,0
"S12630K","73382","10000",1,0,0,0,0
"S12630S","9051","10000",1,0,0,0,0
"S12631A","80507","10000",1,0,0,0,0
"S12631B","80517","10000",1,0,0,0,0
"S12631D","V5417","10000",1,0,0,0,0
"S12631G","V5417","10000",1,0,0,0,0
"S12631K","73382","10000",1,0,0,0,0
"S12631S","9051","10000",1,0,0,0,0
"S1264XA","80507","10000",1,0,0,0,0
"S1264XB","80517","10000",1,0,0,0,0
"S1264XD","V5417","10000",1,0,0,0,0
"S1264XG","V5417","10000",1,0,0,0,0
"S1264XK","73382","10000",1,0,0,0,0
"S1264XS","9051","10000",1,0,0,0,0
"S12650A","80507","10000",1,0,0,0,0
"S12650B","80517","10000",1,0,0,0,0
"S12650D","V5417","10000",1,0,0,0,0
"S12650G","V5417","10000",1,0,0,0,0
"S12650K","73382","10000",1,0,0,0,0
"S12650S","9051","10000",1,0,0,0,0
"S12651A","80507","10000",1,0,0,0,0
"S12651B","80517","10000",1,0,0,0,0
"S12651D","V5417","10000",1,0,0,0,0
"S12651G","V5417","10000",1,0,0,0,0
"S12651K","73382","10000",1,0,0,0,0
"S12651S","9051","10000",1,0,0,0,0
"S12690A","80507","10000",1,0,0,0,0
"S12690B","80517","10000",1,0,0,0,0
"S12690D","V5417","10000",1,0,0,0,0
"S12690G","V5417","10000",1,0,0,0,0
"S12690K","73382","10000",1,0,0,0,0
"S12690S","9051","10000",1,0,0,0,0
"S12691A","80507","10000",1,0,0,0,0
"S12691B","80517","10000",1,0,0,0,0
"S12691D","V5417","10000",1,0,0,0,0
"S12691G","V5417","10000",1,0,0,0,0
"S12691K","73382","10000",1,0,0,0,0
"S12691S","9051","10000",1,0,0,0,0
"S128XXA","8075","10000",1,0,0,0,0
"S128XXD","V5419","10000",1,0,0,0,0
"S128XXS","9051","10000",1,0,0,0,0
"S129XXA","80500","10000",1,0,0,0,0
"S129XXD","V5417","10000",1,0,0,0,0
"S129XXS","9051","10000",1,0,0,0,0
"S130XXA","83900","10000",1,0,0,0,0
"S130XXD","V5889","10000",1,0,0,0,0
"S130XXS","9056","10000",1,0,0,0,0
"S13100A","83900","10000",1,0,0,0,0
"S13100A","83908","10000",1,0,0,0,0
"S13100D","V5889","10000",1,0,0,0,0
"S13100S","9056","10000",1,0,0,0,0
"S13101A","83900","10000",1,0,0,0,0
"S13101A","83908","10000",1,0,0,0,0
"S13101D","V5889","10000",1,0,0,0,0
"S13101S","9056","10000",1,0,0,0,0
"S13110A","83901","10000",1,0,0,0,0
"S13110D","V5889","10000",1,0,0,0,0
"S13110S","9056","10000",1,0,0,0,0
"S13111A","83901","10000",1,0,0,0,0
"S13111D","V5889","10000",1,0,0,0,0
"S13111S","9056","10000",1,0,0,0,0
"S13120A","83902","10000",1,0,0,0,0
"S13120D","V5889","10000",1,0,0,0,0
"S13120S","9056","10000",1,0,0,0,0
"S13121A","83902","10000",1,0,0,0,0
"S13121D","V5889","10000",1,0,0,0,0
"S13121S","9056","10000",1,0,0,0,0
"S13130A","83903","10000",1,0,0,0,0
"S13130D","V5889","10000",1,0,0,0,0
"S13130S","9056","10000",1,0,0,0,0
"S13131A","83903","10000",1,0,0,0,0
"S13131D","V5889","10000",1,0,0,0,0
"S13131S","9056","10000",1,0,0,0,0
"S13140A","83904","10000",1,0,0,0,0
"S13140D","V5889","10000",1,0,0,0,0
"S13140S","9056","10000",1,0,0,0,0
"S13141A","83904","10000",1,0,0,0,0
"S13141D","V5889","10000",1,0,0,0,0
"S13141S","9056","10000",1,0,0,0,0
"S13150A","83905","10000",1,0,0,0,0
"S13150D","V5889","10000",1,0,0,0,0
"S13150S","9056","10000",1,0,0,0,0
"S13151A","83905","10000",1,0,0,0,0
"S13151D","V5889","10000",1,0,0,0,0
"S13151S","9056","10000",1,0,0,0,0
"S13160A","83906","10000",1,0,0,0,0
"S13160D","V5889","10000",1,0,0,0,0
"S13160S","9056","10000",1,0,0,0,0
"S13161A","83906","10000",1,0,0,0,0
"S13161D","V5889","10000",1,0,0,0,0
"S13161S","9056","10000",1,0,0,0,0
"S13170A","83907","10000",1,0,0,0,0
"S13170D","V5889","10000",1,0,0,0,0
"S13170S","9056","10000",1,0,0,0,0
"S13171A","83907","10000",1,0,0,0,0
"S13171D","V5889","10000",1,0,0,0,0
"S13171S","9056","10000",1,0,0,0,0
"S13180A","83907","10000",1,0,0,0,0
"S13180D","V5889","10000",1,0,0,0,0
"S13180S","9056","10000",1,0,0,0,0
"S13181A","83907","10000",1,0,0,0,0
"S13181D","V5889","10000",1,0,0,0,0
"S13181S","9056","10000",1,0,0,0,0
"S1320XA","83900","10000",1,0,0,0,0
"S1320XD","V5889","10000",1,0,0,0,0
"S1320XS","9056","10000",1,0,0,0,0
"S1329XA","83900","10000",1,0,0,0,0
"S1329XD","V5889","10000",1,0,0,0,0
"S1329XS","9056","10000",1,0,0,0,0
"S134XXA","8470","10000",1,0,0,0,0
"S134XXD","V5889","10000",1,0,0,0,0
"S134XXS","9057","10000",1,0,0,0,0
"S135XXA","8482","10000",1,0,0,0,0
"S135XXD","V5889","10000",1,0,0,0,0
"S135XXS","9057","10000",1,0,0,0,0
"S138XXA","8470","10000",1,0,0,0,0
"S138XXD","V5889","10000",1,0,0,0,0
"S138XXS","9057","10000",1,0,0,0,0
"S139XXA","8479","10000",1,0,0,0,0
"S139XXD","V5889","10000",1,0,0,0,0
"S139XXS","9057","10000",1,0,0,0,0
"S140XXA","95204","10000",1,0,0,0,0
"S140XXA","95209","10000",1,0,0,0,0
"S140XXD","V5889","10000",1,0,0,0,0
"S140XXS","9072","10000",1,0,0,0,0
"S14101A","95200","10000",1,0,0,0,0
"S14101D","V5889","10000",1,0,0,0,0
"S14101S","9072","10000",1,0,0,0,0
"S14102A","95200","10000",1,0,0,0,0
"S14102D","V5889","10000",1,0,0,0,0
"S14102S","9072","10000",1,0,0,0,0
"S14103A","95200","10000",1,0,0,0,0
"S14103D","V5889","10000",1,0,0,0,0
"S14103S","9072","10000",1,0,0,0,0
"S14104A","95200","10000",1,0,0,0,0
"S14104D","V5889","10000",1,0,0,0,0
"S14104S","9072","10000",1,0,0,0,0
"S14105A","95205","10000",1,0,0,0,0
"S14105D","V5889","10000",1,0,0,0,0
"S14105S","9072","10000",1,0,0,0,0
"S14106A","95205","10000",1,0,0,0,0
"S14106D","V5889","10000",1,0,0,0,0
"S14106S","9072","10000",1,0,0,0,0
"S14107A","95205","10000",1,0,0,0,0
"S14107D","V5889","10000",1,0,0,0,0
"S14107S","9072","10000",1,0,0,0,0
"S14108A","95205","10000",1,0,0,0,0
"S14108D","V5889","10000",1,0,0,0,0
"S14108S","9072","10000",1,0,0,0,0
"S14109A","9529","10000",1,0,0,0,0
"S14109D","V5889","10000",1,0,0,0,0
"S14109S","9072","10000",1,0,0,0,0
"S14111A","95201","10000",1,0,0,0,0
"S14111D","V5889","10000",1,0,0,0,0
"S14111S","9072","10000",1,0,0,0,0
"S14112A","95201","10000",1,0,0,0,0
"S14112D","V5889","10000",1,0,0,0,0
"S14112S","9072","10000",1,0,0,0,0
"S14113A","95201","10000",1,0,0,0,0
"S14113D","V5889","10000",1,0,0,0,0
"S14113S","9072","10000",1,0,0,0,0
"S14114A","95201","10000",1,0,0,0,0
"S14114D","V5889","10000",1,0,0,0,0
"S14114S","9072","10000",1,0,0,0,0
"S14115A","95206","10000",1,0,0,0,0
"S14115D","V5889","10000",1,0,0,0,0
"S14115S","9072","10000",1,0,0,0,0
"S14116A","95206","10000",1,0,0,0,0
"S14116D","V5889","10000",1,0,0,0,0
"S14116S","9072","10000",1,0,0,0,0
"S14117A","95206","10000",1,0,0,0,0
"S14117D","V5889","10000",1,0,0,0,0
"S14117S","9072","10000",1,0,0,0,0
"S14118A","95206","10000",1,0,0,0,0
"S14118D","V5889","10000",1,0,0,0,0
"S14118S","9072","10000",1,0,0,0,0
"S14119A","9529","10000",1,0,0,0,0
"S14119D","V5889","10000",1,0,0,0,0
"S14119S","9072","10000",1,0,0,0,0
"S14121A","95203","10000",1,0,0,0,0
"S14121D","V5889","10000",1,0,0,0,0
"S14121S","9072","10000",1,0,0,0,0
"S14122A","95203","10000",1,0,0,0,0
"S14122D","V5889","10000",1,0,0,0,0
"S14122S","9072","10000",1,0,0,0,0
"S14123A","95203","10000",1,0,0,0,0
"S14123D","V5889","10000",1,0,0,0,0
"S14123S","9072","10000",1,0,0,0,0
"S14124A","95203","10000",1,0,0,0,0
"S14124D","V5889","10000",1,0,0,0,0
"S14124S","9072","10000",1,0,0,0,0
"S14125A","95208","10000",1,0,0,0,0
"S14125D","V5889","10000",1,0,0,0,0
"S14125S","9072","10000",1,0,0,0,0
"S14126A","95208","10000",1,0,0,0,0
"S14126D","V5889","10000",1,0,0,0,0
"S14126S","9072","10000",1,0,0,0,0
"S14127A","95208","10000",1,0,0,0,0
"S14127D","V5889","10000",1,0,0,0,0
"S14127S","9072","10000",1,0,0,0,0
"S14128A","95208","10000",1,0,0,0,0
"S14128D","V5889","10000",1,0,0,0,0
"S14128S","9072","10000",1,0,0,0,0
"S14129A","9529","10000",1,0,0,0,0
"S14129D","V5889","10000",1,0,0,0,0
"S14129S","9072","10000",1,0,0,0,0
"S14131A","95202","10000",1,0,0,0,0
"S14131D","V5889","10000",1,0,0,0,0
"S14131S","9072","10000",1,0,0,0,0
"S14132A","95202","10000",1,0,0,0,0
"S14132D","V5889","10000",1,0,0,0,0
"S14132S","9072","10000",1,0,0,0,0
"S14133A","95202","10000",1,0,0,0,0
"S14133D","V5889","10000",1,0,0,0,0
"S14133S","9072","10000",1,0,0,0,0
"S14134A","95202","10000",1,0,0,0,0
"S14134D","V5889","10000",1,0,0,0,0
"S14134S","9072","10000",1,0,0,0,0
"S14135A","95207","10000",1,0,0,0,0
"S14135D","V5889","10000",1,0,0,0,0
"S14135S","9072","10000",1,0,0,0,0
"S14136A","95207","10000",1,0,0,0,0
"S14136D","V5889","10000",1,0,0,0,0
"S14136S","9072","10000",1,0,0,0,0
"S14137A","95207","10000",1,0,0,0,0
"S14137D","V5889","10000",1,0,0,0,0
"S14137S","9072","10000",1,0,0,0,0
"S14138A","95207","10000",1,0,0,0,0
"S14138D","V5889","10000",1,0,0,0,0
"S14138S","9072","10000",1,0,0,0,0
"S14139A","9529","10000",1,0,0,0,0
"S14139D","V5889","10000",1,0,0,0,0
"S14139S","9072","10000",1,0,0,0,0
"S14141A","95204","10000",1,0,0,0,0
"S14141D","V5889","10000",1,0,0,0,0
"S14141S","9072","10000",1,0,0,0,0
"S14142A","95204","10000",1,0,0,0,0
"S14142D","V5889","10000",1,0,0,0,0
"S14142S","9072","10000",1,0,0,0,0
"S14143A","95204","10000",1,0,0,0,0
"S14143D","V5889","10000",1,0,0,0,0
"S14143S","9072","10000",1,0,0,0,0
"S14144A","95204","10000",1,0,0,0,0
"S14144D","V5889","10000",1,0,0,0,0
"S14144S","9072","10000",1,0,0,0,0
"S14145A","95209","10000",1,0,0,0,0
"S14145D","V5889","10000",1,0,0,0,0
"S14145S","9072","10000",1,0,0,0,0
"S14146A","95209","10000",1,0,0,0,0
"S14146D","V5889","10000",1,0,0,0,0
"S14146S","9072","10000",1,0,0,0,0
"S14147A","95209","10000",1,0,0,0,0
"S14147D","V5889","10000",1,0,0,0,0
"S14147S","9072","10000",1,0,0,0,0
"S14148A","95209","10000",1,0,0,0,0
"S14148D","V5889","10000",1,0,0,0,0
"S14148S","9072","10000",1,0,0,0,0
"S14149A","9529","10000",1,0,0,0,0
"S14149D","V5889","10000",1,0,0,0,0
"S14149S","9072","10000",1,0,0,0,0
"S14151A","95204","10000",1,0,0,0,0
"S14151D","V5889","10000",1,0,0,0,0
"S14151S","9072","10000",1,0,0,0,0
"S14152A","95204","10000",1,0,0,0,0
"S14152D","V5889","10000",1,0,0,0,0
"S14152S","9072","10000",1,0,0,0,0
"S14153A","95204","10000",1,0,0,0,0
"S14153D","V5889","10000",1,0,0,0,0
"S14153S","9072","10000",1,0,0,0,0
"S14154A","95204","10000",1,0,0,0,0
"S14154D","V5889","10000",1,0,0,0,0
"S14154S","9072","10000",1,0,0,0,0
"S14155A","95209","10000",1,0,0,0,0
"S14155D","V5889","10000",1,0,0,0,0
"S14155S","9072","10000",1,0,0,0,0
"S14156A","95209","10000",1,0,0,0,0
"S14156D","V5889","10000",1,0,0,0,0
"S14156S","9072","10000",1,0,0,0,0
"S14157A","95209","10000",1,0,0,0,0
"S14157D","V5889","10000",1,0,0,0,0
"S14157S","9072","10000",1,0,0,0,0
"S14158A","95209","10000",1,0,0,0,0
"S14158D","V5889","10000",1,0,0,0,0
"S14158S","9072","10000",1,0,0,0,0
"S14159A","9529","10000",1,0,0,0,0
"S14159D","V5889","10000",1,0,0,0,0
"S14159S","9072","10000",1,0,0,0,0
"S142XXA","9530","10000",1,0,0,0,0
"S142XXD","V5889","10000",1,0,0,0,0
"S142XXS","9073","10000",1,0,0,0,0
"S143XXA","9534","10000",1,0,0,0,0
"S143XXD","V5889","10000",1,0,0,0,0
"S143XXS","9073","10000",1,0,0,0,0
"S144XXA","9570","10000",1,0,0,0,0
"S144XXD","V5889","10000",1,0,0,0,0
"S144XXS","9073","10000",1,0,0,0,0
"S145XXA","9540","10000",1,0,0,0,0
"S145XXD","V5889","10000",1,0,0,0,0
"S145XXS","9073","10000",1,0,0,0,0
"S148XXA","9570","10000",1,0,0,0,0
"S148XXD","V5889","10000",1,0,0,0,0
"S148XXS","9073","10000",1,0,0,0,0
"S149XXA","9571","10000",1,0,0,0,0
"S149XXA","9578","10000",1,0,0,0,0
"S149XXA","9579","10000",1,0,0,0,0
"S149XXD","V5889","10000",1,0,0,0,0
"S149XXS","9073","10000",1,0,0,0,0
"S15001A","90001","10000",1,0,0,0,0
"S15001A","90002","10000",1,0,0,0,0
"S15001A","90003","10000",1,0,0,0,0
"S15001D","V5889","10000",1,0,0,0,0
"S15001S","9083","10000",1,0,0,0,0
"S15002A","90001","10000",1,0,0,0,0
"S15002A","90002","10000",1,0,0,0,0
"S15002A","90003","10000",1,0,0,0,0
"S15002D","V5889","10000",1,0,0,0,0
"S15002S","9083","10000",1,0,0,0,0
"S15009A","90000","10000",1,0,0,0,0
"S15009D","V5889","10000",1,0,0,0,0
"S15009S","9083","10000",1,0,0,0,0
"S15011A","90001","10000",1,0,0,0,0
"S15011A","90002","10000",1,0,0,0,0
"S15011A","90003","10000",1,0,0,0,0
"S15011D","V5889","10000",1,0,0,0,0
"S15011S","9083","10000",1,0,0,0,0
"S15012A","90001","10000",1,0,0,0,0
"S15012A","90002","10000",1,0,0,0,0
"S15012A","90003","10000",1,0,0,0,0
"S15012D","V5889","10000",1,0,0,0,0
"S15012S","9083","10000",1,0,0,0,0
"S15019A","90000","10000",1,0,0,0,0
"S15019A","90001","10000",1,0,0,0,0
"S15019A","90002","10000",1,0,0,0,0
"S15019A","90003","10000",1,0,0,0,0
"S15019D","V5889","10000",1,0,0,0,0
"S15019S","9083","10000",1,0,0,0,0
"S15021A","90001","10000",1,0,0,0,0
"S15021A","90002","10000",1,0,0,0,0
"S15021A","90003","10000",1,0,0,0,0
"S15021D","V5889","10000",1,0,0,0,0
"S15021S","9083","10000",1,0,0,0,0
"S15022A","90001","10000",1,0,0,0,0
"S15022A","90002","10000",1,0,0,0,0
"S15022A","90003","10000",1,0,0,0,0
"S15022D","V5889","10000",1,0,0,0,0
"S15022S","9083","10000",1,0,0,0,0
"S15029A","90000","10000",1,0,0,0,0
"S15029A","90001","10000",1,0,0,0,0
"S15029A","90002","10000",1,0,0,0,0
"S15029A","90003","10000",1,0,0,0,0
"S15029D","V5889","10000",1,0,0,0,0
"S15029S","9083","10000",1,0,0,0,0
"S15091A","90001","10000",1,0,0,0,0
"S15091A","90002","10000",1,0,0,0,0
"S15091A","90003","10000",1,0,0,0,0
"S15091D","V5889","10000",1,0,0,0,0
"S15091S","9083","10000",1,0,0,0,0
"S15092A","90001","10000",1,0,0,0,0
"S15092A","90002","10000",1,0,0,0,0
"S15092A","90003","10000",1,0,0,0,0
"S15092D","V5889","10000",1,0,0,0,0
"S15092S","9083","10000",1,0,0,0,0
"S15099A","90000","10000",1,0,0,0,0
"S15099A","90001","10000",1,0,0,0,0
"S15099A","90002","10000",1,0,0,0,0
"S15099A","90003","10000",1,0,0,0,0
"S15099D","V5889","10000",1,0,0,0,0
"S15099S","9083","10000",1,0,0,0,0
"S15101A","90089","10000",1,0,0,0,0
"S15101D","V5889","10000",1,0,0,0,0
"S15101S","9083","10000",1,0,0,0,0
"S15102A","90089","10000",1,0,0,0,0
"S15102D","V5889","10000",1,0,0,0,0
"S15102S","9083","10000",1,0,0,0,0
"S15109A","90089","10000",1,0,0,0,0
"S15109D","V5889","10000",1,0,0,0,0
"S15109S","9083","10000",1,0,0,0,0
"S15111A","90089","10000",1,0,0,0,0
"S15111D","V5889","10000",1,0,0,0,0
"S15111S","9083","10000",1,0,0,0,0
"S15112A","90089","10000",1,0,0,0,0
"S15112D","V5889","10000",1,0,0,0,0
"S15112S","9083","10000",1,0,0,0,0
"S15119A","90089","10000",1,0,0,0,0
"S15119D","V5889","10000",1,0,0,0,0
"S15119S","9083","10000",1,0,0,0,0
"S15121A","90089","10000",1,0,0,0,0
"S15121D","V5889","10000",1,0,0,0,0
"S15121S","9083","10000",1,0,0,0,0
"S15122A","90089","10000",1,0,0,0,0
"S15122D","V5889","10000",1,0,0,0,0
"S15122S","9083","10000",1,0,0,0,0
"S15129A","90089","10000",1,0,0,0,0
"S15129D","V5889","10000",1,0,0,0,0
"S15129S","9083","10000",1,0,0,0,0
"S15191A","90089","10000",1,0,0,0,0
"S15191D","V5889","10000",1,0,0,0,0
"S15191S","9083","10000",1,0,0,0,0
"S15192A","90089","10000",1,0,0,0,0
"S15192D","V5889","10000",1,0,0,0,0
"S15192S","9083","10000",1,0,0,0,0
"S15199A","90089","10000",1,0,0,0,0
"S15199D","V5889","10000",1,0,0,0,0
"S15199S","9083","10000",1,0,0,0,0
"S15201A","90081","10000",1,0,0,0,0
"S15201D","V5889","10000",1,0,0,0,0
"S15201S","9083","10000",1,0,0,0,0
"S15202A","90081","10000",1,0,0,0,0
"S15202D","V5889","10000",1,0,0,0,0
"S15202S","9083","10000",1,0,0,0,0
"S15209A","90081","10000",1,0,0,0,0
"S15209D","V5889","10000",1,0,0,0,0
"S15209S","9083","10000",1,0,0,0,0
"S15211A","90081","10000",1,0,0,0,0
"S15211D","V5889","10000",1,0,0,0,0
"S15211S","9083","10000",1,0,0,0,0
"S15212A","90081","10000",1,0,0,0,0
"S15212D","V5889","10000",1,0,0,0,0
"S15212S","9083","10000",1,0,0,0,0
"S15219A","90081","10000",1,0,0,0,0
"S15219D","V5889","10000",1,0,0,0,0
"S15219S","9083","10000",1,0,0,0,0
"S15221A","90081","10000",1,0,0,0,0
"S15221D","V5889","10000",1,0,0,0,0
"S15221S","9083","10000",1,0,0,0,0
"S15222A","90081","10000",1,0,0,0,0
"S15222D","V5889","10000",1,0,0,0,0
"S15222S","9083","10000",1,0,0,0,0
"S15229A","90081","10000",1,0,0,0,0
"S15229D","V5889","10000",1,0,0,0,0
"S15229S","9083","10000",1,0,0,0,0
"S15291A","90081","10000",1,0,0,0,0
"S15291D","V5889","10000",1,0,0,0,0
"S15291S","9083","10000",1,0,0,0,0
"S15292A","90081","10000",1,0,0,0,0
"S15292D","V5889","10000",1,0,0,0,0
"S15292S","9083","10000",1,0,0,0,0
"S15299A","90081","10000",1,0,0,0,0
"S15299D","V5889","10000",1,0,0,0,0
"S15299S","9083","10000",1,0,0,0,0
"S15301A","9001","10000",1,0,0,0,0
"S15301D","V5889","10000",1,0,0,0,0
"S15301S","9083","10000",1,0,0,0,0
"S15302A","9001","10000",1,0,0,0,0
"S15302D","V5889","10000",1,0,0,0,0
"S15302S","9083","10000",1,0,0,0,0
"S15309A","9001","10000",1,0,0,0,0
"S15309D","V5889","10000",1,0,0,0,0
"S15309S","9083","10000",1,0,0,0,0
"S15311A","9001","10000",1,0,0,0,0
"S15311D","V5889","10000",1,0,0,0,0
"S15311S","9083","10000",1,0,0,0,0
"S15312A","9001","10000",1,0,0,0,0
"S15312D","V5889","10000",1,0,0,0,0
"S15312S","9083","10000",1,0,0,0,0
"S15319A","9001","10000",1,0,0,0,0
"S15319D","V5889","10000",1,0,0,0,0
"S15319S","9083","10000",1,0,0,0,0
"S15321A","9001","10000",1,0,0,0,0
"S15321D","V5889","10000",1,0,0,0,0
"S15321S","9083","10000",1,0,0,0,0
"S15322A","9001","10000",1,0,0,0,0
"S15322D","V5889","10000",1,0,0,0,0
"S15322S","9083","10000",1,0,0,0,0
"S15329A","9001","10000",1,0,0,0,0
"S15329D","V5889","10000",1,0,0,0,0
"S15329S","9083","10000",1,0,0,0,0
"S15391A","9001","10000",1,0,0,0,0
"S15391D","V5889","10000",1,0,0,0,0
"S15391S","9083","10000",1,0,0,0,0
"S15392A","9001","10000",1,0,0,0,0
"S15392D","V5889","10000",1,0,0,0,0
"S15392S","9083","10000",1,0,0,0,0
"S15399A","9001","10000",1,0,0,0,0
"S15399D","V5889","10000",1,0,0,0,0
"S15399S","9083","10000",1,0,0,0,0
"S158XXA","90082","10000",1,0,0,0,0
"S158XXA","90089","10000",1,0,0,0,0
"S158XXD","V5889","10000",1,0,0,0,0
"S158XXS","9083","10000",1,0,0,0,0
"S159XXA","9009","10000",1,0,0,0,0
"S159XXD","V5889","10000",1,0,0,0,0
"S159XXS","9083","10000",1,0,0,0,0
"S161XXA","8470","10000",1,0,0,0,0
"S161XXD","V5889","10000",1,0,0,0,0
"S161XXS","9057","10000",1,0,0,0,0
"S162XXA","8748","10000",1,0,0,0,0
"S162XXD","V5889","10000",1,0,0,0,0
"S162XXS","9060","10000",1,0,0,0,0
"S168XXA","95909","10000",1,0,0,0,0
"S168XXD","V5889","10000",1,0,0,0,0
"S168XXS","9089","10000",1,0,0,0,0
"S169XXA","95909","10000",1,0,0,0,0
"S169XXD","V5889","10000",1,0,0,0,0
"S169XXS","9089","10000",1,0,0,0,0
"S170XXA","9252","10000",1,0,0,0,0
"S170XXD","V5889","10000",1,0,0,0,0
"S170XXS","9064","10000",1,0,0,0,0
"S178XXA","9252","10000",1,0,0,0,0
"S178XXD","V5889","10000",1,0,0,0,0
"S178XXS","9064","10000",1,0,0,0,0
"S179XXA","9252","10000",1,0,0,0,0
"S179XXD","V5889","10000",1,0,0,0,0
"S179XXS","9064","10000",1,0,0,0,0
"S1980XA","95909","10000",1,0,0,0,0
"S1980XD","V5889","10000",1,0,0,0,0
"S1980XS","9089","10000",1,0,0,0,0
"S1981XA","95909","10000",1,0,0,0,0
"S1981XD","V5889","10000",1,0,0,0,0
"S1981XS","9089","10000",1,0,0,0,0
"S1982XA","95909","10000",1,0,0,0,0
"S1982XD","V5889","10000",1,0,0,0,0
"S1982XS","9089","10000",1,0,0,0,0
"S1983XA","95909","10000",1,0,0,0,0
"S1983XD","V5889","10000",1,0,0,0,0
"S1983XS","9089","10000",1,0,0,0,0
"S1984XA","95909","10000",1,0,0,0,0
"S1984XD","V5889","10000",1,0,0,0,0
"S1984XS","9089","10000",1,0,0,0,0
"S1985XA","95909","10000",1,0,0,0,0
"S1985XD","V5889","10000",1,0,0,0,0
"S1985XS","9089","10000",1,0,0,0,0
"S1989XA","95909","10000",1,0,0,0,0
"S1989XD","V5889","10000",1,0,0,0,0
"S1989XS","9089","10000",1,0,0,0,0
"S199XXA","95909","10000",1,0,0,0,0
"S199XXD","V5889","10000",1,0,0,0,0
"S199XXS","9089","10000",1,0,0,0,0
"S2000XA","9220","10000",1,0,0,0,0
"S2000XD","V5889","10000",1,0,0,0,0
"S2000XS","9063","10000",1,0,0,0,0
"S2001XA","9220","10000",1,0,0,0,0
"S2001XD","V5889","10000",1,0,0,0,0
"S2001XS","9063","10000",1,0,0,0,0
"S2002XA","9220","10000",1,0,0,0,0
"S2002XD","V5889","10000",1,0,0,0,0
"S2002XS","9063","10000",1,0,0,0,0
"S20101A","9118","10000",1,0,0,0,0
"S20101D","V5889","10000",1,0,0,0,0
"S20101S","9062","10000",1,0,0,0,0
"S20102A","9118","10000",1,0,0,0,0
"S20102D","V5889","10000",1,0,0,0,0
"S20102S","9062","10000",1,0,0,0,0
"S20109A","9118","10000",1,0,0,0,0
"S20109D","V5889","10000",1,0,0,0,0
"S20109S","9062","10000",1,0,0,0,0
"S20111A","9110","10000",1,0,0,0,0
"S20111D","V5889","10000",1,0,0,0,0
"S20111S","9062","10000",1,0,0,0,0
"S20112A","9110","10000",1,0,0,0,0
"S20112D","V5889","10000",1,0,0,0,0
"S20112S","9062","10000",1,0,0,0,0
"S20119A","9110","10000",1,0,0,0,0
"S20119D","V5889","10000",1,0,0,0,0
"S20119S","9062","10000",1,0,0,0,0
"S20121A","9112","10000",1,0,0,0,0
"S20121D","V5889","10000",1,0,0,0,0
"S20121S","9062","10000",1,0,0,0,0
"S20122A","9112","10000",1,0,0,0,0
"S20122D","V5889","10000",1,0,0,0,0
"S20122S","9062","10000",1,0,0,0,0
"S20129A","9112","10000",1,0,0,0,0
"S20129D","V5889","10000",1,0,0,0,0
"S20129S","9062","10000",1,0,0,0,0
"S20141A","9118","10000",1,0,0,0,0
"S20141D","V5889","10000",1,0,0,0,0
"S20141S","9062","10000",1,0,0,0,0
"S20142A","9118","10000",1,0,0,0,0
"S20142D","V5889","10000",1,0,0,0,0
"S20142S","9062","10000",1,0,0,0,0
"S20149A","9118","10000",1,0,0,0,0
"S20149D","V5889","10000",1,0,0,0,0
"S20149S","9062","10000",1,0,0,0,0
"S20151A","9116","10000",1,0,0,0,0
"S20151D","V5889","10000",1,0,0,0,0
"S20151S","9062","10000",1,0,0,0,0
"S20152A","9116","10000",1,0,0,0,0
"S20152D","V5889","10000",1,0,0,0,0
"S20152S","9062","10000",1,0,0,0,0
"S20159A","9116","10000",1,0,0,0,0
"S20159D","V5889","10000",1,0,0,0,0
"S20159S","9062","10000",1,0,0,0,0
"S20161A","9114","10000",1,0,0,0,0
"S20161D","V5889","10000",1,0,0,0,0
"S20161S","9062","10000",1,0,0,0,0
"S20162A","9114","10000",1,0,0,0,0
"S20162D","V5889","10000",1,0,0,0,0
"S20162S","9062","10000",1,0,0,0,0
"S20169A","9114","10000",1,0,0,0,0
"S20169D","V5889","10000",1,0,0,0,0
"S20169S","9062","10000",1,0,0,0,0
"S20171A","9118","10000",1,0,0,0,0
"S20171D","V5889","10000",1,0,0,0,0
"S20171S","9062","10000",1,0,0,0,0
"S20172A","9118","10000",1,0,0,0,0
"S20172D","V5889","10000",1,0,0,0,0
"S20172S","9062","10000",1,0,0,0,0
"S20179A","9118","10000",1,0,0,0,0
"S20179D","V5889","10000",1,0,0,0,0
"S20179S","9062","10000",1,0,0,0,0
"S2020XA","9229","10000",1,0,0,0,0
"S2020XD","V5889","10000",1,0,0,0,0
"S2020XS","9063","10000",1,0,0,0,0
"S20211A","9221","10000",1,0,0,0,0
"S20211D","V5889","10000",1,0,0,0,0
"S20211S","9063","10000",1,0,0,0,0
"S20212A","9221","10000",1,0,0,0,0
"S20212D","V5889","10000",1,0,0,0,0
"S20212S","9063","10000",1,0,0,0,0
"S20219A","9221","10000",1,0,0,0,0
"S20219D","V5889","10000",1,0,0,0,0
"S20219S","9063","10000",1,0,0,0,0
"S20221A","92233","10000",1,0,0,0,0
"S20221D","V5889","10000",1,0,0,0,0
"S20221S","9063","10000",1,0,0,0,0
"S20222A","92233","10000",1,0,0,0,0
"S20222D","V5889","10000",1,0,0,0,0
"S20222S","9063","10000",1,0,0,0,0
"S20229A","92233","10000",1,0,0,0,0
"S20229D","V5889","10000",1,0,0,0,0
"S20229S","9063","10000",1,0,0,0,0
"S20301A","9118","10000",1,0,0,0,0
"S20301D","V5889","10000",1,0,0,0,0
"S20301S","9062","10000",1,0,0,0,0
"S20302A","9118","10000",1,0,0,0,0
"S20302D","V5889","10000",1,0,0,0,0
"S20302S","9062","10000",1,0,0,0,0
"S20309A","9118","10000",1,0,0,0,0
"S20309D","V5889","10000",1,0,0,0,0
"S20309S","9062","10000",1,0,0,0,0
"S20311A","9110","10000",1,0,0,0,0
"S20311D","V5889","10000",1,0,0,0,0
"S20311S","9062","10000",1,0,0,0,0
"S20312A","9110","10000",1,0,0,0,0
"S20312D","V5889","10000",1,0,0,0,0
"S20312S","9062","10000",1,0,0,0,0
"S20319A","9110","10000",1,0,0,0,0
"S20319D","V5889","10000",1,0,0,0,0
"S20319S","9062","10000",1,0,0,0,0
"S20321A","9112","10000",1,0,0,0,0
"S20321D","V5889","10000",1,0,0,0,0
"S20321S","9062","10000",1,0,0,0,0
"S20322A","9112","10000",1,0,0,0,0
"S20322D","V5889","10000",1,0,0,0,0
"S20322S","9062","10000",1,0,0,0,0
"S20329A","9112","10000",1,0,0,0,0
"S20329D","V5889","10000",1,0,0,0,0
"S20329S","9062","10000",1,0,0,0,0
"S20341A","9118","10000",1,0,0,0,0
"S20341D","V5889","10000",1,0,0,0,0
"S20341S","9062","10000",1,0,0,0,0
"S20342A","9118","10000",1,0,0,0,0
"S20342D","V5889","10000",1,0,0,0,0
"S20342S","9062","10000",1,0,0,0,0
"S20349A","9118","10000",1,0,0,0,0
"S20349D","V5889","10000",1,0,0,0,0
"S20349S","9062","10000",1,0,0,0,0
"S20351A","9116","10000",1,0,0,0,0
"S20351D","V5889","10000",1,0,0,0,0
"S20351S","9062","10000",1,0,0,0,0
"S20352A","9116","10000",1,0,0,0,0
"S20352D","V5889","10000",1,0,0,0,0
"S20352S","9062","10000",1,0,0,0,0
"S20359A","9116","10000",1,0,0,0,0
"S20359D","V5889","10000",1,0,0,0,0
"S20359S","9062","10000",1,0,0,0,0
"S20361A","9114","10000",1,0,0,0,0
"S20361D","V5889","10000",1,0,0,0,0
"S20361S","9062","10000",1,0,0,0,0
"S20362A","9114","10000",1,0,0,0,0
"S20362D","V5889","10000",1,0,0,0,0
"S20362S","9062","10000",1,0,0,0,0
"S20369A","9114","10000",1,0,0,0,0
"S20369D","V5889","10000",1,0,0,0,0
"S20369S","9062","10000",1,0,0,0,0
"S20371A","9118","10000",1,0,0,0,0
"S20371D","V5889","10000",1,0,0,0,0
"S20371S","9062","10000",1,0,0,0,0
"S20372A","9118","10000",1,0,0,0,0
"S20372D","V5889","10000",1,0,0,0,0
"S20372S","9062","10000",1,0,0,0,0
"S20379A","9118","10000",1,0,0,0,0
"S20379D","V5889","10000",1,0,0,0,0
"S20379S","9062","10000",1,0,0,0,0
"S20401A","9118","10000",1,0,0,0,0
"S20401D","V5889","10000",1,0,0,0,0
"S20401S","9062","10000",1,0,0,0,0
"S20402A","9118","10000",1,0,0,0,0
"S20402D","V5889","10000",1,0,0,0,0
"S20402S","9062","10000",1,0,0,0,0
"S20409A","9118","10000",1,0,0,0,0
"S20409D","V5889","10000",1,0,0,0,0
"S20409S","9062","10000",1,0,0,0,0
"S20411A","9110","10000",1,0,0,0,0
"S20411D","V5889","10000",1,0,0,0,0
"S20411S","9062","10000",1,0,0,0,0
"S20412A","9110","10000",1,0,0,0,0
"S20412D","V5889","10000",1,0,0,0,0
"S20412S","9062","10000",1,0,0,0,0
"S20419A","9110","10000",1,0,0,0,0
"S20419D","V5889","10000",1,0,0,0,0
"S20419S","9062","10000",1,0,0,0,0
"S20421A","9112","10000",1,0,0,0,0
"S20421D","V5889","10000",1,0,0,0,0
"S20421S","9062","10000",1,0,0,0,0
"S20422A","9112","10000",1,0,0,0,0
"S20422D","V5889","10000",1,0,0,0,0
"S20422S","9062","10000",1,0,0,0,0
"S20429A","9112","10000",1,0,0,0,0
"S20429D","V5889","10000",1,0,0,0,0
"S20429S","9062","10000",1,0,0,0,0
"S20441A","9118","10000",1,0,0,0,0
"S20441D","V5889","10000",1,0,0,0,0
"S20441S","9062","10000",1,0,0,0,0
"S20442A","9118","10000",1,0,0,0,0
"S20442D","V5889","10000",1,0,0,0,0
"S20442S","9062","10000",1,0,0,0,0
"S20449A","9118","10000",1,0,0,0,0
"S20449D","V5889","10000",1,0,0,0,0
"S20449S","9062","10000",1,0,0,0,0
"S20451A","9116","10000",1,0,0,0,0
"S20451D","V5889","10000",1,0,0,0,0
"S20451S","9062","10000",1,0,0,0,0
"S20452A","9116","10000",1,0,0,0,0
"S20452D","V5889","10000",1,0,0,0,0
"S20452S","9062","10000",1,0,0,0,0
"S20459A","9116","10000",1,0,0,0,0
"S20459D","V5889","10000",1,0,0,0,0
"S20459S","9062","10000",1,0,0,0,0
"S20461A","9114","10000",1,0,0,0,0
"S20461D","V5889","10000",1,0,0,0,0
"S20461S","9062","10000",1,0,0,0,0
"S20462A","9114","10000",1,0,0,0,0
"S20462D","V5889","10000",1,0,0,0,0
"S20462S","9062","10000",1,0,0,0,0
"S20469A","9114","10000",1,0,0,0,0
"S20469D","V5889","10000",1,0,0,0,0
"S20469S","9062","10000",1,0,0,0,0
"S20471A","9118","10000",1,0,0,0,0
"S20471D","V5889","10000",1,0,0,0,0
"S20471S","9062","10000",1,0,0,0,0
"S20472A","9118","10000",1,0,0,0,0
"S20472D","V5889","10000",1,0,0,0,0
"S20472S","9062","10000",1,0,0,0,0
"S20479A","9118","10000",1,0,0,0,0
"S20479D","V5889","10000",1,0,0,0,0
"S20479S","9062","10000",1,0,0,0,0
"S2090XA","9118","10000",1,0,0,0,0
"S2090XD","V5889","10000",1,0,0,0,0
"S2090XS","9062","10000",1,0,0,0,0
"S2091XA","9110","10000",1,0,0,0,0
"S2091XD","V5889","10000",1,0,0,0,0
"S2091XS","9062","10000",1,0,0,0,0
"S2092XA","9112","10000",1,0,0,0,0
"S2092XD","V5889","10000",1,0,0,0,0
"S2092XS","9062","10000",1,0,0,0,0
"S2094XA","9118","10000",1,0,0,0,0
"S2094XD","V5889","10000",1,0,0,0,0
"S2094XS","9062","10000",1,0,0,0,0
"S2095XA","9116","10000",1,0,0,0,0
"S2095XD","V5889","10000",1,0,0,0,0
"S2095XS","9062","10000",1,0,0,0,0
"S2096XA","9114","10000",1,0,0,0,0
"S2096XD","V5889","10000",1,0,0,0,0
"S2096XS","9062","10000",1,0,0,0,0
"S2097XA","9118","10000",1,0,0,0,0
"S2097XD","V5889","10000",1,0,0,0,0
"S2097XS","9062","10000",1,0,0,0,0
"S21001A","8790","10000",1,0,0,0,0
"S21001D","V5889","10000",1,0,0,0,0
"S21001S","9060","10000",1,0,0,0,0
"S21002A","8790","10000",1,0,0,0,0
"S21002D","V5889","10000",1,0,0,0,0
"S21002S","9060","10000",1,0,0,0,0
"S21009A","8790","10000",1,0,0,0,0
"S21009D","V5889","10000",1,0,0,0,0
"S21009S","9060","10000",1,0,0,0,0
"S21011A","8790","10000",1,0,0,0,0
"S21011D","V5889","10000",1,0,0,0,0
"S21011S","9060","10000",1,0,0,0,0
"S21012A","8790","10000",1,0,0,0,0
"S21012D","V5889","10000",1,0,0,0,0
"S21012S","9060","10000",1,0,0,0,0
"S21019A","8790","10000",1,0,0,0,0
"S21019D","V5889","10000",1,0,0,0,0
"S21019S","9060","10000",1,0,0,0,0
"S21021A","8791","10000",1,0,0,0,0
"S21021D","V5889","10000",1,0,0,0,0
"S21021S","9060","10000",1,0,0,0,0
"S21022A","8791","10000",1,0,0,0,0
"S21022D","V5889","10000",1,0,0,0,0
"S21022S","9060","10000",1,0,0,0,0
"S21029A","8791","10000",1,0,0,0,0
"S21029D","V5889","10000",1,0,0,0,0
"S21029S","9060","10000",1,0,0,0,0
"S21031A","8790","10000",1,0,0,0,0
"S21031D","V5889","10000",1,0,0,0,0
"S21031S","9060","10000",1,0,0,0,0
"S21032A","8790","10000",1,0,0,0,0
"S21032D","V5889","10000",1,0,0,0,0
"S21032S","9060","10000",1,0,0,0,0
"S21039A","8790","10000",1,0,0,0,0
"S21039D","V5889","10000",1,0,0,0,0
"S21039S","9060","10000",1,0,0,0,0
"S21041A","8791","10000",1,0,0,0,0
"S21041D","V5889","10000",1,0,0,0,0
"S21041S","9060","10000",1,0,0,0,0
"S21042A","8791","10000",1,0,0,0,0
"S21042D","V5889","10000",1,0,0,0,0
"S21042S","9060","10000",1,0,0,0,0
"S21049A","8791","10000",1,0,0,0,0
"S21049D","V5889","10000",1,0,0,0,0
"S21049S","9060","10000",1,0,0,0,0
"S21051A","8790","10000",1,0,0,0,0
"S21051D","V5889","10000",1,0,0,0,0
"S21051S","9060","10000",1,0,0,0,0
"S21052A","8790","10000",1,0,0,0,0
"S21052D","V5889","10000",1,0,0,0,0
"S21052S","9060","10000",1,0,0,0,0
"S21059A","8790","10000",1,0,0,0,0
"S21059D","V5889","10000",1,0,0,0,0
"S21059S","9060","10000",1,0,0,0,0
"S21101A","8750","10000",1,0,0,0,0
"S21101D","V5889","10000",1,0,0,0,0
"S21101S","9060","10000",1,0,0,0,0
"S21102A","8750","10000",1,0,0,0,0
"S21102D","V5889","10000",1,0,0,0,0
"S21102S","9060","10000",1,0,0,0,0
"S21109A","8750","10000",1,0,0,0,0
"S21109D","V5889","10000",1,0,0,0,0
"S21109S","9060","10000",1,0,0,0,0
"S21111A","8750","10000",1,0,0,0,0
"S21111D","V5889","10000",1,0,0,0,0
"S21111S","9060","10000",1,0,0,0,0
"S21112A","8750","10000",1,0,0,0,0
"S21112D","V5889","10000",1,0,0,0,0
"S21112S","9060","10000",1,0,0,0,0
"S21119A","8750","10000",1,0,0,0,0
"S21119D","V5889","10000",1,0,0,0,0
"S21119S","9060","10000",1,0,0,0,0
"S21121A","8751","10000",1,0,0,0,0
"S21121D","V5889","10000",1,0,0,0,0
"S21121S","9060","10000",1,0,0,0,0
"S21122A","8751","10000",1,0,0,0,0
"S21122D","V5889","10000",1,0,0,0,0
"S21122S","9060","10000",1,0,0,0,0
"S21129A","8751","10000",1,0,0,0,0
"S21129D","V5889","10000",1,0,0,0,0
"S21129S","9060","10000",1,0,0,0,0
"S21131A","8750","10000",1,0,0,0,0
"S21131D","V5889","10000",1,0,0,0,0
"S21131S","9060","10000",1,0,0,0,0
"S21132A","8750","10000",1,0,0,0,0
"S21132D","V5889","10000",1,0,0,0,0
"S21132S","9060","10000",1,0,0,0,0
"S21139A","8750","10000",1,0,0,0,0
"S21139D","V5889","10000",1,0,0,0,0
"S21139S","9060","10000",1,0,0,0,0
"S21141A","8751","10000",1,0,0,0,0
"S21141D","V5889","10000",1,0,0,0,0
"S21141S","9060","10000",1,0,0,0,0
"S21142A","8751","10000",1,0,0,0,0
"S21142D","V5889","10000",1,0,0,0,0
"S21142S","9060","10000",1,0,0,0,0
"S21149A","8751","10000",1,0,0,0,0
"S21149D","V5889","10000",1,0,0,0,0
"S21149S","9060","10000",1,0,0,0,0
"S21151A","8750","10000",1,0,0,0,0
"S21151D","V5889","10000",1,0,0,0,0
"S21151S","9060","10000",1,0,0,0,0
"S21152A","8750","10000",1,0,0,0,0
"S21152D","V5889","10000",1,0,0,0,0
"S21152S","9060","10000",1,0,0,0,0
"S21159A","8750","10000",1,0,0,0,0
"S21159D","V5889","10000",1,0,0,0,0
"S21159S","9060","10000",1,0,0,0,0
"S21201A","8760","10000",1,0,0,0,0
"S21201D","V5889","10000",1,0,0,0,0
"S21201S","9060","10000",1,0,0,0,0
"S21202A","8760","10000",1,0,0,0,0
"S21202D","V5889","10000",1,0,0,0,0
"S21202S","9060","10000",1,0,0,0,0
"S21209A","8760","10000",1,0,0,0,0
"S21209D","V5889","10000",1,0,0,0,0
"S21209S","9060","10000",1,0,0,0,0
"S21211A","8760","10000",1,0,0,0,0
"S21211D","V5889","10000",1,0,0,0,0
"S21211S","9060","10000",1,0,0,0,0
"S21212A","8760","10000",1,0,0,0,0
"S21212D","V5889","10000",1,0,0,0,0
"S21212S","9060","10000",1,0,0,0,0
"S21219A","8760","10000",1,0,0,0,0
"S21219D","V5889","10000",1,0,0,0,0
"S21219S","9060","10000",1,0,0,0,0
"S21221A","8761","10000",1,0,0,0,0
"S21221D","V5889","10000",1,0,0,0,0
"S21221S","9060","10000",1,0,0,0,0
"S21222A","8761","10000",1,0,0,0,0
"S21222D","V5889","10000",1,0,0,0,0
"S21222S","9060","10000",1,0,0,0,0
"S21229A","8761","10000",1,0,0,0,0
"S21229D","V5889","10000",1,0,0,0,0
"S21229S","9060","10000",1,0,0,0,0
"S21231A","8760","10000",1,0,0,0,0
"S21231D","V5889","10000",1,0,0,0,0
"S21231S","9060","10000",1,0,0,0,0
"S21232A","8760","10000",1,0,0,0,0
"S21232D","V5889","10000",1,0,0,0,0
"S21232S","9060","10000",1,0,0,0,0
"S21239A","8760","10000",1,0,0,0,0
"S21239D","V5889","10000",1,0,0,0,0
"S21239S","9060","10000",1,0,0,0,0
"S21241A","8761","10000",1,0,0,0,0
"S21241D","V5889","10000",1,0,0,0,0
"S21241S","9060","10000",1,0,0,0,0
"S21242A","8761","10000",1,0,0,0,0
"S21242D","V5889","10000",1,0,0,0,0
"S21242S","9060","10000",1,0,0,0,0
"S21249A","8761","10000",1,0,0,0,0
"S21249D","V5889","10000",1,0,0,0,0
"S21249S","9060","10000",1,0,0,0,0
"S21251A","8760","10000",1,0,0,0,0
"S21251D","V5889","10000",1,0,0,0,0
"S21251S","9060","10000",1,0,0,0,0
"S21252A","8760","10000",1,0,0,0,0
"S21252D","V5889","10000",1,0,0,0,0
"S21252S","9060","10000",1,0,0,0,0
"S21259A","8760","10000",1,0,0,0,0
"S21259D","V5889","10000",1,0,0,0,0
"S21259S","9060","10000",1,0,0,0,0
"S21301A","8629","10000",1,0,0,0,0
"S21301D","V5889","10000",1,0,0,0,0
"S21301S","9060","10000",1,0,0,0,0
"S21302A","8629","10000",1,0,0,0,0
"S21302D","V5889","10000",1,0,0,0,0
"S21302S","9060","10000",1,0,0,0,0
"S21309A","8629","10000",1,0,0,0,0
"S21309D","V5889","10000",1,0,0,0,0
"S21309S","9060","10000",1,0,0,0,0
"S21311A","8629","10000",1,0,0,0,0
"S21311D","V5889","10000",1,0,0,0,0
"S21311S","9060","10000",1,0,0,0,0
"S21312A","8629","10000",1,0,0,0,0
"S21312D","V5889","10000",1,0,0,0,0
"S21312S","9060","10000",1,0,0,0,0
"S21319A","8629","10000",1,0,0,0,0
"S21319D","V5889","10000",1,0,0,0,0
"S21319S","9060","10000",1,0,0,0,0
"S21321A","8629","10000",1,0,0,0,0
"S21321D","V5889","10000",1,0,0,0,0
"S21321S","9060","10000",1,0,0,0,0
"S21322A","8629","10000",1,0,0,0,0
"S21322D","V5889","10000",1,0,0,0,0
"S21322S","9060","10000",1,0,0,0,0
"S21329A","8629","10000",1,0,0,0,0
"S21329D","V5889","10000",1,0,0,0,0
"S21329S","9060","10000",1,0,0,0,0
"S21331A","8629","10000",1,0,0,0,0
"S21331D","V5889","10000",1,0,0,0,0
"S21331S","9060","10000",1,0,0,0,0
"S21332A","8629","10000",1,0,0,0,0
"S21332D","V5889","10000",1,0,0,0,0
"S21332S","9060","10000",1,0,0,0,0
"S21339A","8629","10000",1,0,0,0,0
"S21339D","V5889","10000",1,0,0,0,0
"S21339S","9060","10000",1,0,0,0,0
"S21341A","8629","10000",1,0,0,0,0
"S21341D","V5889","10000",1,0,0,0,0
"S21341S","9060","10000",1,0,0,0,0
"S21342A","8629","10000",1,0,0,0,0
"S21342D","V5889","10000",1,0,0,0,0
"S21342S","9060","10000",1,0,0,0,0
"S21349A","8629","10000",1,0,0,0,0
"S21349D","V5889","10000",1,0,0,0,0
"S21349S","9060","10000",1,0,0,0,0
"S21351A","8629","10000",1,0,0,0,0
"S21351D","V5889","10000",1,0,0,0,0
"S21351S","9060","10000",1,0,0,0,0
"S21352A","8629","10000",1,0,0,0,0
"S21352D","V5889","10000",1,0,0,0,0
"S21352S","9060","10000",1,0,0,0,0
"S21359A","8629","10000",1,0,0,0,0
"S21359D","V5889","10000",1,0,0,0,0
"S21359S","9060","10000",1,0,0,0,0
"S21401A","8629","10000",1,0,0,0,0
"S21401D","V5889","10000",1,0,0,0,0
"S21401S","9060","10000",1,0,0,0,0
"S21402A","8629","10000",1,0,0,0,0
"S21402D","V5889","10000",1,0,0,0,0
"S21402S","9060","10000",1,0,0,0,0
"S21409A","8629","10000",1,0,0,0,0
"S21409D","V5889","10000",1,0,0,0,0
"S21409S","9060","10000",1,0,0,0,0
"S21411A","8629","10000",1,0,0,0,0
"S21411D","V5889","10000",1,0,0,0,0
"S21411S","9060","10000",1,0,0,0,0
"S21412A","8629","10000",1,0,0,0,0
"S21412D","V5889","10000",1,0,0,0,0
"S21412S","9060","10000",1,0,0,0,0
"S21419A","8629","10000",1,0,0,0,0
"S21419D","V5889","10000",1,0,0,0,0
"S21419S","9060","10000",1,0,0,0,0
"S21421A","8629","10000",1,0,0,0,0
"S21421D","V5889","10000",1,0,0,0,0
"S21421S","9060","10000",1,0,0,0,0
"S21422A","8629","10000",1,0,0,0,0
"S21422D","V5889","10000",1,0,0,0,0
"S21422S","9060","10000",1,0,0,0,0
"S21429A","8629","10000",1,0,0,0,0
"S21429D","V5889","10000",1,0,0,0,0
"S21429S","9060","10000",1,0,0,0,0
"S21431A","8629","10000",1,0,0,0,0
"S21431D","V5889","10000",1,0,0,0,0
"S21431S","9060","10000",1,0,0,0,0
"S21432A","8629","10000",1,0,0,0,0
"S21432D","V5889","10000",1,0,0,0,0
"S21432S","9060","10000",1,0,0,0,0
"S21439A","8629","10000",1,0,0,0,0
"S21439D","V5889","10000",1,0,0,0,0
"S21439S","9060","10000",1,0,0,0,0
"S21441A","8629","10000",1,0,0,0,0
"S21441D","V5889","10000",1,0,0,0,0
"S21441S","9060","10000",1,0,0,0,0
"S21442A","8629","10000",1,0,0,0,0
"S21442D","V5889","10000",1,0,0,0,0
"S21442S","9060","10000",1,0,0,0,0
"S21449A","8629","10000",1,0,0,0,0
"S21449D","V5889","10000",1,0,0,0,0
"S21449S","9060","10000",1,0,0,0,0
"S21451A","8629","10000",1,0,0,0,0
"S21451D","V5889","10000",1,0,0,0,0
"S21451S","9060","10000",1,0,0,0,0
"S21452A","8629","10000",1,0,0,0,0
"S21452D","V5889","10000",1,0,0,0,0
"S21452S","9060","10000",1,0,0,0,0
"S21459A","8629","10000",1,0,0,0,0
"S21459D","V5889","10000",1,0,0,0,0
"S21459S","9060","10000",1,0,0,0,0
"S2190XA","8750","10000",1,0,0,0,0
"S2190XD","V5889","10000",1,0,0,0,0
"S2190XS","9060","10000",1,0,0,0,0
"S2191XA","8750","10000",1,0,0,0,0
"S2191XD","V5889","10000",1,0,0,0,0
"S2191XS","9060","10000",1,0,0,0,0
"S2192XA","8751","10000",1,0,0,0,0
"S2192XD","V5889","10000",1,0,0,0,0
"S2192XS","9060","10000",1,0,0,0,0
"S2193XA","8750","10000",1,0,0,0,0
"S2193XD","V5889","10000",1,0,0,0,0
"S2193XS","9060","10000",1,0,0,0,0
"S2194XA","8751","10000",1,0,0,0,0
"S2194XD","V5889","10000",1,0,0,0,0
"S2194XS","9060","10000",1,0,0,0,0
"S2195XA","8750","10000",1,0,0,0,0
"S2195XD","V5889","10000",1,0,0,0,0
"S2195XS","9060","10000",1,0,0,0,0
"S22000A","8052","10000",1,0,0,0,0
"S22000B","8053","10000",1,0,0,0,0
"S22000D","V5417","10000",1,0,0,0,0
"S22000G","V5417","10000",1,0,0,0,0
"S22000K","73382","10000",1,0,0,0,0
"S22000S","9051","10000",1,0,0,0,0
"S22001A","8052","10000",1,0,0,0,0
"S22001B","8053","10000",1,0,0,0,0
"S22001D","V5417","10000",1,0,0,0,0
"S22001G","V5417","10000",1,0,0,0,0
"S22001K","73382","10000",1,0,0,0,0
"S22001S","9051","10000",1,0,0,0,0
"S22002A","8052","10000",1,0,0,0,0
"S22002B","8053","10000",1,0,0,0,0
"S22002D","V5417","10000",1,0,0,0,0
"S22002G","V5417","10000",1,0,0,0,0
"S22002K","73382","10000",1,0,0,0,0
"S22002S","9051","10000",1,0,0,0,0
"S22008A","8052","10000",1,0,0,0,0
"S22008B","8053","10000",1,0,0,0,0
"S22008D","V5417","10000",1,0,0,0,0
"S22008G","V5417","10000",1,0,0,0,0
"S22008K","73382","10000",1,0,0,0,0
"S22008S","9051","10000",1,0,0,0,0
"S22009A","8052","10000",1,0,0,0,0
"S22009B","8053","10000",1,0,0,0,0
"S22009D","V5417","10000",1,0,0,0,0
"S22009G","V5417","10000",1,0,0,0,0
"S22009K","73382","10000",1,0,0,0,0
"S22009S","9051","10000",1,0,0,0,0
"S22010A","8052","10000",1,0,0,0,0
"S22010B","8053","10000",1,0,0,0,0
"S22010D","V5417","10000",1,0,0,0,0
"S22010G","V5417","10000",1,0,0,0,0
"S22010K","73382","10000",1,0,0,0,0
"S22010S","9051","10000",1,0,0,0,0
"S22011A","8052","10000",1,0,0,0,0
"S22011B","8053","10000",1,0,0,0,0
"S22011D","V5417","10000",1,0,0,0,0
"S22011G","V5417","10000",1,0,0,0,0
"S22011K","73382","10000",1,0,0,0,0
"S22011S","9051","10000",1,0,0,0,0
"S22012A","8052","10000",1,0,0,0,0
"S22012B","8053","10000",1,0,0,0,0
"S22012D","V5417","10000",1,0,0,0,0
"S22012G","V5417","10000",1,0,0,0,0
"S22012K","73382","10000",1,0,0,0,0
"S22012S","9051","10000",1,0,0,0,0
"S22018A","8052","10000",1,0,0,0,0
"S22018B","8053","10000",1,0,0,0,0
"S22018D","V5417","10000",1,0,0,0,0
"S22018G","V5417","10000",1,0,0,0,0
"S22018K","73382","10000",1,0,0,0,0
"S22018S","9051","10000",1,0,0,0,0
"S22019A","8052","10000",1,0,0,0,0
"S22019B","8053","10000",1,0,0,0,0
"S22019D","V5417","10000",1,0,0,0,0
"S22019G","V5417","10000",1,0,0,0,0
"S22019K","73382","10000",1,0,0,0,0
"S22019S","9051","10000",1,0,0,0,0
"S22020A","8052","10000",1,0,0,0,0
"S22020B","8053","10000",1,0,0,0,0
"S22020D","V5417","10000",1,0,0,0,0
"S22020G","V5417","10000",1,0,0,0,0
"S22020K","73382","10000",1,0,0,0,0
"S22020S","9051","10000",1,0,0,0,0
"S22021A","8052","10000",1,0,0,0,0
"S22021B","8053","10000",1,0,0,0,0
"S22021D","V5417","10000",1,0,0,0,0
"S22021G","V5417","10000",1,0,0,0,0
"S22021K","73382","10000",1,0,0,0,0
"S22021S","9051","10000",1,0,0,0,0
"S22022A","8052","10000",1,0,0,0,0
"S22022B","8053","10000",1,0,0,0,0
"S22022D","V5417","10000",1,0,0,0,0
"S22022G","V5417","10000",1,0,0,0,0
"S22022K","73382","10000",1,0,0,0,0
"S22022S","9051","10000",1,0,0,0,0
"S22028A","8052","10000",1,0,0,0,0
"S22028B","8053","10000",1,0,0,0,0
"S22028D","V5417","10000",1,0,0,0,0
"S22028G","V5417","10000",1,0,0,0,0
"S22028K","73382","10000",1,0,0,0,0
"S22028S","9051","10000",1,0,0,0,0
"S22029A","8052","10000",1,0,0,0,0
"S22029B","8053","10000",1,0,0,0,0
"S22029D","V5417","10000",1,0,0,0,0
"S22029G","V5417","10000",1,0,0,0,0
"S22029K","73382","10000",1,0,0,0,0
"S22029S","9051","10000",1,0,0,0,0
"S22030A","8052","10000",1,0,0,0,0
"S22030B","8053","10000",1,0,0,0,0
"S22030D","V5417","10000",1,0,0,0,0
"S22030G","V5417","10000",1,0,0,0,0
"S22030K","73382","10000",1,0,0,0,0
"S22030S","9051","10000",1,0,0,0,0
"S22031A","8052","10000",1,0,0,0,0
"S22031B","8053","10000",1,0,0,0,0
"S22031D","V5417","10000",1,0,0,0,0
"S22031G","V5417","10000",1,0,0,0,0
"S22031K","73382","10000",1,0,0,0,0
"S22031S","9051","10000",1,0,0,0,0
"S22032A","8052","10000",1,0,0,0,0
"S22032B","8053","10000",1,0,0,0,0
"S22032D","V5417","10000",1,0,0,0,0
"S22032G","V5417","10000",1,0,0,0,0
"S22032K","73382","10000",1,0,0,0,0
"S22032S","9051","10000",1,0,0,0,0
"S22038A","8052","10000",1,0,0,0,0
"S22038B","8053","10000",1,0,0,0,0
"S22038D","V5417","10000",1,0,0,0,0
"S22038G","V5417","10000",1,0,0,0,0
"S22038K","73382","10000",1,0,0,0,0
"S22038S","9051","10000",1,0,0,0,0
"S22039A","8052","10000",1,0,0,0,0
"S22039B","8053","10000",1,0,0,0,0
"S22039D","V5417","10000",1,0,0,0,0
"S22039G","V5417","10000",1,0,0,0,0
"S22039K","73382","10000",1,0,0,0,0
"S22039S","9051","10000",1,0,0,0,0
"S22040A","8052","10000",1,0,0,0,0
"S22040B","8053","10000",1,0,0,0,0
"S22040D","V5417","10000",1,0,0,0,0
"S22040G","V5417","10000",1,0,0,0,0
"S22040K","73382","10000",1,0,0,0,0
"S22040S","9051","10000",1,0,0,0,0
"S22041A","8052","10000",1,0,0,0,0
"S22041B","8053","10000",1,0,0,0,0
"S22041D","V5417","10000",1,0,0,0,0
"S22041G","V5417","10000",1,0,0,0,0
"S22041K","73382","10000",1,0,0,0,0
"S22041S","9051","10000",1,0,0,0,0
"S22042A","8052","10000",1,0,0,0,0
"S22042B","8053","10000",1,0,0,0,0
"S22042D","V5417","10000",1,0,0,0,0
"S22042G","V5417","10000",1,0,0,0,0
"S22042K","73382","10000",1,0,0,0,0
"S22042S","9051","10000",1,0,0,0,0
"S22048A","8052","10000",1,0,0,0,0
"S22048B","8053","10000",1,0,0,0,0
"S22048D","V5417","10000",1,0,0,0,0
"S22048G","V5417","10000",1,0,0,0,0
"S22048K","73382","10000",1,0,0,0,0
"S22048S","9051","10000",1,0,0,0,0
"S22049A","8052","10000",1,0,0,0,0
"S22049B","8053","10000",1,0,0,0,0
"S22049D","V5417","10000",1,0,0,0,0
"S22049G","V5417","10000",1,0,0,0,0
"S22049K","73382","10000",1,0,0,0,0
"S22049S","9051","10000",1,0,0,0,0
"S22050A","8052","10000",1,0,0,0,0
"S22050B","8053","10000",1,0,0,0,0
"S22050D","V5417","10000",1,0,0,0,0
"S22050G","V5417","10000",1,0,0,0,0
"S22050K","73382","10000",1,0,0,0,0
"S22050S","9051","10000",1,0,0,0,0
"S22051A","8052","10000",1,0,0,0,0
"S22051B","8053","10000",1,0,0,0,0
"S22051D","V5417","10000",1,0,0,0,0
"S22051G","V5417","10000",1,0,0,0,0
"S22051K","73382","10000",1,0,0,0,0
"S22051S","9051","10000",1,0,0,0,0
"S22052A","8052","10000",1,0,0,0,0
"S22052B","8053","10000",1,0,0,0,0
"S22052D","V5417","10000",1,0,0,0,0
"S22052G","V5417","10000",1,0,0,0,0
"S22052K","73382","10000",1,0,0,0,0
"S22052S","9051","10000",1,0,0,0,0
"S22058A","8052","10000",1,0,0,0,0
"S22058B","8053","10000",1,0,0,0,0
"S22058D","V5417","10000",1,0,0,0,0
"S22058G","V5417","10000",1,0,0,0,0
"S22058K","73382","10000",1,0,0,0,0
"S22058S","9051","10000",1,0,0,0,0
"S22059A","8052","10000",1,0,0,0,0
"S22059B","8053","10000",1,0,0,0,0
"S22059D","V5417","10000",1,0,0,0,0
"S22059G","V5417","10000",1,0,0,0,0
"S22059K","73382","10000",1,0,0,0,0
"S22059S","9051","10000",1,0,0,0,0
"S22060A","8052","10000",1,0,0,0,0
"S22060B","8053","10000",1,0,0,0,0
"S22060D","V5417","10000",1,0,0,0,0
"S22060G","V5417","10000",1,0,0,0,0
"S22060K","73382","10000",1,0,0,0,0
"S22060S","9051","10000",1,0,0,0,0
"S22061A","8052","10000",1,0,0,0,0
"S22061B","8053","10000",1,0,0,0,0
"S22061D","V5417","10000",1,0,0,0,0
"S22061G","V5417","10000",1,0,0,0,0
"S22061K","73382","10000",1,0,0,0,0
"S22061S","9051","10000",1,0,0,0,0
"S22062A","8052","10000",1,0,0,0,0
"S22062B","8053","10000",1,0,0,0,0
"S22062D","V5417","10000",1,0,0,0,0
"S22062G","V5417","10000",1,0,0,0,0
"S22062K","73382","10000",1,0,0,0,0
"S22062S","9051","10000",1,0,0,0,0
"S22068A","8052","10000",1,0,0,0,0
"S22068B","8053","10000",1,0,0,0,0
"S22068D","V5417","10000",1,0,0,0,0
"S22068G","V5417","10000",1,0,0,0,0
"S22068K","73382","10000",1,0,0,0,0
"S22068S","9051","10000",1,0,0,0,0
"S22069A","8052","10000",1,0,0,0,0
"S22069B","8053","10000",1,0,0,0,0
"S22069D","V5417","10000",1,0,0,0,0
"S22069G","V5417","10000",1,0,0,0,0
"S22069K","73382","10000",1,0,0,0,0
"S22069S","9051","10000",1,0,0,0,0
"S22070A","8052","10000",1,0,0,0,0
"S22070B","8053","10000",1,0,0,0,0
"S22070D","V5417","10000",1,0,0,0,0
"S22070G","V5417","10000",1,0,0,0,0
"S22070K","73382","10000",1,0,0,0,0
"S22070S","9051","10000",1,0,0,0,0
"S22071A","8052","10000",1,0,0,0,0
"S22071B","8053","10000",1,0,0,0,0
"S22071D","V5417","10000",1,0,0,0,0
"S22071G","V5417","10000",1,0,0,0,0
"S22071K","73382","10000",1,0,0,0,0
"S22071S","9051","10000",1,0,0,0,0
"S22072A","8052","10000",1,0,0,0,0
"S22072B","8053","10000",1,0,0,0,0
"S22072D","V5417","10000",1,0,0,0,0
"S22072G","V5417","10000",1,0,0,0,0
"S22072K","73382","10000",1,0,0,0,0
"S22072S","9051","10000",1,0,0,0,0
"S22078A","8052","10000",1,0,0,0,0
"S22078B","8053","10000",1,0,0,0,0
"S22078D","V5417","10000",1,0,0,0,0
"S22078G","V5417","10000",1,0,0,0,0
"S22078K","73382","10000",1,0,0,0,0
"S22078S","9051","10000",1,0,0,0,0
"S22079A","8052","10000",1,0,0,0,0
"S22079B","8053","10000",1,0,0,0,0
"S22079D","V5417","10000",1,0,0,0,0
"S22079G","V5417","10000",1,0,0,0,0
"S22079K","73382","10000",1,0,0,0,0
"S22079S","9051","10000",1,0,0,0,0
"S22080A","8052","10000",1,0,0,0,0
"S22080B","8053","10000",1,0,0,0,0
"S22080D","V5417","10000",1,0,0,0,0
"S22080G","V5417","10000",1,0,0,0,0
"S22080K","73382","10000",1,0,0,0,0
"S22080S","9051","10000",1,0,0,0,0
"S22081A","8052","10000",1,0,0,0,0
"S22081B","8053","10000",1,0,0,0,0
"S22081D","V5417","10000",1,0,0,0,0
"S22081G","V5417","10000",1,0,0,0,0
"S22081K","73382","10000",1,0,0,0,0
"S22081S","9051","10000",1,0,0,0,0
"S22082A","8052","10000",1,0,0,0,0
"S22082B","8053","10000",1,0,0,0,0
"S22082D","V5417","10000",1,0,0,0,0
"S22082G","V5417","10000",1,0,0,0,0
"S22082K","73382","10000",1,0,0,0,0
"S22082S","9051","10000",1,0,0,0,0
"S22088A","8052","10000",1,0,0,0,0
"S22088B","8053","10000",1,0,0,0,0
"S22088D","V5417","10000",1,0,0,0,0
"S22088G","V5417","10000",1,0,0,0,0
"S22088K","73382","10000",1,0,0,0,0
"S22088S","9051","10000",1,0,0,0,0
"S22089A","8052","10000",1,0,0,0,0
"S22089B","8053","10000",1,0,0,0,0
"S22089D","V5417","10000",1,0,0,0,0
"S22089G","V5417","10000",1,0,0,0,0
"S22089K","73382","10000",1,0,0,0,0
"S22089S","9051","10000",1,0,0,0,0
"S2220XA","8072","10000",1,0,0,0,0
"S2220XB","8073","10000",1,0,0,0,0
"S2220XD","V5419","10000",1,0,0,0,0
"S2220XG","V5419","10000",1,0,0,0,0
"S2220XK","73382","10000",1,0,0,0,0
"S2220XS","9051","10000",1,0,0,0,0
"S2221XA","8072","10000",1,0,0,0,0
"S2221XB","8073","10000",1,0,0,0,0
"S2221XD","V5419","10000",1,0,0,0,0
"S2221XG","V5419","10000",1,0,0,0,0
"S2221XK","73382","10000",1,0,0,0,0
"S2221XS","9051","10000",1,0,0,0,0
"S2222XA","8072","10000",1,0,0,0,0
"S2222XB","8073","10000",1,0,0,0,0
"S2222XD","V5419","10000",1,0,0,0,0
"S2222XG","V5419","10000",1,0,0,0,0
"S2222XK","73382","10000",1,0,0,0,0
"S2222XS","9051","10000",1,0,0,0,0
"S2223XA","8072","10000",1,0,0,0,0
"S2223XB","8073","10000",1,0,0,0,0
"S2223XD","V5419","10000",1,0,0,0,0
"S2223XG","V5419","10000",1,0,0,0,0
"S2223XK","73382","10000",1,0,0,0,0
"S2223XS","9051","10000",1,0,0,0,0
"S2224XA","8072","10000",1,0,0,0,0
"S2224XB","8073","10000",1,0,0,0,0
"S2224XD","V5419","10000",1,0,0,0,0
"S2224XG","V5419","10000",1,0,0,0,0
"S2224XK","73382","10000",1,0,0,0,0
"S2224XS","9051","10000",1,0,0,0,0
"S2231XA","80701","10000",1,0,0,0,0
"S2231XB","80711","10000",1,0,0,0,0
"S2231XD","V5419","10000",1,0,0,0,0
"S2231XG","V5419","10000",1,0,0,0,0
"S2231XK","73382","10000",1,0,0,0,0
"S2231XS","9051","10000",1,0,0,0,0
"S2232XA","80701","10000",1,0,0,0,0
"S2232XB","80711","10000",1,0,0,0,0
"S2232XD","V5419","10000",1,0,0,0,0
"S2232XG","V5419","10000",1,0,0,0,0
"S2232XK","73382","10000",1,0,0,0,0
"S2232XS","9051","10000",1,0,0,0,0
"S2239XA","80700","10000",1,0,0,0,0
"S2239XA","80701","10000",1,0,0,0,0
"S2239XB","80711","10000",1,0,0,0,0
"S2239XD","V5419","10000",1,0,0,0,0
"S2239XG","V5419","10000",1,0,0,0,0
"S2239XK","73382","10000",1,0,0,0,0
"S2239XS","9051","10000",1,0,0,0,0
"S2241XA","80702","10000",1,0,0,0,0
"S2241XA","80703","10000",1,0,0,0,0
"S2241XA","80704","10000",1,0,0,0,0
"S2241XA","80705","10000",1,0,0,0,0
"S2241XA","80706","10000",1,0,0,0,0
"S2241XA","80707","10000",1,0,0,0,0
"S2241XA","80708","10000",1,0,0,0,0
"S2241XA","80709","10000",1,0,0,0,0
"S2241XB","80712","10000",1,0,0,0,0
"S2241XB","80713","10000",1,0,0,0,0
"S2241XB","80714","10000",1,0,0,0,0
"S2241XB","80715","10000",1,0,0,0,0
"S2241XB","80716","10000",1,0,0,0,0
"S2241XB","80717","10000",1,0,0,0,0
"S2241XB","80718","10000",1,0,0,0,0
"S2241XB","80719","10000",1,0,0,0,0
"S2241XD","V5419","10000",1,0,0,0,0
"S2241XG","V5419","10000",1,0,0,0,0
"S2241XK","73382","10000",1,0,0,0,0
"S2241XS","9051","10000",1,0,0,0,0
"S2242XA","80702","10000",1,0,0,0,0
"S2242XA","80703","10000",1,0,0,0,0
"S2242XA","80704","10000",1,0,0,0,0
"S2242XA","80705","10000",1,0,0,0,0
"S2242XA","80706","10000",1,0,0,0,0
"S2242XA","80707","10000",1,0,0,0,0
"S2242XA","80708","10000",1,0,0,0,0
"S2242XA","80709","10000",1,0,0,0,0
"S2242XB","80712","10000",1,0,0,0,0
"S2242XB","80713","10000",1,0,0,0,0
"S2242XB","80714","10000",1,0,0,0,0
"S2242XB","80715","10000",1,0,0,0,0
"S2242XB","80716","10000",1,0,0,0,0
"S2242XB","80717","10000",1,0,0,0,0
"S2242XB","80718","10000",1,0,0,0,0
"S2242XB","80719","10000",1,0,0,0,0
"S2242XD","V5419","10000",1,0,0,0,0
"S2242XG","V5419","10000",1,0,0,0,0
"S2242XK","73382","10000",1,0,0,0,0
"S2242XS","9051","10000",1,0,0,0,0
"S2243XA","80702","10000",1,0,0,0,0
"S2243XA","80703","10000",1,0,0,0,0
"S2243XA","80704","10000",1,0,0,0,0
"S2243XA","80705","10000",1,0,0,0,0
"S2243XA","80706","10000",1,0,0,0,0
"S2243XA","80707","10000",1,0,0,0,0
"S2243XA","80708","10000",1,0,0,0,0
"S2243XA","80709","10000",1,0,0,0,0
"S2243XB","80712","10000",1,0,0,0,0
"S2243XB","80713","10000",1,0,0,0,0
"S2243XB","80714","10000",1,0,0,0,0
"S2243XB","80715","10000",1,0,0,0,0
"S2243XB","80716","10000",1,0,0,0,0
"S2243XB","80717","10000",1,0,0,0,0
"S2243XB","80718","10000",1,0,0,0,0
"S2243XB","80719","10000",1,0,0,0,0
"S2243XD","V5419","10000",1,0,0,0,0
"S2243XG","V5419","10000",1,0,0,0,0
"S2243XK","73382","10000",1,0,0,0,0
"S2243XS","9051","10000",1,0,0,0,0
"S2249XA","80702","10000",1,0,0,0,0
"S2249XA","80709","10000",1,0,0,0,0
"S2249XB","80712","10000",1,0,0,0,0
"S2249XB","80719","10000",1,0,0,0,0
"S2249XD","V5419","10000",1,0,0,0,0
"S2249XG","V5419","10000",1,0,0,0,0
"S2249XK","73382","10000",1,0,0,0,0
"S2249XS","9051","10000",1,0,0,0,0
"S225XXA","8074","10000",1,0,0,0,0
"S225XXB","8074","10000",1,0,0,0,0
"S225XXD","V5419","10000",1,0,0,0,0
"S225XXG","V5419","10000",1,0,0,0,0
"S225XXK","73382","10000",1,0,0,0,0
"S225XXS","9051","10000",1,0,0,0,0
"S229XXA","8090","10000",1,0,0,0,0
"S229XXB","8091","10000",1,0,0,0,0
"S229XXD","V5419","10000",1,0,0,0,0
"S229XXG","V5419","10000",1,0,0,0,0
"S229XXK","73382","10000",1,0,0,0,0
"S229XXS","9051","10000",1,0,0,0,0
"S230XXA","83921","10000",1,0,0,0,0
"S230XXD","V5889","10000",1,0,0,0,0
"S230XXS","9056","10000",1,0,0,0,0
"S23100A","83921","10000",1,0,0,0,0
"S23100D","V5889","10000",1,0,0,0,0
"S23100S","9056","10000",1,0,0,0,0
"S23101A","83921","10000",1,0,0,0,0
"S23101D","V5889","10000",1,0,0,0,0
"S23101S","9056","10000",1,0,0,0,0
"S23110A","83921","10000",1,0,0,0,0
"S23110D","V5889","10000",1,0,0,0,0
"S23110S","9056","10000",1,0,0,0,0
"S23111A","83921","10000",1,0,0,0,0
"S23111D","V5889","10000",1,0,0,0,0
"S23111S","9056","10000",1,0,0,0,0
"S23120A","83921","10000",1,0,0,0,0
"S23120D","V5889","10000",1,0,0,0,0
"S23120S","9056","10000",1,0,0,0,0
"S23121A","83921","10000",1,0,0,0,0
"S23121D","V5889","10000",1,0,0,0,0
"S23121S","9056","10000",1,0,0,0,0
"S23122A","83921","10000",1,0,0,0,0
"S23122D","V5889","10000",1,0,0,0,0
"S23122S","9056","10000",1,0,0,0,0
"S23123A","83921","10000",1,0,0,0,0
"S23123D","V5889","10000",1,0,0,0,0
"S23123S","9056","10000",1,0,0,0,0
"S23130A","83921","10000",1,0,0,0,0
"S23130D","V5889","10000",1,0,0,0,0
"S23130S","9056","10000",1,0,0,0,0
"S23131A","83921","10000",1,0,0,0,0
"S23131D","V5889","10000",1,0,0,0,0
"S23131S","9056","10000",1,0,0,0,0
"S23132A","83921","10000",1,0,0,0,0
"S23132D","V5889","10000",1,0,0,0,0
"S23132S","9056","10000",1,0,0,0,0
"S23133A","83921","10000",1,0,0,0,0
"S23133D","V5889","10000",1,0,0,0,0
"S23133S","9056","10000",1,0,0,0,0
"S23140A","83921","10000",1,0,0,0,0
"S23140D","V5889","10000",1,0,0,0,0
"S23140S","9056","10000",1,0,0,0,0
"S23141A","83921","10000",1,0,0,0,0
"S23141D","V5889","10000",1,0,0,0,0
"S23141S","9056","10000",1,0,0,0,0
"S23142A","83921","10000",1,0,0,0,0
"S23142D","V5889","10000",1,0,0,0,0
"S23142S","9056","10000",1,0,0,0,0
"S23143A","83921","10000",1,0,0,0,0
"S23143D","V5889","10000",1,0,0,0,0
"S23143S","9056","10000",1,0,0,0,0
"S23150A","83921","10000",1,0,0,0,0
"S23150D","V5889","10000",1,0,0,0,0
"S23150S","9056","10000",1,0,0,0,0
"S23151A","83921","10000",1,0,0,0,0
"S23151D","V5889","10000",1,0,0,0,0
"S23151S","9056","10000",1,0,0,0,0
"S23152A","83921","10000",1,0,0,0,0
"S23152D","V5889","10000",1,0,0,0,0
"S23152S","9056","10000",1,0,0,0,0
"S23153A","83921","10000",1,0,0,0,0
"S23153D","V5889","10000",1,0,0,0,0
"S23153S","9056","10000",1,0,0,0,0
"S23160A","83921","10000",1,0,0,0,0
"S23160D","V5889","10000",1,0,0,0,0
"S23160S","9056","10000",1,0,0,0,0
"S23161A","83921","10000",1,0,0,0,0
"S23161D","V5889","10000",1,0,0,0,0
"S23161S","9056","10000",1,0,0,0,0
"S23162A","83921","10000",1,0,0,0,0
"S23162D","V5889","10000",1,0,0,0,0
"S23162S","9056","10000",1,0,0,0,0
"S23163A","83921","10000",1,0,0,0,0
"S23163D","V5889","10000",1,0,0,0,0
"S23163S","9056","10000",1,0,0,0,0
"S23170A","83921","10000",1,0,0,0,0
"S23170D","V5889","10000",1,0,0,0,0
"S23170S","9056","10000",1,0,0,0,0
"S23171A","83921","10000",1,0,0,0,0
"S23171D","V5889","10000",1,0,0,0,0
"S23171S","9056","10000",1,0,0,0,0
"S2320XA","83940","10000",1,0,0,0,0
"S2320XD","V5889","10000",1,0,0,0,0
"S2320XS","9056","10000",1,0,0,0,0
"S2329XA","83940","10000",1,0,0,0,0
"S2329XD","V5889","10000",1,0,0,0,0
"S2329XS","9056","10000",1,0,0,0,0
"S233XXA","8471","10000",1,0,0,0,0
"S233XXD","V5889","10000",1,0,0,0,0
"S233XXS","9057","10000",1,0,0,0,0
"S2341XA","8483","10000",1,0,0,0,0
"S2341XD","V5889","10000",1,0,0,0,0
"S2341XS","9057","10000",1,0,0,0,0
"S23420A","84841","10000",1,0,0,0,0
"S23420D","V5889","10000",1,0,0,0,0
"S23420S","9057","10000",1,0,0,0,0
"S23421A","84842","10000",1,0,0,0,0
"S23421D","V5889","10000",1,0,0,0,0
"S23421S","9057","10000",1,0,0,0,0
"S23428A","84849","10000",1,0,0,0,0
"S23428D","V5889","10000",1,0,0,0,0
"S23428S","9057","10000",1,0,0,0,0
"S23429A","84840","10000",1,0,0,0,0
"S23429D","V5889","10000",1,0,0,0,0
"S23429S","9057","10000",1,0,0,0,0
"S238XXA","8471","10000",1,0,0,0,0
"S238XXD","V5889","10000",1,0,0,0,0
"S238XXS","9057","10000",1,0,0,0,0
"S239XXA","8479","10000",1,0,0,0,0
"S239XXD","V5889","10000",1,0,0,0,0
"S239XXS","9057","10000",1,0,0,0,0
"S240XXA","95214","10000",1,0,0,0,0
"S240XXA","95219","10000",1,0,0,0,0
"S240XXD","V5889","10000",1,0,0,0,0
"S240XXS","9072","10000",1,0,0,0,0
"S24101A","95210","10000",1,0,0,0,0
"S24101D","V5889","10000",1,0,0,0,0
"S24101S","9072","10000",1,0,0,0,0
"S24102A","95210","10000",1,0,0,0,0
"S24102D","V5889","10000",1,0,0,0,0
"S24102S","9072","10000",1,0,0,0,0
"S24103A","95215","10000",1,0,0,0,0
"S24103D","V5889","10000",1,0,0,0,0
"S24103S","9072","10000",1,0,0,0,0
"S24104A","95215","10000",1,0,0,0,0
"S24104D","V5889","10000",1,0,0,0,0
"S24104S","9072","10000",1,0,0,0,0
"S24109A","9529","10000",1,0,0,0,0
"S24109D","V5889","10000",1,0,0,0,0
"S24109S","9072","10000",1,0,0,0,0
"S24111A","95211","10000",1,0,0,0,0
"S24111D","V5889","10000",1,0,0,0,0
"S24111S","9072","10000",1,0,0,0,0
"S24112A","95211","10000",1,0,0,0,0
"S24112D","V5889","10000",1,0,0,0,0
"S24112S","9072","10000",1,0,0,0,0
"S24113A","95216","10000",1,0,0,0,0
"S24113D","V5889","10000",1,0,0,0,0
"S24113S","9072","10000",1,0,0,0,0
"S24114A","95216","10000",1,0,0,0,0
"S24114D","V5889","10000",1,0,0,0,0
"S24114S","9072","10000",1,0,0,0,0
"S24119A","9529","10000",1,0,0,0,0
"S24119D","V5889","10000",1,0,0,0,0
"S24119S","9072","10000",1,0,0,0,0
"S24131A","95212","10000",1,0,0,0,0
"S24131D","V5889","10000",1,0,0,0,0
"S24131S","9072","10000",1,0,0,0,0
"S24132A","95212","10000",1,0,0,0,0
"S24132D","V5889","10000",1,0,0,0,0
"S24132S","9072","10000",1,0,0,0,0
"S24133A","95217","10000",1,0,0,0,0
"S24133D","V5889","10000",1,0,0,0,0
"S24133S","9072","10000",1,0,0,0,0
"S24134A","95217","10000",1,0,0,0,0
"S24134D","V5889","10000",1,0,0,0,0
"S24134S","9072","10000",1,0,0,0,0
"S24139A","9529","10000",1,0,0,0,0
"S24139D","V5889","10000",1,0,0,0,0
"S24139S","9072","10000",1,0,0,0,0
"S24141A","95214","10000",1,0,0,0,0
"S24141D","V5889","10000",1,0,0,0,0
"S24141S","9072","10000",1,0,0,0,0
"S24142A","95214","10000",1,0,0,0,0
"S24142D","V5889","10000",1,0,0,0,0
"S24142S","9072","10000",1,0,0,0,0
"S24143A","95219","10000",1,0,0,0,0
"S24143D","V5889","10000",1,0,0,0,0
"S24143S","9072","10000",1,0,0,0,0
"S24144A","95219","10000",1,0,0,0,0
"S24144D","V5889","10000",1,0,0,0,0
"S24144S","9072","10000",1,0,0,0,0
"S24149A","9529","10000",1,0,0,0,0
"S24149D","V5889","10000",1,0,0,0,0
"S24149S","9072","10000",1,0,0,0,0
"S24151A","95213","10000",1,0,0,0,0
"S24151A","95214","10000",1,0,0,0,0
"S24151D","V5889","10000",1,0,0,0,0
"S24151S","9072","10000",1,0,0,0,0
"S24152A","95213","10000",1,0,0,0,0
"S24152A","95214","10000",1,0,0,0,0
"S24152D","V5889","10000",1,0,0,0,0
"S24152S","9072","10000",1,0,0,0,0
"S24153A","95218","10000",1,0,0,0,0
"S24153A","95219","10000",1,0,0,0,0
"S24153D","V5889","10000",1,0,0,0,0
"S24153S","9072","10000",1,0,0,0,0
"S24154A","95218","10000",1,0,0,0,0
"S24154A","95219","10000",1,0,0,0,0
"S24154D","V5889","10000",1,0,0,0,0
"S24154S","9072","10000",1,0,0,0,0
"S24159A","9529","10000",1,0,0,0,0
"S24159D","V5889","10000",1,0,0,0,0
"S24159S","9072","10000",1,0,0,0,0
"S242XXA","9531","10000",1,0,0,0,0
"S242XXD","V5889","10000",1,0,0,0,0
"S242XXS","9073","10000",1,0,0,0,0
"S243XXA","9548","10000",1,0,0,0,0
"S243XXD","V5889","10000",1,0,0,0,0
"S243XXS","9073","10000",1,0,0,0,0
"S244XXA","9541","10000",1,0,0,0,0
"S244XXD","V5889","10000",1,0,0,0,0
"S244XXS","9073","10000",1,0,0,0,0
"S248XXA","9548","10000",1,0,0,0,0
"S248XXD","V5889","10000",1,0,0,0,0
"S248XXS","9073","10000",1,0,0,0,0
"S249XXA","9549","10000",1,0,0,0,0
"S249XXA","9579","10000",1,0,0,0,0
"S249XXD","V5889","10000",1,0,0,0,0
"S249XXS","9073","10000",1,0,0,0,0
"S2500XA","9010","10000",1,0,0,0,0
"S2500XD","V5889","10000",1,0,0,0,0
"S2500XS","9084","10000",1,0,0,0,0
"S2501XA","9010","10000",1,0,0,0,0
"S2501XD","V5889","10000",1,0,0,0,0
"S2501XS","9084","10000",1,0,0,0,0
"S2502XA","9010","10000",1,0,0,0,0
"S2502XD","V5889","10000",1,0,0,0,0
"S2502XS","9084","10000",1,0,0,0,0
"S2509XA","9010","10000",1,0,0,0,0
"S2509XD","V5889","10000",1,0,0,0,0
"S2509XS","9084","10000",1,0,0,0,0
"S25101A","9011","10000",1,0,0,0,0
"S25101D","V5889","10000",1,0,0,0,0
"S25101S","9084","10000",1,0,0,0,0
"S25102A","9011","10000",1,0,0,0,0
"S25102D","V5889","10000",1,0,0,0,0
"S25102S","9084","10000",1,0,0,0,0
"S25109A","9011","10000",1,0,0,0,0
"S25109D","V5889","10000",1,0,0,0,0
"S25109S","9084","10000",1,0,0,0,0
"S25111A","9011","10000",1,0,0,0,0
"S25111D","V5889","10000",1,0,0,0,0
"S25111S","9084","10000",1,0,0,0,0
"S25112A","9011","10000",1,0,0,0,0
"S25112D","V5889","10000",1,0,0,0,0
"S25112S","9084","10000",1,0,0,0,0
"S25119A","9011","10000",1,0,0,0,0
"S25119D","V5889","10000",1,0,0,0,0
"S25119S","9084","10000",1,0,0,0,0
"S25121A","9011","10000",1,0,0,0,0
"S25121D","V5889","10000",1,0,0,0,0
"S25121S","9084","10000",1,0,0,0,0
"S25122A","9011","10000",1,0,0,0,0
"S25122D","V5889","10000",1,0,0,0,0
"S25122S","9084","10000",1,0,0,0,0
"S25129A","9011","10000",1,0,0,0,0
"S25129D","V5889","10000",1,0,0,0,0
"S25129S","9084","10000",1,0,0,0,0
"S25191A","9011","10000",1,0,0,0,0
"S25191D","V5889","10000",1,0,0,0,0
"S25191S","9084","10000",1,0,0,0,0
"S25192A","9011","10000",1,0,0,0,0
"S25192D","V5889","10000",1,0,0,0,0
"S25192S","9084","10000",1,0,0,0,0
"S25199A","9011","10000",1,0,0,0,0
"S25199D","V5889","10000",1,0,0,0,0
"S25199S","9084","10000",1,0,0,0,0
"S2520XA","9012","10000",1,0,0,0,0
"S2520XD","V5889","10000",1,0,0,0,0
"S2520XS","9084","10000",1,0,0,0,0
"S2521XA","9012","10000",1,0,0,0,0
"S2521XD","V5889","10000",1,0,0,0,0
"S2521XS","9084","10000",1,0,0,0,0
"S2522XA","9012","10000",1,0,0,0,0
"S2522XD","V5889","10000",1,0,0,0,0
"S2522XS","9084","10000",1,0,0,0,0
"S2529XA","9012","10000",1,0,0,0,0
"S2529XD","V5889","10000",1,0,0,0,0
"S2529XS","9084","10000",1,0,0,0,0
"S25301A","9013","10000",1,0,0,0,0
"S25301D","V5889","10000",1,0,0,0,0
"S25301S","9084","10000",1,0,0,0,0
"S25302A","9013","10000",1,0,0,0,0
"S25302D","V5889","10000",1,0,0,0,0
"S25302S","9084","10000",1,0,0,0,0
"S25309A","9013","10000",1,0,0,0,0
"S25309D","V5889","10000",1,0,0,0,0
"S25309S","9084","10000",1,0,0,0,0
"S25311A","9013","10000",1,0,0,0,0
"S25311D","V5889","10000",1,0,0,0,0
"S25311S","9084","10000",1,0,0,0,0
"S25312A","9013","10000",1,0,0,0,0
"S25312D","V5889","10000",1,0,0,0,0
"S25312S","9084","10000",1,0,0,0,0
"S25319A","9013","10000",1,0,0,0,0
"S25319D","V5889","10000",1,0,0,0,0
"S25319S","9084","10000",1,0,0,0,0
"S25321A","9013","10000",1,0,0,0,0
"S25321D","V5889","10000",1,0,0,0,0
"S25321S","9084","10000",1,0,0,0,0
"S25322A","9013","10000",1,0,0,0,0
"S25322D","V5889","10000",1,0,0,0,0
"S25322S","9084","10000",1,0,0,0,0
"S25329A","9013","10000",1,0,0,0,0
"S25329D","V5889","10000",1,0,0,0,0
"S25329S","9084","10000",1,0,0,0,0
"S25391A","9013","10000",1,0,0,0,0
"S25391D","V5889","10000",1,0,0,0,0
"S25391S","9084","10000",1,0,0,0,0
"S25392A","9013","10000",1,0,0,0,0
"S25392D","V5889","10000",1,0,0,0,0
"S25392S","9084","10000",1,0,0,0,0
"S25399A","9013","10000",1,0,0,0,0
"S25399D","V5889","10000",1,0,0,0,0
"S25399S","9084","10000",1,0,0,0,0
"S25401A","90141","10000",1,0,0,0,0
"S25401A","90142","10000",1,0,0,0,0
"S25401D","V5889","10000",1,0,0,0,0
"S25401S","9084","10000",1,0,0,0,0
"S25402A","90141","10000",1,0,0,0,0
"S25402A","90142","10000",1,0,0,0,0
"S25402D","V5889","10000",1,0,0,0,0
"S25402S","9084","10000",1,0,0,0,0
"S25409A","90140","10000",1,0,0,0,0
"S25409A","90141","10000",1,0,0,0,0
"S25409A","90142","10000",1,0,0,0,0
"S25409D","V5889","10000",1,0,0,0,0
"S25409S","9084","10000",1,0,0,0,0
"S25411A","90141","10000",1,0,0,0,0
"S25411A","90142","10000",1,0,0,0,0
"S25411D","V5889","10000",1,0,0,0,0
"S25411S","9084","10000",1,0,0,0,0
"S25412A","90141","10000",1,0,0,0,0
"S25412A","90142","10000",1,0,0,0,0
"S25412D","V5889","10000",1,0,0,0,0
"S25412S","9084","10000",1,0,0,0,0
"S25419A","90140","10000",1,0,0,0,0
"S25419A","90141","10000",1,0,0,0,0
"S25419A","90142","10000",1,0,0,0,0
"S25419D","V5889","10000",1,0,0,0,0
"S25419S","9084","10000",1,0,0,0,0
"S25421A","90141","10000",1,0,0,0,0
"S25421A","90142","10000",1,0,0,0,0
"S25421D","V5889","10000",1,0,0,0,0
"S25421S","9084","10000",1,0,0,0,0
"S25422A","90141","10000",1,0,0,0,0
"S25422A","90142","10000",1,0,0,0,0
"S25422D","V5889","10000",1,0,0,0,0
"S25422S","9084","10000",1,0,0,0,0
"S25429A","90140","10000",1,0,0,0,0
"S25429A","90141","10000",1,0,0,0,0
"S25429A","90142","10000",1,0,0,0,0
"S25429D","V5889","10000",1,0,0,0,0
"S25429S","9084","10000",1,0,0,0,0
"S25491A","90141","10000",1,0,0,0,0
"S25491A","90142","10000",1,0,0,0,0
"S25491D","V5889","10000",1,0,0,0,0
"S25491S","9084","10000",1,0,0,0,0
"S25492A","90141","10000",1,0,0,0,0
"S25492A","90142","10000",1,0,0,0,0
"S25492D","V5889","10000",1,0,0,0,0
"S25492S","9084","10000",1,0,0,0,0
"S25499A","90140","10000",1,0,0,0,0
"S25499A","90141","10000",1,0,0,0,0
"S25499A","90142","10000",1,0,0,0,0
"S25499D","V5889","10000",1,0,0,0,0
"S25499S","9084","10000",1,0,0,0,0
"S25501A","90181","10000",1,0,0,0,0
"S25501D","V5889","10000",1,0,0,0,0
"S25501S","9084","10000",1,0,0,0,0
"S25502A","90181","10000",1,0,0,0,0
"S25502D","V5889","10000",1,0,0,0,0
"S25502S","9084","10000",1,0,0,0,0
"S25509A","90181","10000",1,0,0,0,0
"S25509D","V5889","10000",1,0,0,0,0
"S25509S","9084","10000",1,0,0,0,0
"S25511A","90181","10000",1,0,0,0,0
"S25511D","V5889","10000",1,0,0,0,0
"S25511S","9084","10000",1,0,0,0,0
"S25512A","90181","10000",1,0,0,0,0
"S25512D","V5889","10000",1,0,0,0,0
"S25512S","9084","10000",1,0,0,0,0
"S25519A","90181","10000",1,0,0,0,0
"S25519D","V5889","10000",1,0,0,0,0
"S25519S","9084","10000",1,0,0,0,0
"S25591A","90181","10000",1,0,0,0,0
"S25591D","V5889","10000",1,0,0,0,0
"S25591S","9084","10000",1,0,0,0,0
"S25592A","90181","10000",1,0,0,0,0
"S25592D","V5889","10000",1,0,0,0,0
"S25592S","9084","10000",1,0,0,0,0
"S25599A","90181","10000",1,0,0,0,0
"S25599D","V5889","10000",1,0,0,0,0
"S25599S","9084","10000",1,0,0,0,0
"S25801A","90182","10000",1,0,0,0,0
"S25801A","90189","10000",1,0,0,0,0
"S25801D","V5889","10000",1,0,0,0,0
"S25801S","9084","10000",1,0,0,0,0
"S25802A","90182","10000",1,0,0,0,0
"S25802A","90189","10000",1,0,0,0,0
"S25802D","V5889","10000",1,0,0,0,0
"S25802S","9084","10000",1,0,0,0,0
"S25809A","90182","10000",1,0,0,0,0
"S25809A","90189","10000",1,0,0,0,0
"S25809D","V5889","10000",1,0,0,0,0
"S25809S","9084","10000",1,0,0,0,0
"S25811A","90182","10000",1,0,0,0,0
"S25811A","90189","10000",1,0,0,0,0
"S25811D","V5889","10000",1,0,0,0,0
"S25811S","9084","10000",1,0,0,0,0
"S25812A","90182","10000",1,0,0,0,0
"S25812A","90189","10000",1,0,0,0,0
"S25812D","V5889","10000",1,0,0,0,0
"S25812S","9084","10000",1,0,0,0,0
"S25819A","90182","10000",1,0,0,0,0
"S25819A","90189","10000",1,0,0,0,0
"S25819D","V5889","10000",1,0,0,0,0
"S25819S","9084","10000",1,0,0,0,0
"S25891A","90182","10000",1,0,0,0,0
"S25891A","90189","10000",1,0,0,0,0
"S25891D","V5889","10000",1,0,0,0,0
"S25891S","9084","10000",1,0,0,0,0
"S25892A","90182","10000",1,0,0,0,0
"S25892A","90189","10000",1,0,0,0,0
"S25892D","V5889","10000",1,0,0,0,0
"S25892S","9084","10000",1,0,0,0,0
"S25899A","90182","10000",1,0,0,0,0
"S25899A","90189","10000",1,0,0,0,0
"S25899D","V5889","10000",1,0,0,0,0
"S25899S","9084","10000",1,0,0,0,0
"S2590XA","9019","10000",1,0,0,0,0
"S2590XD","V5889","10000",1,0,0,0,0
"S2590XS","9084","10000",1,0,0,0,0
"S2591XA","9019","10000",1,0,0,0,0
"S2591XD","V5889","10000",1,0,0,0,0
"S2591XS","9084","10000",1,0,0,0,0
"S2599XA","9019","10000",1,0,0,0,0
"S2599XD","V5889","10000",1,0,0,0,0
"S2599XS","9084","10000",1,0,0,0,0
"S2600XA","86100","10000",1,0,0,0,0
"S2600XD","V5889","10000",1,0,0,0,0
"S2600XS","9080","10000",1,0,0,0,0
"S2601XA","86101","10000",1,0,0,0,0
"S2601XD","V5889","10000",1,0,0,0,0
"S2601XS","9080","10000",1,0,0,0,0
"S26020A","86102","10000",1,0,0,0,0
"S26020D","V5889","10000",1,0,0,0,0
"S26020S","9080","10000",1,0,0,0,0
"S26021A","86102","10000",1,0,0,0,0
"S26021D","V5889","10000",1,0,0,0,0
"S26021S","9080","10000",1,0,0,0,0
"S26022A","86103","10000",1,0,0,0,0
"S26022D","V5889","10000",1,0,0,0,0
"S26022S","9080","10000",1,0,0,0,0
"S2609XA","86100","10000",1,0,0,0,0
"S2609XD","V5889","10000",1,0,0,0,0
"S2609XS","9080","10000",1,0,0,0,0
"S2610XA","86100","10000",1,0,0,0,0
"S2610XD","V5889","10000",1,0,0,0,0
"S2610XS","9080","10000",1,0,0,0,0
"S2611XA","86101","10000",1,0,0,0,0
"S2611XD","V5889","10000",1,0,0,0,0
"S2611XS","9080","10000",1,0,0,0,0
"S2612XA","86102","10000",1,0,0,0,0
"S2612XA","86103","10000",1,0,0,0,0
"S2612XD","V5889","10000",1,0,0,0,0
"S2612XS","9080","10000",1,0,0,0,0
"S2619XA","86100","10000",1,0,0,0,0
"S2619XD","V5889","10000",1,0,0,0,0
"S2619XS","9080","10000",1,0,0,0,0
"S2690XA","86100","10000",1,0,0,0,0
"S2690XD","V5889","10000",1,0,0,0,0
"S2690XS","9080","10000",1,0,0,0,0
"S2691XA","86101","10000",1,0,0,0,0
"S2691XD","V5889","10000",1,0,0,0,0
"S2691XS","9080","10000",1,0,0,0,0
"S2692XA","86102","10000",1,0,0,0,0
"S2692XA","86103","10000",1,0,0,0,0
"S2692XD","V5889","10000",1,0,0,0,0
"S2692XS","9080","10000",1,0,0,0,0
"S2699XA","86100","10000",1,0,0,0,0
"S2699XD","V5889","10000",1,0,0,0,0
"S2699XS","9080","10000",1,0,0,0,0
"S270XXA","8600","10000",1,0,0,0,0
"S270XXD","V5889","10000",1,0,0,0,0
"S270XXS","9080","10000",1,0,0,0,0
"S271XXA","8602","10000",1,0,0,0,0
"S271XXD","V5889","10000",1,0,0,0,0
"S271XXS","9080","10000",1,0,0,0,0
"S272XXA","8604","10000",1,0,0,0,0
"S272XXD","V5889","10000",1,0,0,0,0
"S272XXS","9080","10000",1,0,0,0,0
"S27301A","86120","10000",1,0,0,0,0
"S27301D","V5889","10000",1,0,0,0,0
"S27301S","9080","10000",1,0,0,0,0
"S27302A","86120","10000",1,0,0,0,0
"S27302D","V5889","10000",1,0,0,0,0
"S27302S","9080","10000",1,0,0,0,0
"S27309A","86120","10000",1,0,0,0,0
"S27309D","V5889","10000",1,0,0,0,0
"S27309S","9080","10000",1,0,0,0,0
"S27311A","86120","10000",1,0,0,0,0
"S27311D","V5889","10000",1,0,0,0,0
"S27311S","9080","10000",1,0,0,0,0
"S27312A","86120","10000",1,0,0,0,0
"S27312D","V5889","10000",1,0,0,0,0
"S27312S","9080","10000",1,0,0,0,0
"S27319A","86120","10000",1,0,0,0,0
"S27319D","V5889","10000",1,0,0,0,0
"S27319S","9080","10000",1,0,0,0,0
"S27321A","86121","10000",1,0,0,0,0
"S27321D","V5889","10000",1,0,0,0,0
"S27321S","9080","10000",1,0,0,0,0
"S27322A","86121","10000",1,0,0,0,0
"S27322D","V5889","10000",1,0,0,0,0
"S27322S","9080","10000",1,0,0,0,0
"S27329A","86121","10000",1,0,0,0,0
"S27329D","V5889","10000",1,0,0,0,0
"S27329S","9080","10000",1,0,0,0,0
"S27331A","86122","10000",1,0,0,0,0
"S27331D","V5889","10000",1,0,0,0,0
"S27331S","9080","10000",1,0,0,0,0
"S27332A","86122","10000",1,0,0,0,0
"S27332D","V5889","10000",1,0,0,0,0
"S27332S","9080","10000",1,0,0,0,0
"S27339A","86122","10000",1,0,0,0,0
"S27339D","V5889","10000",1,0,0,0,0
"S27339S","9080","10000",1,0,0,0,0
"S27391A","86120","10000",1,0,0,0,0
"S27391D","V5889","10000",1,0,0,0,0
"S27391S","9080","10000",1,0,0,0,0
"S27392A","86120","10000",1,0,0,0,0
"S27392D","V5889","10000",1,0,0,0,0
"S27392S","9080","10000",1,0,0,0,0
"S27399A","86120","10000",1,0,0,0,0
"S27399D","V5889","10000",1,0,0,0,0
"S27399S","9080","10000",1,0,0,0,0
"S27401A","86221","10000",1,0,0,0,0
"S27401D","V5889","10000",1,0,0,0,0
"S27401S","9080","10000",1,0,0,0,0
"S27402A","86221","10000",1,0,0,0,0
"S27402D","V5889","10000",1,0,0,0,0
"S27402S","9080","10000",1,0,0,0,0
"S27409A","86221","10000",1,0,0,0,0
"S27409D","V5889","10000",1,0,0,0,0
"S27409S","9080","10000",1,0,0,0,0
"S27411A","86221","10000",1,0,0,0,0
"S27411D","V5889","10000",1,0,0,0,0
"S27411S","9080","10000",1,0,0,0,0
"S27412A","86221","10000",1,0,0,0,0
"S27412D","V5889","10000",1,0,0,0,0
"S27412S","9080","10000",1,0,0,0,0
"S27419A","86221","10000",1,0,0,0,0
"S27419D","V5889","10000",1,0,0,0,0
"S27419S","9080","10000",1,0,0,0,0
"S27421A","86221","10000",1,0,0,0,0
"S27421D","V5889","10000",1,0,0,0,0
"S27421S","9080","10000",1,0,0,0,0
"S27422A","86221","10000",1,0,0,0,0
"S27422D","V5889","10000",1,0,0,0,0
"S27422S","9080","10000",1,0,0,0,0
"S27429A","86221","10000",1,0,0,0,0
"S27429D","V5889","10000",1,0,0,0,0
"S27429S","9080","10000",1,0,0,0,0
"S27431A","86221","10000",1,0,0,0,0
"S27431D","V5889","10000",1,0,0,0,0
"S27431S","9080","10000",1,0,0,0,0
"S27432A","86221","10000",1,0,0,0,0
"S27432D","V5889","10000",1,0,0,0,0
"S27432S","9080","10000",1,0,0,0,0
"S27439A","86221","10000",1,0,0,0,0
"S27439D","V5889","10000",1,0,0,0,0
"S27439S","9080","10000",1,0,0,0,0
"S27491A","86221","10000",1,0,0,0,0
"S27491D","V5889","10000",1,0,0,0,0
"S27491S","9080","10000",1,0,0,0,0
"S27492A","86221","10000",1,0,0,0,0
"S27492D","V5889","10000",1,0,0,0,0
"S27492S","9080","10000",1,0,0,0,0
"S27499A","86221","10000",1,0,0,0,0
"S27499D","V5889","10000",1,0,0,0,0
"S27499S","9080","10000",1,0,0,0,0
"S2750XA","86229","10000",1,0,0,0,0
"S2750XD","V5889","10000",1,0,0,0,0
"S2750XS","9080","10000",1,0,0,0,0
"S2751XA","86229","10000",1,0,0,0,0
"S2751XD","V5889","10000",1,0,0,0,0
"S2751XS","9080","10000",1,0,0,0,0
"S2752XA","86229","10000",1,0,0,0,0
"S2752XD","V5889","10000",1,0,0,0,0
"S2752XS","9080","10000",1,0,0,0,0
"S2753XA","86229","10000",1,0,0,0,0
"S2753XD","V5889","10000",1,0,0,0,0
"S2753XS","9080","10000",1,0,0,0,0
"S2759XA","86229","10000",1,0,0,0,0
"S2759XD","V5889","10000",1,0,0,0,0
"S2759XS","9080","10000",1,0,0,0,0
"S2760XA","86229","10000",1,0,0,0,0
"S2760XD","V5889","10000",1,0,0,0,0
"S2760XS","9080","10000",1,0,0,0,0
"S2763XA","86229","10000",1,0,0,0,0
"S2763XD","V5889","10000",1,0,0,0,0
"S2763XS","9080","10000",1,0,0,0,0
"S2769XA","86229","10000",1,0,0,0,0
"S2769XD","V5889","10000",1,0,0,0,0
"S2769XS","9080","10000",1,0,0,0,0
"S27802A","8620","10000",1,0,0,0,0
"S27802D","V5889","10000",1,0,0,0,0
"S27802S","9080","10000",1,0,0,0,0
"S27803A","8620","10000",1,0,0,0,0
"S27803D","V5889","10000",1,0,0,0,0
"S27803S","9080","10000",1,0,0,0,0
"S27808A","8620","10000",1,0,0,0,0
"S27808D","V5889","10000",1,0,0,0,0
"S27808S","9080","10000",1,0,0,0,0
"S27809A","8620","10000",1,0,0,0,0
"S27809D","V5889","10000",1,0,0,0,0
"S27809S","9080","10000",1,0,0,0,0
"S27812A","86222","10000",1,0,0,0,0
"S27812D","V5889","10000",1,0,0,0,0
"S27812S","9080","10000",1,0,0,0,0
"S27813A","86222","10000",1,0,0,0,0
"S27813D","V5889","10000",1,0,0,0,0
"S27813S","9080","10000",1,0,0,0,0
"S27818A","86222","10000",1,0,0,0,0
"S27818D","V5889","10000",1,0,0,0,0
"S27818S","9080","10000",1,0,0,0,0
"S27819A","86222","10000",1,0,0,0,0
"S27819D","V5889","10000",1,0,0,0,0
"S27819S","9080","10000",1,0,0,0,0
"S27892A","86229","10000",1,0,0,0,0
"S27892D","V5889","10000",1,0,0,0,0
"S27892S","9080","10000",1,0,0,0,0
"S27893A","86229","10000",1,0,0,0,0
"S27893D","V5889","10000",1,0,0,0,0
"S27893S","9080","10000",1,0,0,0,0
"S27898A","86229","10000",1,0,0,0,0
"S27898D","V5889","10000",1,0,0,0,0
"S27898S","9080","10000",1,0,0,0,0
"S27899A","86229","10000",1,0,0,0,0
"S27899D","V5889","10000",1,0,0,0,0
"S27899S","9080","10000",1,0,0,0,0
"S279XXA","8628","10000",1,0,0,0,0
"S279XXD","V5889","10000",1,0,0,0,0
"S279XXS","9080","10000",1,0,0,0,0
"S280XXA","92619","10000",1,0,0,0,0
"S280XXD","V5889","10000",1,0,0,0,0
"S280XXS","9064","10000",1,0,0,0,0
"S281XXA","8750","10000",1,0,0,0,0
"S281XXD","V5889","10000",1,0,0,0,0
"S281XXS","9060","10000",1,0,0,0,0
"S28211A","8790","10000",1,0,0,0,0
"S28211D","V5889","10000",1,0,0,0,0
"S28211S","9060","10000",1,0,0,0,0
"S28212A","8790","10000",1,0,0,0,0
"S28212D","V5889","10000",1,0,0,0,0
"S28212S","9060","10000",1,0,0,0,0
"S28219A","8790","10000",1,0,0,0,0
"S28219D","V5889","10000",1,0,0,0,0
"S28219S","9060","10000",1,0,0,0,0
"S28221A","8790","10000",1,0,0,0,0
"S28221D","V5889","10000",1,0,0,0,0
"S28221S","9060","10000",1,0,0,0,0
"S28222A","8790","10000",1,0,0,0,0
"S28222D","V5889","10000",1,0,0,0,0
"S28222S","9060","10000",1,0,0,0,0
"S28229A","8790","10000",1,0,0,0,0
"S28229D","V5889","10000",1,0,0,0,0
"S28229S","9060","10000",1,0,0,0,0
"S29001A","95911","10000",1,0,0,0,0
"S29001D","V5889","10000",1,0,0,0,0
"S29001S","9089","10000",1,0,0,0,0
"S29002A","95911","10000",1,0,0,0,0
"S29002D","V5889","10000",1,0,0,0,0
"S29002S","9089","10000",1,0,0,0,0
"S29009A","95911","10000",1,0,0,0,0
"S29009D","V5889","10000",1,0,0,0,0
"S29009S","9089","10000",1,0,0,0,0
"S29011A","8488","10000",1,0,0,0,0
"S29011D","V5889","10000",1,0,0,0,0
"S29011S","9057","10000",1,0,0,0,0
"S29012A","8488","10000",1,0,0,0,0
"S29012D","V5889","10000",1,0,0,0,0
"S29012S","9057","10000",1,0,0,0,0
"S29019A","8488","10000",1,0,0,0,0
"S29019D","V5889","10000",1,0,0,0,0
"S29019S","9057","10000",1,0,0,0,0
"S29021A","8750","10000",1,0,0,0,0
"S29021D","V5889","10000",1,0,0,0,0
"S29021S","9060","10000",1,0,0,0,0
"S29022A","8760","10000",1,0,0,0,0
"S29022D","V5889","10000",1,0,0,0,0
"S29022S","9060","10000",1,0,0,0,0
"S29029A","8750","10000",1,0,0,0,0
"S29029D","V5889","10000",1,0,0,0,0
"S29029S","9060","10000",1,0,0,0,0
"S29091A","95911","10000",1,0,0,0,0
"S29091D","V5889","10000",1,0,0,0,0
"S29091S","9089","10000",1,0,0,0,0
"S29092A","95911","10000",1,0,0,0,0
"S29092D","V5889","10000",1,0,0,0,0
"S29092S","9089","10000",1,0,0,0,0
"S29099A","95911","10000",1,0,0,0,0
"S29099D","V5889","10000",1,0,0,0,0
"S29099S","9089","10000",1,0,0,0,0
"S298XXA","95911","10000",1,0,0,0,0
"S298XXD","V5889","10000",1,0,0,0,0
"S298XXS","9089","10000",1,0,0,0,0
"S299XXA","95911","10000",1,0,0,0,0
"S299XXD","V5889","10000",1,0,0,0,0
"S299XXS","9089","10000",1,0,0,0,0
"S300XXA","92231","10000",1,0,0,0,0
"S300XXA","92232","10000",1,0,0,0,0
"S300XXD","V5889","10000",1,0,0,0,0
"S300XXS","9063","10000",1,0,0,0,0
"S301XXA","9222","10000",1,0,0,0,0
"S301XXD","V5889","10000",1,0,0,0,0
"S301XXS","9063","10000",1,0,0,0,0
"S30201A","9224","10000",1,0,0,0,0
"S30201D","V5889","10000",1,0,0,0,0
"S30201S","9063","10000",1,0,0,0,0
"S30202A","9224","10000",1,0,0,0,0
"S30202D","V5889","10000",1,0,0,0,0
"S30202S","9063","10000",1,0,0,0,0
"S3021XA","9224","10000",1,0,0,0,0
"S3021XD","V5889","10000",1,0,0,0,0
"S3021XS","9063","10000",1,0,0,0,0
"S3022XA","9224","10000",1,0,0,0,0
"S3022XD","V5889","10000",1,0,0,0,0
"S3022XS","9063","10000",1,0,0,0,0
"S3023XA","9224","10000",1,0,0,0,0
"S3023XD","V5889","10000",1,0,0,0,0
"S3023XS","9063","10000",1,0,0,0,0
"S303XXA","9228","10000",1,0,0,0,0
"S303XXD","V5889","10000",1,0,0,0,0
"S303XXS","9063","10000",1,0,0,0,0
"S30810A","9110","10000",1,0,0,0,0
"S30810A","9118","10000",1,0,0,0,0
"S30810D","V5889","10000",1,0,0,0,0
"S30810S","9062","10000",1,0,0,0,0
"S30811A","9110","10000",1,0,0,0,0
"S30811D","V5889","10000",1,0,0,0,0
"S30811S","9062","10000",1,0,0,0,0
"S30812A","9110","10000",1,0,0,0,0
"S30812D","V5889","10000",1,0,0,0,0
"S30812S","9062","10000",1,0,0,0,0
"S30813A","9110","10000",1,0,0,0,0
"S30813D","V5889","10000",1,0,0,0,0
"S30813S","9062","10000",1,0,0,0,0
"S30814A","9110","10000",1,0,0,0,0
"S30814D","V5889","10000",1,0,0,0,0
"S30814S","9062","10000",1,0,0,0,0
"S30815A","9110","10000",1,0,0,0,0
"S30815D","V5889","10000",1,0,0,0,0
"S30815S","9062","10000",1,0,0,0,0
"S30816A","9110","10000",1,0,0,0,0
"S30816D","V5889","10000",1,0,0,0,0
"S30816S","9062","10000",1,0,0,0,0
"S30817A","9110","10000",1,0,0,0,0
"S30817D","V5889","10000",1,0,0,0,0
"S30817S","9062","10000",1,0,0,0,0
"S30820A","9112","10000",1,0,0,0,0
"S30820D","V5889","10000",1,0,0,0,0
"S30820S","9062","10000",1,0,0,0,0
"S30821A","9112","10000",1,0,0,0,0
"S30821D","V5889","10000",1,0,0,0,0
"S30821S","9062","10000",1,0,0,0,0
"S30822A","9112","10000",1,0,0,0,0
"S30822D","V5889","10000",1,0,0,0,0
"S30822S","9062","10000",1,0,0,0,0
"S30823A","9112","10000",1,0,0,0,0
"S30823D","V5889","10000",1,0,0,0,0
"S30823S","9062","10000",1,0,0,0,0
"S30824A","9112","10000",1,0,0,0,0
"S30824D","V5889","10000",1,0,0,0,0
"S30824S","9062","10000",1,0,0,0,0
"S30825A","9112","10000",1,0,0,0,0
"S30825D","V5889","10000",1,0,0,0,0
"S30825S","9062","10000",1,0,0,0,0
"S30826A","9112","10000",1,0,0,0,0
"S30826D","V5889","10000",1,0,0,0,0
"S30826S","9062","10000",1,0,0,0,0
"S30827A","9112","10000",1,0,0,0,0
"S30827D","V5889","10000",1,0,0,0,0
"S30827S","9062","10000",1,0,0,0,0
"S30840A","9118","10000",1,0,0,0,0
"S30840D","V5889","10000",1,0,0,0,0
"S30840S","9062","10000",1,0,0,0,0
"S30841A","9118","10000",1,0,0,0,0
"S30841D","V5889","10000",1,0,0,0,0
"S30841S","9062","10000",1,0,0,0,0
"S30842A","9118","10000",1,0,0,0,0
"S30842D","V5889","10000",1,0,0,0,0
"S30842S","9062","10000",1,0,0,0,0
"S30843A","9118","10000",1,0,0,0,0
"S30843D","V5889","10000",1,0,0,0,0
"S30843S","9062","10000",1,0,0,0,0
"S30844A","9118","10000",1,0,0,0,0
"S30844D","V5889","10000",1,0,0,0,0
"S30844S","9062","10000",1,0,0,0,0
"S30845A","9118","10000",1,0,0,0,0
"S30845D","V5889","10000",1,0,0,0,0
"S30845S","9062","10000",1,0,0,0,0
"S30846A","9118","10000",1,0,0,0,0
"S30846D","V5889","10000",1,0,0,0,0
"S30846S","9062","10000",1,0,0,0,0
"S30850A","9116","10000",1,0,0,0,0
"S30850D","V5889","10000",1,0,0,0,0
"S30850S","9062","10000",1,0,0,0,0
"S30851A","9116","10000",1,0,0,0,0
"S30851D","V5889","10000",1,0,0,0,0
"S30851S","9062","10000",1,0,0,0,0
"S30852A","9116","10000",1,0,0,0,0
"S30852D","V5889","10000",1,0,0,0,0
"S30852S","9062","10000",1,0,0,0,0
"S30853A","9116","10000",1,0,0,0,0
"S30853D","V5889","10000",1,0,0,0,0
"S30853S","9062","10000",1,0,0,0,0
"S30854A","9116","10000",1,0,0,0,0
"S30854D","V5889","10000",1,0,0,0,0
"S30854S","9062","10000",1,0,0,0,0
"S30855A","9116","10000",1,0,0,0,0
"S30855D","V5889","10000",1,0,0,0,0
"S30855S","9062","10000",1,0,0,0,0
"S30856A","9116","10000",1,0,0,0,0
"S30856D","V5889","10000",1,0,0,0,0
"S30856S","9062","10000",1,0,0,0,0
"S30857A","9116","10000",1,0,0,0,0
"S30857D","V5889","10000",1,0,0,0,0
"S30857S","9062","10000",1,0,0,0,0
"S30860A","9114","10000",1,0,0,0,0
"S30860D","V5889","10000",1,0,0,0,0
"S30860S","9062","10000",1,0,0,0,0
"S30861A","9114","10000",1,0,0,0,0
"S30861D","V5889","10000",1,0,0,0,0
"S30861S","9062","10000",1,0,0,0,0
"S30862A","9114","10000",1,0,0,0,0
"S30862D","V5889","10000",1,0,0,0,0
"S30862S","9062","10000",1,0,0,0,0
"S30863A","9114","10000",1,0,0,0,0
"S30863D","V5889","10000",1,0,0,0,0
"S30863S","9062","10000",1,0,0,0,0
"S30864A","9114","10000",1,0,0,0,0
"S30864D","V5889","10000",1,0,0,0,0
"S30864S","9062","10000",1,0,0,0,0
"S30865A","9114","10000",1,0,0,0,0
"S30865D","V5889","10000",1,0,0,0,0
"S30865S","9062","10000",1,0,0,0,0
"S30866A","9114","10000",1,0,0,0,0
"S30866D","V5889","10000",1,0,0,0,0
"S30866S","9062","10000",1,0,0,0,0
"S30867A","9114","10000",1,0,0,0,0
"S30867D","V5889","10000",1,0,0,0,0
"S30867S","9062","10000",1,0,0,0,0
"S30870A","9118","10000",1,0,0,0,0
"S30870D","V5889","10000",1,0,0,0,0
"S30870S","9062","10000",1,0,0,0,0
"S30871A","9118","10000",1,0,0,0,0
"S30871D","V5889","10000",1,0,0,0,0
"S30871S","9062","10000",1,0,0,0,0
"S30872A","9118","10000",1,0,0,0,0
"S30872D","V5889","10000",1,0,0,0,0
"S30872S","9062","10000",1,0,0,0,0
"S30873A","9118","10000",1,0,0,0,0
"S30873D","V5889","10000",1,0,0,0,0
"S30873S","9062","10000",1,0,0,0,0
"S30874A","9118","10000",1,0,0,0,0
"S30874D","V5889","10000",1,0,0,0,0
"S30874S","9062","10000",1,0,0,0,0
"S30875A","9118","10000",1,0,0,0,0
"S30875D","V5889","10000",1,0,0,0,0
"S30875S","9062","10000",1,0,0,0,0
"S30876A","9118","10000",1,0,0,0,0
"S30876D","V5889","10000",1,0,0,0,0
"S30876S","9062","10000",1,0,0,0,0
"S30877A","9118","10000",1,0,0,0,0
"S30877D","V5889","10000",1,0,0,0,0
"S30877S","9062","10000",1,0,0,0,0
"S3091XA","9118","10000",1,0,0,0,0
"S3091XD","V5889","10000",1,0,0,0,0
"S3091XS","9062","10000",1,0,0,0,0
"S3092XA","9118","10000",1,0,0,0,0
"S3092XD","V5889","10000",1,0,0,0,0
"S3092XS","9062","10000",1,0,0,0,0
"S3093XA","9118","10000",1,0,0,0,0
"S3093XD","V5889","10000",1,0,0,0,0
"S3093XS","9062","10000",1,0,0,0,0
"S3094XA","9118","10000",1,0,0,0,0
"S3094XD","V5889","10000",1,0,0,0,0
"S3094XS","9062","10000",1,0,0,0,0
"S3095XA","9118","10000",1,0,0,0,0
"S3095XD","V5889","10000",1,0,0,0,0
"S3095XS","9062","10000",1,0,0,0,0
"S3096XA","9118","10000",1,0,0,0,0
"S3096XD","V5889","10000",1,0,0,0,0
"S3096XS","9062","10000",1,0,0,0,0
"S3097XA","9118","10000",1,0,0,0,0
"S3097XD","V5889","10000",1,0,0,0,0
"S3097XS","9062","10000",1,0,0,0,0
"S3098XA","9118","10000",1,0,0,0,0
"S3098XD","V5889","10000",1,0,0,0,0
"S3098XS","9062","10000",1,0,0,0,0
"S31000A","8760","10000",1,0,0,0,0
"S31000A","8796","10000",1,0,0,0,0
"S31000D","V5889","10000",1,0,0,0,0
"S31000S","9060","10000",1,0,0,0,0
"S31001A","86814","10000",1,0,0,0,0
"S31001D","V5889","10000",1,0,0,0,0
"S31001S","9060","10000",1,0,0,0,0
"S31010A","8760","10000",1,0,0,0,0
"S31010A","8796","10000",1,0,0,0,0
"S31010A","8798","10000",1,0,0,0,0
"S31010D","V5889","10000",1,0,0,0,0
"S31010S","9060","10000",1,0,0,0,0
"S31011A","86814","10000",1,0,0,0,0
"S31011D","V5889","10000",1,0,0,0,0
"S31011S","9060","10000",1,0,0,0,0
"S31020A","8761","10000",1,0,0,0,0
"S31020A","8797","10000",1,0,0,0,0
"S31020A","8799","10000",1,0,0,0,0
"S31020D","V5889","10000",1,0,0,0,0
"S31020S","9060","10000",1,0,0,0,0
"S31021A","86814","10000",1,0,0,0,0
"S31021D","V5889","10000",1,0,0,0,0
"S31021S","9060","10000",1,0,0,0,0
"S31030A","8760","10000",1,0,0,0,0
"S31030A","8796","10000",1,0,0,0,0
"S31030A","8798","10000",1,0,0,0,0
"S31030D","V5889","10000",1,0,0,0,0
"S31030S","9060","10000",1,0,0,0,0
"S31031A","86814","10000",1,0,0,0,0
"S31031D","V5889","10000",1,0,0,0,0
"S31031S","9060","10000",1,0,0,0,0
"S31040A","8761","10000",1,0,0,0,0
"S31040A","8797","10000",1,0,0,0,0
"S31040A","8799","10000",1,0,0,0,0
"S31040D","V5889","10000",1,0,0,0,0
"S31040S","9060","10000",1,0,0,0,0
"S31041A","86814","10000",1,0,0,0,0
"S31041D","V5889","10000",1,0,0,0,0
"S31041S","9060","10000",1,0,0,0,0
"S31050A","8760","10000",1,0,0,0,0
"S31050A","8796","10000",1,0,0,0,0
"S31050A","8798","10000",1,0,0,0,0
"S31050D","V5889","10000",1,0,0,0,0
"S31050S","9060","10000",1,0,0,0,0
"S31051A","86814","10000",1,0,0,0,0
"S31051D","V5889","10000",1,0,0,0,0
"S31051S","9060","10000",1,0,0,0,0
"S31100A","8794","10000",1,0,0,0,0
"S31100D","V5889","10000",1,0,0,0,0
"S31100S","9060","10000",1,0,0,0,0
"S31101A","8794","10000",1,0,0,0,0
"S31101D","V5889","10000",1,0,0,0,0
"S31101S","9060","10000",1,0,0,0,0
"S31102A","8792","10000",1,0,0,0,0
"S31102D","V5889","10000",1,0,0,0,0
"S31102S","9060","10000",1,0,0,0,0
"S31103A","8794","10000",1,0,0,0,0
"S31103D","V5889","10000",1,0,0,0,0
"S31103S","9060","10000",1,0,0,0,0
"S31104A","8794","10000",1,0,0,0,0
"S31104D","V5889","10000",1,0,0,0,0
"S31104S","9060","10000",1,0,0,0,0
"S31105A","8792","10000",1,0,0,0,0
"S31105D","V5889","10000",1,0,0,0,0
"S31105S","9060","10000",1,0,0,0,0
"S31109A","8794","10000",1,0,0,0,0
"S31109D","V5889","10000",1,0,0,0,0
"S31109S","9060","10000",1,0,0,0,0
"S31110A","8794","10000",1,0,0,0,0
"S31110D","V5889","10000",1,0,0,0,0
"S31110S","9060","10000",1,0,0,0,0
"S31111A","8794","10000",1,0,0,0,0
"S31111D","V5889","10000",1,0,0,0,0
"S31111S","9060","10000",1,0,0,0,0
"S31112A","8792","10000",1,0,0,0,0
"S31112D","V5889","10000",1,0,0,0,0
"S31112S","9060","10000",1,0,0,0,0
"S31113A","8794","10000",1,0,0,0,0
"S31113D","V5889","10000",1,0,0,0,0
"S31113S","9060","10000",1,0,0,0,0
"S31114A","8794","10000",1,0,0,0,0
"S31114D","V5889","10000",1,0,0,0,0
"S31114S","9060","10000",1,0,0,0,0
"S31115A","8792","10000",1,0,0,0,0
"S31115D","V5889","10000",1,0,0,0,0
"S31115S","9060","10000",1,0,0,0,0
"S31119A","8794","10000",1,0,0,0,0
"S31119D","V5889","10000",1,0,0,0,0
"S31119S","9060","10000",1,0,0,0,0
"S31120A","8795","10000",1,0,0,0,0
"S31120D","V5889","10000",1,0,0,0,0
"S31120S","9060","10000",1,0,0,0,0
"S31121A","8795","10000",1,0,0,0,0
"S31121D","V5889","10000",1,0,0,0,0
"S31121S","9060","10000",1,0,0,0,0
"S31122A","8793","10000",1,0,0,0,0
"S31122D","V5889","10000",1,0,0,0,0
"S31122S","9060","10000",1,0,0,0,0
"S31123A","8795","10000",1,0,0,0,0
"S31123D","V5889","10000",1,0,0,0,0
"S31123S","9060","10000",1,0,0,0,0
"S31124A","8795","10000",1,0,0,0,0
"S31124D","V5889","10000",1,0,0,0,0
"S31124S","9060","10000",1,0,0,0,0
"S31125A","8793","10000",1,0,0,0,0
"S31125D","V5889","10000",1,0,0,0,0
"S31125S","9060","10000",1,0,0,0,0
"S31129A","8795","10000",1,0,0,0,0
"S31129D","V5889","10000",1,0,0,0,0
"S31129S","9060","10000",1,0,0,0,0
"S31130A","8794","10000",1,0,0,0,0
"S31130D","V5889","10000",1,0,0,0,0
"S31130S","9060","10000",1,0,0,0,0
"S31131A","8794","10000",1,0,0,0,0
"S31131D","V5889","10000",1,0,0,0,0
"S31131S","9060","10000",1,0,0,0,0
"S31132A","8792","10000",1,0,0,0,0
"S31132D","V5889","10000",1,0,0,0,0
"S31132S","9060","10000",1,0,0,0,0
"S31133A","8794","10000",1,0,0,0,0
"S31133D","V5889","10000",1,0,0,0,0
"S31133S","9060","10000",1,0,0,0,0
"S31134A","8794","10000",1,0,0,0,0
"S31134D","V5889","10000",1,0,0,0,0
"S31134S","9060","10000",1,0,0,0,0
"S31135A","8792","10000",1,0,0,0,0
"S31135D","V5889","10000",1,0,0,0,0
"S31135S","9060","10000",1,0,0,0,0
"S31139A","8794","10000",1,0,0,0,0
"S31139D","V5889","10000",1,0,0,0,0
"S31139S","9060","10000",1,0,0,0,0
"S31140A","8795","10000",1,0,0,0,0
"S31140D","V5889","10000",1,0,0,0,0
"S31140S","9060","10000",1,0,0,0,0
"S31141A","8795","10000",1,0,0,0,0
"S31141D","V5889","10000",1,0,0,0,0
"S31141S","9060","10000",1,0,0,0,0
"S31142A","8793","10000",1,0,0,0,0
"S31142D","V5889","10000",1,0,0,0,0
"S31142S","9060","10000",1,0,0,0,0
"S31143A","8795","10000",1,0,0,0,0
"S31143D","V5889","10000",1,0,0,0,0
"S31143S","9060","10000",1,0,0,0,0
"S31144A","8795","10000",1,0,0,0,0
"S31144D","V5889","10000",1,0,0,0,0
"S31144S","9060","10000",1,0,0,0,0
"S31145A","8793","10000",1,0,0,0,0
"S31145D","V5889","10000",1,0,0,0,0
"S31145S","9060","10000",1,0,0,0,0
"S31149A","8795","10000",1,0,0,0,0
"S31149D","V5889","10000",1,0,0,0,0
"S31149S","9060","10000",1,0,0,0,0
"S31150A","8794","10000",1,0,0,0,0
"S31150D","V5889","10000",1,0,0,0,0
"S31150S","9060","10000",1,0,0,0,0
"S31151A","8794","10000",1,0,0,0,0
"S31151D","V5889","10000",1,0,0,0,0
"S31151S","9060","10000",1,0,0,0,0
"S31152A","8792","10000",1,0,0,0,0
"S31152D","V5889","10000",1,0,0,0,0
"S31152S","9060","10000",1,0,0,0,0
"S31153A","8794","10000",1,0,0,0,0
"S31153D","V5889","10000",1,0,0,0,0
"S31153S","9060","10000",1,0,0,0,0
"S31154A","8794","10000",1,0,0,0,0
"S31154D","V5889","10000",1,0,0,0,0
"S31154S","9060","10000",1,0,0,0,0
"S31155A","8792","10000",1,0,0,0,0
"S31155D","V5889","10000",1,0,0,0,0
"S31155S","9060","10000",1,0,0,0,0
"S31159A","8794","10000",1,0,0,0,0
"S31159D","V5889","10000",1,0,0,0,0
"S31159S","9060","10000",1,0,0,0,0
"S3120XA","8780","10000",1,0,0,0,0
"S3120XD","V5889","10000",1,0,0,0,0
"S3120XS","9060","10000",1,0,0,0,0
"S3121XA","8780","10000",1,0,0,0,0
"S3121XD","V5889","10000",1,0,0,0,0
"S3121XS","9060","10000",1,0,0,0,0
"S3122XA","8781","10000",1,0,0,0,0
"S3122XD","V5889","10000",1,0,0,0,0
"S3122XS","9060","10000",1,0,0,0,0
"S3123XA","8780","10000",1,0,0,0,0
"S3123XD","V5889","10000",1,0,0,0,0
"S3123XS","9060","10000",1,0,0,0,0
"S3124XA","8781","10000",1,0,0,0,0
"S3124XD","V5889","10000",1,0,0,0,0
"S3124XS","9060","10000",1,0,0,0,0
"S3125XA","8780","10000",1,0,0,0,0
"S3125XD","V5889","10000",1,0,0,0,0
"S3125XS","9060","10000",1,0,0,0,0
"S3130XA","8782","10000",1,0,0,0,0
"S3130XD","V5889","10000",1,0,0,0,0
"S3130XS","9060","10000",1,0,0,0,0
"S3131XA","8782","10000",1,0,0,0,0
"S3131XD","V5889","10000",1,0,0,0,0
"S3131XS","9060","10000",1,0,0,0,0
"S3132XA","8783","10000",1,0,0,0,0
"S3132XD","V5889","10000",1,0,0,0,0
"S3132XS","9060","10000",1,0,0,0,0
"S3133XA","8782","10000",1,0,0,0,0
"S3133XD","V5889","10000",1,0,0,0,0
"S3133XS","9060","10000",1,0,0,0,0
"S3134XA","8783","10000",1,0,0,0,0
"S3134XD","V5889","10000",1,0,0,0,0
"S3134XS","9060","10000",1,0,0,0,0
"S3135XA","8782","10000",1,0,0,0,0
"S3135XD","V5889","10000",1,0,0,0,0
"S3135XS","9060","10000",1,0,0,0,0
"S3140XA","8784","10000",1,0,0,0,0
"S3140XA","8786","10000",1,0,0,0,0
"S3140XD","V5889","10000",1,0,0,0,0
"S3140XS","9060","10000",1,0,0,0,0
"S3141XA","8784","10000",1,0,0,0,0
"S3141XA","8786","10000",1,0,0,0,0
"S3141XD","V5889","10000",1,0,0,0,0
"S3141XS","9060","10000",1,0,0,0,0
"S3142XA","8785","10000",1,0,0,0,0
"S3142XA","8787","10000",1,0,0,0,0
"S3142XD","V5889","10000",1,0,0,0,0
"S3142XS","9060","10000",1,0,0,0,0
"S3143XA","8784","10000",1,0,0,0,0
"S3143XA","8786","10000",1,0,0,0,0
"S3143XD","V5889","10000",1,0,0,0,0
"S3143XS","9060","10000",1,0,0,0,0
"S3144XA","8785","10000",1,0,0,0,0
"S3144XA","8787","10000",1,0,0,0,0
"S3144XD","V5889","10000",1,0,0,0,0
"S3144XS","9060","10000",1,0,0,0,0
"S3145XA","8784","10000",1,0,0,0,0
"S3145XA","8786","10000",1,0,0,0,0
"S3145XD","V5889","10000",1,0,0,0,0
"S3145XS","9060","10000",1,0,0,0,0
"S31501A","8788","10000",1,0,0,0,0
"S31501D","V5889","10000",1,0,0,0,0
"S31501S","9082","10000",1,0,0,0,0
"S31502A","8788","10000",1,0,0,0,0
"S31502D","V5889","10000",1,0,0,0,0
"S31502S","9082","10000",1,0,0,0,0
"S31511A","8788","10000",1,0,0,0,0
"S31511D","V5889","10000",1,0,0,0,0
"S31511S","9082","10000",1,0,0,0,0
"S31512A","8788","10000",1,0,0,0,0
"S31512D","V5889","10000",1,0,0,0,0
"S31512S","9082","10000",1,0,0,0,0
"S31521A","8789","10000",1,0,0,0,0
"S31521D","V5889","10000",1,0,0,0,0
"S31521S","9082","10000",1,0,0,0,0
"S31522A","8789","10000",1,0,0,0,0
"S31522D","V5889","10000",1,0,0,0,0
"S31522S","9082","10000",1,0,0,0,0
"S31531A","8788","10000",1,0,0,0,0
"S31531D","V5889","10000",1,0,0,0,0
"S31531S","9082","10000",1,0,0,0,0
"S31532A","8788","10000",1,0,0,0,0
"S31532D","V5889","10000",1,0,0,0,0
"S31532S","9082","10000",1,0,0,0,0
"S31541A","8789","10000",1,0,0,0,0
"S31541D","V5889","10000",1,0,0,0,0
"S31541S","9082","10000",1,0,0,0,0
"S31542A","8789","10000",1,0,0,0,0
"S31542D","V5889","10000",1,0,0,0,0
"S31542S","9082","10000",1,0,0,0,0
"S31551A","8788","10000",1,0,0,0,0
"S31551D","V5889","10000",1,0,0,0,0
"S31551S","9082","10000",1,0,0,0,0
"S31552A","8788","10000",1,0,0,0,0
"S31552D","V5889","10000",1,0,0,0,0
"S31552S","9082","10000",1,0,0,0,0
"S31600A","86813","10000",1,0,0,0,0
"S31600D","V5889","10000",1,0,0,0,0
"S31600S","9060","10000",1,0,0,0,0
"S31601A","86813","10000",1,0,0,0,0
"S31601D","V5889","10000",1,0,0,0,0
"S31601S","9060","10000",1,0,0,0,0
"S31602A","86813","10000",1,0,0,0,0
"S31602D","V5889","10000",1,0,0,0,0
"S31602S","9060","10000",1,0,0,0,0
"S31603A","86813","10000",1,0,0,0,0
"S31603D","V5889","10000",1,0,0,0,0
"S31603S","9060","10000",1,0,0,0,0
"S31604A","86813","10000",1,0,0,0,0
"S31604D","V5889","10000",1,0,0,0,0
"S31604S","9060","10000",1,0,0,0,0
"S31605A","86813","10000",1,0,0,0,0
"S31605D","V5889","10000",1,0,0,0,0
"S31605S","9060","10000",1,0,0,0,0
"S31609A","86813","10000",1,0,0,0,0
"S31609D","V5889","10000",1,0,0,0,0
"S31609S","9060","10000",1,0,0,0,0
"S31610A","86813","10000",1,0,0,0,0
"S31610D","V5889","10000",1,0,0,0,0
"S31610S","9060","10000",1,0,0,0,0
"S31611A","86813","10000",1,0,0,0,0
"S31611D","V5889","10000",1,0,0,0,0
"S31611S","9060","10000",1,0,0,0,0
"S31612A","86813","10000",1,0,0,0,0
"S31612D","V5889","10000",1,0,0,0,0
"S31612S","9060","10000",1,0,0,0,0
"S31613A","86813","10000",1,0,0,0,0
"S31613D","V5889","10000",1,0,0,0,0
"S31613S","9060","10000",1,0,0,0,0
"S31614A","86813","10000",1,0,0,0,0
"S31614D","V5889","10000",1,0,0,0,0
"S31614S","9060","10000",1,0,0,0,0
"S31615A","86813","10000",1,0,0,0,0
"S31615D","V5889","10000",1,0,0,0,0
"S31615S","9060","10000",1,0,0,0,0
"S31619A","86813","10000",1,0,0,0,0
"S31619D","V5889","10000",1,0,0,0,0
"S31619S","9060","10000",1,0,0,0,0
"S31620A","86813","10000",1,0,0,0,0
"S31620D","V5889","10000",1,0,0,0,0
"S31620S","9060","10000",1,0,0,0,0
"S31621A","86813","10000",1,0,0,0,0
"S31621D","V5889","10000",1,0,0,0,0
"S31621S","9060","10000",1,0,0,0,0
"S31622A","86813","10000",1,0,0,0,0
"S31622D","V5889","10000",1,0,0,0,0
"S31622S","9060","10000",1,0,0,0,0
"S31623A","86813","10000",1,0,0,0,0
"S31623D","V5889","10000",1,0,0,0,0
"S31623S","9060","10000",1,0,0,0,0
"S31624A","86813","10000",1,0,0,0,0
"S31624D","V5889","10000",1,0,0,0,0
"S31624S","9060","10000",1,0,0,0,0
"S31625A","86813","10000",1,0,0,0,0
"S31625D","V5889","10000",1,0,0,0,0
"S31625S","9060","10000",1,0,0,0,0
"S31629A","86813","10000",1,0,0,0,0
"S31629D","V5889","10000",1,0,0,0,0
"S31629S","9060","10000",1,0,0,0,0
"S31630A","86813","10000",1,0,0,0,0
"S31630D","V5889","10000",1,0,0,0,0
"S31630S","9060","10000",1,0,0,0,0
"S31631A","86813","10000",1,0,0,0,0
"S31631D","V5889","10000",1,0,0,0,0
"S31631S","9060","10000",1,0,0,0,0
"S31632A","86813","10000",1,0,0,0,0
"S31632D","V5889","10000",1,0,0,0,0
"S31632S","9060","10000",1,0,0,0,0
"S31633A","86813","10000",1,0,0,0,0
"S31633D","V5889","10000",1,0,0,0,0
"S31633S","9060","10000",1,0,0,0,0
"S31634A","86813","10000",1,0,0,0,0
"S31634D","V5889","10000",1,0,0,0,0
"S31634S","9060","10000",1,0,0,0,0
"S31635A","86813","10000",1,0,0,0,0
"S31635D","V5889","10000",1,0,0,0,0
"S31635S","9060","10000",1,0,0,0,0
"S31639A","86813","10000",1,0,0,0,0
"S31639D","V5889","10000",1,0,0,0,0
"S31639S","9060","10000",1,0,0,0,0
"S31640A","86813","10000",1,0,0,0,0
"S31640D","V5889","10000",1,0,0,0,0
"S31640S","9060","10000",1,0,0,0,0
"S31641A","86813","10000",1,0,0,0,0
"S31641D","V5889","10000",1,0,0,0,0
"S31641S","9060","10000",1,0,0,0,0
"S31642A","86813","10000",1,0,0,0,0
"S31642D","V5889","10000",1,0,0,0,0
"S31642S","9060","10000",1,0,0,0,0
"S31643A","86813","10000",1,0,0,0,0
"S31643D","V5889","10000",1,0,0,0,0
"S31643S","9060","10000",1,0,0,0,0
"S31644A","86813","10000",1,0,0,0,0
"S31644D","V5889","10000",1,0,0,0,0
"S31644S","9060","10000",1,0,0,0,0
"S31645A","86813","10000",1,0,0,0,0
"S31645D","V5889","10000",1,0,0,0,0
"S31645S","9060","10000",1,0,0,0,0
"S31649A","86813","10000",1,0,0,0,0
"S31649D","V5889","10000",1,0,0,0,0
"S31649S","9060","10000",1,0,0,0,0
"S31650A","86813","10000",1,0,0,0,0
"S31650D","V5889","10000",1,0,0,0,0
"S31650S","9060","10000",1,0,0,0,0
"S31651A","86813","10000",1,0,0,0,0
"S31651D","V5889","10000",1,0,0,0,0
"S31651S","9060","10000",1,0,0,0,0
"S31652A","86813","10000",1,0,0,0,0
"S31652D","V5889","10000",1,0,0,0,0
"S31652S","9060","10000",1,0,0,0,0
"S31653A","86813","10000",1,0,0,0,0
"S31653D","V5889","10000",1,0,0,0,0
"S31653S","9060","10000",1,0,0,0,0
"S31654A","86813","10000",1,0,0,0,0
"S31654D","V5889","10000",1,0,0,0,0
"S31654S","9060","10000",1,0,0,0,0
"S31655A","86813","10000",1,0,0,0,0
"S31655D","V5889","10000",1,0,0,0,0
"S31655S","9060","10000",1,0,0,0,0
"S31659A","86813","10000",1,0,0,0,0
"S31659D","V5889","10000",1,0,0,0,0
"S31659S","9060","10000",1,0,0,0,0
"S31801A","8770","10000",1,0,0,0,0
"S31801D","V5889","10000",1,0,0,0,0
"S31801S","9060","10000",1,0,0,0,0
"S31802A","8771","10000",1,0,0,0,0
"S31802D","V5889","10000",1,0,0,0,0
"S31802S","9060","10000",1,0,0,0,0
"S31803A","8770","10000",1,0,0,0,0
"S31803D","V5889","10000",1,0,0,0,0
"S31803S","9060","10000",1,0,0,0,0
"S31804A","8771","10000",1,0,0,0,0
"S31804D","V5889","10000",1,0,0,0,0
"S31804S","9060","10000",1,0,0,0,0
"S31805A","8770","10000",1,0,0,0,0
"S31805D","V5889","10000",1,0,0,0,0
"S31805S","9060","10000",1,0,0,0,0
"S31809A","8770","10000",1,0,0,0,0
"S31809D","V5889","10000",1,0,0,0,0
"S31809S","9060","10000",1,0,0,0,0
"S31811A","8770","10000",1,0,0,0,0
"S31811D","V5889","10000",1,0,0,0,0
"S31811S","9060","10000",1,0,0,0,0
"S31812A","8771","10000",1,0,0,0,0
"S31812D","V5889","10000",1,0,0,0,0
"S31812S","9060","10000",1,0,0,0,0
"S31813A","8770","10000",1,0,0,0,0
"S31813D","V5889","10000",1,0,0,0,0
"S31813S","9060","10000",1,0,0,0,0
"S31814A","8771","10000",1,0,0,0,0
"S31814D","V5889","10000",1,0,0,0,0
"S31814S","9060","10000",1,0,0,0,0
"S31815A","8770","10000",1,0,0,0,0
"S31815D","V5889","10000",1,0,0,0,0
"S31815S","9060","10000",1,0,0,0,0
"S31819A","8770","10000",1,0,0,0,0
"S31819D","V5889","10000",1,0,0,0,0
"S31819S","9060","10000",1,0,0,0,0
"S31821A","8770","10000",1,0,0,0,0
"S31821D","V5889","10000",1,0,0,0,0
"S31821S","9060","10000",1,0,0,0,0
"S31822A","8771","10000",1,0,0,0,0
"S31822D","V5889","10000",1,0,0,0,0
"S31822S","9060","10000",1,0,0,0,0
"S31823A","8770","10000",1,0,0,0,0
"S31823D","V5889","10000",1,0,0,0,0
"S31823S","9060","10000",1,0,0,0,0
"S31824A","8771","10000",1,0,0,0,0
"S31824D","V5889","10000",1,0,0,0,0
"S31824S","9060","10000",1,0,0,0,0
"S31825A","8770","10000",1,0,0,0,0
"S31825D","V5889","10000",1,0,0,0,0
"S31825S","9060","10000",1,0,0,0,0
"S31829A","8770","10000",1,0,0,0,0
"S31829D","V5889","10000",1,0,0,0,0
"S31829S","9060","10000",1,0,0,0,0
"S31831A","8796","10000",1,0,0,0,0
"S31831D","V5889","10000",1,0,0,0,0
"S31831S","9060","10000",1,0,0,0,0
"S31832A","8797","10000",1,0,0,0,0
"S31832D","V5889","10000",1,0,0,0,0
"S31832S","9060","10000",1,0,0,0,0
"S31833A","8796","10000",1,0,0,0,0
"S31833D","V5889","10000",1,0,0,0,0
"S31833S","9060","10000",1,0,0,0,0
"S31834A","8797","10000",1,0,0,0,0
"S31834D","V5889","10000",1,0,0,0,0
"S31834S","9060","10000",1,0,0,0,0
"S31835A","8796","10000",1,0,0,0,0
"S31835D","V5889","10000",1,0,0,0,0
"S31835S","9060","10000",1,0,0,0,0
"S31839A","8796","10000",1,0,0,0,0
"S31839D","V5889","10000",1,0,0,0,0
"S31839S","9060","10000",1,0,0,0,0
"S32000A","8054","10000",1,0,0,0,0
"S32000B","8055","10000",1,0,0,0,0
"S32000D","V5417","10000",1,0,0,0,0
"S32000G","V5417","10000",1,0,0,0,0
"S32000K","73382","10000",1,0,0,0,0
"S32000S","9051","10000",1,0,0,0,0
"S32001A","8054","10000",1,0,0,0,0
"S32001B","8055","10000",1,0,0,0,0
"S32001D","V5417","10000",1,0,0,0,0
"S32001G","V5417","10000",1,0,0,0,0
"S32001K","73382","10000",1,0,0,0,0
"S32001S","9051","10000",1,0,0,0,0
"S32002A","8054","10000",1,0,0,0,0
"S32002B","8055","10000",1,0,0,0,0
"S32002D","V5417","10000",1,0,0,0,0
"S32002G","V5417","10000",1,0,0,0,0
"S32002K","73382","10000",1,0,0,0,0
"S32002S","9051","10000",1,0,0,0,0
"S32008A","8054","10000",1,0,0,0,0
"S32008B","8055","10000",1,0,0,0,0
"S32008D","V5417","10000",1,0,0,0,0
"S32008G","V5417","10000",1,0,0,0,0
"S32008K","73382","10000",1,0,0,0,0
"S32008S","9051","10000",1,0,0,0,0
"S32009A","8054","10000",1,0,0,0,0
"S32009B","8055","10000",1,0,0,0,0
"S32009D","V5417","10000",1,0,0,0,0
"S32009G","V5417","10000",1,0,0,0,0
"S32009K","73382","10000",1,0,0,0,0
"S32009S","9051","10000",1,0,0,0,0
"S32010A","8054","10000",1,0,0,0,0
"S32010B","8055","10000",1,0,0,0,0
"S32010D","V5417","10000",1,0,0,0,0
"S32010G","V5417","10000",1,0,0,0,0
"S32010K","73382","10000",1,0,0,0,0
"S32010S","9051","10000",1,0,0,0,0
"S32011A","8054","10000",1,0,0,0,0
"S32011B","8055","10000",1,0,0,0,0
"S32011D","V5417","10000",1,0,0,0,0
"S32011G","V5417","10000",1,0,0,0,0
"S32011K","73382","10000",1,0,0,0,0
"S32011S","9051","10000",1,0,0,0,0
"S32012A","8054","10000",1,0,0,0,0
"S32012B","8055","10000",1,0,0,0,0
"S32012D","V5417","10000",1,0,0,0,0
"S32012G","V5417","10000",1,0,0,0,0
"S32012K","73382","10000",1,0,0,0,0
"S32012S","9051","10000",1,0,0,0,0
"S32018A","8054","10000",1,0,0,0,0
"S32018B","8055","10000",1,0,0,0,0
"S32018D","V5417","10000",1,0,0,0,0
"S32018G","V5417","10000",1,0,0,0,0
"S32018K","73382","10000",1,0,0,0,0
"S32018S","9051","10000",1,0,0,0,0
"S32019A","8054","10000",1,0,0,0,0
"S32019B","8055","10000",1,0,0,0,0
"S32019D","V5417","10000",1,0,0,0,0
"S32019G","V5417","10000",1,0,0,0,0
"S32019K","73382","10000",1,0,0,0,0
"S32019S","9051","10000",1,0,0,0,0
"S32020A","8054","10000",1,0,0,0,0
"S32020B","8055","10000",1,0,0,0,0
"S32020D","V5417","10000",1,0,0,0,0
"S32020G","V5417","10000",1,0,0,0,0
"S32020K","73382","10000",1,0,0,0,0
"S32020S","9051","10000",1,0,0,0,0
"S32021A","8054","10000",1,0,0,0,0
"S32021B","8055","10000",1,0,0,0,0
"S32021D","V5417","10000",1,0,0,0,0
"S32021G","V5417","10000",1,0,0,0,0
"S32021K","73382","10000",1,0,0,0,0
"S32021S","9051","10000",1,0,0,0,0
"S32022A","8054","10000",1,0,0,0,0
"S32022B","8055","10000",1,0,0,0,0
"S32022D","V5417","10000",1,0,0,0,0
"S32022G","V5417","10000",1,0,0,0,0
"S32022K","73382","10000",1,0,0,0,0
"S32022S","9051","10000",1,0,0,0,0
"S32028A","8054","10000",1,0,0,0,0
"S32028B","8055","10000",1,0,0,0,0
"S32028D","V5417","10000",1,0,0,0,0
"S32028G","V5417","10000",1,0,0,0,0
"S32028K","73382","10000",1,0,0,0,0
"S32028S","9051","10000",1,0,0,0,0
"S32029A","8054","10000",1,0,0,0,0
"S32029B","8055","10000",1,0,0,0,0
"S32029D","V5417","10000",1,0,0,0,0
"S32029G","V5417","10000",1,0,0,0,0
"S32029K","73382","10000",1,0,0,0,0
"S32029S","9051","10000",1,0,0,0,0
"S32030A","8054","10000",1,0,0,0,0
"S32030B","8055","10000",1,0,0,0,0
"S32030D","V5417","10000",1,0,0,0,0
"S32030G","V5417","10000",1,0,0,0,0
"S32030K","73382","10000",1,0,0,0,0
"S32030S","9051","10000",1,0,0,0,0
"S32031A","8054","10000",1,0,0,0,0
"S32031B","8055","10000",1,0,0,0,0
"S32031D","V5417","10000",1,0,0,0,0
"S32031G","V5417","10000",1,0,0,0,0
"S32031K","73382","10000",1,0,0,0,0
"S32031S","9051","10000",1,0,0,0,0
"S32032A","8054","10000",1,0,0,0,0
"S32032B","8055","10000",1,0,0,0,0
"S32032D","V5417","10000",1,0,0,0,0
"S32032G","V5417","10000",1,0,0,0,0
"S32032K","73382","10000",1,0,0,0,0
"S32032S","9051","10000",1,0,0,0,0
"S32038A","8054","10000",1,0,0,0,0
"S32038B","8055","10000",1,0,0,0,0
"S32038D","V5417","10000",1,0,0,0,0
"S32038G","V5417","10000",1,0,0,0,0
"S32038K","73382","10000",1,0,0,0,0
"S32038S","9051","10000",1,0,0,0,0
"S32039A","8054","10000",1,0,0,0,0
"S32039B","8055","10000",1,0,0,0,0
"S32039D","V5417","10000",1,0,0,0,0
"S32039G","V5417","10000",1,0,0,0,0
"S32039K","73382","10000",1,0,0,0,0
"S32039S","9051","10000",1,0,0,0,0
"S32040A","8054","10000",1,0,0,0,0
"S32040B","8055","10000",1,0,0,0,0
"S32040D","V5417","10000",1,0,0,0,0
"S32040G","V5417","10000",1,0,0,0,0
"S32040K","73382","10000",1,0,0,0,0
"S32040S","9051","10000",1,0,0,0,0
"S32041A","8054","10000",1,0,0,0,0
"S32041B","8055","10000",1,0,0,0,0
"S32041D","V5417","10000",1,0,0,0,0
"S32041G","V5417","10000",1,0,0,0,0
"S32041K","73382","10000",1,0,0,0,0
"S32041S","9051","10000",1,0,0,0,0
"S32042A","8054","10000",1,0,0,0,0
"S32042B","8055","10000",1,0,0,0,0
"S32042D","V5417","10000",1,0,0,0,0
"S32042G","V5417","10000",1,0,0,0,0
"S32042K","73382","10000",1,0,0,0,0
"S32042S","9051","10000",1,0,0,0,0
"S32048A","8054","10000",1,0,0,0,0
"S32048B","8055","10000",1,0,0,0,0
"S32048D","V5417","10000",1,0,0,0,0
"S32048G","V5417","10000",1,0,0,0,0
"S32048K","73382","10000",1,0,0,0,0
"S32048S","9051","10000",1,0,0,0,0
"S32049A","8054","10000",1,0,0,0,0
"S32049B","8055","10000",1,0,0,0,0
"S32049D","V5417","10000",1,0,0,0,0
"S32049G","V5417","10000",1,0,0,0,0
"S32049K","73382","10000",1,0,0,0,0
"S32049S","9051","10000",1,0,0,0,0
"S32050A","8054","10000",1,0,0,0,0
"S32050B","8055","10000",1,0,0,0,0
"S32050D","V5417","10000",1,0,0,0,0
"S32050G","V5417","10000",1,0,0,0,0
"S32050K","73382","10000",1,0,0,0,0
"S32050S","9051","10000",1,0,0,0,0
"S32051A","8054","10000",1,0,0,0,0
"S32051B","8055","10000",1,0,0,0,0
"S32051D","V5417","10000",1,0,0,0,0
"S32051G","V5417","10000",1,0,0,0,0
"S32051K","73382","10000",1,0,0,0,0
"S32051S","9051","10000",1,0,0,0,0
"S32052A","8054","10000",1,0,0,0,0
"S32052B","8055","10000",1,0,0,0,0
"S32052D","V5417","10000",1,0,0,0,0
"S32052G","V5417","10000",1,0,0,0,0
"S32052K","73382","10000",1,0,0,0,0
"S32052S","9051","10000",1,0,0,0,0
"S32058A","8054","10000",1,0,0,0,0
"S32058B","8055","10000",1,0,0,0,0
"S32058D","V5417","10000",1,0,0,0,0
"S32058G","V5417","10000",1,0,0,0,0
"S32058K","73382","10000",1,0,0,0,0
"S32058S","9051","10000",1,0,0,0,0
"S32059A","8054","10000",1,0,0,0,0
"S32059B","8055","10000",1,0,0,0,0
"S32059D","V5417","10000",1,0,0,0,0
"S32059G","V5417","10000",1,0,0,0,0
"S32059K","73382","10000",1,0,0,0,0
"S32059S","9051","10000",1,0,0,0,0
"S3210XA","8056","10000",1,0,0,0,0
"S3210XB","8057","10000",1,0,0,0,0
"S3210XD","V5419","10000",1,0,0,0,0
"S3210XG","V5419","10000",1,0,0,0,0
"S3210XK","73382","10000",1,0,0,0,0
"S3210XS","9051","10000",1,0,0,0,0
"S32110A","8056","10000",1,0,0,0,0
"S32110B","8057","10000",1,0,0,0,0
"S32110D","V5419","10000",1,0,0,0,0
"S32110G","V5419","10000",1,0,0,0,0
"S32110K","73382","10000",1,0,0,0,0
"S32110S","9051","10000",1,0,0,0,0
"S32111A","8056","10000",1,0,0,0,0
"S32111B","8057","10000",1,0,0,0,0
"S32111D","V5419","10000",1,0,0,0,0
"S32111G","V5419","10000",1,0,0,0,0
"S32111K","73382","10000",1,0,0,0,0
"S32111S","9051","10000",1,0,0,0,0
"S32112A","8056","10000",1,0,0,0,0
"S32112B","8057","10000",1,0,0,0,0
"S32112D","V5419","10000",1,0,0,0,0
"S32112G","V5419","10000",1,0,0,0,0
"S32112K","73382","10000",1,0,0,0,0
"S32112S","9051","10000",1,0,0,0,0
"S32119A","8056","10000",1,0,0,0,0
"S32119B","8057","10000",1,0,0,0,0
"S32119D","V5419","10000",1,0,0,0,0
"S32119G","V5419","10000",1,0,0,0,0
"S32119K","73382","10000",1,0,0,0,0
"S32119S","9051","10000",1,0,0,0,0
"S32120A","8056","10000",1,0,0,0,0
"S32120B","8057","10000",1,0,0,0,0
"S32120D","V5419","10000",1,0,0,0,0
"S32120G","V5419","10000",1,0,0,0,0
"S32120K","73382","10000",1,0,0,0,0
"S32120S","9051","10000",1,0,0,0,0
"S32121A","8056","10000",1,0,0,0,0
"S32121B","8057","10000",1,0,0,0,0
"S32121D","V5419","10000",1,0,0,0,0
"S32121G","V5419","10000",1,0,0,0,0
"S32121K","73382","10000",1,0,0,0,0
"S32121S","9051","10000",1,0,0,0,0
"S32122A","8056","10000",1,0,0,0,0
"S32122B","8057","10000",1,0,0,0,0
"S32122D","V5419","10000",1,0,0,0,0
"S32122G","V5419","10000",1,0,0,0,0
"S32122K","73382","10000",1,0,0,0,0
"S32122S","9051","10000",1,0,0,0,0
"S32129A","8056","10000",1,0,0,0,0
"S32129B","8057","10000",1,0,0,0,0
"S32129D","V5419","10000",1,0,0,0,0
"S32129G","V5419","10000",1,0,0,0,0
"S32129K","73382","10000",1,0,0,0,0
"S32129S","9051","10000",1,0,0,0,0
"S32130A","8056","10000",1,0,0,0,0
"S32130B","8057","10000",1,0,0,0,0
"S32130D","V5419","10000",1,0,0,0,0
"S32130G","V5419","10000",1,0,0,0,0
"S32130K","73382","10000",1,0,0,0,0
"S32130S","9051","10000",1,0,0,0,0
"S32131A","8056","10000",1,0,0,0,0
"S32131B","8057","10000",1,0,0,0,0
"S32131D","V5419","10000",1,0,0,0,0
"S32131G","V5419","10000",1,0,0,0,0
"S32131K","73382","10000",1,0,0,0,0
"S32131S","9051","10000",1,0,0,0,0
"S32132A","8056","10000",1,0,0,0,0
"S32132B","8057","10000",1,0,0,0,0
"S32132D","V5419","10000",1,0,0,0,0
"S32132G","V5419","10000",1,0,0,0,0
"S32132K","73382","10000",1,0,0,0,0
"S32132S","9051","10000",1,0,0,0,0
"S32139A","8056","10000",1,0,0,0,0
"S32139B","8057","10000",1,0,0,0,0
"S32139D","V5419","10000",1,0,0,0,0
"S32139G","V5419","10000",1,0,0,0,0
"S32139K","73382","10000",1,0,0,0,0
"S32139S","9051","10000",1,0,0,0,0
"S3214XA","8056","10000",1,0,0,0,0
"S3214XB","8057","10000",1,0,0,0,0
"S3214XD","V5419","10000",1,0,0,0,0
"S3214XG","V5419","10000",1,0,0,0,0
"S3214XK","73382","10000",1,0,0,0,0
"S3214XS","9051","10000",1,0,0,0,0
"S3215XA","8056","10000",1,0,0,0,0
"S3215XB","8057","10000",1,0,0,0,0
"S3215XD","V5419","10000",1,0,0,0,0
"S3215XG","V5419","10000",1,0,0,0,0
"S3215XK","73382","10000",1,0,0,0,0
"S3215XS","9051","10000",1,0,0,0,0
"S3216XA","8056","10000",1,0,0,0,0
"S3216XB","8057","10000",1,0,0,0,0
"S3216XD","V5419","10000",1,0,0,0,0
"S3216XG","V5419","10000",1,0,0,0,0
"S3216XK","73382","10000",1,0,0,0,0
"S3216XS","9051","10000",1,0,0,0,0
"S3217XA","8056","10000",1,0,0,0,0
"S3217XB","8057","10000",1,0,0,0,0
"S3217XD","V5419","10000",1,0,0,0,0
"S3217XG","V5419","10000",1,0,0,0,0
"S3217XK","73382","10000",1,0,0,0,0
"S3217XS","9051","10000",1,0,0,0,0
"S3219XA","8056","10000",1,0,0,0,0
"S3219XB","8057","10000",1,0,0,0,0
"S3219XD","V5419","10000",1,0,0,0,0
"S3219XG","V5419","10000",1,0,0,0,0
"S3219XK","73382","10000",1,0,0,0,0
"S3219XS","9051","10000",1,0,0,0,0
"S322XXA","8056","10000",1,0,0,0,0
"S322XXB","8057","10000",1,0,0,0,0
"S322XXD","V5419","10000",1,0,0,0,0
"S322XXG","V5419","10000",1,0,0,0,0
"S322XXK","73382","10000",1,0,0,0,0
"S322XXS","9051","10000",1,0,0,0,0
"S32301A","80841","10000",1,0,0,0,0
"S32301B","80851","10000",1,0,0,0,0
"S32301D","V5413","10000",1,0,0,0,0
"S32301G","V5413","10000",1,0,0,0,0
"S32301K","73382","10000",1,0,0,0,0
"S32301S","9051","10000",1,0,0,0,0
"S32302A","80841","10000",1,0,0,0,0
"S32302B","80851","10000",1,0,0,0,0
"S32302D","V5413","10000",1,0,0,0,0
"S32302G","V5413","10000",1,0,0,0,0
"S32302K","73382","10000",1,0,0,0,0
"S32302S","9051","10000",1,0,0,0,0
"S32309A","80841","10000",1,0,0,0,0
"S32309B","80851","10000",1,0,0,0,0
"S32309D","V5413","10000",1,0,0,0,0
"S32309G","V5413","10000",1,0,0,0,0
"S32309K","73382","10000",1,0,0,0,0
"S32309S","9051","10000",1,0,0,0,0
"S32311A","80841","10000",1,0,0,0,0
"S32311B","80851","10000",1,0,0,0,0
"S32311D","V5413","10000",1,0,0,0,0
"S32311G","V5413","10000",1,0,0,0,0
"S32311K","73382","10000",1,0,0,0,0
"S32311S","9051","10000",1,0,0,0,0
"S32312A","80841","10000",1,0,0,0,0
"S32312B","80851","10000",1,0,0,0,0
"S32312D","V5413","10000",1,0,0,0,0
"S32312G","V5413","10000",1,0,0,0,0
"S32312K","73382","10000",1,0,0,0,0
"S32312S","9051","10000",1,0,0,0,0
"S32313A","80841","10000",1,0,0,0,0
"S32313B","80851","10000",1,0,0,0,0
"S32313D","V5413","10000",1,0,0,0,0
"S32313G","V5413","10000",1,0,0,0,0
"S32313K","73382","10000",1,0,0,0,0
"S32313S","9051","10000",1,0,0,0,0
"S32314A","80841","10000",1,0,0,0,0
"S32314B","80851","10000",1,0,0,0,0
"S32314D","V5413","10000",1,0,0,0,0
"S32314G","V5413","10000",1,0,0,0,0
"S32314K","73382","10000",1,0,0,0,0
"S32314S","9051","10000",1,0,0,0,0
"S32315A","80841","10000",1,0,0,0,0
"S32315B","80851","10000",1,0,0,0,0
"S32315D","V5413","10000",1,0,0,0,0
"S32315G","V5413","10000",1,0,0,0,0
"S32315K","73382","10000",1,0,0,0,0
"S32315S","9051","10000",1,0,0,0,0
"S32316A","80841","10000",1,0,0,0,0
"S32316B","80851","10000",1,0,0,0,0
"S32316D","V5413","10000",1,0,0,0,0
"S32316G","V5413","10000",1,0,0,0,0
"S32316K","73382","10000",1,0,0,0,0
"S32316S","9051","10000",1,0,0,0,0
"S32391A","80841","10000",1,0,0,0,0
"S32391B","80851","10000",1,0,0,0,0
"S32391D","V5413","10000",1,0,0,0,0
"S32391G","V5413","10000",1,0,0,0,0
"S32391K","73382","10000",1,0,0,0,0
"S32391S","9051","10000",1,0,0,0,0
"S32392A","80841","10000",1,0,0,0,0
"S32392B","80851","10000",1,0,0,0,0
"S32392D","V5413","10000",1,0,0,0,0
"S32392G","V5413","10000",1,0,0,0,0
"S32392K","73382","10000",1,0,0,0,0
"S32392S","9051","10000",1,0,0,0,0
"S32399A","80841","10000",1,0,0,0,0
"S32399B","80851","10000",1,0,0,0,0
"S32399D","V5413","10000",1,0,0,0,0
"S32399G","V5413","10000",1,0,0,0,0
"S32399K","73382","10000",1,0,0,0,0
"S32399S","9051","10000",1,0,0,0,0
"S32401A","8080","10000",1,0,0,0,0
"S32401B","8081","10000",1,0,0,0,0
"S32401D","V5413","10000",1,0,0,0,0
"S32401G","V5413","10000",1,0,0,0,0
"S32401K","73382","10000",1,0,0,0,0
"S32401S","9051","10000",1,0,0,0,0
"S32402A","8080","10000",1,0,0,0,0
"S32402B","8081","10000",1,0,0,0,0
"S32402D","V5413","10000",1,0,0,0,0
"S32402G","V5413","10000",1,0,0,0,0
"S32402K","73382","10000",1,0,0,0,0
"S32402S","9051","10000",1,0,0,0,0
"S32409A","8080","10000",1,0,0,0,0
"S32409B","8081","10000",1,0,0,0,0
"S32409D","V5413","10000",1,0,0,0,0
"S32409G","V5413","10000",1,0,0,0,0
"S32409K","73382","10000",1,0,0,0,0
"S32409S","9051","10000",1,0,0,0,0
"S32411A","8080","10000",1,0,0,0,0
"S32411B","8081","10000",1,0,0,0,0
"S32411D","V5413","10000",1,0,0,0,0
"S32411G","V5413","10000",1,0,0,0,0
"S32411K","73382","10000",1,0,0,0,0
"S32411S","9051","10000",1,0,0,0,0
"S32412A","8080","10000",1,0,0,0,0
"S32412B","8081","10000",1,0,0,0,0
"S32412D","V5413","10000",1,0,0,0,0
"S32412G","V5413","10000",1,0,0,0,0
"S32412K","73382","10000",1,0,0,0,0
"S32412S","9051","10000",1,0,0,0,0
"S32413A","8080","10000",1,0,0,0,0
"S32413B","8081","10000",1,0,0,0,0
"S32413D","V5413","10000",1,0,0,0,0
"S32413G","V5413","10000",1,0,0,0,0
"S32413K","73382","10000",1,0,0,0,0
"S32413S","9051","10000",1,0,0,0,0
"S32414A","8080","10000",1,0,0,0,0
"S32414B","8081","10000",1,0,0,0,0
"S32414D","V5413","10000",1,0,0,0,0
"S32414G","V5413","10000",1,0,0,0,0
"S32414K","73382","10000",1,0,0,0,0
"S32414S","9051","10000",1,0,0,0,0
"S32415A","8080","10000",1,0,0,0,0
"S32415B","8081","10000",1,0,0,0,0
"S32415D","V5413","10000",1,0,0,0,0
"S32415G","V5413","10000",1,0,0,0,0
"S32415K","73382","10000",1,0,0,0,0
"S32415S","9051","10000",1,0,0,0,0
"S32416A","8080","10000",1,0,0,0,0
"S32416B","8081","10000",1,0,0,0,0
"S32416D","V5413","10000",1,0,0,0,0
"S32416G","V5413","10000",1,0,0,0,0
"S32416K","73382","10000",1,0,0,0,0
"S32416S","9051","10000",1,0,0,0,0
"S32421A","8080","10000",1,0,0,0,0
"S32421B","8081","10000",1,0,0,0,0
"S32421D","V5413","10000",1,0,0,0,0
"S32421G","V5413","10000",1,0,0,0,0
"S32421K","73382","10000",1,0,0,0,0
"S32421S","9051","10000",1,0,0,0,0
"S32422A","8080","10000",1,0,0,0,0
"S32422B","8081","10000",1,0,0,0,0
"S32422D","V5413","10000",1,0,0,0,0
"S32422G","V5413","10000",1,0,0,0,0
"S32422K","73382","10000",1,0,0,0,0
"S32422S","9051","10000",1,0,0,0,0
"S32423A","8080","10000",1,0,0,0,0
"S32423B","8081","10000",1,0,0,0,0
"S32423D","V5413","10000",1,0,0,0,0
"S32423G","V5413","10000",1,0,0,0,0
"S32423K","73382","10000",1,0,0,0,0
"S32423S","9051","10000",1,0,0,0,0
"S32424A","8080","10000",1,0,0,0,0
"S32424B","8081","10000",1,0,0,0,0
"S32424D","V5413","10000",1,0,0,0,0
"S32424G","V5413","10000",1,0,0,0,0
"S32424K","73382","10000",1,0,0,0,0
"S32424S","9051","10000",1,0,0,0,0
"S32425A","8080","10000",1,0,0,0,0
"S32425B","8081","10000",1,0,0,0,0
"S32425D","V5413","10000",1,0,0,0,0
"S32425G","V5413","10000",1,0,0,0,0
"S32425K","73382","10000",1,0,0,0,0
"S32425S","9051","10000",1,0,0,0,0
"S32426A","8080","10000",1,0,0,0,0
"S32426B","8081","10000",1,0,0,0,0
"S32426D","V5413","10000",1,0,0,0,0
"S32426G","V5413","10000",1,0,0,0,0
"S32426K","73382","10000",1,0,0,0,0
"S32426S","9051","10000",1,0,0,0,0
"S32431A","8080","10000",1,0,0,0,0
"S32431B","8081","10000",1,0,0,0,0
"S32431D","V5413","10000",1,0,0,0,0
"S32431G","V5413","10000",1,0,0,0,0
"S32431K","73382","10000",1,0,0,0,0
"S32431S","9051","10000",1,0,0,0,0
"S32432A","8080","10000",1,0,0,0,0
"S32432B","8081","10000",1,0,0,0,0
"S32432D","V5413","10000",1,0,0,0,0
"S32432G","V5413","10000",1,0,0,0,0
"S32432K","73382","10000",1,0,0,0,0
"S32432S","9051","10000",1,0,0,0,0
"S32433A","8080","10000",1,0,0,0,0
"S32433B","8081","10000",1,0,0,0,0
"S32433D","V5413","10000",1,0,0,0,0
"S32433G","V5413","10000",1,0,0,0,0
"S32433K","73382","10000",1,0,0,0,0
"S32433S","9051","10000",1,0,0,0,0
"S32434A","8080","10000",1,0,0,0,0
"S32434B","8081","10000",1,0,0,0,0
"S32434D","V5413","10000",1,0,0,0,0
"S32434G","V5413","10000",1,0,0,0,0
"S32434K","73382","10000",1,0,0,0,0
"S32434S","9051","10000",1,0,0,0,0
"S32435A","8080","10000",1,0,0,0,0
"S32435B","8081","10000",1,0,0,0,0
"S32435D","V5413","10000",1,0,0,0,0
"S32435G","V5413","10000",1,0,0,0,0
"S32435K","73382","10000",1,0,0,0,0
"S32435S","9051","10000",1,0,0,0,0
"S32436A","8080","10000",1,0,0,0,0
"S32436B","8081","10000",1,0,0,0,0
"S32436D","V5413","10000",1,0,0,0,0
"S32436G","V5413","10000",1,0,0,0,0
"S32436K","73382","10000",1,0,0,0,0
"S32436S","9051","10000",1,0,0,0,0
"S32441A","8080","10000",1,0,0,0,0
"S32441B","8081","10000",1,0,0,0,0
"S32441D","V5413","10000",1,0,0,0,0
"S32441G","V5413","10000",1,0,0,0,0
"S32441K","73382","10000",1,0,0,0,0
"S32441S","9051","10000",1,0,0,0,0
"S32442A","8080","10000",1,0,0,0,0
"S32442B","8081","10000",1,0,0,0,0
"S32442D","V5413","10000",1,0,0,0,0
"S32442G","V5413","10000",1,0,0,0,0
"S32442K","73382","10000",1,0,0,0,0
"S32442S","9051","10000",1,0,0,0,0
"S32443A","8080","10000",1,0,0,0,0
"S32443B","8081","10000",1,0,0,0,0
"S32443D","V5413","10000",1,0,0,0,0
"S32443G","V5413","10000",1,0,0,0,0
"S32443K","73382","10000",1,0,0,0,0
"S32443S","9051","10000",1,0,0,0,0
"S32444A","8080","10000",1,0,0,0,0
"S32444B","8081","10000",1,0,0,0,0
"S32444D","V5413","10000",1,0,0,0,0
"S32444G","V5413","10000",1,0,0,0,0
"S32444K","73382","10000",1,0,0,0,0
"S32444S","9051","10000",1,0,0,0,0
"S32445A","8080","10000",1,0,0,0,0
"S32445B","8081","10000",1,0,0,0,0
"S32445D","V5413","10000",1,0,0,0,0
"S32445G","V5413","10000",1,0,0,0,0
"S32445K","73382","10000",1,0,0,0,0
"S32445S","9051","10000",1,0,0,0,0
"S32446A","8080","10000",1,0,0,0,0
"S32446B","8081","10000",1,0,0,0,0
"S32446D","V5413","10000",1,0,0,0,0
"S32446G","V5413","10000",1,0,0,0,0
"S32446K","73382","10000",1,0,0,0,0
"S32446S","9051","10000",1,0,0,0,0
"S32451A","8080","10000",1,0,0,0,0
"S32451B","8081","10000",1,0,0,0,0
"S32451D","V5413","10000",1,0,0,0,0
"S32451G","V5413","10000",1,0,0,0,0
"S32451K","73382","10000",1,0,0,0,0
"S32451S","9051","10000",1,0,0,0,0
"S32452A","8080","10000",1,0,0,0,0
"S32452B","8081","10000",1,0,0,0,0
"S32452D","V5413","10000",1,0,0,0,0
"S32452G","V5413","10000",1,0,0,0,0
"S32452K","73382","10000",1,0,0,0,0
"S32452S","9051","10000",1,0,0,0,0
"S32453A","8080","10000",1,0,0,0,0
"S32453B","8081","10000",1,0,0,0,0
"S32453D","V5413","10000",1,0,0,0,0
"S32453G","V5413","10000",1,0,0,0,0
"S32453K","73382","10000",1,0,0,0,0
"S32453S","9051","10000",1,0,0,0,0
"S32454A","8080","10000",1,0,0,0,0
"S32454B","8081","10000",1,0,0,0,0
"S32454D","V5413","10000",1,0,0,0,0
"S32454G","V5413","10000",1,0,0,0,0
"S32454K","73382","10000",1,0,0,0,0
"S32454S","9051","10000",1,0,0,0,0
"S32455A","8080","10000",1,0,0,0,0
"S32455B","8081","10000",1,0,0,0,0
"S32455D","V5413","10000",1,0,0,0,0
"S32455G","V5413","10000",1,0,0,0,0
"S32455K","73382","10000",1,0,0,0,0
"S32455S","9051","10000",1,0,0,0,0
"S32456A","8080","10000",1,0,0,0,0
"S32456B","8081","10000",1,0,0,0,0
"S32456D","V5413","10000",1,0,0,0,0
"S32456G","V5413","10000",1,0,0,0,0
"S32456K","73382","10000",1,0,0,0,0
"S32456S","9051","10000",1,0,0,0,0
"S32461A","8080","10000",1,0,0,0,0
"S32461B","8081","10000",1,0,0,0,0
"S32461D","V5413","10000",1,0,0,0,0
"S32461G","V5413","10000",1,0,0,0,0
"S32461K","73382","10000",1,0,0,0,0
"S32461S","9051","10000",1,0,0,0,0
"S32462A","8080","10000",1,0,0,0,0
"S32462B","8081","10000",1,0,0,0,0
"S32462D","V5413","10000",1,0,0,0,0
"S32462G","V5413","10000",1,0,0,0,0
"S32462K","73382","10000",1,0,0,0,0
"S32462S","9051","10000",1,0,0,0,0
"S32463A","8080","10000",1,0,0,0,0
"S32463B","8081","10000",1,0,0,0,0
"S32463D","V5413","10000",1,0,0,0,0
"S32463G","V5413","10000",1,0,0,0,0
"S32463K","73382","10000",1,0,0,0,0
"S32463S","9051","10000",1,0,0,0,0
"S32464A","8080","10000",1,0,0,0,0
"S32464B","8081","10000",1,0,0,0,0
"S32464D","V5413","10000",1,0,0,0,0
"S32464G","V5413","10000",1,0,0,0,0
"S32464K","73382","10000",1,0,0,0,0
"S32464S","9051","10000",1,0,0,0,0
"S32465A","8080","10000",1,0,0,0,0
"S32465B","8081","10000",1,0,0,0,0
"S32465D","V5413","10000",1,0,0,0,0
"S32465G","V5413","10000",1,0,0,0,0
"S32465K","73382","10000",1,0,0,0,0
"S32465S","9051","10000",1,0,0,0,0
"S32466A","8080","10000",1,0,0,0,0
"S32466B","8081","10000",1,0,0,0,0
"S32466D","V5413","10000",1,0,0,0,0
"S32466G","V5413","10000",1,0,0,0,0
"S32466K","73382","10000",1,0,0,0,0
"S32466S","9051","10000",1,0,0,0,0
"S32471A","8080","10000",1,0,0,0,0
"S32471B","8081","10000",1,0,0,0,0
"S32471D","V5413","10000",1,0,0,0,0
"S32471G","V5413","10000",1,0,0,0,0
"S32471K","73382","10000",1,0,0,0,0
"S32471S","9051","10000",1,0,0,0,0
"S32472A","8080","10000",1,0,0,0,0
"S32472B","8081","10000",1,0,0,0,0
"S32472D","V5413","10000",1,0,0,0,0
"S32472G","V5413","10000",1,0,0,0,0
"S32472K","73382","10000",1,0,0,0,0
"S32472S","9051","10000",1,0,0,0,0
"S32473A","8080","10000",1,0,0,0,0
"S32473B","8081","10000",1,0,0,0,0
"S32473D","V5413","10000",1,0,0,0,0
"S32473G","V5413","10000",1,0,0,0,0
"S32473K","73382","10000",1,0,0,0,0
"S32473S","9051","10000",1,0,0,0,0
"S32474A","8080","10000",1,0,0,0,0
"S32474B","8081","10000",1,0,0,0,0
"S32474D","V5413","10000",1,0,0,0,0
"S32474G","V5413","10000",1,0,0,0,0
"S32474K","73382","10000",1,0,0,0,0
"S32474S","9051","10000",1,0,0,0,0
"S32475A","8080","10000",1,0,0,0,0
"S32475B","8081","10000",1,0,0,0,0
"S32475D","V5413","10000",1,0,0,0,0
"S32475G","V5413","10000",1,0,0,0,0
"S32475K","73382","10000",1,0,0,0,0
"S32475S","9051","10000",1,0,0,0,0
"S32476A","8080","10000",1,0,0,0,0
"S32476B","8081","10000",1,0,0,0,0
"S32476D","V5413","10000",1,0,0,0,0
"S32476G","V5413","10000",1,0,0,0,0
"S32476K","73382","10000",1,0,0,0,0
"S32476S","9051","10000",1,0,0,0,0
"S32481A","8080","10000",1,0,0,0,0
"S32481B","8081","10000",1,0,0,0,0
"S32481D","V5413","10000",1,0,0,0,0
"S32481G","V5413","10000",1,0,0,0,0
"S32481K","73382","10000",1,0,0,0,0
"S32481S","9051","10000",1,0,0,0,0
"S32482A","8080","10000",1,0,0,0,0
"S32482B","8081","10000",1,0,0,0,0
"S32482D","V5413","10000",1,0,0,0,0
"S32482G","V5413","10000",1,0,0,0,0
"S32482K","73382","10000",1,0,0,0,0
"S32482S","9051","10000",1,0,0,0,0
"S32483A","8080","10000",1,0,0,0,0
"S32483B","8081","10000",1,0,0,0,0
"S32483D","V5413","10000",1,0,0,0,0
"S32483G","V5413","10000",1,0,0,0,0
"S32483K","73382","10000",1,0,0,0,0
"S32483S","9051","10000",1,0,0,0,0
"S32484A","8080","10000",1,0,0,0,0
"S32484B","8081","10000",1,0,0,0,0
"S32484D","V5413","10000",1,0,0,0,0
"S32484G","V5413","10000",1,0,0,0,0
"S32484K","73382","10000",1,0,0,0,0
"S32484S","9051","10000",1,0,0,0,0
"S32485A","8080","10000",1,0,0,0,0
"S32485B","8081","10000",1,0,0,0,0
"S32485D","V5413","10000",1,0,0,0,0
"S32485G","V5413","10000",1,0,0,0,0
"S32485K","73382","10000",1,0,0,0,0
"S32485S","9051","10000",1,0,0,0,0
"S32486A","8080","10000",1,0,0,0,0
"S32486B","8081","10000",1,0,0,0,0
"S32486D","V5413","10000",1,0,0,0,0
"S32486G","V5413","10000",1,0,0,0,0
"S32486K","73382","10000",1,0,0,0,0
"S32486S","9051","10000",1,0,0,0,0
"S32491A","8080","10000",1,0,0,0,0
"S32491B","8081","10000",1,0,0,0,0
"S32491D","V5413","10000",1,0,0,0,0
"S32491G","V5413","10000",1,0,0,0,0
"S32491K","73382","10000",1,0,0,0,0
"S32491S","9051","10000",1,0,0,0,0
"S32492A","8080","10000",1,0,0,0,0
"S32492B","8081","10000",1,0,0,0,0
"S32492D","V5413","10000",1,0,0,0,0
"S32492G","V5413","10000",1,0,0,0,0
"S32492K","73382","10000",1,0,0,0,0
"S32492S","9051","10000",1,0,0,0,0
"S32499A","8080","10000",1,0,0,0,0
"S32499B","8081","10000",1,0,0,0,0
"S32499D","V5413","10000",1,0,0,0,0
"S32499G","V5413","10000",1,0,0,0,0
"S32499K","73382","10000",1,0,0,0,0
"S32499S","9051","10000",1,0,0,0,0
"S32501A","8082","10000",1,0,0,0,0
"S32501B","8083","10000",1,0,0,0,0
"S32501D","V5413","10000",1,0,0,0,0
"S32501G","V5413","10000",1,0,0,0,0
"S32501K","73382","10000",1,0,0,0,0
"S32501S","9051","10000",1,0,0,0,0
"S32502A","8082","10000",1,0,0,0,0
"S32502B","8083","10000",1,0,0,0,0
"S32502D","V5413","10000",1,0,0,0,0
"S32502G","V5413","10000",1,0,0,0,0
"S32502K","73382","10000",1,0,0,0,0
"S32502S","9051","10000",1,0,0,0,0
"S32509A","8082","10000",1,0,0,0,0
"S32509B","8083","10000",1,0,0,0,0
"S32509D","V5413","10000",1,0,0,0,0
"S32509G","V5413","10000",1,0,0,0,0
"S32509K","73382","10000",1,0,0,0,0
"S32509S","9051","10000",1,0,0,0,0
"S32511A","8082","10000",1,0,0,0,0
"S32511B","8083","10000",1,0,0,0,0
"S32511D","V5413","10000",1,0,0,0,0
"S32511G","V5413","10000",1,0,0,0,0
"S32511K","73382","10000",1,0,0,0,0
"S32511S","9051","10000",1,0,0,0,0
"S32512A","8082","10000",1,0,0,0,0
"S32512B","8083","10000",1,0,0,0,0
"S32512D","V5413","10000",1,0,0,0,0
"S32512G","V5413","10000",1,0,0,0,0
"S32512K","73382","10000",1,0,0,0,0
"S32512S","9051","10000",1,0,0,0,0
"S32519A","8082","10000",1,0,0,0,0
"S32519B","8083","10000",1,0,0,0,0
"S32519D","V5413","10000",1,0,0,0,0
"S32519G","V5413","10000",1,0,0,0,0
"S32519K","73382","10000",1,0,0,0,0
"S32519S","9051","10000",1,0,0,0,0
"S32591A","8082","10000",1,0,0,0,0
"S32591B","8083","10000",1,0,0,0,0
"S32591D","V5413","10000",1,0,0,0,0
"S32591G","V5413","10000",1,0,0,0,0
"S32591K","73382","10000",1,0,0,0,0
"S32591S","9051","10000",1,0,0,0,0
"S32592A","8082","10000",1,0,0,0,0
"S32592B","8083","10000",1,0,0,0,0
"S32592D","V5413","10000",1,0,0,0,0
"S32592G","V5413","10000",1,0,0,0,0
"S32592K","73382","10000",1,0,0,0,0
"S32592S","9051","10000",1,0,0,0,0
"S32599A","8082","10000",1,0,0,0,0
"S32599B","8083","10000",1,0,0,0,0
"S32599D","V5413","10000",1,0,0,0,0
"S32599G","V5413","10000",1,0,0,0,0
"S32599K","73382","10000",1,0,0,0,0
"S32599S","9051","10000",1,0,0,0,0
"S32601A","80842","10000",1,0,0,0,0
"S32601B","80852","10000",1,0,0,0,0
"S32601D","V5413","10000",1,0,0,0,0
"S32601G","V5413","10000",1,0,0,0,0
"S32601K","73382","10000",1,0,0,0,0
"S32601S","9051","10000",1,0,0,0,0
"S32602A","80842","10000",1,0,0,0,0
"S32602B","80852","10000",1,0,0,0,0
"S32602D","V5413","10000",1,0,0,0,0
"S32602G","V5413","10000",1,0,0,0,0
"S32602K","73382","10000",1,0,0,0,0
"S32602S","9051","10000",1,0,0,0,0
"S32609A","80842","10000",1,0,0,0,0
"S32609B","80852","10000",1,0,0,0,0
"S32609D","V5413","10000",1,0,0,0,0
"S32609G","V5413","10000",1,0,0,0,0
"S32609K","73382","10000",1,0,0,0,0
"S32609S","9051","10000",1,0,0,0,0
"S32611A","80842","10000",1,0,0,0,0
"S32611B","80852","10000",1,0,0,0,0
"S32611D","V5413","10000",1,0,0,0,0
"S32611G","V5413","10000",1,0,0,0,0
"S32611K","73382","10000",1,0,0,0,0
"S32611S","9051","10000",1,0,0,0,0
"S32612A","80842","10000",1,0,0,0,0
"S32612B","80852","10000",1,0,0,0,0
"S32612D","V5413","10000",1,0,0,0,0
"S32612G","V5413","10000",1,0,0,0,0
"S32612K","73382","10000",1,0,0,0,0
"S32612S","9051","10000",1,0,0,0,0
"S32613A","80842","10000",1,0,0,0,0
"S32613B","80852","10000",1,0,0,0,0
"S32613D","V5413","10000",1,0,0,0,0
"S32613G","V5413","10000",1,0,0,0,0
"S32613K","73382","10000",1,0,0,0,0
"S32613S","9051","10000",1,0,0,0,0
"S32614A","80842","10000",1,0,0,0,0
"S32614B","80852","10000",1,0,0,0,0
"S32614D","V5413","10000",1,0,0,0,0
"S32614G","V5413","10000",1,0,0,0,0
"S32614K","73382","10000",1,0,0,0,0
"S32614S","9051","10000",1,0,0,0,0
"S32615A","80842","10000",1,0,0,0,0
"S32615B","80852","10000",1,0,0,0,0
"S32615D","V5413","10000",1,0,0,0,0
"S32615G","V5413","10000",1,0,0,0,0
"S32615K","73382","10000",1,0,0,0,0
"S32615S","9051","10000",1,0,0,0,0
"S32616A","80842","10000",1,0,0,0,0
"S32616B","80852","10000",1,0,0,0,0
"S32616D","V5413","10000",1,0,0,0,0
"S32616G","V5413","10000",1,0,0,0,0
"S32616K","73382","10000",1,0,0,0,0
"S32616S","9051","10000",1,0,0,0,0
"S32691A","80842","10000",1,0,0,0,0
"S32691B","80852","10000",1,0,0,0,0
"S32691D","V5413","10000",1,0,0,0,0
"S32691G","V5413","10000",1,0,0,0,0
"S32691K","73382","10000",1,0,0,0,0
"S32691S","9051","10000",1,0,0,0,0
"S32692A","80842","10000",1,0,0,0,0
"S32692B","80852","10000",1,0,0,0,0
"S32692D","V5413","10000",1,0,0,0,0
"S32692G","V5413","10000",1,0,0,0,0
"S32692K","73382","10000",1,0,0,0,0
"S32692S","9051","10000",1,0,0,0,0
"S32699A","80842","10000",1,0,0,0,0
"S32699B","80852","10000",1,0,0,0,0
"S32699D","V5413","10000",1,0,0,0,0
"S32699G","V5413","10000",1,0,0,0,0
"S32699K","73382","10000",1,0,0,0,0
"S32699S","9051","10000",1,0,0,0,0
"S32810A","80843","10000",1,0,0,0,0
"S32810B","80853","10000",1,0,0,0,0
"S32810D","V5419","10000",1,0,0,0,0
"S32810G","V5419","10000",1,0,0,0,0
"S32810K","73382","10000",1,0,0,0,0
"S32810S","9051","10000",1,0,0,0,0
"S32811A","80843","10000",1,0,0,0,0
"S32811B","80853","10000",1,0,0,0,0
"S32811D","V5419","10000",1,0,0,0,0
"S32811G","V5419","10000",1,0,0,0,0
"S32811K","73382","10000",1,0,0,0,0
"S32811S","9051","10000",1,0,0,0,0
"S3282XA","80844","10000",1,0,0,0,0
"S3282XB","80854","10000",1,0,0,0,0
"S3282XD","V5419","10000",1,0,0,0,0
"S3282XG","V5419","10000",1,0,0,0,0
"S3282XK","73382","10000",1,0,0,0,0
"S3282XS","9051","10000",1,0,0,0,0
"S3289XA","80849","10000",1,0,0,0,0
"S3289XB","80859","10000",1,0,0,0,0
"S3289XD","V5419","10000",1,0,0,0,0
"S3289XG","V5419","10000",1,0,0,0,0
"S3289XK","73382","10000",1,0,0,0,0
"S3289XS","9051","10000",1,0,0,0,0
"S329XXA","80849","10000",1,0,0,0,0
"S329XXA","8088","10000",1,0,0,0,0
"S329XXB","80859","10000",1,0,0,0,0
"S329XXB","8089","10000",1,0,0,0,0
"S329XXD","V5419","10000",1,0,0,0,0
"S329XXG","V5419","10000",1,0,0,0,0
"S329XXK","73382","10000",1,0,0,0,0
"S329XXS","9051","10000",1,0,0,0,0
"S330XXA","83920","10000",1,0,0,0,0
"S330XXD","V5889","10000",1,0,0,0,0
"S330XXS","9056","10000",1,0,0,0,0
"S33100A","83920","10000",1,0,0,0,0
"S33100D","V5889","10000",1,0,0,0,0
"S33100S","9056","10000",1,0,0,0,0
"S33101A","83920","10000",1,0,0,0,0
"S33101D","V5889","10000",1,0,0,0,0
"S33101S","9056","10000",1,0,0,0,0
"S33110A","83920","10000",1,0,0,0,0
"S33110D","V5889","10000",1,0,0,0,0
"S33110S","9056","10000",1,0,0,0,0
"S33111A","83920","10000",1,0,0,0,0
"S33111D","V5889","10000",1,0,0,0,0
"S33111S","9056","10000",1,0,0,0,0
"S33120A","83920","10000",1,0,0,0,0
"S33120D","V5889","10000",1,0,0,0,0
"S33120S","9056","10000",1,0,0,0,0
"S33121A","83920","10000",1,0,0,0,0
"S33121D","V5889","10000",1,0,0,0,0
"S33121S","9056","10000",1,0,0,0,0
"S33130A","83920","10000",1,0,0,0,0
"S33130D","V5889","10000",1,0,0,0,0
"S33130S","9056","10000",1,0,0,0,0
"S33131A","83920","10000",1,0,0,0,0
"S33131D","V5889","10000",1,0,0,0,0
"S33131S","9056","10000",1,0,0,0,0
"S33140A","83920","10000",1,0,0,0,0
"S33140D","V5889","10000",1,0,0,0,0
"S33140S","9056","10000",1,0,0,0,0
"S33141A","83920","10000",1,0,0,0,0
"S33141D","V5889","10000",1,0,0,0,0
"S33141S","9056","10000",1,0,0,0,0
"S332XXA","83941","10000",1,0,0,0,0
"S332XXA","83942","10000",1,0,0,0,0
"S332XXD","V5889","10000",1,0,0,0,0
"S332XXS","9056","10000",1,0,0,0,0
"S3330XA","83969","10000",1,0,0,0,0
"S3330XD","V5889","10000",1,0,0,0,0
"S3330XS","9056","10000",1,0,0,0,0
"S3339XA","83949","10000",1,0,0,0,0
"S3339XA","83969","10000",1,0,0,0,0
"S3339XD","V5889","10000",1,0,0,0,0
"S3339XS","9056","10000",1,0,0,0,0
"S334XXA","8485","10000",1,0,0,0,0
"S334XXD","V5889","10000",1,0,0,0,0
"S334XXS","9057","10000",1,0,0,0,0
"S335XXA","8472","10000",1,0,0,0,0
"S335XXD","V5889","10000",1,0,0,0,0
"S335XXS","9057","10000",1,0,0,0,0
"S336XXA","8461","10000",1,0,0,0,0
"S336XXD","V5889","10000",1,0,0,0,0
"S336XXS","9057","10000",1,0,0,0,0
"S338XXA","8460","10000",1,0,0,0,0
"S338XXA","8485","10000",1,0,0,0,0
"S338XXD","V5889","10000",1,0,0,0,0
"S338XXS","9057","10000",1,0,0,0,0
"S339XXA","8469","10000",1,0,0,0,0
"S339XXA","8479","10000",1,0,0,0,0
"S339XXA","8485","10000",1,0,0,0,0
"S339XXD","V5889","10000",1,0,0,0,0
"S339XXS","9057","10000",1,0,0,0,0
"S3401XA","9522","10000",1,0,0,0,0
"S3401XD","V5889","10000",1,0,0,0,0
"S3401XS","9072","10000",1,0,0,0,0
"S3402XA","9523","10000",1,0,0,0,0
"S3402XD","V5889","10000",1,0,0,0,0
"S3402XS","9072","10000",1,0,0,0,0
"S34101A","9522","10000",1,0,0,0,0
"S34101D","V5889","10000",1,0,0,0,0
"S34101S","9072","10000",1,0,0,0,0
"S34102A","9522","10000",1,0,0,0,0
"S34102D","V5889","10000",1,0,0,0,0
"S34102S","9072","10000",1,0,0,0,0
"S34103A","9522","10000",1,0,0,0,0
"S34103D","V5889","10000",1,0,0,0,0
"S34103S","9072","10000",1,0,0,0,0
"S34104A","9522","10000",1,0,0,0,0
"S34104D","V5889","10000",1,0,0,0,0
"S34104S","9072","10000",1,0,0,0,0
"S34105A","9522","10000",1,0,0,0,0
"S34105D","V5889","10000",1,0,0,0,0
"S34105S","9072","10000",1,0,0,0,0
"S34109A","9522","10000",1,0,0,0,0
"S34109D","V5889","10000",1,0,0,0,0
"S34109S","9072","10000",1,0,0,0,0
"S34111A","9522","10000",1,0,0,0,0
"S34111D","V5889","10000",1,0,0,0,0
"S34111S","9072","10000",1,0,0,0,0
"S34112A","9522","10000",1,0,0,0,0
"S34112D","V5889","10000",1,0,0,0,0
"S34112S","9072","10000",1,0,0,0,0
"S34113A","9522","10000",1,0,0,0,0
"S34113D","V5889","10000",1,0,0,0,0
"S34113S","9072","10000",1,0,0,0,0
"S34114A","9522","10000",1,0,0,0,0
"S34114D","V5889","10000",1,0,0,0,0
"S34114S","9072","10000",1,0,0,0,0
"S34115A","9522","10000",1,0,0,0,0
"S34115D","V5889","10000",1,0,0,0,0
"S34115S","9072","10000",1,0,0,0,0
"S34119A","9522","10000",1,0,0,0,0
"S34119D","V5889","10000",1,0,0,0,0
"S34119S","9072","10000",1,0,0,0,0
"S34121A","9522","10000",1,0,0,0,0
"S34121D","V5889","10000",1,0,0,0,0
"S34121S","9072","10000",1,0,0,0,0
"S34122A","9522","10000",1,0,0,0,0
"S34122D","V5889","10000",1,0,0,0,0
"S34122S","9072","10000",1,0,0,0,0
"S34123A","9522","10000",1,0,0,0,0
"S34123D","V5889","10000",1,0,0,0,0
"S34123S","9072","10000",1,0,0,0,0
"S34124A","9522","10000",1,0,0,0,0
"S34124D","V5889","10000",1,0,0,0,0
"S34124S","9072","10000",1,0,0,0,0
"S34125A","9522","10000",1,0,0,0,0
"S34125D","V5889","10000",1,0,0,0,0
"S34125S","9072","10000",1,0,0,0,0
"S34129A","9522","10000",1,0,0,0,0
"S34129D","V5889","10000",1,0,0,0,0
"S34129S","9072","10000",1,0,0,0,0
"S34131A","9523","10000",1,0,0,0,0
"S34131D","V5889","10000",1,0,0,0,0
"S34131S","9072","10000",1,0,0,0,0
"S34132A","9523","10000",1,0,0,0,0
"S34132D","V5889","10000",1,0,0,0,0
"S34132S","9072","10000",1,0,0,0,0
"S34139A","9523","10000",1,0,0,0,0
"S34139D","V5889","10000",1,0,0,0,0
"S34139S","9072","10000",1,0,0,0,0
"S3421XA","9532","10000",1,0,0,0,0
"S3421XD","V5889","10000",1,0,0,0,0
"S3421XS","9073","10000",1,0,0,0,0
"S3422XA","9533","10000",1,0,0,0,0
"S3422XD","V5889","10000",1,0,0,0,0
"S3422XS","9073","10000",1,0,0,0,0
"S343XXA","9524","10000",1,0,0,0,0
"S343XXD","V5889","10000",1,0,0,0,0
"S343XXS","9073","10000",1,0,0,0,0
"S344XXA","9535","10000",1,0,0,0,0
"S344XXD","V5889","10000",1,0,0,0,0
"S344XXS","9073","10000",1,0,0,0,0
"S345XXA","9541","10000",1,0,0,0,0
"S345XXD","V5889","10000",1,0,0,0,0
"S345XXS","9073","10000",1,0,0,0,0
"S346XXA","9548","10000",1,0,0,0,0
"S346XXD","V5889","10000",1,0,0,0,0
"S346XXS","9073","10000",1,0,0,0,0
"S348XXA","9548","10000",1,0,0,0,0
"S348XXD","V5889","10000",1,0,0,0,0
"S348XXS","9073","10000",1,0,0,0,0
"S349XXA","9549","10000",1,0,0,0,0
"S349XXA","9579","10000",1,0,0,0,0
"S349XXD","V5889","10000",1,0,0,0,0
"S349XXS","9073","10000",1,0,0,0,0
"S3500XA","9020","10000",1,0,0,0,0
"S3500XD","V5889","10000",1,0,0,0,0
"S3500XS","9084","10000",1,0,0,0,0
"S3501XA","9020","10000",1,0,0,0,0
"S3501XD","V5889","10000",1,0,0,0,0
"S3501XS","9084","10000",1,0,0,0,0
"S3502XA","9020","10000",1,0,0,0,0
"S3502XD","V5889","10000",1,0,0,0,0
"S3502XS","9084","10000",1,0,0,0,0
"S3509XA","9020","10000",1,0,0,0,0
"S3509XD","V5889","10000",1,0,0,0,0
"S3509XS","9084","10000",1,0,0,0,0
"S3510XA","90210","10000",1,0,0,0,0
"S3510XD","V5889","10000",1,0,0,0,0
"S3510XS","9084","10000",1,0,0,0,0
"S3511XA","90210","10000",1,0,0,0,0
"S3511XA","90211","10000",1,0,0,0,0
"S3511XA","90219","10000",1,0,0,0,0
"S3511XD","V5889","10000",1,0,0,0,0
"S3511XS","9084","10000",1,0,0,0,0
"S3512XA","90210","10000",1,0,0,0,0
"S3512XA","90211","10000",1,0,0,0,0
"S3512XA","90219","10000",1,0,0,0,0
"S3512XD","V5889","10000",1,0,0,0,0
"S3512XS","9084","10000",1,0,0,0,0
"S3519XA","90210","10000",1,0,0,0,0
"S3519XA","90211","10000",1,0,0,0,0
"S3519XA","90219","10000",1,0,0,0,0
"S3519XD","V5889","10000",1,0,0,0,0
"S3519XS","9084","10000",1,0,0,0,0
"S35211A","90224","10000",1,0,0,0,0
"S35211D","V5889","10000",1,0,0,0,0
"S35211S","9084","10000",1,0,0,0,0
"S35212A","90224","10000",1,0,0,0,0
"S35212D","V5889","10000",1,0,0,0,0
"S35212S","9084","10000",1,0,0,0,0
"S35218A","90224","10000",1,0,0,0,0
"S35218D","V5889","10000",1,0,0,0,0
"S35218S","9084","10000",1,0,0,0,0
"S35219A","90224","10000",1,0,0,0,0
"S35219D","V5889","10000",1,0,0,0,0
"S35219S","9084","10000",1,0,0,0,0
"S35221A","90225","10000",1,0,0,0,0
"S35221A","90226","10000",1,0,0,0,0
"S35221D","V5889","10000",1,0,0,0,0
"S35221S","9084","10000",1,0,0,0,0
"S35222A","90225","10000",1,0,0,0,0
"S35222A","90226","10000",1,0,0,0,0
"S35222D","V5889","10000",1,0,0,0,0
"S35222S","9084","10000",1,0,0,0,0
"S35228A","90225","10000",1,0,0,0,0
"S35228A","90226","10000",1,0,0,0,0
"S35228D","V5889","10000",1,0,0,0,0
"S35228S","9084","10000",1,0,0,0,0
"S35229A","90225","10000",1,0,0,0,0
"S35229D","V5889","10000",1,0,0,0,0
"S35229S","9084","10000",1,0,0,0,0
"S35231A","90227","10000",1,0,0,0,0
"S35231D","V5889","10000",1,0,0,0,0
"S35231S","9084","10000",1,0,0,0,0
"S35232A","90227","10000",1,0,0,0,0
"S35232D","V5889","10000",1,0,0,0,0
"S35232S","9084","10000",1,0,0,0,0
"S35238A","90227","10000",1,0,0,0,0
"S35238D","V5889","10000",1,0,0,0,0
"S35238S","9084","10000",1,0,0,0,0
"S35239A","90227","10000",1,0,0,0,0
"S35239D","V5889","10000",1,0,0,0,0
"S35239S","9084","10000",1,0,0,0,0
"S35291A","90220","10000",1,0,0,0,0
"S35291A","90221","10000",1,0,0,0,0
"S35291A","90222","10000",1,0,0,0,0
"S35291A","90223","10000",1,0,0,0,0
"S35291A","90229","10000",1,0,0,0,0
"S35291D","V5889","10000",1,0,0,0,0
"S35291S","9084","10000",1,0,0,0,0
"S35292A","90220","10000",1,0,0,0,0
"S35292A","90221","10000",1,0,0,0,0
"S35292A","90222","10000",1,0,0,0,0
"S35292A","90223","10000",1,0,0,0,0
"S35292A","90229","10000",1,0,0,0,0
"S35292D","V5889","10000",1,0,0,0,0
"S35292S","9084","10000",1,0,0,0,0
"S35298A","90220","10000",1,0,0,0,0
"S35298A","90221","10000",1,0,0,0,0
"S35298A","90222","10000",1,0,0,0,0
"S35298A","90223","10000",1,0,0,0,0
"S35298A","90229","10000",1,0,0,0,0
"S35298D","V5889","10000",1,0,0,0,0
"S35298S","9084","10000",1,0,0,0,0
"S35299A","90220","10000",1,0,0,0,0
"S35299D","V5889","10000",1,0,0,0,0
"S35299S","9084","10000",1,0,0,0,0
"S35311A","90233","10000",1,0,0,0,0
"S35311D","V5889","10000",1,0,0,0,0
"S35311S","9084","10000",1,0,0,0,0
"S35318A","90233","10000",1,0,0,0,0
"S35318D","V5889","10000",1,0,0,0,0
"S35318S","9084","10000",1,0,0,0,0
"S35319A","90233","10000",1,0,0,0,0
"S35319D","V5889","10000",1,0,0,0,0
"S35319S","9084","10000",1,0,0,0,0
"S35321A","90234","10000",1,0,0,0,0
"S35321D","V5889","10000",1,0,0,0,0
"S35321S","9084","10000",1,0,0,0,0
"S35328A","90234","10000",1,0,0,0,0
"S35328D","V5889","10000",1,0,0,0,0
"S35328S","9084","10000",1,0,0,0,0
"S35329A","90234","10000",1,0,0,0,0
"S35329D","V5889","10000",1,0,0,0,0
"S35329S","9084","10000",1,0,0,0,0
"S35331A","90231","10000",1,0,0,0,0
"S35331D","V5889","10000",1,0,0,0,0
"S35331S","9084","10000",1,0,0,0,0
"S35338A","90231","10000",1,0,0,0,0
"S35338D","V5889","10000",1,0,0,0,0
"S35338S","9084","10000",1,0,0,0,0
"S35339A","90231","10000",1,0,0,0,0
"S35339D","V5889","10000",1,0,0,0,0
"S35339S","9084","10000",1,0,0,0,0
"S35341A","90232","10000",1,0,0,0,0
"S35341D","V5889","10000",1,0,0,0,0
"S35341S","9084","10000",1,0,0,0,0
"S35348A","90232","10000",1,0,0,0,0
"S35348D","V5889","10000",1,0,0,0,0
"S35348S","9084","10000",1,0,0,0,0
"S35349A","90232","10000",1,0,0,0,0
"S35349D","V5889","10000",1,0,0,0,0
"S35349S","9084","10000",1,0,0,0,0
"S35401A","90241","10000",1,0,0,0,0
"S35401D","V5889","10000",1,0,0,0,0
"S35401S","9084","10000",1,0,0,0,0
"S35402A","90241","10000",1,0,0,0,0
"S35402D","V5889","10000",1,0,0,0,0
"S35402S","9084","10000",1,0,0,0,0
"S35403A","90240","10000",1,0,0,0,0
"S35403A","90241","10000",1,0,0,0,0
"S35403A","90249","10000",1,0,0,0,0
"S35403D","V5889","10000",1,0,0,0,0
"S35403S","9084","10000",1,0,0,0,0
"S35404A","90242","10000",1,0,0,0,0
"S35404D","V5889","10000",1,0,0,0,0
"S35404S","9084","10000",1,0,0,0,0
"S35405A","90242","10000",1,0,0,0,0
"S35405D","V5889","10000",1,0,0,0,0
"S35405S","9084","10000",1,0,0,0,0
"S35406A","90240","10000",1,0,0,0,0
"S35406A","90242","10000",1,0,0,0,0
"S35406A","90249","10000",1,0,0,0,0
"S35406D","V5889","10000",1,0,0,0,0
"S35406S","9084","10000",1,0,0,0,0
"S35411A","90241","10000",1,0,0,0,0
"S35411D","V5889","10000",1,0,0,0,0
"S35411S","9084","10000",1,0,0,0,0
"S35412A","90241","10000",1,0,0,0,0
"S35412D","V5889","10000",1,0,0,0,0
"S35412S","9084","10000",1,0,0,0,0
"S35413A","90240","10000",1,0,0,0,0
"S35413A","90241","10000",1,0,0,0,0
"S35413A","90249","10000",1,0,0,0,0
"S35413D","V5889","10000",1,0,0,0,0
"S35413S","9084","10000",1,0,0,0,0
"S35414A","90242","10000",1,0,0,0,0
"S35414D","V5889","10000",1,0,0,0,0
"S35414S","9084","10000",1,0,0,0,0
"S35415A","90242","10000",1,0,0,0,0
"S35415D","V5889","10000",1,0,0,0,0
"S35415S","9084","10000",1,0,0,0,0
"S35416A","90240","10000",1,0,0,0,0
"S35416A","90242","10000",1,0,0,0,0
"S35416A","90249","10000",1,0,0,0,0
"S35416D","V5889","10000",1,0,0,0,0
"S35416S","9084","10000",1,0,0,0,0
"S35491A","90241","10000",1,0,0,0,0
"S35491D","V5889","10000",1,0,0,0,0
"S35491S","9084","10000",1,0,0,0,0
"S35492A","90241","10000",1,0,0,0,0
"S35492D","V5889","10000",1,0,0,0,0
"S35492S","9084","10000",1,0,0,0,0
"S35493A","90240","10000",1,0,0,0,0
"S35493A","90241","10000",1,0,0,0,0
"S35493A","90249","10000",1,0,0,0,0
"S35493D","V5889","10000",1,0,0,0,0
"S35493S","9084","10000",1,0,0,0,0
"S35494A","90242","10000",1,0,0,0,0
"S35494D","V5889","10000",1,0,0,0,0
"S35494S","9084","10000",1,0,0,0,0
"S35495A","90242","10000",1,0,0,0,0
"S35495D","V5889","10000",1,0,0,0,0
"S35495S","9084","10000",1,0,0,0,0
"S35496A","90240","10000",1,0,0,0,0
"S35496A","90242","10000",1,0,0,0,0
"S35496A","90249","10000",1,0,0,0,0
"S35496D","V5889","10000",1,0,0,0,0
"S35496S","9084","10000",1,0,0,0,0
"S3550XA","90259","10000",1,0,0,0,0
"S3550XD","V5889","10000",1,0,0,0,0
"S3550XS","9084","10000",1,0,0,0,0
"S35511A","90251","10000",1,0,0,0,0
"S35511A","90253","10000",1,0,0,0,0
"S35511D","V5889","10000",1,0,0,0,0
"S35511S","9084","10000",1,0,0,0,0
"S35512A","90251","10000",1,0,0,0,0
"S35512A","90253","10000",1,0,0,0,0
"S35512D","V5889","10000",1,0,0,0,0
"S35512S","9084","10000",1,0,0,0,0
"S35513A","90251","10000",1,0,0,0,0
"S35513A","90253","10000",1,0,0,0,0
"S35513D","V5889","10000",1,0,0,0,0
"S35513S","9084","10000",1,0,0,0,0
"S35514A","90252","10000",1,0,0,0,0
"S35514A","90254","10000",1,0,0,0,0
"S35514D","V5889","10000",1,0,0,0,0
"S35514S","9084","10000",1,0,0,0,0
"S35515A","90252","10000",1,0,0,0,0
"S35515A","90254","10000",1,0,0,0,0
"S35515D","V5889","10000",1,0,0,0,0
"S35515S","9084","10000",1,0,0,0,0
"S35516A","90252","10000",1,0,0,0,0
"S35516A","90254","10000",1,0,0,0,0
"S35516D","V5889","10000",1,0,0,0,0
"S35516S","9084","10000",1,0,0,0,0
"S35531A","90255","10000",1,0,0,0,0
"S35531D","V5889","10000",1,0,0,0,0
"S35531S","9084","10000",1,0,0,0,0
"S35532A","90255","10000",1,0,0,0,0
"S35532D","V5889","10000",1,0,0,0,0
"S35532S","9084","10000",1,0,0,0,0
"S35533A","90255","10000",1,0,0,0,0
"S35533D","V5889","10000",1,0,0,0,0
"S35533S","9084","10000",1,0,0,0,0
"S35534A","90256","10000",1,0,0,0,0
"S35534D","V5889","10000",1,0,0,0,0
"S35534S","9084","10000",1,0,0,0,0
"S35535A","90256","10000",1,0,0,0,0
"S35535D","V5889","10000",1,0,0,0,0
"S35535S","9084","10000",1,0,0,0,0
"S35536A","90256","10000",1,0,0,0,0
"S35536D","V5889","10000",1,0,0,0,0
"S35536S","9084","10000",1,0,0,0,0
"S3559XA","90259","10000",1,0,0,0,0
"S3559XD","V5889","10000",1,0,0,0,0
"S3559XS","9084","10000",1,0,0,0,0
"S358X1A","90281","10000",1,0,0,0,0
"S358X1A","90282","10000",1,0,0,0,0
"S358X1A","90289","10000",1,0,0,0,0
"S358X1D","V5889","10000",1,0,0,0,0
"S358X1S","9084","10000",1,0,0,0,0
"S358X8A","90281","10000",1,0,0,0,0
"S358X8A","90282","10000",1,0,0,0,0
"S358X8A","90289","10000",1,0,0,0,0
"S358X8D","V5889","10000",1,0,0,0,0
"S358X8S","9084","10000",1,0,0,0,0
"S358X9A","90289","10000",1,0,0,0,0
"S358X9D","V5889","10000",1,0,0,0,0
"S358X9S","9084","10000",1,0,0,0,0
"S3590XA","9029","10000",1,0,0,0,0
"S3590XD","V5889","10000",1,0,0,0,0
"S3590XS","9084","10000",1,0,0,0,0
"S3591XA","9029","10000",1,0,0,0,0
"S3591XD","V5889","10000",1,0,0,0,0
"S3591XS","9084","10000",1,0,0,0,0
"S3599XA","9029","10000",1,0,0,0,0
"S3599XD","V5889","10000",1,0,0,0,0
"S3599XS","9084","10000",1,0,0,0,0
"S3600XA","86500","10000",1,0,0,0,0
"S3600XD","V5889","10000",1,0,0,0,0
"S3600XS","9081","10000",1,0,0,0,0
"S36020A","86501","10000",1,0,0,0,0
"S36020D","V5889","10000",1,0,0,0,0
"S36020S","9081","10000",1,0,0,0,0
"S36021A","86501","10000",1,0,0,0,0
"S36021D","V5889","10000",1,0,0,0,0
"S36021S","9081","10000",1,0,0,0,0
"S36029A","86501","10000",1,0,0,0,0
"S36029D","V5889","10000",1,0,0,0,0
"S36029S","9081","10000",1,0,0,0,0
"S36030A","86502","10000",1,0,0,0,0
"S36030D","V5889","10000",1,0,0,0,0
"S36030S","9081","10000",1,0,0,0,0
"S36031A","86503","10000",1,0,0,0,0
"S36031D","V5889","10000",1,0,0,0,0
"S36031S","9081","10000",1,0,0,0,0
"S36032A","86504","10000",1,0,0,0,0
"S36032D","V5889","10000",1,0,0,0,0
"S36032S","9081","10000",1,0,0,0,0
"S36039A","86509","10000",1,0,0,0,0
"S36039D","V5889","10000",1,0,0,0,0
"S36039S","9081","10000",1,0,0,0,0
"S3609XA","86509","10000",1,0,0,0,0
"S3609XD","V5889","10000",1,0,0,0,0
"S3609XS","9081","10000",1,0,0,0,0
"S36112A","86401","10000",1,0,0,0,0
"S36112D","V5889","10000",1,0,0,0,0
"S36112S","9081","10000",1,0,0,0,0
"S36113A","86405","10000",1,0,0,0,0
"S36113D","V5889","10000",1,0,0,0,0
"S36113S","9081","10000",1,0,0,0,0
"S36114A","86402","10000",1,0,0,0,0
"S36114D","V5889","10000",1,0,0,0,0
"S36114S","9081","10000",1,0,0,0,0
"S36115A","86403","10000",1,0,0,0,0
"S36115D","V5889","10000",1,0,0,0,0
"S36115S","9081","10000",1,0,0,0,0
"S36116A","86404","10000",1,0,0,0,0
"S36116D","V5889","10000",1,0,0,0,0
"S36116S","9081","10000",1,0,0,0,0
"S36118A","86409","10000",1,0,0,0,0
"S36118D","V5889","10000",1,0,0,0,0
"S36118S","9081","10000",1,0,0,0,0
"S36119A","86400","10000",1,0,0,0,0
"S36119D","V5889","10000",1,0,0,0,0
"S36119S","9081","10000",1,0,0,0,0
"S36122A","86802","10000",1,0,0,0,0
"S36122D","V5889","10000",1,0,0,0,0
"S36122S","9081","10000",1,0,0,0,0
"S36123A","86802","10000",1,0,0,0,0
"S36123D","V5889","10000",1,0,0,0,0
"S36123S","9081","10000",1,0,0,0,0
"S36128A","86802","10000",1,0,0,0,0
"S36128D","V5889","10000",1,0,0,0,0
"S36128S","9081","10000",1,0,0,0,0
"S36129A","86802","10000",1,0,0,0,0
"S36129D","V5889","10000",1,0,0,0,0
"S36129S","9081","10000",1,0,0,0,0
"S3613XA","86802","10000",1,0,0,0,0
"S3613XD","V5889","10000",1,0,0,0,0
"S3613XS","9081","10000",1,0,0,0,0
"S36200A","86381","10000",1,0,0,0,0
"S36200D","V5889","10000",1,0,0,0,0
"S36200S","9081","10000",1,0,0,0,0
"S36201A","86382","10000",1,0,0,0,0
"S36201D","V5889","10000",1,0,0,0,0
"S36201S","9081","10000",1,0,0,0,0
"S36202A","86383","10000",1,0,0,0,0
"S36202D","V5889","10000",1,0,0,0,0
"S36202S","9081","10000",1,0,0,0,0
"S36209A","86384","10000",1,0,0,0,0
"S36209D","V5889","10000",1,0,0,0,0
"S36209S","9081","10000",1,0,0,0,0
"S36220A","86381","10000",1,0,0,0,0
"S36220D","V5889","10000",1,0,0,0,0
"S36220S","9081","10000",1,0,0,0,0
"S36221A","86382","10000",1,0,0,0,0
"S36221D","V5889","10000",1,0,0,0,0
"S36221S","9081","10000",1,0,0,0,0
"S36222A","86383","10000",1,0,0,0,0
"S36222D","V5889","10000",1,0,0,0,0
"S36222S","9081","10000",1,0,0,0,0
"S36229A","86384","10000",1,0,0,0,0
"S36229D","V5889","10000",1,0,0,0,0
"S36229S","9081","10000",1,0,0,0,0
"S36230A","86381","10000",1,0,0,0,0
"S36230D","V5889","10000",1,0,0,0,0
"S36230S","9081","10000",1,0,0,0,0
"S36231A","86382","10000",1,0,0,0,0
"S36231D","V5889","10000",1,0,0,0,0
"S36231S","9081","10000",1,0,0,0,0
"S36232A","86383","10000",1,0,0,0,0
"S36232D","V5889","10000",1,0,0,0,0
"S36232S","9081","10000",1,0,0,0,0
"S36239A","86384","10000",1,0,0,0,0
"S36239D","V5889","10000",1,0,0,0,0
"S36239S","9081","10000",1,0,0,0,0
"S36240A","86381","10000",1,0,0,0,0
"S36240D","V5889","10000",1,0,0,0,0
"S36240S","9081","10000",1,0,0,0,0
"S36241A","86382","10000",1,0,0,0,0
"S36241D","V5889","10000",1,0,0,0,0
"S36241S","9081","10000",1,0,0,0,0
"S36242A","86383","10000",1,0,0,0,0
"S36242D","V5889","10000",1,0,0,0,0
"S36242S","9081","10000",1,0,0,0,0
"S36249A","86384","10000",1,0,0,0,0
"S36249D","V5889","10000",1,0,0,0,0
"S36249S","9081","10000",1,0,0,0,0
"S36250A","86381","10000",1,0,0,0,0
"S36250D","V5889","10000",1,0,0,0,0
"S36250S","9081","10000",1,0,0,0,0
"S36251A","86382","10000",1,0,0,0,0
"S36251D","V5889","10000",1,0,0,0,0
"S36251S","9081","10000",1,0,0,0,0
"S36252A","86383","10000",1,0,0,0,0
"S36252D","V5889","10000",1,0,0,0,0
"S36252S","9081","10000",1,0,0,0,0
"S36259A","86384","10000",1,0,0,0,0
"S36259D","V5889","10000",1,0,0,0,0
"S36259S","9081","10000",1,0,0,0,0
"S36260A","86381","10000",1,0,0,0,0
"S36260D","V5889","10000",1,0,0,0,0
"S36260S","9081","10000",1,0,0,0,0
"S36261A","86382","10000",1,0,0,0,0
"S36261D","V5889","10000",1,0,0,0,0
"S36261S","9081","10000",1,0,0,0,0
"S36262A","86383","10000",1,0,0,0,0
"S36262D","V5889","10000",1,0,0,0,0
"S36262S","9081","10000",1,0,0,0,0
"S36269A","86384","10000",1,0,0,0,0
"S36269D","V5889","10000",1,0,0,0,0
"S36269S","9081","10000",1,0,0,0,0
"S36290A","86381","10000",1,0,0,0,0
"S36290D","V5889","10000",1,0,0,0,0
"S36290S","9081","10000",1,0,0,0,0
"S36291A","86382","10000",1,0,0,0,0
"S36291D","V5889","10000",1,0,0,0,0
"S36291S","9081","10000",1,0,0,0,0
"S36292A","86383","10000",1,0,0,0,0
"S36292D","V5889","10000",1,0,0,0,0
"S36292S","9081","10000",1,0,0,0,0
"S36299A","86384","10000",1,0,0,0,0
"S36299D","V5889","10000",1,0,0,0,0
"S36299S","9081","10000",1,0,0,0,0
"S3630XA","8630","10000",1,0,0,0,0
"S3630XD","V5889","10000",1,0,0,0,0
"S3630XS","9081","10000",1,0,0,0,0
"S3632XA","8630","10000",1,0,0,0,0
"S3632XD","V5889","10000",1,0,0,0,0
"S3632XS","9081","10000",1,0,0,0,0
"S3633XA","8630","10000",1,0,0,0,0
"S3633XD","V5889","10000",1,0,0,0,0
"S3633XS","9081","10000",1,0,0,0,0
"S3639XA","8630","10000",1,0,0,0,0
"S3639XD","V5889","10000",1,0,0,0,0
"S3639XS","9081","10000",1,0,0,0,0
"S36400A","86321","10000",1,0,0,0,0
"S36400D","V5889","10000",1,0,0,0,0
"S36400S","9081","10000",1,0,0,0,0
"S36408A","86329","10000",1,0,0,0,0
"S36408D","V5889","10000",1,0,0,0,0
"S36408S","9081","10000",1,0,0,0,0
"S36409A","86320","10000",1,0,0,0,0
"S36409D","V5889","10000",1,0,0,0,0
"S36409S","9081","10000",1,0,0,0,0
"S36410A","86321","10000",1,0,0,0,0
"S36410D","V5889","10000",1,0,0,0,0
"S36410S","9081","10000",1,0,0,0,0
"S36418A","86329","10000",1,0,0,0,0
"S36418D","V5889","10000",1,0,0,0,0
"S36418S","9081","10000",1,0,0,0,0
"S36419A","86320","10000",1,0,0,0,0
"S36419D","V5889","10000",1,0,0,0,0
"S36419S","9081","10000",1,0,0,0,0
"S36420A","86321","10000",1,0,0,0,0
"S36420D","V5889","10000",1,0,0,0,0
"S36420S","9081","10000",1,0,0,0,0
"S36428A","86329","10000",1,0,0,0,0
"S36428D","V5889","10000",1,0,0,0,0
"S36428S","9081","10000",1,0,0,0,0
"S36429A","86320","10000",1,0,0,0,0
"S36429D","V5889","10000",1,0,0,0,0
"S36429S","9081","10000",1,0,0,0,0
"S36430A","86321","10000",1,0,0,0,0
"S36430D","V5889","10000",1,0,0,0,0
"S36430S","9081","10000",1,0,0,0,0
"S36438A","86329","10000",1,0,0,0,0
"S36438D","V5889","10000",1,0,0,0,0
"S36438S","9081","10000",1,0,0,0,0
"S36439A","86320","10000",1,0,0,0,0
"S36439D","V5889","10000",1,0,0,0,0
"S36439S","9081","10000",1,0,0,0,0
"S36490A","86321","10000",1,0,0,0,0
"S36490D","V5889","10000",1,0,0,0,0
"S36490S","9081","10000",1,0,0,0,0
"S36498A","86329","10000",1,0,0,0,0
"S36498D","V5889","10000",1,0,0,0,0
"S36498S","9081","10000",1,0,0,0,0
"S36499A","86320","10000",1,0,0,0,0
"S36499D","V5889","10000",1,0,0,0,0
"S36499S","9081","10000",1,0,0,0,0
"S36500A","86341","10000",1,0,0,0,0
"S36500D","V5889","10000",1,0,0,0,0
"S36500S","9081","10000",1,0,0,0,0
"S36501A","86342","10000",1,0,0,0,0
"S36501D","V5889","10000",1,0,0,0,0
"S36501S","9081","10000",1,0,0,0,0
"S36502A","86343","10000",1,0,0,0,0
"S36502D","V5889","10000",1,0,0,0,0
"S36502S","9081","10000",1,0,0,0,0
"S36503A","86344","10000",1,0,0,0,0
"S36503D","V5889","10000",1,0,0,0,0
"S36503S","9081","10000",1,0,0,0,0
"S36508A","86346","10000",1,0,0,0,0
"S36508A","86349","10000",1,0,0,0,0
"S36508D","V5889","10000",1,0,0,0,0
"S36508S","9081","10000",1,0,0,0,0
"S36509A","86340","10000",1,0,0,0,0
"S36509D","V5889","10000",1,0,0,0,0
"S36509S","9081","10000",1,0,0,0,0
"S36510A","86341","10000",1,0,0,0,0
"S36510D","V5889","10000",1,0,0,0,0
"S36510S","9081","10000",1,0,0,0,0
"S36511A","86342","10000",1,0,0,0,0
"S36511D","V5889","10000",1,0,0,0,0
"S36511S","9081","10000",1,0,0,0,0
"S36512A","86343","10000",1,0,0,0,0
"S36512D","V5889","10000",1,0,0,0,0
"S36512S","9081","10000",1,0,0,0,0
"S36513A","86344","10000",1,0,0,0,0
"S36513D","V5889","10000",1,0,0,0,0
"S36513S","9081","10000",1,0,0,0,0
"S36518A","86346","10000",1,0,0,0,0
"S36518A","86349","10000",1,0,0,0,0
"S36518D","V5889","10000",1,0,0,0,0
"S36518S","9081","10000",1,0,0,0,0
"S36519A","86340","10000",1,0,0,0,0
"S36519D","V5889","10000",1,0,0,0,0
"S36519S","9081","10000",1,0,0,0,0
"S36520A","86341","10000",1,0,0,0,0
"S36520D","V5889","10000",1,0,0,0,0
"S36520S","9081","10000",1,0,0,0,0
"S36521A","86342","10000",1,0,0,0,0
"S36521D","V5889","10000",1,0,0,0,0
"S36521S","9081","10000",1,0,0,0,0
"S36522A","86343","10000",1,0,0,0,0
"S36522D","V5889","10000",1,0,0,0,0
"S36522S","9081","10000",1,0,0,0,0
"S36523A","86344","10000",1,0,0,0,0
"S36523D","V5889","10000",1,0,0,0,0
"S36523S","9081","10000",1,0,0,0,0
"S36528A","86346","10000",1,0,0,0,0
"S36528A","86349","10000",1,0,0,0,0
"S36528D","V5889","10000",1,0,0,0,0
"S36528S","9081","10000",1,0,0,0,0
"S36529A","86340","10000",1,0,0,0,0
"S36529D","V5889","10000",1,0,0,0,0
"S36529S","9081","10000",1,0,0,0,0
"S36530A","86341","10000",1,0,0,0,0
"S36530D","V5889","10000",1,0,0,0,0
"S36530S","9081","10000",1,0,0,0,0
"S36531A","86342","10000",1,0,0,0,0
"S36531D","V5889","10000",1,0,0,0,0
"S36531S","9081","10000",1,0,0,0,0
"S36532A","86343","10000",1,0,0,0,0
"S36532D","V5889","10000",1,0,0,0,0
"S36532S","9081","10000",1,0,0,0,0
"S36533A","86344","10000",1,0,0,0,0
"S36533D","V5889","10000",1,0,0,0,0
"S36533S","9081","10000",1,0,0,0,0
"S36538A","86346","10000",1,0,0,0,0
"S36538A","86349","10000",1,0,0,0,0
"S36538D","V5889","10000",1,0,0,0,0
"S36538S","9081","10000",1,0,0,0,0
"S36539A","86340","10000",1,0,0,0,0
"S36539D","V5889","10000",1,0,0,0,0
"S36539S","9081","10000",1,0,0,0,0
"S36590A","86341","10000",1,0,0,0,0
"S36590D","V5889","10000",1,0,0,0,0
"S36590S","9081","10000",1,0,0,0,0
"S36591A","86342","10000",1,0,0,0,0
"S36591D","V5889","10000",1,0,0,0,0
"S36591S","9081","10000",1,0,0,0,0
"S36592A","86343","10000",1,0,0,0,0
"S36592D","V5889","10000",1,0,0,0,0
"S36592S","9081","10000",1,0,0,0,0
"S36593A","86344","10000",1,0,0,0,0
"S36593D","V5889","10000",1,0,0,0,0
"S36593S","9081","10000",1,0,0,0,0
"S36598A","86346","10000",1,0,0,0,0
"S36598A","86349","10000",1,0,0,0,0
"S36598D","V5889","10000",1,0,0,0,0
"S36598S","9081","10000",1,0,0,0,0
"S36599A","86340","10000",1,0,0,0,0
"S36599D","V5889","10000",1,0,0,0,0
"S36599S","9081","10000",1,0,0,0,0
"S3660XA","86345","10000",1,0,0,0,0
"S3660XD","V5889","10000",1,0,0,0,0
"S3660XS","9081","10000",1,0,0,0,0
"S3661XA","86345","10000",1,0,0,0,0
"S3661XD","V5889","10000",1,0,0,0,0
"S3661XS","9081","10000",1,0,0,0,0
"S3662XA","86345","10000",1,0,0,0,0
"S3662XD","V5889","10000",1,0,0,0,0
"S3662XS","9081","10000",1,0,0,0,0
"S3663XA","86345","10000",1,0,0,0,0
"S3663XD","V5889","10000",1,0,0,0,0
"S3663XS","9081","10000",1,0,0,0,0
"S3669XA","86345","10000",1,0,0,0,0
"S3669XD","V5889","10000",1,0,0,0,0
"S3669XS","9081","10000",1,0,0,0,0
"S3681XA","86803","10000",1,0,0,0,0
"S3681XD","V5889","10000",1,0,0,0,0
"S3681XS","9081","10000",1,0,0,0,0
"S36892A","86804","10000",1,0,0,0,0
"S36892A","86809","10000",1,0,0,0,0
"S36892D","V5889","10000",1,0,0,0,0
"S36892S","9081","10000",1,0,0,0,0
"S36893A","86804","10000",1,0,0,0,0
"S36893A","86809","10000",1,0,0,0,0
"S36893D","V5889","10000",1,0,0,0,0
"S36893S","9081","10000",1,0,0,0,0
"S36898A","86804","10000",1,0,0,0,0
"S36898A","86809","10000",1,0,0,0,0
"S36898D","V5889","10000",1,0,0,0,0
"S36898S","9081","10000",1,0,0,0,0
"S36899A","86385","10000",1,0,0,0,0
"S36899A","86389","10000",1,0,0,0,0
"S36899A","86804","10000",1,0,0,0,0
"S36899A","86809","10000",1,0,0,0,0
"S36899D","V5889","10000",1,0,0,0,0
"S36899S","9081","10000",1,0,0,0,0
"S3690XA","86800","10000",1,0,0,0,0
"S3690XA","8690","10000",1,0,0,0,0
"S3690XD","V5889","10000",1,0,0,0,0
"S3690XS","9081","10000",1,0,0,0,0
"S3692XA","86800","10000",1,0,0,0,0
"S3692XA","8690","10000",1,0,0,0,0
"S3692XD","V5889","10000",1,0,0,0,0
"S3692XS","9081","10000",1,0,0,0,0
"S3693XA","86800","10000",1,0,0,0,0
"S3693XA","8690","10000",1,0,0,0,0
"S3693XD","V5889","10000",1,0,0,0,0
"S3693XS","9081","10000",1,0,0,0,0
"S3699XA","86800","10000",1,0,0,0,0
"S3699XA","8690","10000",1,0,0,0,0
"S3699XD","V5889","10000",1,0,0,0,0
"S3699XS","9081","10000",1,0,0,0,0
"S37001A","86600","10000",1,0,0,0,0
"S37001D","V5889","10000",1,0,0,0,0
"S37001S","9081","10000",1,0,0,0,0
"S37002A","86600","10000",1,0,0,0,0
"S37002D","V5889","10000",1,0,0,0,0
"S37002S","9081","10000",1,0,0,0,0
"S37009A","86600","10000",1,0,0,0,0
"S37009D","V5889","10000",1,0,0,0,0
"S37009S","9081","10000",1,0,0,0,0
"S37011A","86601","10000",1,0,0,0,0
"S37011D","V5889","10000",1,0,0,0,0
"S37011S","9081","10000",1,0,0,0,0
"S37012A","86601","10000",1,0,0,0,0
"S37012D","V5889","10000",1,0,0,0,0
"S37012S","9081","10000",1,0,0,0,0
"S37019A","86601","10000",1,0,0,0,0
"S37019D","V5889","10000",1,0,0,0,0
"S37019S","9081","10000",1,0,0,0,0
"S37021A","86601","10000",1,0,0,0,0
"S37021D","V5889","10000",1,0,0,0,0
"S37021S","9081","10000",1,0,0,0,0
"S37022A","86601","10000",1,0,0,0,0
"S37022D","V5889","10000",1,0,0,0,0
"S37022S","9081","10000",1,0,0,0,0
"S37029A","86601","10000",1,0,0,0,0
"S37029D","V5889","10000",1,0,0,0,0
"S37029S","9081","10000",1,0,0,0,0
"S37031A","86602","10000",1,0,0,0,0
"S37031D","V5889","10000",1,0,0,0,0
"S37031S","9081","10000",1,0,0,0,0
"S37032A","86602","10000",1,0,0,0,0
"S37032D","V5889","10000",1,0,0,0,0
"S37032S","9081","10000",1,0,0,0,0
"S37039A","86602","10000",1,0,0,0,0
"S37039D","V5889","10000",1,0,0,0,0
"S37039S","9081","10000",1,0,0,0,0
"S37041A","86602","10000",1,0,0,0,0
"S37041D","V5889","10000",1,0,0,0,0
"S37041S","9081","10000",1,0,0,0,0
"S37042A","86602","10000",1,0,0,0,0
"S37042D","V5889","10000",1,0,0,0,0
"S37042S","9081","10000",1,0,0,0,0
"S37049A","86602","10000",1,0,0,0,0
"S37049D","V5889","10000",1,0,0,0,0
"S37049S","9081","10000",1,0,0,0,0
"S37051A","86602","10000",1,0,0,0,0
"S37051D","V5889","10000",1,0,0,0,0
"S37051S","9081","10000",1,0,0,0,0
"S37052A","86602","10000",1,0,0,0,0
"S37052D","V5889","10000",1,0,0,0,0
"S37052S","9081","10000",1,0,0,0,0
"S37059A","86602","10000",1,0,0,0,0
"S37059D","V5889","10000",1,0,0,0,0
"S37059S","9081","10000",1,0,0,0,0
"S37061A","86603","10000",1,0,0,0,0
"S37061D","V5889","10000",1,0,0,0,0
"S37061S","9081","10000",1,0,0,0,0
"S37062A","86603","10000",1,0,0,0,0
"S37062D","V5889","10000",1,0,0,0,0
"S37062S","9081","10000",1,0,0,0,0
"S37069A","86603","10000",1,0,0,0,0
"S37069D","V5889","10000",1,0,0,0,0
"S37069S","9081","10000",1,0,0,0,0
"S37091A","86603","10000",1,0,0,0,0
"S37091D","V5889","10000",1,0,0,0,0
"S37091S","9081","10000",1,0,0,0,0
"S37092A","86603","10000",1,0,0,0,0
"S37092D","V5889","10000",1,0,0,0,0
"S37092S","9081","10000",1,0,0,0,0
"S37099A","86603","10000",1,0,0,0,0
"S37099D","V5889","10000",1,0,0,0,0
"S37099S","9081","10000",1,0,0,0,0
"S3710XA","8672","10000",1,0,0,0,0
"S3710XD","V5889","10000",1,0,0,0,0
"S3710XS","9082","10000",1,0,0,0,0
"S3712XA","8672","10000",1,0,0,0,0
"S3712XD","V5889","10000",1,0,0,0,0
"S3712XS","9082","10000",1,0,0,0,0
"S3713XA","8672","10000",1,0,0,0,0
"S3713XD","V5889","10000",1,0,0,0,0
"S3713XS","9082","10000",1,0,0,0,0
"S3719XA","8672","10000",1,0,0,0,0
"S3719XD","V5889","10000",1,0,0,0,0
"S3719XS","9082","10000",1,0,0,0,0
"S3720XA","8670","10000",1,0,0,0,0
"S3720XD","V5889","10000",1,0,0,0,0
"S3720XS","9082","10000",1,0,0,0,0
"S3722XA","8670","10000",1,0,0,0,0
"S3722XD","V5889","10000",1,0,0,0,0
"S3722XS","9082","10000",1,0,0,0,0
"S3723XA","8670","10000",1,0,0,0,0
"S3723XD","V5889","10000",1,0,0,0,0
"S3723XS","9082","10000",1,0,0,0,0
"S3729XA","8670","10000",1,0,0,0,0
"S3729XD","V5889","10000",1,0,0,0,0
"S3729XS","9082","10000",1,0,0,0,0
"S3730XA","8670","10000",1,0,0,0,0
"S3730XD","V5889","10000",1,0,0,0,0
"S3730XS","9082","10000",1,0,0,0,0
"S3732XA","8670","10000",1,0,0,0,0
"S3732XD","V5889","10000",1,0,0,0,0
"S3732XS","9082","10000",1,0,0,0,0
"S3733XA","8670","10000",1,0,0,0,0
"S3733XD","V5889","10000",1,0,0,0,0
"S3733XS","9082","10000",1,0,0,0,0
"S3739XA","8670","10000",1,0,0,0,0
"S3739XD","V5889","10000",1,0,0,0,0
"S3739XS","9082","10000",1,0,0,0,0
"S37401A","8676","10000",1,0,0,0,0
"S37401D","V5889","10000",1,0,0,0,0
"S37401S","9082","10000",1,0,0,0,0
"S37402A","8676","10000",1,0,0,0,0
"S37402D","V5889","10000",1,0,0,0,0
"S37402S","9082","10000",1,0,0,0,0
"S37409A","8676","10000",1,0,0,0,0
"S37409D","V5889","10000",1,0,0,0,0
"S37409S","9082","10000",1,0,0,0,0
"S37421A","8676","10000",1,0,0,0,0
"S37421D","V5889","10000",1,0,0,0,0
"S37421S","9082","10000",1,0,0,0,0
"S37422A","8676","10000",1,0,0,0,0
"S37422D","V5889","10000",1,0,0,0,0
"S37422S","9082","10000",1,0,0,0,0
"S37429A","8676","10000",1,0,0,0,0
"S37429D","V5889","10000",1,0,0,0,0
"S37429S","9082","10000",1,0,0,0,0
"S37431A","8676","10000",1,0,0,0,0
"S37431D","V5889","10000",1,0,0,0,0
"S37431S","9082","10000",1,0,0,0,0
"S37432A","8676","10000",1,0,0,0,0
"S37432D","V5889","10000",1,0,0,0,0
"S37432S","9082","10000",1,0,0,0,0
"S37439A","8676","10000",1,0,0,0,0
"S37439D","V5889","10000",1,0,0,0,0
"S37439S","9082","10000",1,0,0,0,0
"S37491A","8676","10000",1,0,0,0,0
"S37491D","V5889","10000",1,0,0,0,0
"S37491S","9082","10000",1,0,0,0,0
"S37492A","8676","10000",1,0,0,0,0
"S37492D","V5889","10000",1,0,0,0,0
"S37492S","9082","10000",1,0,0,0,0
"S37499A","8676","10000",1,0,0,0,0
"S37499D","V5889","10000",1,0,0,0,0
"S37499S","9082","10000",1,0,0,0,0
"S37501A","8676","10000",1,0,0,0,0
"S37501D","V5889","10000",1,0,0,0,0
"S37501S","9082","10000",1,0,0,0,0
"S37502A","8676","10000",1,0,0,0,0
"S37502D","V5889","10000",1,0,0,0,0
"S37502S","9082","10000",1,0,0,0,0
"S37509A","8676","10000",1,0,0,0,0
"S37509D","V5889","10000",1,0,0,0,0
"S37509S","9082","10000",1,0,0,0,0
"S37511A","8676","10000",1,0,0,0,0
"S37511D","V5889","10000",1,0,0,0,0
"S37511S","9082","10000",1,0,0,0,0
"S37512A","8676","10000",1,0,0,0,0
"S37512D","V5889","10000",1,0,0,0,0
"S37512S","9082","10000",1,0,0,0,0
"S37519A","8676","10000",1,0,0,0,0
"S37519D","V5889","10000",1,0,0,0,0
"S37519S","9082","10000",1,0,0,0,0
"S37521A","8676","10000",1,0,0,0,0
"S37521D","V5889","10000",1,0,0,0,0
"S37521S","9082","10000",1,0,0,0,0
"S37522A","8676","10000",1,0,0,0,0
"S37522D","V5889","10000",1,0,0,0,0
"S37522S","9082","10000",1,0,0,0,0
"S37529A","8676","10000",1,0,0,0,0
"S37529D","V5889","10000",1,0,0,0,0
"S37529S","9082","10000",1,0,0,0,0
"S37531A","8676","10000",1,0,0,0,0
"S37531D","V5889","10000",1,0,0,0,0
"S37531S","9082","10000",1,0,0,0,0
"S37532A","8676","10000",1,0,0,0,0
"S37532D","V5889","10000",1,0,0,0,0
"S37532S","9082","10000",1,0,0,0,0
"S37539A","8676","10000",1,0,0,0,0
"S37539D","V5889","10000",1,0,0,0,0
"S37539S","9082","10000",1,0,0,0,0
"S37591A","8676","10000",1,0,0,0,0
"S37591D","V5889","10000",1,0,0,0,0
"S37591S","9082","10000",1,0,0,0,0
"S37592A","8676","10000",1,0,0,0,0
"S37592D","V5889","10000",1,0,0,0,0
"S37592S","9082","10000",1,0,0,0,0
"S37599A","8676","10000",1,0,0,0,0
"S37599D","V5889","10000",1,0,0,0,0
"S37599S","9082","10000",1,0,0,0,0
"S3760XA","8674","10000",1,0,0,0,0
"S3760XD","V5889","10000",1,0,0,0,0
"S3760XS","9082","10000",1,0,0,0,0
"S3762XA","8674","10000",1,0,0,0,0
"S3762XD","V5889","10000",1,0,0,0,0
"S3762XS","9082","10000",1,0,0,0,0
"S3763XA","8674","10000",1,0,0,0,0
"S3763XD","V5889","10000",1,0,0,0,0
"S3763XS","9082","10000",1,0,0,0,0
"S3769XA","8674","10000",1,0,0,0,0
"S3769XD","V5889","10000",1,0,0,0,0
"S3769XS","9082","10000",1,0,0,0,0
"S37812A","86801","10000",1,0,0,0,0
"S37812D","V5889","10000",1,0,0,0,0
"S37812S","9082","10000",1,0,0,0,0
"S37813A","86801","10000",1,0,0,0,0
"S37813D","V5889","10000",1,0,0,0,0
"S37813S","9082","10000",1,0,0,0,0
"S37818A","86801","10000",1,0,0,0,0
"S37818D","V5889","10000",1,0,0,0,0
"S37818S","9082","10000",1,0,0,0,0
"S37819A","86801","10000",1,0,0,0,0
"S37819D","V5889","10000",1,0,0,0,0
"S37819S","9082","10000",1,0,0,0,0
"S37822A","8676","10000",1,0,0,0,0
"S37822D","V5889","10000",1,0,0,0,0
"S37822S","9082","10000",1,0,0,0,0
"S37823A","8676","10000",1,0,0,0,0
"S37823D","V5889","10000",1,0,0,0,0
"S37823S","9082","10000",1,0,0,0,0
"S37828A","8676","10000",1,0,0,0,0
"S37828D","V5889","10000",1,0,0,0,0
"S37828S","9082","10000",1,0,0,0,0
"S37829A","8676","10000",1,0,0,0,0
"S37829D","V5889","10000",1,0,0,0,0
"S37829S","9082","10000",1,0,0,0,0
"S37892A","8676","10000",1,0,0,0,0
"S37892D","V5889","10000",1,0,0,0,0
"S37892S","9082","10000",1,0,0,0,0
"S37893A","8676","10000",1,0,0,0,0
"S37893D","V5889","10000",1,0,0,0,0
"S37893S","9082","10000",1,0,0,0,0
"S37898A","8676","10000",1,0,0,0,0
"S37898D","V5889","10000",1,0,0,0,0
"S37898S","9082","10000",1,0,0,0,0
"S37899A","8676","10000",1,0,0,0,0
"S37899D","V5889","10000",1,0,0,0,0
"S37899S","9082","10000",1,0,0,0,0
"S3790XA","8678","10000",1,0,0,0,0
"S3790XA","8690","10000",1,0,0,0,0
"S3790XD","V5889","10000",1,0,0,0,0
"S3790XS","9082","10000",1,0,0,0,0
"S3792XA","8678","10000",1,0,0,0,0
"S3792XA","8690","10000",1,0,0,0,0
"S3792XD","V5889","10000",1,0,0,0,0
"S3792XS","9082","10000",1,0,0,0,0
"S3793XA","8678","10000",1,0,0,0,0
"S3793XA","8690","10000",1,0,0,0,0
"S3793XD","V5889","10000",1,0,0,0,0
"S3793XS","9082","10000",1,0,0,0,0
"S3799XA","8678","10000",1,0,0,0,0
"S3799XA","8690","10000",1,0,0,0,0
"S3799XD","V5889","10000",1,0,0,0,0
"S3799XS","9082","10000",1,0,0,0,0
"S38001A","9260","10000",1,0,0,0,0
"S38001D","V5889","10000",1,0,0,0,0
"S38001S","9064","10000",1,0,0,0,0
"S38002A","9260","10000",1,0,0,0,0
"S38002D","V5889","10000",1,0,0,0,0
"S38002S","9064","10000",1,0,0,0,0
"S3801XA","9260","10000",1,0,0,0,0
"S3801XD","V5889","10000",1,0,0,0,0
"S3801XS","9064","10000",1,0,0,0,0
"S3802XA","9260","10000",1,0,0,0,0
"S3802XD","V5889","10000",1,0,0,0,0
"S3802XS","9064","10000",1,0,0,0,0
"S3803XA","9260","10000",1,0,0,0,0
"S3803XD","V5889","10000",1,0,0,0,0
"S3803XS","9064","10000",1,0,0,0,0
"S381XXA","92611","10000",1,0,0,0,0
"S381XXD","V5889","10000",1,0,0,0,0
"S381XXS","9064","10000",1,0,0,0,0
"S38211A","8788","10000",1,0,0,0,0
"S38211D","V5889","10000",1,0,0,0,0
"S38211S","9060","10000",1,0,0,0,0
"S38212A","8788","10000",1,0,0,0,0
"S38212D","V5889","10000",1,0,0,0,0
"S38212S","9060","10000",1,0,0,0,0
"S38221A","8780","10000",1,0,0,0,0
"S38221D","V5889","10000",1,0,0,0,0
"S38221S","9060","10000",1,0,0,0,0
"S38222A","8780","10000",1,0,0,0,0
"S38222D","V5889","10000",1,0,0,0,0
"S38222S","9060","10000",1,0,0,0,0
"S38231A","8782","10000",1,0,0,0,0
"S38231D","V5889","10000",1,0,0,0,0
"S38231S","9060","10000",1,0,0,0,0
"S38232A","8782","10000",1,0,0,0,0
"S38232D","V5889","10000",1,0,0,0,0
"S38232S","9060","10000",1,0,0,0,0
"S383XXA","8798","10000",1,0,0,0,0
"S383XXD","V5889","10000",1,0,0,0,0
"S383XXS","9060","10000",1,0,0,0,0
"S39001A","95912","10000",1,0,0,0,0
"S39001D","V5889","10000",1,0,0,0,0
"S39001S","9089","10000",1,0,0,0,0
"S39002A","95919","10000",1,0,0,0,0
"S39002D","V5889","10000",1,0,0,0,0
"S39002S","9089","10000",1,0,0,0,0
"S39003A","95919","10000",1,0,0,0,0
"S39003D","V5889","10000",1,0,0,0,0
"S39003S","9089","10000",1,0,0,0,0
"S39011A","8488","10000",1,0,0,0,0
"S39011D","V5889","10000",1,0,0,0,0
"S39011S","9057","10000",1,0,0,0,0
"S39012A","8488","10000",1,0,0,0,0
"S39012D","V5889","10000",1,0,0,0,0
"S39012S","9057","10000",1,0,0,0,0
"S39013A","8488","10000",1,0,0,0,0
"S39013D","V5889","10000",1,0,0,0,0
"S39013S","9057","10000",1,0,0,0,0
"S39021A","8796","10000",1,0,0,0,0
"S39021D","V5889","10000",1,0,0,0,0
"S39021S","9060","10000",1,0,0,0,0
"S39022A","8796","10000",1,0,0,0,0
"S39022D","V5889","10000",1,0,0,0,0
"S39022S","9060","10000",1,0,0,0,0
"S39023A","8796","10000",1,0,0,0,0
"S39023D","V5889","10000",1,0,0,0,0
"S39023S","9060","10000",1,0,0,0,0
"S39091A","95912","10000",1,0,0,0,0
"S39091D","V5889","10000",1,0,0,0,0
"S39091S","9089","10000",1,0,0,0,0
"S39092A","95919","10000",1,0,0,0,0
"S39092D","V5889","10000",1,0,0,0,0
"S39092S","9089","10000",1,0,0,0,0
"S39093A","95919","10000",1,0,0,0,0
"S39093D","V5889","10000",1,0,0,0,0
"S39093S","9089","10000",1,0,0,0,0
"S3981XA","95912","10000",1,0,0,0,0
"S3981XD","V5889","10000",1,0,0,0,0
"S3981XS","9089","10000",1,0,0,0,0
"S3982XA","95919","10000",1,0,0,0,0
"S3982XD","V5889","10000",1,0,0,0,0
"S3982XS","9089","10000",1,0,0,0,0
"S3983XA","95919","10000",1,0,0,0,0
"S3983XD","V5889","10000",1,0,0,0,0
"S3983XS","9089","10000",1,0,0,0,0
"S39840A","95913","10000",1,0,0,0,0
"S39840D","V5889","10000",1,0,0,0,0
"S39840S","9089","10000",1,0,0,0,0
"S39848A","95914","10000",1,0,0,0,0
"S39848D","V5889","10000",1,0,0,0,0
"S39848S","9089","10000",1,0,0,0,0
"S3991XA","95912","10000",1,0,0,0,0
"S3991XD","V5889","10000",1,0,0,0,0
"S3991XS","9089","10000",1,0,0,0,0
"S3992XA","95919","10000",1,0,0,0,0
"S3992XD","V5889","10000",1,0,0,0,0
"S3992XS","9089","10000",1,0,0,0,0
"S3993XA","95919","10000",1,0,0,0,0
"S3993XD","V5889","10000",1,0,0,0,0
"S3993XS","9089","10000",1,0,0,0,0
"S3994XA","95914","10000",1,0,0,0,0
"S3994XD","V5889","10000",1,0,0,0,0
"S3994XS","9089","10000",1,0,0,0,0
"S40011A","92300","10000",1,0,0,0,0
"S40011A","92301","10000",1,0,0,0,0
"S40011A","92302","10000",1,0,0,0,0
"S40011D","V5889","10000",1,0,0,0,0
"S40011S","9063","10000",1,0,0,0,0
"S40012A","92300","10000",1,0,0,0,0
"S40012A","92301","10000",1,0,0,0,0
"S40012A","92302","10000",1,0,0,0,0
"S40012D","V5889","10000",1,0,0,0,0
"S40012S","9063","10000",1,0,0,0,0
"S40019A","92300","10000",1,0,0,0,0
"S40019D","V5889","10000",1,0,0,0,0
"S40019S","9063","10000",1,0,0,0,0
"S40021A","92303","10000",1,0,0,0,0
"S40021D","V5889","10000",1,0,0,0,0
"S40021S","9063","10000",1,0,0,0,0
"S40022A","92303","10000",1,0,0,0,0
"S40022D","V5889","10000",1,0,0,0,0
"S40022S","9063","10000",1,0,0,0,0
"S40029A","92303","10000",1,0,0,0,0
"S40029D","V5889","10000",1,0,0,0,0
"S40029S","9063","10000",1,0,0,0,0
"S40211A","9120","10000",1,0,0,0,0
"S40211D","V5889","10000",1,0,0,0,0
"S40211S","9062","10000",1,0,0,0,0
"S40212A","9120","10000",1,0,0,0,0
"S40212D","V5889","10000",1,0,0,0,0
"S40212S","9062","10000",1,0,0,0,0
"S40219A","9120","10000",1,0,0,0,0
"S40219D","V5889","10000",1,0,0,0,0
"S40219S","9062","10000",1,0,0,0,0
"S40221A","9122","10000",1,0,0,0,0
"S40221D","V5889","10000",1,0,0,0,0
"S40221S","9062","10000",1,0,0,0,0
"S40222A","9122","10000",1,0,0,0,0
"S40222D","V5889","10000",1,0,0,0,0
"S40222S","9062","10000",1,0,0,0,0
"S40229A","9122","10000",1,0,0,0,0
"S40229D","V5889","10000",1,0,0,0,0
"S40229S","9062","10000",1,0,0,0,0
"S40241A","9128","10000",1,0,0,0,0
"S40241D","V5889","10000",1,0,0,0,0
"S40241S","9062","10000",1,0,0,0,0
"S40242A","9128","10000",1,0,0,0,0
"S40242D","V5889","10000",1,0,0,0,0
"S40242S","9062","10000",1,0,0,0,0
"S40249A","9128","10000",1,0,0,0,0
"S40249D","V5889","10000",1,0,0,0,0
"S40249S","9062","10000",1,0,0,0,0
"S40251A","9126","10000",1,0,0,0,0
"S40251D","V5889","10000",1,0,0,0,0
"S40251S","9062","10000",1,0,0,0,0
"S40252A","9126","10000",1,0,0,0,0
"S40252D","V5889","10000",1,0,0,0,0
"S40252S","9062","10000",1,0,0,0,0
"S40259A","9126","10000",1,0,0,0,0
"S40259D","V5889","10000",1,0,0,0,0
"S40259S","9062","10000",1,0,0,0,0
"S40261A","9124","10000",1,0,0,0,0
"S40261D","V5889","10000",1,0,0,0,0
"S40261S","9062","10000",1,0,0,0,0
"S40262A","9124","10000",1,0,0,0,0
"S40262D","V5889","10000",1,0,0,0,0
"S40262S","9062","10000",1,0,0,0,0
"S40269A","9124","10000",1,0,0,0,0
"S40269D","V5889","10000",1,0,0,0,0
"S40269S","9062","10000",1,0,0,0,0
"S40271A","9128","10000",1,0,0,0,0
"S40271D","V5889","10000",1,0,0,0,0
"S40271S","9062","10000",1,0,0,0,0
"S40272A","9128","10000",1,0,0,0,0
"S40272D","V5889","10000",1,0,0,0,0
"S40272S","9062","10000",1,0,0,0,0
"S40279A","9128","10000",1,0,0,0,0
"S40279D","V5889","10000",1,0,0,0,0
"S40279S","9062","10000",1,0,0,0,0
"S40811A","9120","10000",1,0,0,0,0
"S40811D","V5889","10000",1,0,0,0,0
"S40811S","9062","10000",1,0,0,0,0
"S40812A","9120","10000",1,0,0,0,0
"S40812D","V5889","10000",1,0,0,0,0
"S40812S","9062","10000",1,0,0,0,0
"S40819A","9120","10000",1,0,0,0,0
"S40819D","V5889","10000",1,0,0,0,0
"S40819S","9062","10000",1,0,0,0,0
"S40821A","9122","10000",1,0,0,0,0
"S40821D","V5889","10000",1,0,0,0,0
"S40821S","9062","10000",1,0,0,0,0
"S40822A","9122","10000",1,0,0,0,0
"S40822D","V5889","10000",1,0,0,0,0
"S40822S","9062","10000",1,0,0,0,0
"S40829A","9122","10000",1,0,0,0,0
"S40829D","V5889","10000",1,0,0,0,0
"S40829S","9062","10000",1,0,0,0,0
"S40841A","9128","10000",1,0,0,0,0
"S40841D","V5889","10000",1,0,0,0,0
"S40841S","9062","10000",1,0,0,0,0
"S40842A","9128","10000",1,0,0,0,0
"S40842D","V5889","10000",1,0,0,0,0
"S40842S","9062","10000",1,0,0,0,0
"S40849A","9128","10000",1,0,0,0,0
"S40849D","V5889","10000",1,0,0,0,0
"S40849S","9062","10000",1,0,0,0,0
"S40851A","9126","10000",1,0,0,0,0
"S40851D","V5889","10000",1,0,0,0,0
"S40851S","9062","10000",1,0,0,0,0
"S40852A","9126","10000",1,0,0,0,0
"S40852D","V5889","10000",1,0,0,0,0
"S40852S","9062","10000",1,0,0,0,0
"S40859A","9126","10000",1,0,0,0,0
"S40859D","V5889","10000",1,0,0,0,0
"S40859S","9062","10000",1,0,0,0,0
"S40861A","9124","10000",1,0,0,0,0
"S40861D","V5889","10000",1,0,0,0,0
"S40861S","9062","10000",1,0,0,0,0
"S40862A","9124","10000",1,0,0,0,0
"S40862D","V5889","10000",1,0,0,0,0
"S40862S","9062","10000",1,0,0,0,0
"S40869A","9124","10000",1,0,0,0,0
"S40869D","V5889","10000",1,0,0,0,0
"S40869S","9062","10000",1,0,0,0,0
"S40871A","9128","10000",1,0,0,0,0
"S40871D","V5889","10000",1,0,0,0,0
"S40871S","9062","10000",1,0,0,0,0
"S40872A","9128","10000",1,0,0,0,0
"S40872D","V5889","10000",1,0,0,0,0
"S40872S","9062","10000",1,0,0,0,0
"S40879A","9128","10000",1,0,0,0,0
"S40879D","V5889","10000",1,0,0,0,0
"S40879S","9062","10000",1,0,0,0,0
"S40911A","9128","10000",1,0,0,0,0
"S40911D","V5889","10000",1,0,0,0,0
"S40911S","9062","10000",1,0,0,0,0
"S40912A","9128","10000",1,0,0,0,0
"S40912D","V5889","10000",1,0,0,0,0
"S40912S","9062","10000",1,0,0,0,0
"S40919A","9128","10000",1,0,0,0,0
"S40919D","V5889","10000",1,0,0,0,0
"S40919S","9062","10000",1,0,0,0,0
"S40921A","9128","10000",1,0,0,0,0
"S40921D","V5889","10000",1,0,0,0,0
"S40921S","9062","10000",1,0,0,0,0
"S40922A","9128","10000",1,0,0,0,0
"S40922D","V5889","10000",1,0,0,0,0
"S40922S","9062","10000",1,0,0,0,0
"S40929A","9128","10000",1,0,0,0,0
"S40929D","V5889","10000",1,0,0,0,0
"S40929S","9062","10000",1,0,0,0,0
"S41001A","88000","10000",1,0,0,0,0
"S41001A","88001","10000",1,0,0,0,0
"S41001A","88002","10000",1,0,0,0,0
"S41001D","V5889","10000",1,0,0,0,0
"S41001S","9061","10000",1,0,0,0,0
"S41002A","88000","10000",1,0,0,0,0
"S41002A","88001","10000",1,0,0,0,0
"S41002A","88002","10000",1,0,0,0,0
"S41002D","V5889","10000",1,0,0,0,0
"S41002S","9061","10000",1,0,0,0,0
"S41009A","88000","10000",1,0,0,0,0
"S41009A","88001","10000",1,0,0,0,0
"S41009A","88002","10000",1,0,0,0,0
"S41009A","8840","10000",1,0,0,0,0
"S41009D","V5889","10000",1,0,0,0,0
"S41009S","9061","10000",1,0,0,0,0
"S41011A","88000","10000",1,0,0,0,0
"S41011A","88001","10000",1,0,0,0,0
"S41011A","88002","10000",1,0,0,0,0
"S41011D","V5889","10000",1,0,0,0,0
"S41011S","9061","10000",1,0,0,0,0
"S41012A","88000","10000",1,0,0,0,0
"S41012A","88001","10000",1,0,0,0,0
"S41012A","88002","10000",1,0,0,0,0
"S41012D","V5889","10000",1,0,0,0,0
"S41012S","9061","10000",1,0,0,0,0
"S41019A","88000","10000",1,0,0,0,0
"S41019A","88001","10000",1,0,0,0,0
"S41019A","88002","10000",1,0,0,0,0
"S41019D","V5889","10000",1,0,0,0,0
"S41019S","9061","10000",1,0,0,0,0
"S41021A","88010","10000",1,0,0,0,0
"S41021A","88011","10000",1,0,0,0,0
"S41021A","88012","10000",1,0,0,0,0
"S41021D","V5889","10000",1,0,0,0,0
"S41021S","9061","10000",1,0,0,0,0
"S41022A","88010","10000",1,0,0,0,0
"S41022A","88011","10000",1,0,0,0,0
"S41022A","88012","10000",1,0,0,0,0
"S41022D","V5889","10000",1,0,0,0,0
"S41022S","9061","10000",1,0,0,0,0
"S41029A","88010","10000",1,0,0,0,0
"S41029A","88011","10000",1,0,0,0,0
"S41029A","88012","10000",1,0,0,0,0
"S41029A","8841","10000",1,0,0,0,0
"S41029D","V5889","10000",1,0,0,0,0
"S41029S","9061","10000",1,0,0,0,0
"S41031A","88000","10000",1,0,0,0,0
"S41031A","88001","10000",1,0,0,0,0
"S41031A","88002","10000",1,0,0,0,0
"S41031D","V5889","10000",1,0,0,0,0
"S41031S","9061","10000",1,0,0,0,0
"S41032A","88000","10000",1,0,0,0,0
"S41032A","88001","10000",1,0,0,0,0
"S41032A","88002","10000",1,0,0,0,0
"S41032D","V5889","10000",1,0,0,0,0
"S41032S","9061","10000",1,0,0,0,0
"S41039A","88000","10000",1,0,0,0,0
"S41039A","88001","10000",1,0,0,0,0
"S41039A","88002","10000",1,0,0,0,0
"S41039D","V5889","10000",1,0,0,0,0
"S41039S","9061","10000",1,0,0,0,0
"S41041A","88010","10000",1,0,0,0,0
"S41041A","88011","10000",1,0,0,0,0
"S41041A","88012","10000",1,0,0,0,0
"S41041D","V5889","10000",1,0,0,0,0
"S41041S","9061","10000",1,0,0,0,0
"S41042A","88010","10000",1,0,0,0,0
"S41042A","88011","10000",1,0,0,0,0
"S41042A","88012","10000",1,0,0,0,0
"S41042D","V5889","10000",1,0,0,0,0
"S41042S","9061","10000",1,0,0,0,0
"S41049A","88010","10000",1,0,0,0,0
"S41049A","88011","10000",1,0,0,0,0
"S41049A","88012","10000",1,0,0,0,0
"S41049D","V5889","10000",1,0,0,0,0
"S41049S","9061","10000",1,0,0,0,0
"S41051A","88000","10000",1,0,0,0,0
"S41051A","88001","10000",1,0,0,0,0
"S41051A","88002","10000",1,0,0,0,0
"S41051D","V5889","10000",1,0,0,0,0
"S41051S","9061","10000",1,0,0,0,0
"S41052A","88000","10000",1,0,0,0,0
"S41052A","88001","10000",1,0,0,0,0
"S41052A","88002","10000",1,0,0,0,0
"S41052D","V5889","10000",1,0,0,0,0
"S41052S","9061","10000",1,0,0,0,0
"S41059A","88000","10000",1,0,0,0,0
"S41059A","88001","10000",1,0,0,0,0
"S41059A","88002","10000",1,0,0,0,0
"S41059D","V5889","10000",1,0,0,0,0
"S41059S","9061","10000",1,0,0,0,0
"S41101A","88003","10000",1,0,0,0,0
"S41101A","88009","10000",1,0,0,0,0
"S41101D","V5889","10000",1,0,0,0,0
"S41101S","9061","10000",1,0,0,0,0
"S41102A","88003","10000",1,0,0,0,0
"S41102A","88009","10000",1,0,0,0,0
"S41102D","V5889","10000",1,0,0,0,0
"S41102S","9061","10000",1,0,0,0,0
"S41109A","88003","10000",1,0,0,0,0
"S41109A","88009","10000",1,0,0,0,0
"S41109D","V5889","10000",1,0,0,0,0
"S41109S","9061","10000",1,0,0,0,0
"S41111A","88003","10000",1,0,0,0,0
"S41111A","88009","10000",1,0,0,0,0
"S41111D","V5889","10000",1,0,0,0,0
"S41111S","9061","10000",1,0,0,0,0
"S41112A","88003","10000",1,0,0,0,0
"S41112A","88009","10000",1,0,0,0,0
"S41112D","V5889","10000",1,0,0,0,0
"S41112S","9061","10000",1,0,0,0,0
"S41119A","88003","10000",1,0,0,0,0
"S41119A","88009","10000",1,0,0,0,0
"S41119D","V5889","10000",1,0,0,0,0
"S41119S","9061","10000",1,0,0,0,0
"S41121A","88013","10000",1,0,0,0,0
"S41121A","88019","10000",1,0,0,0,0
"S41121D","V5889","10000",1,0,0,0,0
"S41121S","9061","10000",1,0,0,0,0
"S41122A","88013","10000",1,0,0,0,0
"S41122A","88019","10000",1,0,0,0,0
"S41122D","V5889","10000",1,0,0,0,0
"S41122S","9061","10000",1,0,0,0,0
"S41129A","88013","10000",1,0,0,0,0
"S41129A","88019","10000",1,0,0,0,0
"S41129D","V5889","10000",1,0,0,0,0
"S41129S","9061","10000",1,0,0,0,0
"S41131A","88003","10000",1,0,0,0,0
"S41131A","88009","10000",1,0,0,0,0
"S41131D","V5889","10000",1,0,0,0,0
"S41131S","9061","10000",1,0,0,0,0
"S41132A","88003","10000",1,0,0,0,0
"S41132A","88009","10000",1,0,0,0,0
"S41132D","V5889","10000",1,0,0,0,0
"S41132S","9061","10000",1,0,0,0,0
"S41139A","88003","10000",1,0,0,0,0
"S41139A","88009","10000",1,0,0,0,0
"S41139D","V5889","10000",1,0,0,0,0
"S41139S","9061","10000",1,0,0,0,0
"S41141A","88013","10000",1,0,0,0,0
"S41141A","88019","10000",1,0,0,0,0
"S41141D","V5889","10000",1,0,0,0,0
"S41141S","9061","10000",1,0,0,0,0
"S41142A","88013","10000",1,0,0,0,0
"S41142A","88019","10000",1,0,0,0,0
"S41142D","V5889","10000",1,0,0,0,0
"S41142S","9061","10000",1,0,0,0,0
"S41149A","88013","10000",1,0,0,0,0
"S41149A","88019","10000",1,0,0,0,0
"S41149D","V5889","10000",1,0,0,0,0
"S41149S","9061","10000",1,0,0,0,0
"S41151A","88003","10000",1,0,0,0,0
"S41151A","88009","10000",1,0,0,0,0
"S41151D","V5889","10000",1,0,0,0,0
"S41151S","9061","10000",1,0,0,0,0
"S41152A","88003","10000",1,0,0,0,0
"S41152A","88009","10000",1,0,0,0,0
"S41152D","V5889","10000",1,0,0,0,0
"S41152S","9061","10000",1,0,0,0,0
"S41159A","88003","10000",1,0,0,0,0
"S41159A","88009","10000",1,0,0,0,0
"S41159D","V5889","10000",1,0,0,0,0
"S41159S","9061","10000",1,0,0,0,0
"S42001A","81000","10000",1,0,0,0,0
"S42001B","81010","10000",1,0,0,0,0
"S42001D","V5419","10000",1,0,0,0,0
"S42001G","V5419","10000",1,0,0,0,0
"S42001K","73382","10000",1,0,0,0,0
"S42001P","73381","10000",1,0,0,0,0
"S42001S","9052","10000",1,0,0,0,0
"S42002A","81000","10000",1,0,0,0,0
"S42002B","81010","10000",1,0,0,0,0
"S42002D","V5419","10000",1,0,0,0,0
"S42002G","V5419","10000",1,0,0,0,0
"S42002K","73382","10000",1,0,0,0,0
"S42002P","73381","10000",1,0,0,0,0
"S42002S","9052","10000",1,0,0,0,0
"S42009A","81000","10000",1,0,0,0,0
"S42009B","81010","10000",1,0,0,0,0
"S42009D","V5419","10000",1,0,0,0,0
"S42009G","V5419","10000",1,0,0,0,0
"S42009K","73382","10000",1,0,0,0,0
"S42009P","73381","10000",1,0,0,0,0
"S42009S","9052","10000",1,0,0,0,0
"S42011A","81001","10000",1,0,0,0,0
"S42011B","81011","10000",1,0,0,0,0
"S42011D","V5419","10000",1,0,0,0,0
"S42011G","V5419","10000",1,0,0,0,0
"S42011K","73382","10000",1,0,0,0,0
"S42011P","73381","10000",1,0,0,0,0
"S42011S","9052","10000",1,0,0,0,0
"S42012A","81001","10000",1,0,0,0,0
"S42012B","81011","10000",1,0,0,0,0
"S42012D","V5419","10000",1,0,0,0,0
"S42012G","V5419","10000",1,0,0,0,0
"S42012K","73382","10000",1,0,0,0,0
"S42012P","73381","10000",1,0,0,0,0
"S42012S","9052","10000",1,0,0,0,0
"S42013A","81001","10000",1,0,0,0,0
"S42013B","81011","10000",1,0,0,0,0
"S42013D","V5419","10000",1,0,0,0,0
"S42013G","V5419","10000",1,0,0,0,0
"S42013K","73382","10000",1,0,0,0,0
"S42013P","73381","10000",1,0,0,0,0
"S42013S","9052","10000",1,0,0,0,0
"S42014A","81001","10000",1,0,0,0,0
"S42014B","81011","10000",1,0,0,0,0
"S42014D","V5419","10000",1,0,0,0,0
"S42014G","V5419","10000",1,0,0,0,0
"S42014K","73382","10000",1,0,0,0,0
"S42014P","73381","10000",1,0,0,0,0
"S42014S","9052","10000",1,0,0,0,0
"S42015A","81001","10000",1,0,0,0,0
"S42015B","81011","10000",1,0,0,0,0
"S42015D","V5419","10000",1,0,0,0,0
"S42015G","V5419","10000",1,0,0,0,0
"S42015K","73382","10000",1,0,0,0,0
"S42015P","73381","10000",1,0,0,0,0
"S42015S","9052","10000",1,0,0,0,0
"S42016A","81001","10000",1,0,0,0,0
"S42016B","81011","10000",1,0,0,0,0
"S42016D","V5419","10000",1,0,0,0,0
"S42016G","V5419","10000",1,0,0,0,0
"S42016K","73382","10000",1,0,0,0,0
"S42016P","73381","10000",1,0,0,0,0
"S42016S","9052","10000",1,0,0,0,0
"S42017A","81001","10000",1,0,0,0,0
"S42017B","81011","10000",1,0,0,0,0
"S42017D","V5419","10000",1,0,0,0,0
"S42017G","V5419","10000",1,0,0,0,0
"S42017K","73382","10000",1,0,0,0,0
"S42017P","73381","10000",1,0,0,0,0
"S42017S","9052","10000",1,0,0,0,0
"S42018A","81001","10000",1,0,0,0,0
"S42018B","81011","10000",1,0,0,0,0
"S42018D","V5419","10000",1,0,0,0,0
"S42018G","V5419","10000",1,0,0,0,0
"S42018K","73382","10000",1,0,0,0,0
"S42018P","73381","10000",1,0,0,0,0
"S42018S","9052","10000",1,0,0,0,0
"S42019A","81001","10000",1,0,0,0,0
"S42019B","81011","10000",1,0,0,0,0
"S42019D","V5419","10000",1,0,0,0,0
"S42019G","V5419","10000",1,0,0,0,0
"S42019K","73382","10000",1,0,0,0,0
"S42019P","73381","10000",1,0,0,0,0
"S42019S","9052","10000",1,0,0,0,0
"S42021A","81002","10000",1,0,0,0,0
"S42021B","81012","10000",1,0,0,0,0
"S42021D","V5419","10000",1,0,0,0,0
"S42021G","V5419","10000",1,0,0,0,0
"S42021K","73382","10000",1,0,0,0,0
"S42021P","73381","10000",1,0,0,0,0
"S42021S","9052","10000",1,0,0,0,0
"S42022A","81002","10000",1,0,0,0,0
"S42022B","81012","10000",1,0,0,0,0
"S42022D","V5419","10000",1,0,0,0,0
"S42022G","V5419","10000",1,0,0,0,0
"S42022K","73382","10000",1,0,0,0,0
"S42022P","73381","10000",1,0,0,0,0
"S42022S","9052","10000",1,0,0,0,0
"S42023A","81002","10000",1,0,0,0,0
"S42023B","81012","10000",1,0,0,0,0
"S42023D","V5419","10000",1,0,0,0,0
"S42023G","V5419","10000",1,0,0,0,0
"S42023K","73382","10000",1,0,0,0,0
"S42023P","73381","10000",1,0,0,0,0
"S42023S","9052","10000",1,0,0,0,0
"S42024A","81002","10000",1,0,0,0,0
"S42024B","81012","10000",1,0,0,0,0
"S42024D","V5419","10000",1,0,0,0,0
"S42024G","V5419","10000",1,0,0,0,0
"S42024K","73382","10000",1,0,0,0,0
"S42024P","73381","10000",1,0,0,0,0
"S42024S","9052","10000",1,0,0,0,0
"S42025A","81002","10000",1,0,0,0,0
"S42025B","81012","10000",1,0,0,0,0
"S42025D","V5419","10000",1,0,0,0,0
"S42025G","V5419","10000",1,0,0,0,0
"S42025K","73382","10000",1,0,0,0,0
"S42025P","73381","10000",1,0,0,0,0
"S42025S","9052","10000",1,0,0,0,0
"S42026A","81002","10000",1,0,0,0,0
"S42026B","81012","10000",1,0,0,0,0
"S42026D","V5419","10000",1,0,0,0,0
"S42026G","V5419","10000",1,0,0,0,0
"S42026K","73382","10000",1,0,0,0,0
"S42026P","73381","10000",1,0,0,0,0
"S42026S","9052","10000",1,0,0,0,0
"S42031A","81003","10000",1,0,0,0,0
"S42031B","81013","10000",1,0,0,0,0
"S42031D","V5419","10000",1,0,0,0,0
"S42031G","V5419","10000",1,0,0,0,0
"S42031K","73382","10000",1,0,0,0,0
"S42031P","73381","10000",1,0,0,0,0
"S42031S","9052","10000",1,0,0,0,0
"S42032A","81003","10000",1,0,0,0,0
"S42032B","81013","10000",1,0,0,0,0
"S42032D","V5419","10000",1,0,0,0,0
"S42032G","V5419","10000",1,0,0,0,0
"S42032K","73382","10000",1,0,0,0,0
"S42032P","73381","10000",1,0,0,0,0
"S42032S","9052","10000",1,0,0,0,0
"S42033A","81003","10000",1,0,0,0,0
"S42033B","81013","10000",1,0,0,0,0
"S42033D","V5419","10000",1,0,0,0,0
"S42033G","V5419","10000",1,0,0,0,0
"S42033K","73382","10000",1,0,0,0,0
"S42033P","73381","10000",1,0,0,0,0
"S42033S","9052","10000",1,0,0,0,0
"S42034A","81003","10000",1,0,0,0,0
"S42034B","81013","10000",1,0,0,0,0
"S42034D","V5419","10000",1,0,0,0,0
"S42034G","V5419","10000",1,0,0,0,0
"S42034K","73382","10000",1,0,0,0,0
"S42034P","73381","10000",1,0,0,0,0
"S42034S","9052","10000",1,0,0,0,0
"S42035A","81003","10000",1,0,0,0,0
"S42035B","81013","10000",1,0,0,0,0
"S42035D","V5419","10000",1,0,0,0,0
"S42035G","V5419","10000",1,0,0,0,0
"S42035K","73382","10000",1,0,0,0,0
"S42035P","73381","10000",1,0,0,0,0
"S42035S","9052","10000",1,0,0,0,0
"S42036A","81003","10000",1,0,0,0,0
"S42036B","81013","10000",1,0,0,0,0
"S42036D","V5419","10000",1,0,0,0,0
"S42036G","V5419","10000",1,0,0,0,0
"S42036K","73382","10000",1,0,0,0,0
"S42036P","73381","10000",1,0,0,0,0
"S42036S","9052","10000",1,0,0,0,0
"S42101A","81100","10000",1,0,0,0,0
"S42101B","81110","10000",1,0,0,0,0
"S42101D","V5411","10000",1,0,0,0,0
"S42101G","V5411","10000",1,0,0,0,0
"S42101K","73382","10000",1,0,0,0,0
"S42101P","73381","10000",1,0,0,0,0
"S42101S","9052","10000",1,0,0,0,0
"S42102A","81100","10000",1,0,0,0,0
"S42102B","81110","10000",1,0,0,0,0
"S42102D","V5411","10000",1,0,0,0,0
"S42102G","V5411","10000",1,0,0,0,0
"S42102K","73382","10000",1,0,0,0,0
"S42102P","73381","10000",1,0,0,0,0
"S42102S","9052","10000",1,0,0,0,0
"S42109A","81100","10000",1,0,0,0,0
"S42109B","81110","10000",1,0,0,0,0
"S42109D","V5411","10000",1,0,0,0,0
"S42109G","V5411","10000",1,0,0,0,0
"S42109K","73382","10000",1,0,0,0,0
"S42109P","73381","10000",1,0,0,0,0
"S42109S","9052","10000",1,0,0,0,0
"S42111A","81109","10000",1,0,0,0,0
"S42111B","81119","10000",1,0,0,0,0
"S42111D","V5411","10000",1,0,0,0,0
"S42111G","V5411","10000",1,0,0,0,0
"S42111K","73382","10000",1,0,0,0,0
"S42111P","73381","10000",1,0,0,0,0
"S42111S","9052","10000",1,0,0,0,0
"S42112A","81109","10000",1,0,0,0,0
"S42112B","81119","10000",1,0,0,0,0
"S42112D","V5411","10000",1,0,0,0,0
"S42112G","V5411","10000",1,0,0,0,0
"S42112K","73382","10000",1,0,0,0,0
"S42112P","73381","10000",1,0,0,0,0
"S42112S","9052","10000",1,0,0,0,0
"S42113A","81109","10000",1,0,0,0,0
"S42113B","81119","10000",1,0,0,0,0
"S42113D","V5411","10000",1,0,0,0,0
"S42113G","V5411","10000",1,0,0,0,0
"S42113K","73382","10000",1,0,0,0,0
"S42113P","73381","10000",1,0,0,0,0
"S42113S","9052","10000",1,0,0,0,0
"S42114A","81109","10000",1,0,0,0,0
"S42114B","81119","10000",1,0,0,0,0
"S42114D","V5411","10000",1,0,0,0,0
"S42114G","V5411","10000",1,0,0,0,0
"S42114K","73382","10000",1,0,0,0,0
"S42114P","73381","10000",1,0,0,0,0
"S42114S","9052","10000",1,0,0,0,0
"S42115A","81109","10000",1,0,0,0,0
"S42115B","81119","10000",1,0,0,0,0
"S42115D","V5411","10000",1,0,0,0,0
"S42115G","V5411","10000",1,0,0,0,0
"S42115K","73382","10000",1,0,0,0,0
"S42115P","73381","10000",1,0,0,0,0
"S42115S","9052","10000",1,0,0,0,0
"S42116A","81109","10000",1,0,0,0,0
"S42116B","81119","10000",1,0,0,0,0
"S42116D","V5411","10000",1,0,0,0,0
"S42116G","V5411","10000",1,0,0,0,0
"S42116K","73382","10000",1,0,0,0,0
"S42116P","73381","10000",1,0,0,0,0
"S42116S","9052","10000",1,0,0,0,0
"S42121A","81101","10000",1,0,0,0,0
"S42121B","81111","10000",1,0,0,0,0
"S42121D","V5411","10000",1,0,0,0,0
"S42121G","V5411","10000",1,0,0,0,0
"S42121K","73382","10000",1,0,0,0,0
"S42121P","73381","10000",1,0,0,0,0
"S42121S","9052","10000",1,0,0,0,0
"S42122A","81101","10000",1,0,0,0,0
"S42122B","81111","10000",1,0,0,0,0
"S42122D","V5411","10000",1,0,0,0,0
"S42122G","V5411","10000",1,0,0,0,0
"S42122K","73382","10000",1,0,0,0,0
"S42122P","73381","10000",1,0,0,0,0
"S42122S","9052","10000",1,0,0,0,0
"S42123A","81101","10000",1,0,0,0,0
"S42123B","81111","10000",1,0,0,0,0
"S42123D","V5411","10000",1,0,0,0,0
"S42123G","V5411","10000",1,0,0,0,0
"S42123K","73382","10000",1,0,0,0,0
"S42123P","73381","10000",1,0,0,0,0
"S42123S","9052","10000",1,0,0,0,0
"S42124A","81101","10000",1,0,0,0,0
"S42124B","81111","10000",1,0,0,0,0
"S42124D","V5411","10000",1,0,0,0,0
"S42124G","V5411","10000",1,0,0,0,0
"S42124K","73382","10000",1,0,0,0,0
"S42124P","73381","10000",1,0,0,0,0
"S42124S","9052","10000",1,0,0,0,0
"S42125A","81101","10000",1,0,0,0,0
"S42125B","81111","10000",1,0,0,0,0
"S42125D","V5411","10000",1,0,0,0,0
"S42125G","V5411","10000",1,0,0,0,0
"S42125K","73382","10000",1,0,0,0,0
"S42125P","73381","10000",1,0,0,0,0
"S42125S","9052","10000",1,0,0,0,0
"S42126A","81101","10000",1,0,0,0,0
"S42126B","81111","10000",1,0,0,0,0
"S42126D","V5411","10000",1,0,0,0,0
"S42126G","V5411","10000",1,0,0,0,0
"S42126K","73382","10000",1,0,0,0,0
"S42126P","73381","10000",1,0,0,0,0
"S42126S","9052","10000",1,0,0,0,0
"S42131A","81102","10000",1,0,0,0,0
"S42131B","81112","10000",1,0,0,0,0
"S42131D","V5411","10000",1,0,0,0,0
"S42131G","V5411","10000",1,0,0,0,0
"S42131K","73382","10000",1,0,0,0,0
"S42131P","73381","10000",1,0,0,0,0
"S42131S","9052","10000",1,0,0,0,0
"S42132A","81102","10000",1,0,0,0,0
"S42132B","81112","10000",1,0,0,0,0
"S42132D","V5411","10000",1,0,0,0,0
"S42132G","V5411","10000",1,0,0,0,0
"S42132K","73382","10000",1,0,0,0,0
"S42132P","73381","10000",1,0,0,0,0
"S42132S","9052","10000",1,0,0,0,0
"S42133A","81102","10000",1,0,0,0,0
"S42133B","81112","10000",1,0,0,0,0
"S42133D","V5411","10000",1,0,0,0,0
"S42133G","V5411","10000",1,0,0,0,0
"S42133K","73382","10000",1,0,0,0,0
"S42133P","73381","10000",1,0,0,0,0
"S42133S","9052","10000",1,0,0,0,0
"S42134A","81102","10000",1,0,0,0,0
"S42134B","81112","10000",1,0,0,0,0
"S42134D","V5411","10000",1,0,0,0,0
"S42134G","V5411","10000",1,0,0,0,0
"S42134K","73382","10000",1,0,0,0,0
"S42134P","73381","10000",1,0,0,0,0
"S42134S","9052","10000",1,0,0,0,0
"S42135A","81102","10000",1,0,0,0,0
"S42135B","81112","10000",1,0,0,0,0
"S42135D","V5411","10000",1,0,0,0,0
"S42135G","V5411","10000",1,0,0,0,0
"S42135K","73382","10000",1,0,0,0,0
"S42135P","73381","10000",1,0,0,0,0
"S42135S","9052","10000",1,0,0,0,0
"S42136A","81102","10000",1,0,0,0,0
"S42136B","81112","10000",1,0,0,0,0
"S42136D","V5411","10000",1,0,0,0,0
"S42136G","V5411","10000",1,0,0,0,0
"S42136K","73382","10000",1,0,0,0,0
"S42136P","73381","10000",1,0,0,0,0
"S42136S","9052","10000",1,0,0,0,0
"S42141A","81103","10000",1,0,0,0,0
"S42141B","81113","10000",1,0,0,0,0
"S42141D","V5411","10000",1,0,0,0,0
"S42141G","V5411","10000",1,0,0,0,0
"S42141K","73382","10000",1,0,0,0,0
"S42141P","73381","10000",1,0,0,0,0
"S42141S","9052","10000",1,0,0,0,0
"S42142A","81103","10000",1,0,0,0,0
"S42142B","81113","10000",1,0,0,0,0
"S42142D","V5411","10000",1,0,0,0,0
"S42142G","V5411","10000",1,0,0,0,0
"S42142K","73382","10000",1,0,0,0,0
"S42142P","73381","10000",1,0,0,0,0
"S42142S","9052","10000",1,0,0,0,0
"S42143A","81103","10000",1,0,0,0,0
"S42143B","81113","10000",1,0,0,0,0
"S42143D","V5411","10000",1,0,0,0,0
"S42143G","V5411","10000",1,0,0,0,0
"S42143K","73382","10000",1,0,0,0,0
"S42143P","73381","10000",1,0,0,0,0
"S42143S","9052","10000",1,0,0,0,0
"S42144A","81103","10000",1,0,0,0,0
"S42144B","81113","10000",1,0,0,0,0
"S42144D","V5411","10000",1,0,0,0,0
"S42144G","V5411","10000",1,0,0,0,0
"S42144K","73382","10000",1,0,0,0,0
"S42144P","73381","10000",1,0,0,0,0
"S42144S","9052","10000",1,0,0,0,0
"S42145A","81103","10000",1,0,0,0,0
"S42145B","81113","10000",1,0,0,0,0
"S42145D","V5411","10000",1,0,0,0,0
"S42145G","V5411","10000",1,0,0,0,0
"S42145K","73382","10000",1,0,0,0,0
"S42145P","73381","10000",1,0,0,0,0
"S42145S","9052","10000",1,0,0,0,0
"S42146A","81103","10000",1,0,0,0,0
"S42146B","81113","10000",1,0,0,0,0
"S42146D","V5411","10000",1,0,0,0,0
"S42146G","V5411","10000",1,0,0,0,0
"S42146K","73382","10000",1,0,0,0,0
"S42146P","73381","10000",1,0,0,0,0
"S42146S","9052","10000",1,0,0,0,0
"S42151A","81103","10000",1,0,0,0,0
"S42151B","81113","10000",1,0,0,0,0
"S42151D","V5411","10000",1,0,0,0,0
"S42151G","V5411","10000",1,0,0,0,0
"S42151K","73382","10000",1,0,0,0,0
"S42151P","73381","10000",1,0,0,0,0
"S42151S","9052","10000",1,0,0,0,0
"S42152A","81103","10000",1,0,0,0,0
"S42152B","81113","10000",1,0,0,0,0
"S42152D","V5411","10000",1,0,0,0,0
"S42152G","V5411","10000",1,0,0,0,0
"S42152K","73382","10000",1,0,0,0,0
"S42152P","73381","10000",1,0,0,0,0
"S42152S","9052","10000",1,0,0,0,0
"S42153A","81103","10000",1,0,0,0,0
"S42153B","81113","10000",1,0,0,0,0
"S42153D","V5411","10000",1,0,0,0,0
"S42153G","V5411","10000",1,0,0,0,0
"S42153K","73382","10000",1,0,0,0,0
"S42153P","73381","10000",1,0,0,0,0
"S42153S","9052","10000",1,0,0,0,0
"S42154A","81103","10000",1,0,0,0,0
"S42154B","81113","10000",1,0,0,0,0
"S42154D","V5411","10000",1,0,0,0,0
"S42154G","V5411","10000",1,0,0,0,0
"S42154K","73382","10000",1,0,0,0,0
"S42154P","73381","10000",1,0,0,0,0
"S42154S","9052","10000",1,0,0,0,0
"S42155A","81103","10000",1,0,0,0,0
"S42155B","81113","10000",1,0,0,0,0
"S42155D","V5411","10000",1,0,0,0,0
"S42155G","V5411","10000",1,0,0,0,0
"S42155K","73382","10000",1,0,0,0,0
"S42155P","73381","10000",1,0,0,0,0
"S42155S","9052","10000",1,0,0,0,0
"S42156A","81103","10000",1,0,0,0,0
"S42156B","81113","10000",1,0,0,0,0
"S42156D","V5411","10000",1,0,0,0,0
"S42156G","V5411","10000",1,0,0,0,0
"S42156K","73382","10000",1,0,0,0,0
"S42156P","73381","10000",1,0,0,0,0
"S42156S","9052","10000",1,0,0,0,0
"S42191A","81109","10000",1,0,0,0,0
"S42191B","81119","10000",1,0,0,0,0
"S42191D","V5411","10000",1,0,0,0,0
"S42191G","V5411","10000",1,0,0,0,0
"S42191K","73382","10000",1,0,0,0,0
"S42191P","73381","10000",1,0,0,0,0
"S42191S","9052","10000",1,0,0,0,0
"S42192A","81109","10000",1,0,0,0,0
"S42192B","81119","10000",1,0,0,0,0
"S42192D","V5411","10000",1,0,0,0,0
"S42192G","V5411","10000",1,0,0,0,0
"S42192K","73382","10000",1,0,0,0,0
"S42192P","73381","10000",1,0,0,0,0
"S42192S","9052","10000",1,0,0,0,0
"S42199A","81109","10000",1,0,0,0,0
"S42199B","81119","10000",1,0,0,0,0
"S42199D","V5411","10000",1,0,0,0,0
"S42199G","V5411","10000",1,0,0,0,0
"S42199K","73382","10000",1,0,0,0,0
"S42199P","73381","10000",1,0,0,0,0
"S42199S","9052","10000",1,0,0,0,0
"S42201A","81200","10000",1,0,0,0,0
"S42201B","81210","10000",1,0,0,0,0
"S42201D","V5411","10000",1,0,0,0,0
"S42201G","V5411","10000",1,0,0,0,0
"S42201K","73382","10000",1,0,0,0,0
"S42201P","73381","10000",1,0,0,0,0
"S42201S","9052","10000",1,0,0,0,0
"S42202A","81200","10000",1,0,0,0,0
"S42202B","81210","10000",1,0,0,0,0
"S42202D","V5411","10000",1,0,0,0,0
"S42202G","V5411","10000",1,0,0,0,0
"S42202K","73382","10000",1,0,0,0,0
"S42202P","73381","10000",1,0,0,0,0
"S42202S","9052","10000",1,0,0,0,0
"S42209A","81200","10000",1,0,0,0,0
"S42209B","81210","10000",1,0,0,0,0
"S42209D","V5411","10000",1,0,0,0,0
"S42209G","V5411","10000",1,0,0,0,0
"S42209K","73382","10000",1,0,0,0,0
"S42209P","73381","10000",1,0,0,0,0
"S42209S","9052","10000",1,0,0,0,0
"S42211A","81201","10000",1,0,0,0,0
"S42211B","81211","10000",1,0,0,0,0
"S42211D","V5411","10000",1,0,0,0,0
"S42211G","V5411","10000",1,0,0,0,0
"S42211K","73382","10000",1,0,0,0,0
"S42211P","73381","10000",1,0,0,0,0
"S42211S","9052","10000",1,0,0,0,0
"S42212A","81201","10000",1,0,0,0,0
"S42212B","81211","10000",1,0,0,0,0
"S42212D","V5411","10000",1,0,0,0,0
"S42212G","V5411","10000",1,0,0,0,0
"S42212K","73382","10000",1,0,0,0,0
"S42212P","73381","10000",1,0,0,0,0
"S42212S","9052","10000",1,0,0,0,0
"S42213A","81201","10000",1,0,0,0,0
"S42213B","81211","10000",1,0,0,0,0
"S42213D","V5411","10000",1,0,0,0,0
"S42213G","V5411","10000",1,0,0,0,0
"S42213K","73382","10000",1,0,0,0,0
"S42213P","73381","10000",1,0,0,0,0
"S42213S","9052","10000",1,0,0,0,0
"S42214A","81201","10000",1,0,0,0,0
"S42214B","81211","10000",1,0,0,0,0
"S42214D","V5411","10000",1,0,0,0,0
"S42214G","V5411","10000",1,0,0,0,0
"S42214K","73382","10000",1,0,0,0,0
"S42214P","73381","10000",1,0,0,0,0
"S42214S","9052","10000",1,0,0,0,0
"S42215A","81201","10000",1,0,0,0,0
"S42215B","81211","10000",1,0,0,0,0
"S42215D","V5411","10000",1,0,0,0,0
"S42215G","V5411","10000",1,0,0,0,0
"S42215K","73382","10000",1,0,0,0,0
"S42215P","73381","10000",1,0,0,0,0
"S42215S","9052","10000",1,0,0,0,0
"S42216A","81201","10000",1,0,0,0,0
"S42216B","81211","10000",1,0,0,0,0
"S42216D","V5411","10000",1,0,0,0,0
"S42216G","V5411","10000",1,0,0,0,0
"S42216K","73382","10000",1,0,0,0,0
"S42216P","73381","10000",1,0,0,0,0
"S42216S","9052","10000",1,0,0,0,0
"S42221A","81201","10000",1,0,0,0,0
"S42221B","81211","10000",1,0,0,0,0
"S42221D","V5411","10000",1,0,0,0,0
"S42221G","V5411","10000",1,0,0,0,0
"S42221K","73382","10000",1,0,0,0,0
"S42221P","73381","10000",1,0,0,0,0
"S42221S","9052","10000",1,0,0,0,0
"S42222A","81201","10000",1,0,0,0,0
"S42222B","81211","10000",1,0,0,0,0
"S42222D","V5411","10000",1,0,0,0,0
"S42222G","V5411","10000",1,0,0,0,0
"S42222K","73382","10000",1,0,0,0,0
"S42222P","73381","10000",1,0,0,0,0
"S42222S","9052","10000",1,0,0,0,0
"S42223A","81201","10000",1,0,0,0,0
"S42223B","81211","10000",1,0,0,0,0
"S42223D","V5411","10000",1,0,0,0,0
"S42223G","V5411","10000",1,0,0,0,0
"S42223K","73382","10000",1,0,0,0,0
"S42223P","73381","10000",1,0,0,0,0
"S42223S","9052","10000",1,0,0,0,0
"S42224A","81201","10000",1,0,0,0,0
"S42224B","81211","10000",1,0,0,0,0
"S42224D","V5411","10000",1,0,0,0,0
"S42224G","V5411","10000",1,0,0,0,0
"S42224K","73382","10000",1,0,0,0,0
"S42224P","73381","10000",1,0,0,0,0
"S42224S","9052","10000",1,0,0,0,0
"S42225A","81201","10000",1,0,0,0,0
"S42225B","81211","10000",1,0,0,0,0
"S42225D","V5411","10000",1,0,0,0,0
"S42225G","V5411","10000",1,0,0,0,0
"S42225K","73382","10000",1,0,0,0,0
"S42225P","73381","10000",1,0,0,0,0
"S42225S","9052","10000",1,0,0,0,0
"S42226A","81201","10000",1,0,0,0,0
"S42226B","81211","10000",1,0,0,0,0
"S42226D","V5411","10000",1,0,0,0,0
"S42226G","V5411","10000",1,0,0,0,0
"S42226K","73382","10000",1,0,0,0,0
"S42226P","73381","10000",1,0,0,0,0
"S42226S","9052","10000",1,0,0,0,0
"S42231A","81201","10000",1,0,0,0,0
"S42231B","81211","10000",1,0,0,0,0
"S42231D","V5411","10000",1,0,0,0,0
"S42231G","V5411","10000",1,0,0,0,0
"S42231K","73382","10000",1,0,0,0,0
"S42231P","73381","10000",1,0,0,0,0
"S42231S","9052","10000",1,0,0,0,0
"S42232A","81201","10000",1,0,0,0,0
"S42232B","81211","10000",1,0,0,0,0
"S42232D","V5411","10000",1,0,0,0,0
"S42232G","V5411","10000",1,0,0,0,0
"S42232K","73382","10000",1,0,0,0,0
"S42232P","73381","10000",1,0,0,0,0
"S42232S","9052","10000",1,0,0,0,0
"S42239A","81201","10000",1,0,0,0,0
"S42239B","81211","10000",1,0,0,0,0
"S42239D","V5411","10000",1,0,0,0,0
"S42239G","V5411","10000",1,0,0,0,0
"S42239K","73382","10000",1,0,0,0,0
"S42239P","73381","10000",1,0,0,0,0
"S42239S","9052","10000",1,0,0,0,0
"S42241A","81201","10000",1,0,0,0,0
"S42241B","81211","10000",1,0,0,0,0
"S42241D","V5411","10000",1,0,0,0,0
"S42241G","V5411","10000",1,0,0,0,0
"S42241K","73382","10000",1,0,0,0,0
"S42241P","73381","10000",1,0,0,0,0
"S42241S","9052","10000",1,0,0,0,0
"S42242A","81201","10000",1,0,0,0,0
"S42242B","81211","10000",1,0,0,0,0
"S42242D","V5411","10000",1,0,0,0,0
"S42242G","V5411","10000",1,0,0,0,0
"S42242K","73382","10000",1,0,0,0,0
"S42242P","73381","10000",1,0,0,0,0
"S42242S","9052","10000",1,0,0,0,0
"S42249A","81201","10000",1,0,0,0,0
"S42249B","81211","10000",1,0,0,0,0
"S42249D","V5411","10000",1,0,0,0,0
"S42249G","V5411","10000",1,0,0,0,0
"S42249K","73382","10000",1,0,0,0,0
"S42249P","73381","10000",1,0,0,0,0
"S42249S","9052","10000",1,0,0,0,0
"S42251A","81203","10000",1,0,0,0,0
"S42251B","81213","10000",1,0,0,0,0
"S42251D","V5411","10000",1,0,0,0,0
"S42251G","V5411","10000",1,0,0,0,0
"S42251K","73382","10000",1,0,0,0,0
"S42251P","73381","10000",1,0,0,0,0
"S42251S","9052","10000",1,0,0,0,0
"S42252A","81203","10000",1,0,0,0,0
"S42252B","81213","10000",1,0,0,0,0
"S42252D","V5411","10000",1,0,0,0,0
"S42252G","V5411","10000",1,0,0,0,0
"S42252K","73382","10000",1,0,0,0,0
"S42252P","73381","10000",1,0,0,0,0
"S42252S","9052","10000",1,0,0,0,0
"S42253A","81203","10000",1,0,0,0,0
"S42253B","81213","10000",1,0,0,0,0
"S42253D","V5411","10000",1,0,0,0,0
"S42253G","V5411","10000",1,0,0,0,0
"S42253K","73382","10000",1,0,0,0,0
"S42253P","73381","10000",1,0,0,0,0
"S42253S","9052","10000",1,0,0,0,0
"S42254A","81203","10000",1,0,0,0,0
"S42254B","81213","10000",1,0,0,0,0
"S42254D","V5411","10000",1,0,0,0,0
"S42254G","V5411","10000",1,0,0,0,0
"S42254K","73382","10000",1,0,0,0,0
"S42254P","73381","10000",1,0,0,0,0
"S42254S","9052","10000",1,0,0,0,0
"S42255A","81203","10000",1,0,0,0,0
"S42255B","81213","10000",1,0,0,0,0
"S42255D","V5411","10000",1,0,0,0,0
"S42255G","V5411","10000",1,0,0,0,0
"S42255K","73382","10000",1,0,0,0,0
"S42255P","73381","10000",1,0,0,0,0
"S42255S","9052","10000",1,0,0,0,0
"S42256A","81203","10000",1,0,0,0,0
"S42256B","81213","10000",1,0,0,0,0
"S42256D","V5411","10000",1,0,0,0,0
"S42256G","V5411","10000",1,0,0,0,0
"S42256K","73382","10000",1,0,0,0,0
"S42256P","73381","10000",1,0,0,0,0
"S42256S","9052","10000",1,0,0,0,0
"S42261A","81209","10000",1,0,0,0,0
"S42261B","81219","10000",1,0,0,0,0
"S42261D","V5411","10000",1,0,0,0,0
"S42261G","V5411","10000",1,0,0,0,0
"S42261K","73382","10000",1,0,0,0,0
"S42261P","73381","10000",1,0,0,0,0
"S42261S","9052","10000",1,0,0,0,0
"S42262A","81209","10000",1,0,0,0,0
"S42262B","81219","10000",1,0,0,0,0
"S42262D","V5411","10000",1,0,0,0,0
"S42262G","V5411","10000",1,0,0,0,0
"S42262K","73382","10000",1,0,0,0,0
"S42262P","73381","10000",1,0,0,0,0
"S42262S","9052","10000",1,0,0,0,0
"S42263A","81209","10000",1,0,0,0,0
"S42263B","81219","10000",1,0,0,0,0
"S42263D","V5411","10000",1,0,0,0,0
"S42263G","V5411","10000",1,0,0,0,0
"S42263K","73382","10000",1,0,0,0,0
"S42263P","73381","10000",1,0,0,0,0
"S42263S","9052","10000",1,0,0,0,0
"S42264A","81209","10000",1,0,0,0,0
"S42264B","81219","10000",1,0,0,0,0
"S42264D","V5411","10000",1,0,0,0,0
"S42264G","V5411","10000",1,0,0,0,0
"S42264K","73382","10000",1,0,0,0,0
"S42264P","73381","10000",1,0,0,0,0
"S42264S","9052","10000",1,0,0,0,0
"S42265A","81209","10000",1,0,0,0,0
"S42265B","81219","10000",1,0,0,0,0
"S42265D","V5411","10000",1,0,0,0,0
"S42265G","V5411","10000",1,0,0,0,0
"S42265K","73382","10000",1,0,0,0,0
"S42265P","73381","10000",1,0,0,0,0
"S42265S","9052","10000",1,0,0,0,0
"S42266A","81209","10000",1,0,0,0,0
"S42266B","81219","10000",1,0,0,0,0
"S42266D","V5411","10000",1,0,0,0,0
"S42266G","V5411","10000",1,0,0,0,0
"S42266K","73382","10000",1,0,0,0,0
"S42266P","73381","10000",1,0,0,0,0
"S42266S","9052","10000",1,0,0,0,0
"S42271A","81209","10000",1,0,0,0,0
"S42271D","V5411","10000",1,0,0,0,0
"S42271G","V5411","10000",1,0,0,0,0
"S42271K","73382","10000",1,0,0,0,0
"S42271P","73381","10000",1,0,0,0,0
"S42271S","9052","10000",1,0,0,0,0
"S42272A","81209","10000",1,0,0,0,0
"S42272D","V5411","10000",1,0,0,0,0
"S42272G","V5411","10000",1,0,0,0,0
"S42272K","73382","10000",1,0,0,0,0
"S42272P","73381","10000",1,0,0,0,0
"S42272S","9052","10000",1,0,0,0,0
"S42279A","81209","10000",1,0,0,0,0
"S42279D","V5411","10000",1,0,0,0,0
"S42279G","V5411","10000",1,0,0,0,0
"S42279K","73382","10000",1,0,0,0,0
"S42279P","73381","10000",1,0,0,0,0
"S42279S","9052","10000",1,0,0,0,0
"S42291A","81202","10000",1,0,0,0,0
"S42291A","81209","10000",1,0,0,0,0
"S42291B","81212","10000",1,0,0,0,0
"S42291B","81219","10000",1,0,0,0,0
"S42291D","V5411","10000",1,0,0,0,0
"S42291G","V5411","10000",1,0,0,0,0
"S42291K","73382","10000",1,0,0,0,0
"S42291P","73381","10000",1,0,0,0,0
"S42291S","9052","10000",1,0,0,0,0
"S42292A","81202","10000",1,0,0,0,0
"S42292A","81209","10000",1,0,0,0,0
"S42292B","81212","10000",1,0,0,0,0
"S42292B","81219","10000",1,0,0,0,0
"S42292D","V5411","10000",1,0,0,0,0
"S42292G","V5411","10000",1,0,0,0,0
"S42292K","73382","10000",1,0,0,0,0
"S42292P","73381","10000",1,0,0,0,0
"S42292S","9052","10000",1,0,0,0,0
"S42293A","81202","10000",1,0,0,0,0
"S42293A","81209","10000",1,0,0,0,0
"S42293B","81212","10000",1,0,0,0,0
"S42293B","81219","10000",1,0,0,0,0
"S42293D","V5411","10000",1,0,0,0,0
"S42293G","V5411","10000",1,0,0,0,0
"S42293K","73382","10000",1,0,0,0,0
"S42293P","73381","10000",1,0,0,0,0
"S42293S","9052","10000",1,0,0,0,0
"S42294A","81202","10000",1,0,0,0,0
"S42294A","81209","10000",1,0,0,0,0
"S42294B","81212","10000",1,0,0,0,0
"S42294B","81219","10000",1,0,0,0,0
"S42294D","V5411","10000",1,0,0,0,0
"S42294G","V5411","10000",1,0,0,0,0
"S42294K","73382","10000",1,0,0,0,0
"S42294P","73381","10000",1,0,0,0,0
"S42294S","9052","10000",1,0,0,0,0
"S42295A","81202","10000",1,0,0,0,0
"S42295A","81209","10000",1,0,0,0,0
"S42295B","81212","10000",1,0,0,0,0
"S42295B","81219","10000",1,0,0,0,0
"S42295D","V5411","10000",1,0,0,0,0
"S42295G","V5411","10000",1,0,0,0,0
"S42295K","73382","10000",1,0,0,0,0
"S42295P","73381","10000",1,0,0,0,0
"S42295S","9052","10000",1,0,0,0,0
"S42296A","81202","10000",1,0,0,0,0
"S42296A","81209","10000",1,0,0,0,0
"S42296B","81212","10000",1,0,0,0,0
"S42296B","81219","10000",1,0,0,0,0
"S42296D","V5411","10000",1,0,0,0,0
"S42296G","V5411","10000",1,0,0,0,0
"S42296K","73382","10000",1,0,0,0,0
"S42296P","73381","10000",1,0,0,0,0
"S42296S","9052","10000",1,0,0,0,0
"S42301A","81220","10000",1,0,0,0,0
"S42301B","81230","10000",1,0,0,0,0
"S42301D","V5411","10000",1,0,0,0,0
"S42301G","V5411","10000",1,0,0,0,0
"S42301K","73382","10000",1,0,0,0,0
"S42301P","73381","10000",1,0,0,0,0
"S42301S","9052","10000",1,0,0,0,0
"S42302A","81220","10000",1,0,0,0,0
"S42302B","81230","10000",1,0,0,0,0
"S42302D","V5411","10000",1,0,0,0,0
"S42302G","V5411","10000",1,0,0,0,0
"S42302K","73382","10000",1,0,0,0,0
"S42302P","73381","10000",1,0,0,0,0
"S42302S","9052","10000",1,0,0,0,0
"S42309A","81220","10000",1,0,0,0,0
"S42309B","81230","10000",1,0,0,0,0
"S42309D","V5411","10000",1,0,0,0,0
"S42309G","V5411","10000",1,0,0,0,0
"S42309K","73382","10000",1,0,0,0,0
"S42309P","73381","10000",1,0,0,0,0
"S42309S","9052","10000",1,0,0,0,0
"S42311A","81221","10000",1,0,0,0,0
"S42311D","V5411","10000",1,0,0,0,0
"S42311G","V5411","10000",1,0,0,0,0
"S42311K","73382","10000",1,0,0,0,0
"S42311P","73381","10000",1,0,0,0,0
"S42311S","9052","10000",1,0,0,0,0
"S42312A","81221","10000",1,0,0,0,0
"S42312D","V5411","10000",1,0,0,0,0
"S42312G","V5411","10000",1,0,0,0,0
"S42312K","73382","10000",1,0,0,0,0
"S42312P","73381","10000",1,0,0,0,0
"S42312S","9052","10000",1,0,0,0,0
"S42319A","81221","10000",1,0,0,0,0
"S42319D","V5411","10000",1,0,0,0,0
"S42319G","V5411","10000",1,0,0,0,0
"S42319K","73382","10000",1,0,0,0,0
"S42319P","73381","10000",1,0,0,0,0
"S42319S","9052","10000",1,0,0,0,0
"S42321A","81221","10000",1,0,0,0,0
"S42321B","81231","10000",1,0,0,0,0
"S42321D","V5411","10000",1,0,0,0,0
"S42321G","V5411","10000",1,0,0,0,0
"S42321K","73382","10000",1,0,0,0,0
"S42321P","73381","10000",1,0,0,0,0
"S42321S","9052","10000",1,0,0,0,0
"S42322A","81221","10000",1,0,0,0,0
"S42322B","81231","10000",1,0,0,0,0
"S42322D","V5411","10000",1,0,0,0,0
"S42322G","V5411","10000",1,0,0,0,0
"S42322K","73382","10000",1,0,0,0,0
"S42322P","73381","10000",1,0,0,0,0
"S42322S","9052","10000",1,0,0,0,0
"S42323A","81221","10000",1,0,0,0,0
"S42323B","81231","10000",1,0,0,0,0
"S42323D","V5411","10000",1,0,0,0,0
"S42323G","V5411","10000",1,0,0,0,0
"S42323K","73382","10000",1,0,0,0,0
"S42323P","73381","10000",1,0,0,0,0
"S42323S","9052","10000",1,0,0,0,0
"S42324A","81221","10000",1,0,0,0,0
"S42324B","81231","10000",1,0,0,0,0
"S42324D","V5411","10000",1,0,0,0,0
"S42324G","V5411","10000",1,0,0,0,0
"S42324K","73382","10000",1,0,0,0,0
"S42324P","73381","10000",1,0,0,0,0
"S42324S","9052","10000",1,0,0,0,0
"S42325A","81221","10000",1,0,0,0,0
"S42325B","81231","10000",1,0,0,0,0
"S42325D","V5411","10000",1,0,0,0,0
"S42325G","V5411","10000",1,0,0,0,0
"S42325K","73382","10000",1,0,0,0,0
"S42325P","73381","10000",1,0,0,0,0
"S42325S","9052","10000",1,0,0,0,0
"S42326A","81221","10000",1,0,0,0,0
"S42326B","81231","10000",1,0,0,0,0
"S42326D","V5411","10000",1,0,0,0,0
"S42326G","V5411","10000",1,0,0,0,0
"S42326K","73382","10000",1,0,0,0,0
"S42326P","73381","10000",1,0,0,0,0
"S42326S","9052","10000",1,0,0,0,0
"S42331A","81221","10000",1,0,0,0,0
"S42331B","81231","10000",1,0,0,0,0
"S42331D","V5411","10000",1,0,0,0,0
"S42331G","V5411","10000",1,0,0,0,0
"S42331K","73382","10000",1,0,0,0,0
"S42331P","73381","10000",1,0,0,0,0
"S42331S","9052","10000",1,0,0,0,0
"S42332A","81221","10000",1,0,0,0,0
"S42332B","81231","10000",1,0,0,0,0
"S42332D","V5411","10000",1,0,0,0,0
"S42332G","V5411","10000",1,0,0,0,0
"S42332K","73382","10000",1,0,0,0,0
"S42332P","73381","10000",1,0,0,0,0
"S42332S","9052","10000",1,0,0,0,0
"S42333A","81221","10000",1,0,0,0,0
"S42333B","81231","10000",1,0,0,0,0
"S42333D","V5411","10000",1,0,0,0,0
"S42333G","V5411","10000",1,0,0,0,0
"S42333K","73382","10000",1,0,0,0,0
"S42333P","73381","10000",1,0,0,0,0
"S42333S","9052","10000",1,0,0,0,0
"S42334A","81221","10000",1,0,0,0,0
"S42334B","81231","10000",1,0,0,0,0
"S42334D","V5411","10000",1,0,0,0,0
"S42334G","V5411","10000",1,0,0,0,0
"S42334K","73382","10000",1,0,0,0,0
"S42334P","73381","10000",1,0,0,0,0
"S42334S","9052","10000",1,0,0,0,0
"S42335A","81221","10000",1,0,0,0,0
"S42335B","81231","10000",1,0,0,0,0
"S42335D","V5411","10000",1,0,0,0,0
"S42335G","V5411","10000",1,0,0,0,0
"S42335K","73382","10000",1,0,0,0,0
"S42335P","73381","10000",1,0,0,0,0
"S42335S","9052","10000",1,0,0,0,0
"S42336A","81221","10000",1,0,0,0,0
"S42336B","81231","10000",1,0,0,0,0
"S42336D","V5411","10000",1,0,0,0,0
"S42336G","V5411","10000",1,0,0,0,0
"S42336K","73382","10000",1,0,0,0,0
"S42336P","73381","10000",1,0,0,0,0
"S42336S","9052","10000",1,0,0,0,0
"S42341A","81221","10000",1,0,0,0,0
"S42341B","81231","10000",1,0,0,0,0
"S42341D","V5411","10000",1,0,0,0,0
"S42341G","V5411","10000",1,0,0,0,0
"S42341K","73382","10000",1,0,0,0,0
"S42341P","73381","10000",1,0,0,0,0
"S42341S","9052","10000",1,0,0,0,0
"S42342A","81221","10000",1,0,0,0,0
"S42342B","81231","10000",1,0,0,0,0
"S42342D","V5411","10000",1,0,0,0,0
"S42342G","V5411","10000",1,0,0,0,0
"S42342K","73382","10000",1,0,0,0,0
"S42342P","73381","10000",1,0,0,0,0
"S42342S","9052","10000",1,0,0,0,0
"S42343A","81221","10000",1,0,0,0,0
"S42343B","81231","10000",1,0,0,0,0
"S42343D","V5411","10000",1,0,0,0,0
"S42343G","V5411","10000",1,0,0,0,0
"S42343K","73382","10000",1,0,0,0,0
"S42343P","73381","10000",1,0,0,0,0
"S42343S","9052","10000",1,0,0,0,0
"S42344A","81221","10000",1,0,0,0,0
"S42344B","81231","10000",1,0,0,0,0
"S42344D","V5411","10000",1,0,0,0,0
"S42344G","V5411","10000",1,0,0,0,0
"S42344K","73382","10000",1,0,0,0,0
"S42344P","73381","10000",1,0,0,0,0
"S42344S","9052","10000",1,0,0,0,0
"S42345A","81221","10000",1,0,0,0,0
"S42345B","81231","10000",1,0,0,0,0
"S42345D","V5411","10000",1,0,0,0,0
"S42345G","V5411","10000",1,0,0,0,0
"S42345K","73382","10000",1,0,0,0,0
"S42345P","73381","10000",1,0,0,0,0
"S42345S","9052","10000",1,0,0,0,0
"S42346A","81221","10000",1,0,0,0,0
"S42346B","81231","10000",1,0,0,0,0
"S42346D","V5411","10000",1,0,0,0,0
"S42346G","V5411","10000",1,0,0,0,0
"S42346K","73382","10000",1,0,0,0,0
"S42346P","73381","10000",1,0,0,0,0
"S42346S","9052","10000",1,0,0,0,0
"S42351A","81221","10000",1,0,0,0,0
"S42351B","81231","10000",1,0,0,0,0
"S42351D","V5411","10000",1,0,0,0,0
"S42351G","V5411","10000",1,0,0,0,0
"S42351K","73382","10000",1,0,0,0,0
"S42351P","73381","10000",1,0,0,0,0
"S42351S","9052","10000",1,0,0,0,0
"S42352A","81221","10000",1,0,0,0,0
"S42352B","81231","10000",1,0,0,0,0
"S42352D","V5411","10000",1,0,0,0,0
"S42352G","V5411","10000",1,0,0,0,0
"S42352K","73382","10000",1,0,0,0,0
"S42352P","73381","10000",1,0,0,0,0
"S42352S","9052","10000",1,0,0,0,0
"S42353A","81221","10000",1,0,0,0,0
"S42353B","81231","10000",1,0,0,0,0
"S42353D","V5411","10000",1,0,0,0,0
"S42353G","V5411","10000",1,0,0,0,0
"S42353K","73382","10000",1,0,0,0,0
"S42353P","73381","10000",1,0,0,0,0
"S42353S","9052","10000",1,0,0,0,0
"S42354A","81221","10000",1,0,0,0,0
"S42354B","81231","10000",1,0,0,0,0
"S42354D","V5411","10000",1,0,0,0,0
"S42354G","V5411","10000",1,0,0,0,0
"S42354K","73382","10000",1,0,0,0,0
"S42354P","73381","10000",1,0,0,0,0
"S42354S","9052","10000",1,0,0,0,0
"S42355A","81221","10000",1,0,0,0,0
"S42355B","81231","10000",1,0,0,0,0
"S42355D","V5411","10000",1,0,0,0,0
"S42355G","V5411","10000",1,0,0,0,0
"S42355K","73382","10000",1,0,0,0,0
"S42355P","73381","10000",1,0,0,0,0
"S42355S","9052","10000",1,0,0,0,0
"S42356A","81221","10000",1,0,0,0,0
"S42356B","81231","10000",1,0,0,0,0
"S42356D","V5411","10000",1,0,0,0,0
"S42356G","V5411","10000",1,0,0,0,0
"S42356K","73382","10000",1,0,0,0,0
"S42356P","73381","10000",1,0,0,0,0
"S42356S","9052","10000",1,0,0,0,0
"S42361A","81221","10000",1,0,0,0,0
"S42361B","81231","10000",1,0,0,0,0
"S42361D","V5411","10000",1,0,0,0,0
"S42361G","V5411","10000",1,0,0,0,0
"S42361K","73382","10000",1,0,0,0,0
"S42361P","73381","10000",1,0,0,0,0
"S42361S","9052","10000",1,0,0,0,0
"S42362A","81221","10000",1,0,0,0,0
"S42362B","81231","10000",1,0,0,0,0
"S42362D","V5411","10000",1,0,0,0,0
"S42362G","V5411","10000",1,0,0,0,0
"S42362K","73382","10000",1,0,0,0,0
"S42362P","73381","10000",1,0,0,0,0
"S42362S","9052","10000",1,0,0,0,0
"S42363A","81221","10000",1,0,0,0,0
"S42363B","81231","10000",1,0,0,0,0
"S42363D","V5411","10000",1,0,0,0,0
"S42363G","V5411","10000",1,0,0,0,0
"S42363K","73382","10000",1,0,0,0,0
"S42363P","73381","10000",1,0,0,0,0
"S42363S","9052","10000",1,0,0,0,0
"S42364A","81221","10000",1,0,0,0,0
"S42364B","81231","10000",1,0,0,0,0
"S42364D","V5411","10000",1,0,0,0,0
"S42364G","V5411","10000",1,0,0,0,0
"S42364K","73382","10000",1,0,0,0,0
"S42364P","73381","10000",1,0,0,0,0
"S42364S","9052","10000",1,0,0,0,0
"S42365A","81221","10000",1,0,0,0,0
"S42365B","81231","10000",1,0,0,0,0
"S42365D","V5411","10000",1,0,0,0,0
"S42365G","V5411","10000",1,0,0,0,0
"S42365K","73382","10000",1,0,0,0,0
"S42365P","73381","10000",1,0,0,0,0
"S42365S","9052","10000",1,0,0,0,0
"S42366A","81221","10000",1,0,0,0,0
"S42366B","81231","10000",1,0,0,0,0
"S42366D","V5411","10000",1,0,0,0,0
"S42366G","V5411","10000",1,0,0,0,0
"S42366K","73382","10000",1,0,0,0,0
"S42366P","73381","10000",1,0,0,0,0
"S42366S","9052","10000",1,0,0,0,0
"S42391A","81221","10000",1,0,0,0,0
"S42391B","81231","10000",1,0,0,0,0
"S42391D","V5411","10000",1,0,0,0,0
"S42391G","V5411","10000",1,0,0,0,0
"S42391K","73382","10000",1,0,0,0,0
"S42391P","73381","10000",1,0,0,0,0
"S42391S","9052","10000",1,0,0,0,0
"S42392A","81221","10000",1,0,0,0,0
"S42392B","81231","10000",1,0,0,0,0
"S42392D","V5411","10000",1,0,0,0,0
"S42392G","V5411","10000",1,0,0,0,0
"S42392K","73382","10000",1,0,0,0,0
"S42392P","73381","10000",1,0,0,0,0
"S42392S","9052","10000",1,0,0,0,0
"S42399A","81221","10000",1,0,0,0,0
"S42399B","81231","10000",1,0,0,0,0
"S42399D","V5411","10000",1,0,0,0,0
"S42399G","V5411","10000",1,0,0,0,0
"S42399K","73382","10000",1,0,0,0,0
"S42399P","73381","10000",1,0,0,0,0
"S42399S","9052","10000",1,0,0,0,0
"S42401A","81240","10000",1,0,0,0,0
"S42401B","81250","10000",1,0,0,0,0
"S42401D","V5411","10000",1,0,0,0,0
"S42401G","V5411","10000",1,0,0,0,0
"S42401K","73382","10000",1,0,0,0,0
"S42401P","73381","10000",1,0,0,0,0
"S42401S","9052","10000",1,0,0,0,0
"S42402A","81240","10000",1,0,0,0,0
"S42402B","81250","10000",1,0,0,0,0
"S42402D","V5411","10000",1,0,0,0,0
"S42402G","V5411","10000",1,0,0,0,0
"S42402K","73382","10000",1,0,0,0,0
"S42402P","73381","10000",1,0,0,0,0
"S42402S","9052","10000",1,0,0,0,0
"S42409A","81240","10000",1,0,0,0,0
"S42409B","81250","10000",1,0,0,0,0
"S42409D","V5411","10000",1,0,0,0,0
"S42409G","V5411","10000",1,0,0,0,0
"S42409K","73382","10000",1,0,0,0,0
"S42409P","73381","10000",1,0,0,0,0
"S42409S","9052","10000",1,0,0,0,0
"S42411A","81241","10000",1,0,0,0,0
"S42411B","81251","10000",1,0,0,0,0
"S42411D","V5411","10000",1,0,0,0,0
"S42411G","V5411","10000",1,0,0,0,0
"S42411K","73382","10000",1,0,0,0,0
"S42411P","73381","10000",1,0,0,0,0
"S42411S","9052","10000",1,0,0,0,0
"S42412A","81241","10000",1,0,0,0,0
"S42412B","81251","10000",1,0,0,0,0
"S42412D","V5411","10000",1,0,0,0,0
"S42412G","V5411","10000",1,0,0,0,0
"S42412K","73382","10000",1,0,0,0,0
"S42412P","73381","10000",1,0,0,0,0
"S42412S","9052","10000",1,0,0,0,0
"S42413A","81241","10000",1,0,0,0,0
"S42413B","81251","10000",1,0,0,0,0
"S42413D","V5411","10000",1,0,0,0,0
"S42413G","V5411","10000",1,0,0,0,0
"S42413K","73382","10000",1,0,0,0,0
"S42413P","73381","10000",1,0,0,0,0
"S42413S","9052","10000",1,0,0,0,0
"S42414A","81241","10000",1,0,0,0,0
"S42414B","81251","10000",1,0,0,0,0
"S42414D","V5411","10000",1,0,0,0,0
"S42414G","V5411","10000",1,0,0,0,0
"S42414K","73382","10000",1,0,0,0,0
"S42414P","73381","10000",1,0,0,0,0
"S42414S","9052","10000",1,0,0,0,0
"S42415A","81241","10000",1,0,0,0,0
"S42415B","81251","10000",1,0,0,0,0
"S42415D","V5411","10000",1,0,0,0,0
"S42415G","V5411","10000",1,0,0,0,0
"S42415K","73382","10000",1,0,0,0,0
"S42415P","73381","10000",1,0,0,0,0
"S42415S","9052","10000",1,0,0,0,0
"S42416A","81241","10000",1,0,0,0,0
"S42416B","81251","10000",1,0,0,0,0
"S42416D","V5411","10000",1,0,0,0,0
"S42416G","V5411","10000",1,0,0,0,0
"S42416K","73382","10000",1,0,0,0,0
"S42416P","73381","10000",1,0,0,0,0
"S42416S","9052","10000",1,0,0,0,0
"S42421A","81241","10000",1,0,0,0,0
"S42421B","81251","10000",1,0,0,0,0
"S42421D","V5411","10000",1,0,0,0,0
"S42421G","V5411","10000",1,0,0,0,0
"S42421K","73382","10000",1,0,0,0,0
"S42421P","73381","10000",1,0,0,0,0
"S42421S","9052","10000",1,0,0,0,0
"S42422A","81241","10000",1,0,0,0,0
"S42422B","81251","10000",1,0,0,0,0
"S42422D","V5411","10000",1,0,0,0,0
"S42422G","V5411","10000",1,0,0,0,0
"S42422K","73382","10000",1,0,0,0,0
"S42422P","73381","10000",1,0,0,0,0
"S42422S","9052","10000",1,0,0,0,0
"S42423A","81241","10000",1,0,0,0,0
"S42423B","81251","10000",1,0,0,0,0
"S42423D","V5411","10000",1,0,0,0,0
"S42423G","V5411","10000",1,0,0,0,0
"S42423K","73382","10000",1,0,0,0,0
"S42423P","73381","10000",1,0,0,0,0
"S42423S","9052","10000",1,0,0,0,0
"S42424A","81241","10000",1,0,0,0,0
"S42424B","81251","10000",1,0,0,0,0
"S42424D","V5411","10000",1,0,0,0,0
"S42424G","V5411","10000",1,0,0,0,0
"S42424K","73382","10000",1,0,0,0,0
"S42424P","73381","10000",1,0,0,0,0
"S42424S","9052","10000",1,0,0,0,0
"S42425A","81241","10000",1,0,0,0,0
"S42425B","81251","10000",1,0,0,0,0
"S42425D","V5411","10000",1,0,0,0,0
"S42425G","V5411","10000",1,0,0,0,0
"S42425K","73382","10000",1,0,0,0,0
"S42425P","73381","10000",1,0,0,0,0
"S42425S","9052","10000",1,0,0,0,0
"S42426A","81241","10000",1,0,0,0,0
"S42426B","81251","10000",1,0,0,0,0
"S42426D","V5411","10000",1,0,0,0,0
"S42426G","V5411","10000",1,0,0,0,0
"S42426K","73382","10000",1,0,0,0,0
"S42426P","73381","10000",1,0,0,0,0
"S42426S","9052","10000",1,0,0,0,0
"S42431A","81242","10000",1,0,0,0,0
"S42431B","81252","10000",1,0,0,0,0
"S42431D","V5411","10000",1,0,0,0,0
"S42431G","V5411","10000",1,0,0,0,0
"S42431K","73382","10000",1,0,0,0,0
"S42431P","73381","10000",1,0,0,0,0
"S42431S","9052","10000",1,0,0,0,0
"S42432A","81242","10000",1,0,0,0,0
"S42432B","81252","10000",1,0,0,0,0
"S42432D","V5411","10000",1,0,0,0,0
"S42432G","V5411","10000",1,0,0,0,0
"S42432K","73382","10000",1,0,0,0,0
"S42432P","73381","10000",1,0,0,0,0
"S42432S","9052","10000",1,0,0,0,0
"S42433A","81242","10000",1,0,0,0,0
"S42433B","81252","10000",1,0,0,0,0
"S42433D","V5411","10000",1,0,0,0,0
"S42433G","V5411","10000",1,0,0,0,0
"S42433K","73382","10000",1,0,0,0,0
"S42433P","73381","10000",1,0,0,0,0
"S42433S","9052","10000",1,0,0,0,0
"S42434A","81242","10000",1,0,0,0,0
"S42434B","81252","10000",1,0,0,0,0
"S42434D","V5411","10000",1,0,0,0,0
"S42434G","V5411","10000",1,0,0,0,0
"S42434K","73382","10000",1,0,0,0,0
"S42434P","73381","10000",1,0,0,0,0
"S42434S","9052","10000",1,0,0,0,0
"S42435A","81242","10000",1,0,0,0,0
"S42435B","81252","10000",1,0,0,0,0
"S42435D","V5411","10000",1,0,0,0,0
"S42435G","V5411","10000",1,0,0,0,0
"S42435K","73382","10000",1,0,0,0,0
"S42435P","73381","10000",1,0,0,0,0
"S42435S","9052","10000",1,0,0,0,0
"S42436A","81242","10000",1,0,0,0,0
"S42436B","81252","10000",1,0,0,0,0
"S42436D","V5411","10000",1,0,0,0,0
"S42436G","V5411","10000",1,0,0,0,0
"S42436K","73382","10000",1,0,0,0,0
"S42436P","73381","10000",1,0,0,0,0
"S42436S","9052","10000",1,0,0,0,0
"S42441A","81243","10000",1,0,0,0,0
"S42441B","81253","10000",1,0,0,0,0
"S42441D","V5411","10000",1,0,0,0,0
"S42441G","V5411","10000",1,0,0,0,0
"S42441K","73382","10000",1,0,0,0,0
"S42441P","73381","10000",1,0,0,0,0
"S42441S","9052","10000",1,0,0,0,0
"S42442A","81243","10000",1,0,0,0,0
"S42442B","81253","10000",1,0,0,0,0
"S42442D","V5411","10000",1,0,0,0,0
"S42442G","V5411","10000",1,0,0,0,0
"S42442K","73382","10000",1,0,0,0,0
"S42442P","73381","10000",1,0,0,0,0
"S42442S","9052","10000",1,0,0,0,0
"S42443A","81243","10000",1,0,0,0,0
"S42443B","81253","10000",1,0,0,0,0
"S42443D","V5411","10000",1,0,0,0,0
"S42443G","V5411","10000",1,0,0,0,0
"S42443K","73382","10000",1,0,0,0,0
"S42443P","73381","10000",1,0,0,0,0
"S42443S","9052","10000",1,0,0,0,0
"S42444A","81243","10000",1,0,0,0,0
"S42444B","81253","10000",1,0,0,0,0
"S42444D","V5411","10000",1,0,0,0,0
"S42444G","V5411","10000",1,0,0,0,0
"S42444K","73382","10000",1,0,0,0,0
"S42444P","73381","10000",1,0,0,0,0
"S42444S","9052","10000",1,0,0,0,0
"S42445A","81243","10000",1,0,0,0,0
"S42445B","81253","10000",1,0,0,0,0
"S42445D","V5411","10000",1,0,0,0,0
"S42445G","V5411","10000",1,0,0,0,0
"S42445K","73382","10000",1,0,0,0,0
"S42445P","73381","10000",1,0,0,0,0
"S42445S","9052","10000",1,0,0,0,0
"S42446A","81243","10000",1,0,0,0,0
"S42446B","81253","10000",1,0,0,0,0
"S42446D","V5411","10000",1,0,0,0,0
"S42446G","V5411","10000",1,0,0,0,0
"S42446K","73382","10000",1,0,0,0,0
"S42446P","73381","10000",1,0,0,0,0
"S42446S","9052","10000",1,0,0,0,0
"S42447A","81243","10000",1,0,0,0,0
"S42447B","81253","10000",1,0,0,0,0
"S42447D","V5411","10000",1,0,0,0,0
"S42447G","V5411","10000",1,0,0,0,0
"S42447K","73382","10000",1,0,0,0,0
"S42447P","73381","10000",1,0,0,0,0
"S42447S","9052","10000",1,0,0,0,0
"S42448A","81243","10000",1,0,0,0,0
"S42448B","81253","10000",1,0,0,0,0
"S42448D","V5411","10000",1,0,0,0,0
"S42448G","V5411","10000",1,0,0,0,0
"S42448K","73382","10000",1,0,0,0,0
"S42448P","73381","10000",1,0,0,0,0
"S42448S","9052","10000",1,0,0,0,0
"S42449A","81243","10000",1,0,0,0,0
"S42449B","81253","10000",1,0,0,0,0
"S42449D","V5411","10000",1,0,0,0,0
"S42449G","V5411","10000",1,0,0,0,0
"S42449K","73382","10000",1,0,0,0,0
"S42449P","73381","10000",1,0,0,0,0
"S42449S","9052","10000",1,0,0,0,0
"S42451A","81242","10000",1,0,0,0,0
"S42451B","81252","10000",1,0,0,0,0
"S42451D","V5411","10000",1,0,0,0,0
"S42451G","V5411","10000",1,0,0,0,0
"S42451K","73382","10000",1,0,0,0,0
"S42451P","73381","10000",1,0,0,0,0
"S42451S","9052","10000",1,0,0,0,0
"S42452A","81242","10000",1,0,0,0,0
"S42452B","81252","10000",1,0,0,0,0
"S42452D","V5411","10000",1,0,0,0,0
"S42452G","V5411","10000",1,0,0,0,0
"S42452K","73382","10000",1,0,0,0,0
"S42452P","73381","10000",1,0,0,0,0
"S42452S","9052","10000",1,0,0,0,0
"S42453A","81242","10000",1,0,0,0,0
"S42453B","81252","10000",1,0,0,0,0
"S42453D","V5411","10000",1,0,0,0,0
"S42453G","V5411","10000",1,0,0,0,0
"S42453K","73382","10000",1,0,0,0,0
"S42453P","73381","10000",1,0,0,0,0
"S42453S","9052","10000",1,0,0,0,0
"S42454A","81242","10000",1,0,0,0,0
"S42454B","81252","10000",1,0,0,0,0
"S42454D","V5411","10000",1,0,0,0,0
"S42454G","V5411","10000",1,0,0,0,0
"S42454K","73382","10000",1,0,0,0,0
"S42454P","73381","10000",1,0,0,0,0
"S42454S","9052","10000",1,0,0,0,0
"S42455A","81242","10000",1,0,0,0,0
"S42455B","81252","10000",1,0,0,0,0
"S42455D","V5411","10000",1,0,0,0,0
"S42455G","V5411","10000",1,0,0,0,0
"S42455K","73382","10000",1,0,0,0,0
"S42455P","73381","10000",1,0,0,0,0
"S42455S","9052","10000",1,0,0,0,0
"S42456A","81242","10000",1,0,0,0,0
"S42456B","81252","10000",1,0,0,0,0
"S42456D","V5411","10000",1,0,0,0,0
"S42456G","V5411","10000",1,0,0,0,0
"S42456K","73382","10000",1,0,0,0,0
"S42456P","73381","10000",1,0,0,0,0
"S42456S","9052","10000",1,0,0,0,0
"S42461A","81243","10000",1,0,0,0,0
"S42461B","81253","10000",1,0,0,0,0
"S42461D","V5411","10000",1,0,0,0,0
"S42461G","V5411","10000",1,0,0,0,0
"S42461K","73382","10000",1,0,0,0,0
"S42461P","73381","10000",1,0,0,0,0
"S42461S","9052","10000",1,0,0,0,0
"S42462A","81243","10000",1,0,0,0,0
"S42462B","81253","10000",1,0,0,0,0
"S42462D","V5411","10000",1,0,0,0,0
"S42462G","V5411","10000",1,0,0,0,0
"S42462K","73382","10000",1,0,0,0,0
"S42462P","73381","10000",1,0,0,0,0
"S42462S","9052","10000",1,0,0,0,0
"S42463A","81243","10000",1,0,0,0,0
"S42463B","81253","10000",1,0,0,0,0
"S42463D","V5411","10000",1,0,0,0,0
"S42463G","V5411","10000",1,0,0,0,0
"S42463K","73382","10000",1,0,0,0,0
"S42463P","73381","10000",1,0,0,0,0
"S42463S","9052","10000",1,0,0,0,0
"S42464A","81243","10000",1,0,0,0,0
"S42464B","81253","10000",1,0,0,0,0
"S42464D","V5411","10000",1,0,0,0,0
"S42464G","V5411","10000",1,0,0,0,0
"S42464K","73382","10000",1,0,0,0,0
"S42464P","73381","10000",1,0,0,0,0
"S42464S","9052","10000",1,0,0,0,0
"S42465A","81243","10000",1,0,0,0,0
"S42465B","81253","10000",1,0,0,0,0
"S42465D","V5411","10000",1,0,0,0,0
"S42465G","V5411","10000",1,0,0,0,0
"S42465K","73382","10000",1,0,0,0,0
"S42465P","73381","10000",1,0,0,0,0
"S42465S","9052","10000",1,0,0,0,0
"S42466A","81243","10000",1,0,0,0,0
"S42466B","81253","10000",1,0,0,0,0
"S42466D","V5411","10000",1,0,0,0,0
"S42466G","V5411","10000",1,0,0,0,0
"S42466K","73382","10000",1,0,0,0,0
"S42466P","73381","10000",1,0,0,0,0
"S42466S","9052","10000",1,0,0,0,0
"S42471A","81244","10000",1,0,0,0,0
"S42471B","81254","10000",1,0,0,0,0
"S42471D","V5411","10000",1,0,0,0,0
"S42471G","V5411","10000",1,0,0,0,0
"S42471K","73382","10000",1,0,0,0,0
"S42471P","73381","10000",1,0,0,0,0
"S42471S","9052","10000",1,0,0,0,0
"S42472A","81244","10000",1,0,0,0,0
"S42472B","81254","10000",1,0,0,0,0
"S42472D","V5411","10000",1,0,0,0,0
"S42472G","V5411","10000",1,0,0,0,0
"S42472K","73382","10000",1,0,0,0,0
"S42472P","73381","10000",1,0,0,0,0
"S42472S","9052","10000",1,0,0,0,0
"S42473A","81244","10000",1,0,0,0,0
"S42473B","81254","10000",1,0,0,0,0
"S42473D","V5411","10000",1,0,0,0,0
"S42473G","V5411","10000",1,0,0,0,0
"S42473K","73382","10000",1,0,0,0,0
"S42473P","73381","10000",1,0,0,0,0
"S42473S","9052","10000",1,0,0,0,0
"S42474A","81244","10000",1,0,0,0,0
"S42474B","81254","10000",1,0,0,0,0
"S42474D","V5411","10000",1,0,0,0,0
"S42474G","V5411","10000",1,0,0,0,0
"S42474K","73382","10000",1,0,0,0,0
"S42474P","73381","10000",1,0,0,0,0
"S42474S","9052","10000",1,0,0,0,0
"S42475A","81244","10000",1,0,0,0,0
"S42475B","81254","10000",1,0,0,0,0
"S42475D","V5411","10000",1,0,0,0,0
"S42475G","V5411","10000",1,0,0,0,0
"S42475K","73382","10000",1,0,0,0,0
"S42475P","73381","10000",1,0,0,0,0
"S42475S","9052","10000",1,0,0,0,0
"S42476A","81244","10000",1,0,0,0,0
"S42476B","81254","10000",1,0,0,0,0
"S42476D","V5411","10000",1,0,0,0,0
"S42476G","V5411","10000",1,0,0,0,0
"S42476K","73382","10000",1,0,0,0,0
"S42476P","73381","10000",1,0,0,0,0
"S42476S","9052","10000",1,0,0,0,0
"S42481A","81249","10000",1,0,0,0,0
"S42481D","V5411","10000",1,0,0,0,0
"S42481G","V5411","10000",1,0,0,0,0
"S42481K","73382","10000",1,0,0,0,0
"S42481P","73381","10000",1,0,0,0,0
"S42481S","9052","10000",1,0,0,0,0
"S42482A","81249","10000",1,0,0,0,0
"S42482D","V5411","10000",1,0,0,0,0
"S42482G","V5411","10000",1,0,0,0,0
"S42482K","73382","10000",1,0,0,0,0
"S42482P","73381","10000",1,0,0,0,0
"S42482S","9052","10000",1,0,0,0,0
"S42489A","81249","10000",1,0,0,0,0
"S42489D","V5411","10000",1,0,0,0,0
"S42489G","V5411","10000",1,0,0,0,0
"S42489K","73382","10000",1,0,0,0,0
"S42489P","73381","10000",1,0,0,0,0
"S42489S","9052","10000",1,0,0,0,0
"S42491A","81249","10000",1,0,0,0,0
"S42491B","81259","10000",1,0,0,0,0
"S42491D","V5411","10000",1,0,0,0,0
"S42491G","V5411","10000",1,0,0,0,0
"S42491K","73382","10000",1,0,0,0,0
"S42491P","73381","10000",1,0,0,0,0
"S42491S","9052","10000",1,0,0,0,0
"S42492A","81249","10000",1,0,0,0,0
"S42492B","81259","10000",1,0,0,0,0
"S42492D","V5411","10000",1,0,0,0,0
"S42492G","V5411","10000",1,0,0,0,0
"S42492K","73382","10000",1,0,0,0,0
"S42492P","73381","10000",1,0,0,0,0
"S42492S","9052","10000",1,0,0,0,0
"S42493A","81249","10000",1,0,0,0,0
"S42493B","81259","10000",1,0,0,0,0
"S42493D","V5411","10000",1,0,0,0,0
"S42493G","V5411","10000",1,0,0,0,0
"S42493K","73382","10000",1,0,0,0,0
"S42493P","73381","10000",1,0,0,0,0
"S42493S","9052","10000",1,0,0,0,0
"S42494A","81249","10000",1,0,0,0,0
"S42494B","81259","10000",1,0,0,0,0
"S42494D","V5411","10000",1,0,0,0,0
"S42494G","V5411","10000",1,0,0,0,0
"S42494K","73382","10000",1,0,0,0,0
"S42494P","73381","10000",1,0,0,0,0
"S42494S","9052","10000",1,0,0,0,0
"S42495A","81249","10000",1,0,0,0,0
"S42495B","81259","10000",1,0,0,0,0
"S42495D","V5411","10000",1,0,0,0,0
"S42495G","V5411","10000",1,0,0,0,0
"S42495K","73382","10000",1,0,0,0,0
"S42495P","73381","10000",1,0,0,0,0
"S42495S","9052","10000",1,0,0,0,0
"S42496A","81249","10000",1,0,0,0,0
"S42496B","81259","10000",1,0,0,0,0
"S42496D","V5411","10000",1,0,0,0,0
"S42496G","V5411","10000",1,0,0,0,0
"S42496K","73382","10000",1,0,0,0,0
"S42496P","73381","10000",1,0,0,0,0
"S42496S","9052","10000",1,0,0,0,0
"S4290XA","81220","10000",1,0,0,0,0
"S4290XB","81230","10000",1,0,0,0,0
"S4290XD","V5411","10000",1,0,0,0,0
"S4290XG","V5411","10000",1,0,0,0,0
"S4290XK","73382","10000",1,0,0,0,0
"S4290XP","73381","10000",1,0,0,0,0
"S4290XS","9052","10000",1,0,0,0,0
"S4291XA","81220","10000",1,0,0,0,0
"S4291XB","81230","10000",1,0,0,0,0
"S4291XD","V5411","10000",1,0,0,0,0
"S4291XG","V5411","10000",1,0,0,0,0
"S4291XK","73382","10000",1,0,0,0,0
"S4291XP","73381","10000",1,0,0,0,0
"S4291XS","9052","10000",1,0,0,0,0
"S4292XA","81220","10000",1,0,0,0,0
"S4292XB","81230","10000",1,0,0,0,0
"S4292XD","V5411","10000",1,0,0,0,0
"S4292XG","V5411","10000",1,0,0,0,0
"S4292XK","73382","10000",1,0,0,0,0
"S4292XP","73381","10000",1,0,0,0,0
"S4292XS","9052","10000",1,0,0,0,0
"S43001A","83100","10000",1,0,0,0,0
"S43001D","V5889","10000",1,0,0,0,0
"S43001S","9056","10000",1,0,0,0,0
"S43002A","83100","10000",1,0,0,0,0
"S43002D","V5889","10000",1,0,0,0,0
"S43002S","9056","10000",1,0,0,0,0
"S43003A","83100","10000",1,0,0,0,0
"S43003D","V5889","10000",1,0,0,0,0
"S43003S","9056","10000",1,0,0,0,0
"S43004A","83100","10000",1,0,0,0,0
"S43004D","V5889","10000",1,0,0,0,0
"S43004S","9056","10000",1,0,0,0,0
"S43005A","83100","10000",1,0,0,0,0
"S43005D","V5889","10000",1,0,0,0,0
"S43005S","9056","10000",1,0,0,0,0
"S43006A","83100","10000",1,0,0,0,0
"S43006D","V5889","10000",1,0,0,0,0
"S43006S","9056","10000",1,0,0,0,0
"S43011A","83101","10000",1,0,0,0,0
"S43011D","V5889","10000",1,0,0,0,0
"S43011S","9056","10000",1,0,0,0,0
"S43012A","83101","10000",1,0,0,0,0
"S43012D","V5889","10000",1,0,0,0,0
"S43012S","9056","10000",1,0,0,0,0
"S43013A","83101","10000",1,0,0,0,0
"S43013D","V5889","10000",1,0,0,0,0
"S43013S","9056","10000",1,0,0,0,0
"S43014A","83101","10000",1,0,0,0,0
"S43014D","V5889","10000",1,0,0,0,0
"S43014S","9056","10000",1,0,0,0,0
"S43015A","83101","10000",1,0,0,0,0
"S43015D","V5889","10000",1,0,0,0,0
"S43015S","9056","10000",1,0,0,0,0
"S43016A","83101","10000",1,0,0,0,0
"S43016D","V5889","10000",1,0,0,0,0
"S43016S","9056","10000",1,0,0,0,0
"S43021A","83102","10000",1,0,0,0,0
"S43021D","V5889","10000",1,0,0,0,0
"S43021S","9056","10000",1,0,0,0,0
"S43022A","83102","10000",1,0,0,0,0
"S43022D","V5889","10000",1,0,0,0,0
"S43022S","9056","10000",1,0,0,0,0
"S43023A","83102","10000",1,0,0,0,0
"S43023D","V5889","10000",1,0,0,0,0
"S43023S","9056","10000",1,0,0,0,0
"S43024A","83102","10000",1,0,0,0,0
"S43024D","V5889","10000",1,0,0,0,0
"S43024S","9056","10000",1,0,0,0,0
"S43025A","83102","10000",1,0,0,0,0
"S43025D","V5889","10000",1,0,0,0,0
"S43025S","9056","10000",1,0,0,0,0
"S43026A","83102","10000",1,0,0,0,0
"S43026D","V5889","10000",1,0,0,0,0
"S43026S","9056","10000",1,0,0,0,0
"S43031A","83103","10000",1,0,0,0,0
"S43031D","V5889","10000",1,0,0,0,0
"S43031S","9056","10000",1,0,0,0,0
"S43032A","83103","10000",1,0,0,0,0
"S43032D","V5889","10000",1,0,0,0,0
"S43032S","9056","10000",1,0,0,0,0
"S43033A","83103","10000",1,0,0,0,0
"S43033D","V5889","10000",1,0,0,0,0
"S43033S","9056","10000",1,0,0,0,0
"S43034A","83103","10000",1,0,0,0,0
"S43034D","V5889","10000",1,0,0,0,0
"S43034S","9056","10000",1,0,0,0,0
"S43035A","83103","10000",1,0,0,0,0
"S43035D","V5889","10000",1,0,0,0,0
"S43035S","9056","10000",1,0,0,0,0
"S43036A","83103","10000",1,0,0,0,0
"S43036D","V5889","10000",1,0,0,0,0
"S43036S","9056","10000",1,0,0,0,0
"S43081A","83109","10000",1,0,0,0,0
"S43081D","V5889","10000",1,0,0,0,0
"S43081S","9056","10000",1,0,0,0,0
"S43082A","83109","10000",1,0,0,0,0
"S43082D","V5889","10000",1,0,0,0,0
"S43082S","9056","10000",1,0,0,0,0
"S43083A","83109","10000",1,0,0,0,0
"S43083D","V5889","10000",1,0,0,0,0
"S43083S","9056","10000",1,0,0,0,0
"S43084A","83109","10000",1,0,0,0,0
"S43084D","V5889","10000",1,0,0,0,0
"S43084S","9056","10000",1,0,0,0,0
"S43085A","83109","10000",1,0,0,0,0
"S43085D","V5889","10000",1,0,0,0,0
"S43085S","9056","10000",1,0,0,0,0
"S43086A","83109","10000",1,0,0,0,0
"S43086D","V5889","10000",1,0,0,0,0
"S43086S","9056","10000",1,0,0,0,0
"S43101A","83104","10000",1,0,0,0,0
"S43101D","V5889","10000",1,0,0,0,0
"S43101S","9056","10000",1,0,0,0,0
"S43102A","83104","10000",1,0,0,0,0
"S43102D","V5889","10000",1,0,0,0,0
"S43102S","9056","10000",1,0,0,0,0
"S43109A","83104","10000",1,0,0,0,0
"S43109D","V5889","10000",1,0,0,0,0
"S43109S","9056","10000",1,0,0,0,0
"S43111A","83104","10000",1,0,0,0,0
"S43111D","V5889","10000",1,0,0,0,0
"S43111S","9056","10000",1,0,0,0,0
"S43112A","83104","10000",1,0,0,0,0
"S43112D","V5889","10000",1,0,0,0,0
"S43112S","9056","10000",1,0,0,0,0
"S43119A","83104","10000",1,0,0,0,0
"S43119D","V5889","10000",1,0,0,0,0
"S43119S","9056","10000",1,0,0,0,0
"S43121A","83104","10000",1,0,0,0,0
"S43121D","V5889","10000",1,0,0,0,0
"S43121S","9056","10000",1,0,0,0,0
"S43122A","83104","10000",1,0,0,0,0
"S43122D","V5889","10000",1,0,0,0,0
"S43122S","9056","10000",1,0,0,0,0
"S43129A","83104","10000",1,0,0,0,0
"S43129D","V5889","10000",1,0,0,0,0
"S43129S","9056","10000",1,0,0,0,0
"S43131A","83104","10000",1,0,0,0,0
"S43131D","V5889","10000",1,0,0,0,0
"S43131S","9056","10000",1,0,0,0,0
"S43132A","83104","10000",1,0,0,0,0
"S43132D","V5889","10000",1,0,0,0,0
"S43132S","9056","10000",1,0,0,0,0
"S43139A","83104","10000",1,0,0,0,0
"S43139D","V5889","10000",1,0,0,0,0
"S43139S","9056","10000",1,0,0,0,0
"S43141A","83104","10000",1,0,0,0,0
"S43141D","V5889","10000",1,0,0,0,0
"S43141S","9056","10000",1,0,0,0,0
"S43142A","83104","10000",1,0,0,0,0
"S43142D","V5889","10000",1,0,0,0,0
"S43142S","9056","10000",1,0,0,0,0
"S43149A","83104","10000",1,0,0,0,0
"S43149D","V5889","10000",1,0,0,0,0
"S43149S","9056","10000",1,0,0,0,0
"S43151A","83104","10000",1,0,0,0,0
"S43151D","V5889","10000",1,0,0,0,0
"S43151S","9056","10000",1,0,0,0,0
"S43152A","83104","10000",1,0,0,0,0
"S43152D","V5889","10000",1,0,0,0,0
"S43152S","9056","10000",1,0,0,0,0
"S43159A","83104","10000",1,0,0,0,0
"S43159D","V5889","10000",1,0,0,0,0
"S43159S","9056","10000",1,0,0,0,0
"S43201A","83961","10000",1,0,0,0,0
"S43201D","V5889","10000",1,0,0,0,0
"S43201S","9056","10000",1,0,0,0,0
"S43202A","83961","10000",1,0,0,0,0
"S43202D","V5889","10000",1,0,0,0,0
"S43202S","9056","10000",1,0,0,0,0
"S43203A","83961","10000",1,0,0,0,0
"S43203D","V5889","10000",1,0,0,0,0
"S43203S","9056","10000",1,0,0,0,0
"S43204A","83961","10000",1,0,0,0,0
"S43204D","V5889","10000",1,0,0,0,0
"S43204S","9056","10000",1,0,0,0,0
"S43205A","83961","10000",1,0,0,0,0
"S43205D","V5889","10000",1,0,0,0,0
"S43205S","9056","10000",1,0,0,0,0
"S43206A","83961","10000",1,0,0,0,0
"S43206D","V5889","10000",1,0,0,0,0
"S43206S","9056","10000",1,0,0,0,0
"S43211A","83961","10000",1,0,0,0,0
"S43211D","V5889","10000",1,0,0,0,0
"S43211S","9056","10000",1,0,0,0,0
"S43212A","83961","10000",1,0,0,0,0
"S43212D","V5889","10000",1,0,0,0,0
"S43212S","9056","10000",1,0,0,0,0
"S43213A","83961","10000",1,0,0,0,0
"S43213D","V5889","10000",1,0,0,0,0
"S43213S","9056","10000",1,0,0,0,0
"S43214A","83961","10000",1,0,0,0,0
"S43214D","V5889","10000",1,0,0,0,0
"S43214S","9056","10000",1,0,0,0,0
"S43215A","83961","10000",1,0,0,0,0
"S43215D","V5889","10000",1,0,0,0,0
"S43215S","9056","10000",1,0,0,0,0
"S43216A","83961","10000",1,0,0,0,0
"S43216D","V5889","10000",1,0,0,0,0
"S43216S","9056","10000",1,0,0,0,0
"S43221A","83961","10000",1,0,0,0,0
"S43221D","V5889","10000",1,0,0,0,0
"S43221S","9056","10000",1,0,0,0,0
"S43222A","83961","10000",1,0,0,0,0
"S43222D","V5889","10000",1,0,0,0,0
"S43222S","9056","10000",1,0,0,0,0
"S43223A","83961","10000",1,0,0,0,0
"S43223D","V5889","10000",1,0,0,0,0
"S43223S","9056","10000",1,0,0,0,0
"S43224A","83961","10000",1,0,0,0,0
"S43224D","V5889","10000",1,0,0,0,0
"S43224S","9056","10000",1,0,0,0,0
"S43225A","83961","10000",1,0,0,0,0
"S43225D","V5889","10000",1,0,0,0,0
"S43225S","9056","10000",1,0,0,0,0
"S43226A","83961","10000",1,0,0,0,0
"S43226D","V5889","10000",1,0,0,0,0
"S43226S","9056","10000",1,0,0,0,0
"S43301A","83109","10000",1,0,0,0,0
"S43301D","V5889","10000",1,0,0,0,0
"S43301S","9056","10000",1,0,0,0,0
"S43302A","83109","10000",1,0,0,0,0
"S43302D","V5889","10000",1,0,0,0,0
"S43302S","9056","10000",1,0,0,0,0
"S43303A","83109","10000",1,0,0,0,0
"S43303D","V5889","10000",1,0,0,0,0
"S43303S","9056","10000",1,0,0,0,0
"S43304A","83109","10000",1,0,0,0,0
"S43304D","V5889","10000",1,0,0,0,0
"S43304S","9056","10000",1,0,0,0,0
"S43305A","83109","10000",1,0,0,0,0
"S43305D","V5889","10000",1,0,0,0,0
"S43305S","9056","10000",1,0,0,0,0
"S43306A","83109","10000",1,0,0,0,0
"S43306D","V5889","10000",1,0,0,0,0
"S43306S","9056","10000",1,0,0,0,0
"S43311A","83109","10000",1,0,0,0,0
"S43311D","V5889","10000",1,0,0,0,0
"S43311S","9056","10000",1,0,0,0,0
"S43312A","83109","10000",1,0,0,0,0
"S43312D","V5889","10000",1,0,0,0,0
"S43312S","9056","10000",1,0,0,0,0
"S43313A","83109","10000",1,0,0,0,0
"S43313D","V5889","10000",1,0,0,0,0
"S43313S","9056","10000",1,0,0,0,0
"S43314A","83109","10000",1,0,0,0,0
"S43314D","V5889","10000",1,0,0,0,0
"S43314S","9056","10000",1,0,0,0,0
"S43315A","83109","10000",1,0,0,0,0
"S43315D","V5889","10000",1,0,0,0,0
"S43315S","9056","10000",1,0,0,0,0
"S43316A","83109","10000",1,0,0,0,0
"S43316D","V5889","10000",1,0,0,0,0
"S43316S","9056","10000",1,0,0,0,0
"S43391A","83109","10000",1,0,0,0,0
"S43391D","V5889","10000",1,0,0,0,0
"S43391S","9056","10000",1,0,0,0,0
"S43392A","83109","10000",1,0,0,0,0
"S43392D","V5889","10000",1,0,0,0,0
"S43392S","9056","10000",1,0,0,0,0
"S43393A","83109","10000",1,0,0,0,0
"S43393D","V5889","10000",1,0,0,0,0
"S43393S","9056","10000",1,0,0,0,0
"S43394A","83109","10000",1,0,0,0,0
"S43394D","V5889","10000",1,0,0,0,0
"S43394S","9056","10000",1,0,0,0,0
"S43395A","83109","10000",1,0,0,0,0
"S43395D","V5889","10000",1,0,0,0,0
"S43395S","9056","10000",1,0,0,0,0
"S43396A","83109","10000",1,0,0,0,0
"S43396D","V5889","10000",1,0,0,0,0
"S43396S","9056","10000",1,0,0,0,0
"S43401A","8409","10000",1,0,0,0,0
"S43401D","V5889","10000",1,0,0,0,0
"S43401S","9057","10000",1,0,0,0,0
"S43402A","8409","10000",1,0,0,0,0
"S43402D","V5889","10000",1,0,0,0,0
"S43402S","9057","10000",1,0,0,0,0
"S43409A","8409","10000",1,0,0,0,0
"S43409D","V5889","10000",1,0,0,0,0
"S43409S","9057","10000",1,0,0,0,0
"S43411A","8402","10000",1,0,0,0,0
"S43411D","V5889","10000",1,0,0,0,0
"S43411S","9057","10000",1,0,0,0,0
"S43412A","8402","10000",1,0,0,0,0
"S43412D","V5889","10000",1,0,0,0,0
"S43412S","9057","10000",1,0,0,0,0
"S43419A","8402","10000",1,0,0,0,0
"S43419D","V5889","10000",1,0,0,0,0
"S43419S","9057","10000",1,0,0,0,0
"S43421A","8404","10000",1,0,0,0,0
"S43421D","V5889","10000",1,0,0,0,0
"S43421S","9057","10000",1,0,0,0,0
"S43422A","8404","10000",1,0,0,0,0
"S43422D","V5889","10000",1,0,0,0,0
"S43422S","9057","10000",1,0,0,0,0
"S43429A","8404","10000",1,0,0,0,0
"S43429D","V5889","10000",1,0,0,0,0
"S43429S","9057","10000",1,0,0,0,0
"S43431A","8407","10000",1,0,0,0,0
"S43431D","V5889","10000",1,0,0,0,0
"S43431S","9057","10000",1,0,0,0,0
"S43432A","8407","10000",1,0,0,0,0
"S43432D","V5889","10000",1,0,0,0,0
"S43432S","9057","10000",1,0,0,0,0
"S43439A","8407","10000",1,0,0,0,0
"S43439D","V5889","10000",1,0,0,0,0
"S43439S","9057","10000",1,0,0,0,0
"S43491A","8408","10000",1,0,0,0,0
"S43491D","V5889","10000",1,0,0,0,0
"S43491S","9057","10000",1,0,0,0,0
"S43492A","8408","10000",1,0,0,0,0
"S43492D","V5889","10000",1,0,0,0,0
"S43492S","9057","10000",1,0,0,0,0
"S43499A","8408","10000",1,0,0,0,0
"S43499D","V5889","10000",1,0,0,0,0
"S43499S","9057","10000",1,0,0,0,0
"S4350XA","8400","10000",1,0,0,0,0
"S4350XD","V5889","10000",1,0,0,0,0
"S4350XS","9057","10000",1,0,0,0,0
"S4351XA","8400","10000",1,0,0,0,0
"S4351XD","V5889","10000",1,0,0,0,0
"S4351XS","9057","10000",1,0,0,0,0
"S4352XA","8400","10000",1,0,0,0,0
"S4352XD","V5889","10000",1,0,0,0,0
"S4352XS","9057","10000",1,0,0,0,0
"S4360XA","8408","10000",1,0,0,0,0
"S4360XD","V5889","10000",1,0,0,0,0
"S4360XS","9057","10000",1,0,0,0,0
"S4361XA","8408","10000",1,0,0,0,0
"S4361XD","V5889","10000",1,0,0,0,0
"S4361XS","9057","10000",1,0,0,0,0
"S4362XA","8408","10000",1,0,0,0,0
"S4362XD","V5889","10000",1,0,0,0,0
"S4362XS","9057","10000",1,0,0,0,0
"S4380XA","8401","10000",1,0,0,0,0
"S4380XA","8403","10000",1,0,0,0,0
"S4380XA","8405","10000",1,0,0,0,0
"S4380XA","8406","10000",1,0,0,0,0
"S4380XD","V5889","10000",1,0,0,0,0
"S4380XS","9057","10000",1,0,0,0,0
"S4381XA","8401","10000",1,0,0,0,0
"S4381XA","8403","10000",1,0,0,0,0
"S4381XA","8405","10000",1,0,0,0,0
"S4381XA","8406","10000",1,0,0,0,0
"S4381XD","V5889","10000",1,0,0,0,0
"S4381XS","9057","10000",1,0,0,0,0
"S4382XA","8401","10000",1,0,0,0,0
"S4382XA","8403","10000",1,0,0,0,0
"S4382XA","8405","10000",1,0,0,0,0
"S4382XA","8406","10000",1,0,0,0,0
"S4382XD","V5889","10000",1,0,0,0,0
"S4382XS","9057","10000",1,0,0,0,0
"S4390XA","8409","10000",1,0,0,0,0
"S4390XD","V5889","10000",1,0,0,0,0
"S4390XS","9057","10000",1,0,0,0,0
"S4391XA","8409","10000",1,0,0,0,0
"S4391XD","V5889","10000",1,0,0,0,0
"S4391XS","9057","10000",1,0,0,0,0
"S4392XA","8409","10000",1,0,0,0,0
"S4392XD","V5889","10000",1,0,0,0,0
"S4392XS","9057","10000",1,0,0,0,0
"S4400XA","9552","10000",1,0,0,0,0
"S4400XD","V5889","10000",1,0,0,0,0
"S4400XS","9074","10000",1,0,0,0,0
"S4401XA","9552","10000",1,0,0,0,0
"S4401XD","V5889","10000",1,0,0,0,0
"S4401XS","9074","10000",1,0,0,0,0
"S4402XA","9552","10000",1,0,0,0,0
"S4402XD","V5889","10000",1,0,0,0,0
"S4402XS","9074","10000",1,0,0,0,0
"S4410XA","9551","10000",1,0,0,0,0
"S4410XD","V5889","10000",1,0,0,0,0
"S4410XS","9074","10000",1,0,0,0,0
"S4411XA","9551","10000",1,0,0,0,0
"S4411XD","V5889","10000",1,0,0,0,0
"S4411XS","9074","10000",1,0,0,0,0
"S4412XA","9551","10000",1,0,0,0,0
"S4412XD","V5889","10000",1,0,0,0,0
"S4412XS","9074","10000",1,0,0,0,0
"S4420XA","9553","10000",1,0,0,0,0
"S4420XD","V5889","10000",1,0,0,0,0
"S4420XS","9074","10000",1,0,0,0,0
"S4421XA","9553","10000",1,0,0,0,0
"S4421XD","V5889","10000",1,0,0,0,0
"S4421XS","9074","10000",1,0,0,0,0
"S4422XA","9553","10000",1,0,0,0,0
"S4422XD","V5889","10000",1,0,0,0,0
"S4422XS","9074","10000",1,0,0,0,0
"S4430XA","9550","10000",1,0,0,0,0
"S4430XD","V5889","10000",1,0,0,0,0
"S4430XS","9074","10000",1,0,0,0,0
"S4431XA","9550","10000",1,0,0,0,0
"S4431XD","V5889","10000",1,0,0,0,0
"S4431XS","9074","10000",1,0,0,0,0
"S4432XA","9550","10000",1,0,0,0,0
"S4432XD","V5889","10000",1,0,0,0,0
"S4432XS","9074","10000",1,0,0,0,0
"S4440XA","9554","10000",1,0,0,0,0
"S4440XD","V5889","10000",1,0,0,0,0
"S4440XS","9074","10000",1,0,0,0,0
"S4441XA","9554","10000",1,0,0,0,0
"S4441XD","V5889","10000",1,0,0,0,0
"S4441XS","9074","10000",1,0,0,0,0
"S4442XA","9554","10000",1,0,0,0,0
"S4442XD","V5889","10000",1,0,0,0,0
"S4442XS","9074","10000",1,0,0,0,0
"S4450XA","9555","10000",1,0,0,0,0
"S4450XD","V5889","10000",1,0,0,0,0
"S4450XS","9074","10000",1,0,0,0,0
"S4451XA","9555","10000",1,0,0,0,0
"S4451XD","V5889","10000",1,0,0,0,0
"S4451XS","9074","10000",1,0,0,0,0
"S4452XA","9555","10000",1,0,0,0,0
"S4452XD","V5889","10000",1,0,0,0,0
"S4452XS","9074","10000",1,0,0,0,0
"S448X1A","9557","10000",1,0,0,0,0
"S448X1A","9558","10000",1,0,0,0,0
"S448X1D","V5889","10000",1,0,0,0,0
"S448X1S","9074","10000",1,0,0,0,0
"S448X2A","9557","10000",1,0,0,0,0
"S448X2A","9558","10000",1,0,0,0,0
"S448X2D","V5889","10000",1,0,0,0,0
"S448X2S","9074","10000",1,0,0,0,0
"S448X9A","9557","10000",1,0,0,0,0
"S448X9D","V5889","10000",1,0,0,0,0
"S448X9S","9074","10000",1,0,0,0,0
"S4490XA","9559","10000",1,0,0,0,0
"S4490XA","9579","10000",1,0,0,0,0
"S4490XD","V5889","10000",1,0,0,0,0
"S4490XS","9074","10000",1,0,0,0,0
"S4491XA","9559","10000",1,0,0,0,0
"S4491XA","9579","10000",1,0,0,0,0
"S4491XD","V5889","10000",1,0,0,0,0
"S4491XS","9074","10000",1,0,0,0,0
"S4492XA","9559","10000",1,0,0,0,0
"S4492XA","9579","10000",1,0,0,0,0
"S4492XD","V5889","10000",1,0,0,0,0
"S4492XS","9074","10000",1,0,0,0,0
"S45001A","90301","10000",1,0,0,0,0
"S45001D","V5889","10000",1,0,0,0,0
"S45001S","9083","10000",1,0,0,0,0
"S45002A","90301","10000",1,0,0,0,0
"S45002D","V5889","10000",1,0,0,0,0
"S45002S","9083","10000",1,0,0,0,0
"S45009A","90301","10000",1,0,0,0,0
"S45009D","V5889","10000",1,0,0,0,0
"S45009S","9083","10000",1,0,0,0,0
"S45011A","90301","10000",1,0,0,0,0
"S45011D","V5889","10000",1,0,0,0,0
"S45011S","9083","10000",1,0,0,0,0
"S45012A","90301","10000",1,0,0,0,0
"S45012D","V5889","10000",1,0,0,0,0
"S45012S","9083","10000",1,0,0,0,0
"S45019A","90301","10000",1,0,0,0,0
"S45019D","V5889","10000",1,0,0,0,0
"S45019S","9083","10000",1,0,0,0,0
"S45091A","90301","10000",1,0,0,0,0
"S45091D","V5889","10000",1,0,0,0,0
"S45091S","9083","10000",1,0,0,0,0
"S45092A","90301","10000",1,0,0,0,0
"S45092D","V5889","10000",1,0,0,0,0
"S45092S","9083","10000",1,0,0,0,0
"S45099A","90301","10000",1,0,0,0,0
"S45099D","V5889","10000",1,0,0,0,0
"S45099S","9083","10000",1,0,0,0,0
"S45101A","9031","10000",1,0,0,0,0
"S45101D","V5889","10000",1,0,0,0,0
"S45101S","9083","10000",1,0,0,0,0
"S45102A","9031","10000",1,0,0,0,0
"S45102D","V5889","10000",1,0,0,0,0
"S45102S","9083","10000",1,0,0,0,0
"S45109A","9031","10000",1,0,0,0,0
"S45109D","V5889","10000",1,0,0,0,0
"S45109S","9083","10000",1,0,0,0,0
"S45111A","9031","10000",1,0,0,0,0
"S45111D","V5889","10000",1,0,0,0,0
"S45111S","9083","10000",1,0,0,0,0
"S45112A","9031","10000",1,0,0,0,0
"S45112D","V5889","10000",1,0,0,0,0
"S45112S","9083","10000",1,0,0,0,0
"S45119A","9031","10000",1,0,0,0,0
"S45119D","V5889","10000",1,0,0,0,0
"S45119S","9083","10000",1,0,0,0,0
"S45191A","9031","10000",1,0,0,0,0
"S45191D","V5889","10000",1,0,0,0,0
"S45191S","9083","10000",1,0,0,0,0
"S45192A","9031","10000",1,0,0,0,0
"S45192D","V5889","10000",1,0,0,0,0
"S45192S","9083","10000",1,0,0,0,0
"S45199A","9031","10000",1,0,0,0,0
"S45199D","V5889","10000",1,0,0,0,0
"S45199S","9083","10000",1,0,0,0,0
"S45201A","90302","10000",1,0,0,0,0
"S45201A","9031","10000",1,0,0,0,0
"S45201D","V5889","10000",1,0,0,0,0
"S45201S","9083","10000",1,0,0,0,0
"S45202A","90302","10000",1,0,0,0,0
"S45202A","9031","10000",1,0,0,0,0
"S45202D","V5889","10000",1,0,0,0,0
"S45202S","9083","10000",1,0,0,0,0
"S45209A","90302","10000",1,0,0,0,0
"S45209A","9031","10000",1,0,0,0,0
"S45209D","V5889","10000",1,0,0,0,0
"S45209S","9083","10000",1,0,0,0,0
"S45211A","90302","10000",1,0,0,0,0
"S45211A","9031","10000",1,0,0,0,0
"S45211D","V5889","10000",1,0,0,0,0
"S45211S","9083","10000",1,0,0,0,0
"S45212A","90302","10000",1,0,0,0,0
"S45212A","9031","10000",1,0,0,0,0
"S45212D","V5889","10000",1,0,0,0,0
"S45212S","9083","10000",1,0,0,0,0
"S45219A","90302","10000",1,0,0,0,0
"S45219A","9031","10000",1,0,0,0,0
"S45219D","V5889","10000",1,0,0,0,0
"S45219S","9083","10000",1,0,0,0,0
"S45291A","90302","10000",1,0,0,0,0
"S45291A","9031","10000",1,0,0,0,0
"S45291D","V5889","10000",1,0,0,0,0
"S45291S","9083","10000",1,0,0,0,0
"S45292A","90302","10000",1,0,0,0,0
"S45292A","9031","10000",1,0,0,0,0
"S45292D","V5889","10000",1,0,0,0,0
"S45292S","9083","10000",1,0,0,0,0
"S45299A","90302","10000",1,0,0,0,0
"S45299A","9031","10000",1,0,0,0,0
"S45299D","V5889","10000",1,0,0,0,0
"S45299S","9083","10000",1,0,0,0,0
"S45301A","9038","10000",1,0,0,0,0
"S45301D","V5889","10000",1,0,0,0,0
"S45301S","9083","10000",1,0,0,0,0
"S45302A","9038","10000",1,0,0,0,0
"S45302D","V5889","10000",1,0,0,0,0
"S45302S","9083","10000",1,0,0,0,0
"S45309A","9038","10000",1,0,0,0,0
"S45309D","V5889","10000",1,0,0,0,0
"S45309S","9083","10000",1,0,0,0,0
"S45311A","9038","10000",1,0,0,0,0
"S45311D","V5889","10000",1,0,0,0,0
"S45311S","9083","10000",1,0,0,0,0
"S45312A","9038","10000",1,0,0,0,0
"S45312D","V5889","10000",1,0,0,0,0
"S45312S","9083","10000",1,0,0,0,0
"S45319A","9038","10000",1,0,0,0,0
"S45319D","V5889","10000",1,0,0,0,0
"S45319S","9083","10000",1,0,0,0,0
"S45391A","9038","10000",1,0,0,0,0
"S45391D","V5889","10000",1,0,0,0,0
"S45391S","9083","10000",1,0,0,0,0
"S45392A","9038","10000",1,0,0,0,0
"S45392D","V5889","10000",1,0,0,0,0
"S45392S","9083","10000",1,0,0,0,0
"S45399A","9038","10000",1,0,0,0,0
"S45399D","V5889","10000",1,0,0,0,0
"S45399S","9083","10000",1,0,0,0,0
"S45801A","90300","10000",1,0,0,0,0
"S45801A","9038","10000",1,0,0,0,0
"S45801D","V5889","10000",1,0,0,0,0
"S45801S","9083","10000",1,0,0,0,0
"S45802A","90300","10000",1,0,0,0,0
"S45802A","9038","10000",1,0,0,0,0
"S45802D","V5889","10000",1,0,0,0,0
"S45802S","9083","10000",1,0,0,0,0
"S45809A","90300","10000",1,0,0,0,0
"S45809A","9038","10000",1,0,0,0,0
"S45809D","V5889","10000",1,0,0,0,0
"S45809S","9083","10000",1,0,0,0,0
"S45811A","90300","10000",1,0,0,0,0
"S45811A","9038","10000",1,0,0,0,0
"S45811D","V5889","10000",1,0,0,0,0
"S45811S","9083","10000",1,0,0,0,0
"S45812A","90300","10000",1,0,0,0,0
"S45812A","9038","10000",1,0,0,0,0
"S45812D","V5889","10000",1,0,0,0,0
"S45812S","9083","10000",1,0,0,0,0
"S45819A","90300","10000",1,0,0,0,0
"S45819A","9038","10000",1,0,0,0,0
"S45819D","V5889","10000",1,0,0,0,0
"S45819S","9083","10000",1,0,0,0,0
"S45891A","90300","10000",1,0,0,0,0
"S45891A","9038","10000",1,0,0,0,0
"S45891D","V5889","10000",1,0,0,0,0
"S45891S","9083","10000",1,0,0,0,0
"S45892A","90300","10000",1,0,0,0,0
"S45892A","9038","10000",1,0,0,0,0
"S45892D","V5889","10000",1,0,0,0,0
"S45892S","9083","10000",1,0,0,0,0
"S45899A","90300","10000",1,0,0,0,0
"S45899A","9038","10000",1,0,0,0,0
"S45899D","V5889","10000",1,0,0,0,0
"S45899S","9083","10000",1,0,0,0,0
"S45901A","9039","10000",1,0,0,0,0
"S45901D","V5889","10000",1,0,0,0,0
"S45901S","9083","10000",1,0,0,0,0
"S45902A","9039","10000",1,0,0,0,0
"S45902D","V5889","10000",1,0,0,0,0
"S45902S","9083","10000",1,0,0,0,0
"S45909A","9039","10000",1,0,0,0,0
"S45909D","V5889","10000",1,0,0,0,0
"S45909S","9083","10000",1,0,0,0,0
"S45911A","9039","10000",1,0,0,0,0
"S45911D","V5889","10000",1,0,0,0,0
"S45911S","9083","10000",1,0,0,0,0
"S45912A","9039","10000",1,0,0,0,0
"S45912D","V5889","10000",1,0,0,0,0
"S45912S","9083","10000",1,0,0,0,0
"S45919A","9039","10000",1,0,0,0,0
"S45919D","V5889","10000",1,0,0,0,0
"S45919S","9083","10000",1,0,0,0,0
"S45991A","9039","10000",1,0,0,0,0
"S45991D","V5889","10000",1,0,0,0,0
"S45991S","9083","10000",1,0,0,0,0
"S45992A","9039","10000",1,0,0,0,0
"S45992D","V5889","10000",1,0,0,0,0
"S45992S","9083","10000",1,0,0,0,0
"S45999A","9039","10000",1,0,0,0,0
"S45999D","V5889","10000",1,0,0,0,0
"S45999S","9083","10000",1,0,0,0,0
"S46001A","9592","10000",1,0,0,0,0
"S46001D","V5889","10000",1,0,0,0,0
"S46001S","9089","10000",1,0,0,0,0
"S46002A","9592","10000",1,0,0,0,0
"S46002D","V5889","10000",1,0,0,0,0
"S46002S","9089","10000",1,0,0,0,0
"S46009A","9592","10000",1,0,0,0,0
"S46009D","V5889","10000",1,0,0,0,0
"S46009S","9089","10000",1,0,0,0,0
"S46011A","8408","10000",1,0,0,0,0
"S46011D","V5889","10000",1,0,0,0,0
"S46011S","9057","10000",1,0,0,0,0
"S46012A","8408","10000",1,0,0,0,0
"S46012D","V5889","10000",1,0,0,0,0
"S46012S","9057","10000",1,0,0,0,0
"S46019A","8408","10000",1,0,0,0,0
"S46019D","V5889","10000",1,0,0,0,0
"S46019S","9057","10000",1,0,0,0,0
"S46021A","88020","10000",1,0,0,0,0
"S46021D","V5889","10000",1,0,0,0,0
"S46021S","9061","10000",1,0,0,0,0
"S46022A","88020","10000",1,0,0,0,0
"S46022D","V5889","10000",1,0,0,0,0
"S46022S","9061","10000",1,0,0,0,0
"S46029A","88020","10000",1,0,0,0,0
"S46029D","V5889","10000",1,0,0,0,0
"S46029S","9061","10000",1,0,0,0,0
"S46091A","9592","10000",1,0,0,0,0
"S46091D","V5889","10000",1,0,0,0,0
"S46091S","9089","10000",1,0,0,0,0
"S46092A","9592","10000",1,0,0,0,0
"S46092D","V5889","10000",1,0,0,0,0
"S46092S","9089","10000",1,0,0,0,0
"S46099A","9592","10000",1,0,0,0,0
"S46099D","V5889","10000",1,0,0,0,0
"S46099S","9089","10000",1,0,0,0,0
"S46101A","9592","10000",1,0,0,0,0
"S46101D","V5889","10000",1,0,0,0,0
"S46101S","9089","10000",1,0,0,0,0
"S46102A","9592","10000",1,0,0,0,0
"S46102D","V5889","10000",1,0,0,0,0
"S46102S","9089","10000",1,0,0,0,0
"S46109A","9592","10000",1,0,0,0,0
"S46109D","V5889","10000",1,0,0,0,0
"S46109S","9089","10000",1,0,0,0,0
"S46111A","8408","10000",1,0,0,0,0
"S46111D","V5889","10000",1,0,0,0,0
"S46111S","9057","10000",1,0,0,0,0
"S46112A","8408","10000",1,0,0,0,0
"S46112D","V5889","10000",1,0,0,0,0
"S46112S","9057","10000",1,0,0,0,0
"S46119A","8408","10000",1,0,0,0,0
"S46119D","V5889","10000",1,0,0,0,0
"S46119S","9057","10000",1,0,0,0,0
"S46121A","88020","10000",1,0,0,0,0
"S46121D","V5889","10000",1,0,0,0,0
"S46121S","9061","10000",1,0,0,0,0
"S46122A","88020","10000",1,0,0,0,0
"S46122D","V5889","10000",1,0,0,0,0
"S46122S","9061","10000",1,0,0,0,0
"S46129A","88020","10000",1,0,0,0,0
"S46129D","V5889","10000",1,0,0,0,0
"S46129S","9061","10000",1,0,0,0,0
"S46191A","9592","10000",1,0,0,0,0
"S46191D","V5889","10000",1,0,0,0,0
"S46191S","9089","10000",1,0,0,0,0
"S46192A","9592","10000",1,0,0,0,0
"S46192D","V5889","10000",1,0,0,0,0
"S46192S","9089","10000",1,0,0,0,0
"S46199A","9592","10000",1,0,0,0,0
"S46199D","V5889","10000",1,0,0,0,0
"S46199S","9089","10000",1,0,0,0,0
"S46201A","9592","10000",1,0,0,0,0
"S46201D","V5889","10000",1,0,0,0,0
"S46201S","9089","10000",1,0,0,0,0
"S46202A","9592","10000",1,0,0,0,0
"S46202D","V5889","10000",1,0,0,0,0
"S46202S","9089","10000",1,0,0,0,0
"S46209A","9592","10000",1,0,0,0,0
"S46209D","V5889","10000",1,0,0,0,0
"S46209S","9089","10000",1,0,0,0,0
"S46211A","8408","10000",1,0,0,0,0
"S46211D","V5889","10000",1,0,0,0,0
"S46211S","9057","10000",1,0,0,0,0
"S46212A","8408","10000",1,0,0,0,0
"S46212D","V5889","10000",1,0,0,0,0
"S46212S","9057","10000",1,0,0,0,0
"S46219A","8408","10000",1,0,0,0,0
"S46219D","V5889","10000",1,0,0,0,0
"S46219S","9057","10000",1,0,0,0,0
"S46221A","88020","10000",1,0,0,0,0
"S46221D","V5889","10000",1,0,0,0,0
"S46221S","9061","10000",1,0,0,0,0
"S46222A","88020","10000",1,0,0,0,0
"S46222D","V5889","10000",1,0,0,0,0
"S46222S","9061","10000",1,0,0,0,0
"S46229A","88020","10000",1,0,0,0,0
"S46229D","V5889","10000",1,0,0,0,0
"S46229S","9061","10000",1,0,0,0,0
"S46291A","9592","10000",1,0,0,0,0
"S46291D","V5889","10000",1,0,0,0,0
"S46291S","9089","10000",1,0,0,0,0
"S46292A","9592","10000",1,0,0,0,0
"S46292D","V5889","10000",1,0,0,0,0
"S46292S","9089","10000",1,0,0,0,0
"S46299A","9592","10000",1,0,0,0,0
"S46299D","V5889","10000",1,0,0,0,0
"S46299S","9089","10000",1,0,0,0,0
"S46301A","9592","10000",1,0,0,0,0
"S46301D","V5889","10000",1,0,0,0,0
"S46301S","9089","10000",1,0,0,0,0
"S46302A","9592","10000",1,0,0,0,0
"S46302D","V5889","10000",1,0,0,0,0
"S46302S","9089","10000",1,0,0,0,0
"S46309A","9592","10000",1,0,0,0,0
"S46309D","V5889","10000",1,0,0,0,0
"S46309S","9089","10000",1,0,0,0,0
"S46311A","8408","10000",1,0,0,0,0
"S46311D","V5889","10000",1,0,0,0,0
"S46311S","9057","10000",1,0,0,0,0
"S46312A","8408","10000",1,0,0,0,0
"S46312D","V5889","10000",1,0,0,0,0
"S46312S","9057","10000",1,0,0,0,0
"S46319A","8408","10000",1,0,0,0,0
"S46319D","V5889","10000",1,0,0,0,0
"S46319S","9057","10000",1,0,0,0,0
"S46321A","88020","10000",1,0,0,0,0
"S46321D","V5889","10000",1,0,0,0,0
"S46321S","9061","10000",1,0,0,0,0
"S46322A","88020","10000",1,0,0,0,0
"S46322D","V5889","10000",1,0,0,0,0
"S46322S","9061","10000",1,0,0,0,0
"S46329A","88020","10000",1,0,0,0,0
"S46329D","V5889","10000",1,0,0,0,0
"S46329S","9061","10000",1,0,0,0,0
"S46391A","9592","10000",1,0,0,0,0
"S46391D","V5889","10000",1,0,0,0,0
"S46391S","9089","10000",1,0,0,0,0
"S46392A","9592","10000",1,0,0,0,0
"S46392D","V5889","10000",1,0,0,0,0
"S46392S","9089","10000",1,0,0,0,0
"S46399A","9592","10000",1,0,0,0,0
"S46399D","V5889","10000",1,0,0,0,0
"S46399S","9089","10000",1,0,0,0,0
"S46801A","9592","10000",1,0,0,0,0
"S46801D","V5889","10000",1,0,0,0,0
"S46801S","9089","10000",1,0,0,0,0
"S46802A","9592","10000",1,0,0,0,0
"S46802D","V5889","10000",1,0,0,0,0
"S46802S","9089","10000",1,0,0,0,0
"S46809A","9592","10000",1,0,0,0,0
"S46809D","V5889","10000",1,0,0,0,0
"S46809S","9089","10000",1,0,0,0,0
"S46811A","8408","10000",1,0,0,0,0
"S46811D","V5889","10000",1,0,0,0,0
"S46811S","9057","10000",1,0,0,0,0
"S46812A","8408","10000",1,0,0,0,0
"S46812D","V5889","10000",1,0,0,0,0
"S46812S","9057","10000",1,0,0,0,0
"S46819A","8408","10000",1,0,0,0,0
"S46819D","V5889","10000",1,0,0,0,0
"S46819S","9057","10000",1,0,0,0,0
"S46821A","88020","10000",1,0,0,0,0
"S46821D","V5889","10000",1,0,0,0,0
"S46821S","9061","10000",1,0,0,0,0
"S46822A","88020","10000",1,0,0,0,0
"S46822D","V5889","10000",1,0,0,0,0
"S46822S","9061","10000",1,0,0,0,0
"S46829A","88020","10000",1,0,0,0,0
"S46829D","V5889","10000",1,0,0,0,0
"S46829S","9061","10000",1,0,0,0,0
"S46891A","9592","10000",1,0,0,0,0
"S46891D","V5889","10000",1,0,0,0,0
"S46891S","9089","10000",1,0,0,0,0
"S46892A","9592","10000",1,0,0,0,0
"S46892D","V5889","10000",1,0,0,0,0
"S46892S","9089","10000",1,0,0,0,0
"S46899A","9592","10000",1,0,0,0,0
"S46899D","V5889","10000",1,0,0,0,0
"S46899S","9089","10000",1,0,0,0,0
"S46901A","9592","10000",1,0,0,0,0
"S46901D","V5889","10000",1,0,0,0,0
"S46901S","9089","10000",1,0,0,0,0
"S46902A","9592","10000",1,0,0,0,0
"S46902D","V5889","10000",1,0,0,0,0
"S46902S","9089","10000",1,0,0,0,0
"S46909A","9592","10000",1,0,0,0,0
"S46909D","V5889","10000",1,0,0,0,0
"S46909S","9089","10000",1,0,0,0,0
"S46911A","8409","10000",1,0,0,0,0
"S46911D","V5889","10000",1,0,0,0,0
"S46911S","9057","10000",1,0,0,0,0
"S46912A","8409","10000",1,0,0,0,0
"S46912D","V5889","10000",1,0,0,0,0
"S46912S","9057","10000",1,0,0,0,0
"S46919A","8409","10000",1,0,0,0,0
"S46919D","V5889","10000",1,0,0,0,0
"S46919S","9057","10000",1,0,0,0,0
"S46921A","88020","10000",1,0,0,0,0
"S46921D","V5889","10000",1,0,0,0,0
"S46921S","9061","10000",1,0,0,0,0
"S46922A","88020","10000",1,0,0,0,0
"S46922D","V5889","10000",1,0,0,0,0
"S46922S","9061","10000",1,0,0,0,0
"S46929A","88020","10000",1,0,0,0,0
"S46929D","V5889","10000",1,0,0,0,0
"S46929S","9061","10000",1,0,0,0,0
"S46991A","9592","10000",1,0,0,0,0
"S46991D","V5889","10000",1,0,0,0,0
"S46991S","9089","10000",1,0,0,0,0
"S46992A","9592","10000",1,0,0,0,0
"S46992D","V5889","10000",1,0,0,0,0
"S46992S","9089","10000",1,0,0,0,0
"S46999A","9592","10000",1,0,0,0,0
"S46999D","V5889","10000",1,0,0,0,0
"S46999S","9089","10000",1,0,0,0,0
"S471XXA","92700","10000",1,0,0,0,0
"S471XXA","92701","10000",1,0,0,0,0
"S471XXA","92702","10000",1,0,0,0,0
"S471XXA","92703","10000",1,0,0,0,0
"S471XXA","9278","10000",1,0,0,0,0
"S471XXA","9279","10000",1,0,0,0,0
"S471XXD","V5889","10000",1,0,0,0,0
"S471XXS","9064","10000",1,0,0,0,0
"S472XXA","92700","10000",1,0,0,0,0
"S472XXA","92701","10000",1,0,0,0,0
"S472XXA","92702","10000",1,0,0,0,0
"S472XXA","92703","10000",1,0,0,0,0
"S472XXA","9278","10000",1,0,0,0,0
"S472XXA","9279","10000",1,0,0,0,0
"S472XXD","V5889","10000",1,0,0,0,0
"S472XXS","9064","10000",1,0,0,0,0
"S479XXA","92700","10000",1,0,0,0,0
"S479XXA","92703","10000",1,0,0,0,0
"S479XXD","V5889","10000",1,0,0,0,0
"S479XXS","9064","10000",1,0,0,0,0
"S48011A","8872","10000",1,0,0,0,0
"S48011D","V5889","10000",1,0,0,0,0
"S48011S","9059","10000",1,0,0,0,0
"S48012A","8872","10000",1,0,0,0,0
"S48012D","V5889","10000",1,0,0,0,0
"S48012S","9059","10000",1,0,0,0,0
"S48019A","8872","10000",1,0,0,0,0
"S48019D","V5889","10000",1,0,0,0,0
"S48019S","9059","10000",1,0,0,0,0
"S48021A","8872","10000",1,0,0,0,0
"S48021D","V5889","10000",1,0,0,0,0
"S48021S","9059","10000",1,0,0,0,0
"S48022A","8872","10000",1,0,0,0,0
"S48022D","V5889","10000",1,0,0,0,0
"S48022S","9059","10000",1,0,0,0,0
"S48029A","8872","10000",1,0,0,0,0
"S48029D","V5889","10000",1,0,0,0,0
"S48029S","9059","10000",1,0,0,0,0
"S48111A","8872","10000",1,0,0,0,0
"S48111D","V5889","10000",1,0,0,0,0
"S48111S","9059","10000",1,0,0,0,0
"S48112A","8872","10000",1,0,0,0,0
"S48112D","V5889","10000",1,0,0,0,0
"S48112S","9059","10000",1,0,0,0,0
"S48119A","8872","10000",1,0,0,0,0
"S48119D","V5889","10000",1,0,0,0,0
"S48119S","9059","10000",1,0,0,0,0
"S48121A","8872","10000",1,0,0,0,0
"S48121D","V5889","10000",1,0,0,0,0
"S48121S","9059","10000",1,0,0,0,0
"S48122A","8872","10000",1,0,0,0,0
"S48122D","V5889","10000",1,0,0,0,0
"S48122S","9059","10000",1,0,0,0,0
"S48129A","8872","10000",1,0,0,0,0
"S48129D","V5889","10000",1,0,0,0,0
"S48129S","9059","10000",1,0,0,0,0
"S48911A","8874","10000",1,0,0,0,0
"S48911D","V5889","10000",1,0,0,0,0
"S48911S","9059","10000",1,0,0,0,0
"S48912A","8874","10000",1,0,0,0,0
"S48912D","V5889","10000",1,0,0,0,0
"S48912S","9059","10000",1,0,0,0,0
"S48919A","8874","10000",1,0,0,0,0
"S48919D","V5889","10000",1,0,0,0,0
"S48919S","9059","10000",1,0,0,0,0
"S48921A","8874","10000",1,0,0,0,0
"S48921D","V5889","10000",1,0,0,0,0
"S48921S","9059","10000",1,0,0,0,0
"S48922A","8874","10000",1,0,0,0,0
"S48922D","V5889","10000",1,0,0,0,0
"S48922S","9059","10000",1,0,0,0,0
"S48929A","8874","10000",1,0,0,0,0
"S48929D","V5889","10000",1,0,0,0,0
"S48929S","9059","10000",1,0,0,0,0
"S49001A","81209","10000",1,0,0,0,0
"S49001D","V5411","10000",1,0,0,0,0
"S49001G","V5411","10000",1,0,0,0,0
"S49001K","73382","10000",1,0,0,0,0
"S49001P","73381","10000",1,0,0,0,0
"S49001S","9052","10000",1,0,0,0,0
"S49002A","81209","10000",1,0,0,0,0
"S49002D","V5411","10000",1,0,0,0,0
"S49002G","V5411","10000",1,0,0,0,0
"S49002K","73382","10000",1,0,0,0,0
"S49002P","73381","10000",1,0,0,0,0
"S49002S","9052","10000",1,0,0,0,0
"S49009A","81209","10000",1,0,0,0,0
"S49009D","V5411","10000",1,0,0,0,0
"S49009G","V5411","10000",1,0,0,0,0
"S49009K","73382","10000",1,0,0,0,0
"S49009P","73381","10000",1,0,0,0,0
"S49009S","9052","10000",1,0,0,0,0
"S49011A","81209","10000",1,0,0,0,0
"S49011D","V5411","10000",1,0,0,0,0
"S49011G","V5411","10000",1,0,0,0,0
"S49011K","73382","10000",1,0,0,0,0
"S49011P","73381","10000",1,0,0,0,0
"S49011S","9052","10000",1,0,0,0,0
"S49012A","81209","10000",1,0,0,0,0
"S49012D","V5411","10000",1,0,0,0,0
"S49012G","V5411","10000",1,0,0,0,0
"S49012K","73382","10000",1,0,0,0,0
"S49012P","73381","10000",1,0,0,0,0
"S49012S","9052","10000",1,0,0,0,0
"S49019A","81209","10000",1,0,0,0,0
"S49019D","V5411","10000",1,0,0,0,0
"S49019G","V5411","10000",1,0,0,0,0
"S49019K","73382","10000",1,0,0,0,0
"S49019P","73381","10000",1,0,0,0,0
"S49019S","9052","10000",1,0,0,0,0
"S49021A","81209","10000",1,0,0,0,0
"S49021D","V5411","10000",1,0,0,0,0
"S49021G","V5411","10000",1,0,0,0,0
"S49021K","73382","10000",1,0,0,0,0
"S49021P","73381","10000",1,0,0,0,0
"S49021S","9052","10000",1,0,0,0,0
"S49022A","81209","10000",1,0,0,0,0
"S49022D","V5411","10000",1,0,0,0,0
"S49022G","V5411","10000",1,0,0,0,0
"S49022K","73382","10000",1,0,0,0,0
"S49022P","73381","10000",1,0,0,0,0
"S49022S","9052","10000",1,0,0,0,0
"S49029A","81209","10000",1,0,0,0,0
"S49029D","V5411","10000",1,0,0,0,0
"S49029G","V5411","10000",1,0,0,0,0
"S49029K","73382","10000",1,0,0,0,0
"S49029P","73381","10000",1,0,0,0,0
"S49029S","9052","10000",1,0,0,0,0
"S49031A","81209","10000",1,0,0,0,0
"S49031D","V5411","10000",1,0,0,0,0
"S49031G","V5411","10000",1,0,0,0,0
"S49031K","73382","10000",1,0,0,0,0
"S49031P","73381","10000",1,0,0,0,0
"S49031S","9052","10000",1,0,0,0,0
"S49032A","81209","10000",1,0,0,0,0
"S49032D","V5411","10000",1,0,0,0,0
"S49032G","V5411","10000",1,0,0,0,0
"S49032K","73382","10000",1,0,0,0,0
"S49032P","73381","10000",1,0,0,0,0
"S49032S","9052","10000",1,0,0,0,0
"S49039A","81209","10000",1,0,0,0,0
"S49039D","V5411","10000",1,0,0,0,0
"S49039G","V5411","10000",1,0,0,0,0
"S49039K","73382","10000",1,0,0,0,0
"S49039P","73381","10000",1,0,0,0,0
"S49039S","9052","10000",1,0,0,0,0
"S49041A","81209","10000",1,0,0,0,0
"S49041D","V5411","10000",1,0,0,0,0
"S49041G","V5411","10000",1,0,0,0,0
"S49041K","73382","10000",1,0,0,0,0
"S49041P","73381","10000",1,0,0,0,0
"S49041S","9052","10000",1,0,0,0,0
"S49042A","81209","10000",1,0,0,0,0
"S49042D","V5411","10000",1,0,0,0,0
"S49042G","V5411","10000",1,0,0,0,0
"S49042K","73382","10000",1,0,0,0,0
"S49042P","73381","10000",1,0,0,0,0
"S49042S","9052","10000",1,0,0,0,0
"S49049A","81209","10000",1,0,0,0,0
"S49049D","V5411","10000",1,0,0,0,0
"S49049G","V5411","10000",1,0,0,0,0
"S49049K","73382","10000",1,0,0,0,0
"S49049P","73381","10000",1,0,0,0,0
"S49049S","9052","10000",1,0,0,0,0
"S49091A","81209","10000",1,0,0,0,0
"S49091D","V5411","10000",1,0,0,0,0
"S49091G","V5411","10000",1,0,0,0,0
"S49091K","73382","10000",1,0,0,0,0
"S49091P","73381","10000",1,0,0,0,0
"S49091S","9052","10000",1,0,0,0,0
"S49092A","81209","10000",1,0,0,0,0
"S49092D","V5411","10000",1,0,0,0,0
"S49092G","V5411","10000",1,0,0,0,0
"S49092K","73382","10000",1,0,0,0,0
"S49092P","73381","10000",1,0,0,0,0
"S49092S","9052","10000",1,0,0,0,0
"S49099A","81209","10000",1,0,0,0,0
"S49099D","V5411","10000",1,0,0,0,0
"S49099G","V5411","10000",1,0,0,0,0
"S49099K","73382","10000",1,0,0,0,0
"S49099P","73381","10000",1,0,0,0,0
"S49099S","9052","10000",1,0,0,0,0
"S49101A","81244","10000",1,0,0,0,0
"S49101D","V5411","10000",1,0,0,0,0
"S49101G","V5411","10000",1,0,0,0,0
"S49101K","73382","10000",1,0,0,0,0
"S49101P","73381","10000",1,0,0,0,0
"S49101S","9052","10000",1,0,0,0,0
"S49102A","81244","10000",1,0,0,0,0
"S49102D","V5411","10000",1,0,0,0,0
"S49102G","V5411","10000",1,0,0,0,0
"S49102K","73382","10000",1,0,0,0,0
"S49102P","73381","10000",1,0,0,0,0
"S49102S","9052","10000",1,0,0,0,0
"S49109A","81244","10000",1,0,0,0,0
"S49109D","V5411","10000",1,0,0,0,0
"S49109G","V5411","10000",1,0,0,0,0
"S49109K","73382","10000",1,0,0,0,0
"S49109P","73381","10000",1,0,0,0,0
"S49109S","9052","10000",1,0,0,0,0
"S49111A","81244","10000",1,0,0,0,0
"S49111D","V5411","10000",1,0,0,0,0
"S49111G","V5411","10000",1,0,0,0,0
"S49111K","73382","10000",1,0,0,0,0
"S49111P","73381","10000",1,0,0,0,0
"S49111S","9052","10000",1,0,0,0,0
"S49112A","81244","10000",1,0,0,0,0
"S49112D","V5411","10000",1,0,0,0,0
"S49112G","V5411","10000",1,0,0,0,0
"S49112K","73382","10000",1,0,0,0,0
"S49112P","73381","10000",1,0,0,0,0
"S49112S","9052","10000",1,0,0,0,0
"S49119A","81244","10000",1,0,0,0,0
"S49119D","V5411","10000",1,0,0,0,0
"S49119G","V5411","10000",1,0,0,0,0
"S49119K","73382","10000",1,0,0,0,0
"S49119P","73381","10000",1,0,0,0,0
"S49119S","9052","10000",1,0,0,0,0
"S49121A","81244","10000",1,0,0,0,0
"S49121D","V5411","10000",1,0,0,0,0
"S49121G","V5411","10000",1,0,0,0,0
"S49121K","73382","10000",1,0,0,0,0
"S49121P","73381","10000",1,0,0,0,0
"S49121S","9052","10000",1,0,0,0,0
"S49122A","81244","10000",1,0,0,0,0
"S49122D","V5411","10000",1,0,0,0,0
"S49122G","V5411","10000",1,0,0,0,0
"S49122K","73382","10000",1,0,0,0,0
"S49122P","73381","10000",1,0,0,0,0
"S49122S","9052","10000",1,0,0,0,0
"S49129A","81244","10000",1,0,0,0,0
"S49129D","V5411","10000",1,0,0,0,0
"S49129G","V5411","10000",1,0,0,0,0
"S49129K","73382","10000",1,0,0,0,0
"S49129P","73381","10000",1,0,0,0,0
"S49129S","9052","10000",1,0,0,0,0
"S49131A","81244","10000",1,0,0,0,0
"S49131D","V5411","10000",1,0,0,0,0
"S49131G","V5411","10000",1,0,0,0,0
"S49131K","73382","10000",1,0,0,0,0
"S49131P","73381","10000",1,0,0,0,0
"S49131S","9052","10000",1,0,0,0,0
"S49132A","81244","10000",1,0,0,0,0
"S49132D","V5411","10000",1,0,0,0,0
"S49132G","V5411","10000",1,0,0,0,0
"S49132K","73382","10000",1,0,0,0,0
"S49132P","73381","10000",1,0,0,0,0
"S49132S","9052","10000",1,0,0,0,0
"S49139A","81244","10000",1,0,0,0,0
"S49139D","V5411","10000",1,0,0,0,0
"S49139G","V5411","10000",1,0,0,0,0
"S49139K","73382","10000",1,0,0,0,0
"S49139P","73381","10000",1,0,0,0,0
"S49139S","9052","10000",1,0,0,0,0
"S49141A","81244","10000",1,0,0,0,0
"S49141D","V5411","10000",1,0,0,0,0
"S49141G","V5411","10000",1,0,0,0,0
"S49141K","73382","10000",1,0,0,0,0
"S49141P","73381","10000",1,0,0,0,0
"S49141S","9052","10000",1,0,0,0,0
"S49142A","81244","10000",1,0,0,0,0
"S49142D","V5411","10000",1,0,0,0,0
"S49142G","V5411","10000",1,0,0,0,0
"S49142K","73382","10000",1,0,0,0,0
"S49142P","73381","10000",1,0,0,0,0
"S49142S","9052","10000",1,0,0,0,0
"S49149A","81244","10000",1,0,0,0,0
"S49149D","V5411","10000",1,0,0,0,0
"S49149G","V5411","10000",1,0,0,0,0
"S49149K","73382","10000",1,0,0,0,0
"S49149P","73381","10000",1,0,0,0,0
"S49149S","9052","10000",1,0,0,0,0
"S49191A","81244","10000",1,0,0,0,0
"S49191D","V5411","10000",1,0,0,0,0
"S49191G","V5411","10000",1,0,0,0,0
"S49191K","73382","10000",1,0,0,0,0
"S49191P","73381","10000",1,0,0,0,0
"S49191S","9052","10000",1,0,0,0,0
"S49192A","81244","10000",1,0,0,0,0
"S49192D","V5411","10000",1,0,0,0,0
"S49192G","V5411","10000",1,0,0,0,0
"S49192K","73382","10000",1,0,0,0,0
"S49192P","73381","10000",1,0,0,0,0
"S49192S","9052","10000",1,0,0,0,0
"S49199A","81244","10000",1,0,0,0,0
"S49199D","V5411","10000",1,0,0,0,0
"S49199G","V5411","10000",1,0,0,0,0
"S49199K","73382","10000",1,0,0,0,0
"S49199P","73381","10000",1,0,0,0,0
"S49199S","9052","10000",1,0,0,0,0
"S4980XA","9592","10000",1,0,0,0,0
"S4980XD","V5889","10000",1,0,0,0,0
"S4980XS","9089","10000",1,0,0,0,0
"S4981XA","9592","10000",1,0,0,0,0
"S4981XD","V5889","10000",1,0,0,0,0
"S4981XS","9089","10000",1,0,0,0,0
"S4982XA","9592","10000",1,0,0,0,0
"S4982XD","V5889","10000",1,0,0,0,0
"S4982XS","9089","10000",1,0,0,0,0
"S4990XA","9592","10000",1,0,0,0,0
"S4990XD","V5889","10000",1,0,0,0,0
"S4990XS","9089","10000",1,0,0,0,0
"S4991XA","9592","10000",1,0,0,0,0
"S4991XD","V5889","10000",1,0,0,0,0
"S4991XS","9089","10000",1,0,0,0,0
"S4992XA","9592","10000",1,0,0,0,0
"S4992XD","V5889","10000",1,0,0,0,0
"S4992XS","9089","10000",1,0,0,0,0
"S5000XA","92311","10000",1,0,0,0,0
"S5000XD","V5889","10000",1,0,0,0,0
"S5000XS","9063","10000",1,0,0,0,0
"S5001XA","92311","10000",1,0,0,0,0
"S5001XD","V5889","10000",1,0,0,0,0
"S5001XS","9063","10000",1,0,0,0,0
"S5002XA","92311","10000",1,0,0,0,0
"S5002XD","V5889","10000",1,0,0,0,0
"S5002XS","9063","10000",1,0,0,0,0
"S5010XA","92310","10000",1,0,0,0,0
"S5010XD","V5889","10000",1,0,0,0,0
"S5010XS","9063","10000",1,0,0,0,0
"S5011XA","92310","10000",1,0,0,0,0
"S5011XD","V5889","10000",1,0,0,0,0
"S5011XS","9063","10000",1,0,0,0,0
"S5012XA","92310","10000",1,0,0,0,0
"S5012XD","V5889","10000",1,0,0,0,0
"S5012XS","9063","10000",1,0,0,0,0
"S50311A","9130","10000",1,0,0,0,0
"S50311D","V5889","10000",1,0,0,0,0
"S50311S","9062","10000",1,0,0,0,0
"S50312A","9130","10000",1,0,0,0,0
"S50312D","V5889","10000",1,0,0,0,0
"S50312S","9062","10000",1,0,0,0,0
"S50319A","9130","10000",1,0,0,0,0
"S50319D","V5889","10000",1,0,0,0,0
"S50319S","9062","10000",1,0,0,0,0
"S50321A","9132","10000",1,0,0,0,0
"S50321D","V5889","10000",1,0,0,0,0
"S50321S","9062","10000",1,0,0,0,0
"S50322A","9132","10000",1,0,0,0,0
"S50322D","V5889","10000",1,0,0,0,0
"S50322S","9062","10000",1,0,0,0,0
"S50329A","9132","10000",1,0,0,0,0
"S50329D","V5889","10000",1,0,0,0,0
"S50329S","9062","10000",1,0,0,0,0
"S50341A","9138","10000",1,0,0,0,0
"S50341D","V5889","10000",1,0,0,0,0
"S50341S","9062","10000",1,0,0,0,0
"S50342A","9138","10000",1,0,0,0,0
"S50342D","V5889","10000",1,0,0,0,0
"S50342S","9062","10000",1,0,0,0,0
"S50349A","9138","10000",1,0,0,0,0
"S50349D","V5889","10000",1,0,0,0,0
"S50349S","9062","10000",1,0,0,0,0
"S50351A","9136","10000",1,0,0,0,0
"S50351D","V5889","10000",1,0,0,0,0
"S50351S","9062","10000",1,0,0,0,0
"S50352A","9136","10000",1,0,0,0,0
"S50352D","V5889","10000",1,0,0,0,0
"S50352S","9062","10000",1,0,0,0,0
"S50359A","9136","10000",1,0,0,0,0
"S50359D","V5889","10000",1,0,0,0,0
"S50359S","9062","10000",1,0,0,0,0
"S50361A","9134","10000",1,0,0,0,0
"S50361D","V5889","10000",1,0,0,0,0
"S50361S","9062","10000",1,0,0,0,0
"S50362A","9134","10000",1,0,0,0,0
"S50362D","V5889","10000",1,0,0,0,0
"S50362S","9062","10000",1,0,0,0,0
"S50369A","9134","10000",1,0,0,0,0
"S50369D","V5889","10000",1,0,0,0,0
"S50369S","9062","10000",1,0,0,0,0
"S50371A","9138","10000",1,0,0,0,0
"S50371D","V5889","10000",1,0,0,0,0
"S50371S","9062","10000",1,0,0,0,0
"S50372A","9138","10000",1,0,0,0,0
"S50372D","V5889","10000",1,0,0,0,0
"S50372S","9062","10000",1,0,0,0,0
"S50379A","9138","10000",1,0,0,0,0
"S50379D","V5889","10000",1,0,0,0,0
"S50379S","9062","10000",1,0,0,0,0
"S50811A","9130","10000",1,0,0,0,0
"S50811D","V5889","10000",1,0,0,0,0
"S50811S","9062","10000",1,0,0,0,0
"S50812A","9130","10000",1,0,0,0,0
"S50812D","V5889","10000",1,0,0,0,0
"S50812S","9062","10000",1,0,0,0,0
"S50819A","9130","10000",1,0,0,0,0
"S50819D","V5889","10000",1,0,0,0,0
"S50819S","9062","10000",1,0,0,0,0
"S50821A","9132","10000",1,0,0,0,0
"S50821D","V5889","10000",1,0,0,0,0
"S50821S","9062","10000",1,0,0,0,0
"S50822A","9132","10000",1,0,0,0,0
"S50822D","V5889","10000",1,0,0,0,0
"S50822S","9062","10000",1,0,0,0,0
"S50829A","9132","10000",1,0,0,0,0
"S50829D","V5889","10000",1,0,0,0,0
"S50829S","9062","10000",1,0,0,0,0
"S50841A","9138","10000",1,0,0,0,0
"S50841D","V5889","10000",1,0,0,0,0
"S50841S","9062","10000",1,0,0,0,0
"S50842A","9138","10000",1,0,0,0,0
"S50842D","V5889","10000",1,0,0,0,0
"S50842S","9062","10000",1,0,0,0,0
"S50849A","9138","10000",1,0,0,0,0
"S50849D","V5889","10000",1,0,0,0,0
"S50849S","9062","10000",1,0,0,0,0
"S50851A","9136","10000",1,0,0,0,0
"S50851D","V5889","10000",1,0,0,0,0
"S50851S","9062","10000",1,0,0,0,0
"S50852A","9136","10000",1,0,0,0,0
"S50852D","V5889","10000",1,0,0,0,0
"S50852S","9062","10000",1,0,0,0,0
"S50859A","9136","10000",1,0,0,0,0
"S50859D","V5889","10000",1,0,0,0,0
"S50859S","9062","10000",1,0,0,0,0
"S50861A","9134","10000",1,0,0,0,0
"S50861D","V5889","10000",1,0,0,0,0
"S50861S","9062","10000",1,0,0,0,0
"S50862A","9134","10000",1,0,0,0,0
"S50862D","V5889","10000",1,0,0,0,0
"S50862S","9062","10000",1,0,0,0,0
"S50869A","9134","10000",1,0,0,0,0
"S50869D","V5889","10000",1,0,0,0,0
"S50869S","9062","10000",1,0,0,0,0
"S50871A","9138","10000",1,0,0,0,0
"S50871D","V5889","10000",1,0,0,0,0
"S50871S","9062","10000",1,0,0,0,0
"S50872A","9138","10000",1,0,0,0,0
"S50872D","V5889","10000",1,0,0,0,0
"S50872S","9062","10000",1,0,0,0,0
"S50879A","9138","10000",1,0,0,0,0
"S50879D","V5889","10000",1,0,0,0,0
"S50879S","9062","10000",1,0,0,0,0
"S50901A","9138","10000",1,0,0,0,0
"S50901D","V5889","10000",1,0,0,0,0
"S50901S","9062","10000",1,0,0,0,0
"S50902A","9138","10000",1,0,0,0,0
"S50902D","V5889","10000",1,0,0,0,0
"S50902S","9062","10000",1,0,0,0,0
"S50909A","9138","10000",1,0,0,0,0
"S50909D","V5889","10000",1,0,0,0,0
"S50909S","9062","10000",1,0,0,0,0
"S50911A","9138","10000",1,0,0,0,0
"S50911D","V5889","10000",1,0,0,0,0
"S50911S","9062","10000",1,0,0,0,0
"S50912A","9138","10000",1,0,0,0,0
"S50912D","V5889","10000",1,0,0,0,0
"S50912S","9062","10000",1,0,0,0,0
"S50919A","9138","10000",1,0,0,0,0
"S50919D","V5889","10000",1,0,0,0,0
"S50919S","9062","10000",1,0,0,0,0
"S51001A","88101","10000",1,0,0,0,0
"S51001D","V5889","10000",1,0,0,0,0
"S51001S","9061","10000",1,0,0,0,0
"S51002A","88101","10000",1,0,0,0,0
"S51002D","V5889","10000",1,0,0,0,0
"S51002S","9061","10000",1,0,0,0,0
"S51009A","88101","10000",1,0,0,0,0
"S51009D","V5889","10000",1,0,0,0,0
"S51009S","9061","10000",1,0,0,0,0
"S51011A","88101","10000",1,0,0,0,0
"S51011D","V5889","10000",1,0,0,0,0
"S51011S","9061","10000",1,0,0,0,0
"S51012A","88101","10000",1,0,0,0,0
"S51012D","V5889","10000",1,0,0,0,0
"S51012S","9061","10000",1,0,0,0,0
"S51019A","88101","10000",1,0,0,0,0
"S51019D","V5889","10000",1,0,0,0,0
"S51019S","9061","10000",1,0,0,0,0
"S51021A","88111","10000",1,0,0,0,0
"S51021D","V5889","10000",1,0,0,0,0
"S51021S","9061","10000",1,0,0,0,0
"S51022A","88111","10000",1,0,0,0,0
"S51022D","V5889","10000",1,0,0,0,0
"S51022S","9061","10000",1,0,0,0,0
"S51029A","88111","10000",1,0,0,0,0
"S51029D","V5889","10000",1,0,0,0,0
"S51029S","9061","10000",1,0,0,0,0
"S51031A","88101","10000",1,0,0,0,0
"S51031D","V5889","10000",1,0,0,0,0
"S51031S","9061","10000",1,0,0,0,0
"S51032A","88101","10000",1,0,0,0,0
"S51032D","V5889","10000",1,0,0,0,0
"S51032S","9061","10000",1,0,0,0,0
"S51039A","88101","10000",1,0,0,0,0
"S51039D","V5889","10000",1,0,0,0,0
"S51039S","9061","10000",1,0,0,0,0
"S51041A","88111","10000",1,0,0,0,0
"S51041D","V5889","10000",1,0,0,0,0
"S51041S","9061","10000",1,0,0,0,0
"S51042A","88111","10000",1,0,0,0,0
"S51042D","V5889","10000",1,0,0,0,0
"S51042S","9061","10000",1,0,0,0,0
"S51049A","88111","10000",1,0,0,0,0
"S51049D","V5889","10000",1,0,0,0,0
"S51049S","9061","10000",1,0,0,0,0
"S51051A","88101","10000",1,0,0,0,0
"S51051D","V5889","10000",1,0,0,0,0
"S51051S","9061","10000",1,0,0,0,0
"S51052A","88101","10000",1,0,0,0,0
"S51052D","V5889","10000",1,0,0,0,0
"S51052S","9061","10000",1,0,0,0,0
"S51059A","88101","10000",1,0,0,0,0
"S51059D","V5889","10000",1,0,0,0,0
"S51059S","9061","10000",1,0,0,0,0
"S51801A","88100","10000",1,0,0,0,0
"S51801D","V5889","10000",1,0,0,0,0
"S51801S","9061","10000",1,0,0,0,0
"S51802A","88100","10000",1,0,0,0,0
"S51802D","V5889","10000",1,0,0,0,0
"S51802S","9061","10000",1,0,0,0,0
"S51809A","88100","10000",1,0,0,0,0
"S51809D","V5889","10000",1,0,0,0,0
"S51809S","9061","10000",1,0,0,0,0
"S51811A","88100","10000",1,0,0,0,0
"S51811D","V5889","10000",1,0,0,0,0
"S51811S","9061","10000",1,0,0,0,0
"S51812A","88100","10000",1,0,0,0,0
"S51812D","V5889","10000",1,0,0,0,0
"S51812S","9061","10000",1,0,0,0,0
"S51819A","88100","10000",1,0,0,0,0
"S51819D","V5889","10000",1,0,0,0,0
"S51819S","9061","10000",1,0,0,0,0
"S51821A","88110","10000",1,0,0,0,0
"S51821D","V5889","10000",1,0,0,0,0
"S51821S","9061","10000",1,0,0,0,0
"S51822A","88110","10000",1,0,0,0,0
"S51822D","V5889","10000",1,0,0,0,0
"S51822S","9061","10000",1,0,0,0,0
"S51829A","88110","10000",1,0,0,0,0
"S51829D","V5889","10000",1,0,0,0,0
"S51829S","9061","10000",1,0,0,0,0
"S51831A","88100","10000",1,0,0,0,0
"S51831D","V5889","10000",1,0,0,0,0
"S51831S","9061","10000",1,0,0,0,0
"S51832A","88100","10000",1,0,0,0,0
"S51832D","V5889","10000",1,0,0,0,0
"S51832S","9061","10000",1,0,0,0,0
"S51839A","88100","10000",1,0,0,0,0
"S51839D","V5889","10000",1,0,0,0,0
"S51839S","9061","10000",1,0,0,0,0
"S51841A","88110","10000",1,0,0,0,0
"S51841D","V5889","10000",1,0,0,0,0
"S51841S","9061","10000",1,0,0,0,0
"S51842A","88110","10000",1,0,0,0,0
"S51842D","V5889","10000",1,0,0,0,0
"S51842S","9061","10000",1,0,0,0,0
"S51849A","88110","10000",1,0,0,0,0
"S51849D","V5889","10000",1,0,0,0,0
"S51849S","9061","10000",1,0,0,0,0
"S51851A","88100","10000",1,0,0,0,0
"S51851D","V5889","10000",1,0,0,0,0
"S51851S","9061","10000",1,0,0,0,0
"S51852A","88100","10000",1,0,0,0,0
"S51852D","V5889","10000",1,0,0,0,0
"S51852S","9061","10000",1,0,0,0,0
"S51859A","88100","10000",1,0,0,0,0
"S51859D","V5889","10000",1,0,0,0,0
"S51859S","9061","10000",1,0,0,0,0
"S52001A","81304","10000",1,0,0,0,0
"S52001B","81314","10000",1,0,0,0,0
"S52001C","81314","10000",1,0,0,0,0
"S52001D","V5412","10000",1,0,0,0,0
"S52001E","V5412","10000",1,0,0,0,0
"S52001F","V5412","10000",1,0,0,0,0
"S52001G","V5412","10000",1,0,0,0,0
"S52001H","V5412","10000",1,0,0,0,0
"S52001J","V5412","10000",1,0,0,0,0
"S52001K","73382","10000",1,0,0,0,0
"S52001M","73382","10000",1,0,0,0,0
"S52001N","73382","10000",1,0,0,0,0
"S52001P","73381","10000",1,0,0,0,0
"S52001Q","73381","10000",1,0,0,0,0
"S52001R","73381","10000",1,0,0,0,0
"S52001S","9052","10000",1,0,0,0,0
"S52002A","81304","10000",1,0,0,0,0
"S52002B","81314","10000",1,0,0,0,0
"S52002C","81314","10000",1,0,0,0,0
"S52002D","V5412","10000",1,0,0,0,0
"S52002E","V5412","10000",1,0,0,0,0
"S52002F","V5412","10000",1,0,0,0,0
"S52002G","V5412","10000",1,0,0,0,0
"S52002H","V5412","10000",1,0,0,0,0
"S52002J","V5412","10000",1,0,0,0,0
"S52002K","73382","10000",1,0,0,0,0
"S52002M","73382","10000",1,0,0,0,0
"S52002N","73382","10000",1,0,0,0,0
"S52002P","73381","10000",1,0,0,0,0
"S52002Q","73381","10000",1,0,0,0,0
"S52002R","73381","10000",1,0,0,0,0
"S52002S","9052","10000",1,0,0,0,0
"S52009A","81304","10000",1,0,0,0,0
"S52009B","81314","10000",1,0,0,0,0
"S52009C","81314","10000",1,0,0,0,0
"S52009D","V5412","10000",1,0,0,0,0
"S52009E","V5412","10000",1,0,0,0,0
"S52009F","V5412","10000",1,0,0,0,0
"S52009G","V5412","10000",1,0,0,0,0
"S52009H","V5412","10000",1,0,0,0,0
"S52009J","V5412","10000",1,0,0,0,0
"S52009K","73382","10000",1,0,0,0,0
"S52009M","73382","10000",1,0,0,0,0
"S52009N","73382","10000",1,0,0,0,0
"S52009P","73381","10000",1,0,0,0,0
"S52009Q","73381","10000",1,0,0,0,0
"S52009R","73381","10000",1,0,0,0,0
"S52009S","9052","10000",1,0,0,0,0
"S52011A","81346","10000",1,0,0,0,0
"S52011D","V5412","10000",1,0,0,0,0
"S52011G","V5412","10000",1,0,0,0,0
"S52011K","73382","10000",1,0,0,0,0
"S52011P","73381","10000",1,0,0,0,0
"S52011S","9052","10000",1,0,0,0,0
"S52012A","81346","10000",1,0,0,0,0
"S52012D","V5412","10000",1,0,0,0,0
"S52012G","V5412","10000",1,0,0,0,0
"S52012K","73382","10000",1,0,0,0,0
"S52012P","73381","10000",1,0,0,0,0
"S52012S","9052","10000",1,0,0,0,0
"S52019A","81346","10000",1,0,0,0,0
"S52019D","V5412","10000",1,0,0,0,0
"S52019G","V5412","10000",1,0,0,0,0
"S52019K","73382","10000",1,0,0,0,0
"S52019P","73381","10000",1,0,0,0,0
"S52019S","9052","10000",1,0,0,0,0
"S52021A","81301","10000",1,0,0,0,0
"S52021B","81311","10000",1,0,0,0,0
"S52021C","81311","10000",1,0,0,0,0
"S52021D","V5412","10000",1,0,0,0,0
"S52021E","V5412","10000",1,0,0,0,0
"S52021F","V5412","10000",1,0,0,0,0
"S52021G","V5412","10000",1,0,0,0,0
"S52021H","V5412","10000",1,0,0,0,0
"S52021J","V5412","10000",1,0,0,0,0
"S52021K","73382","10000",1,0,0,0,0
"S52021M","73382","10000",1,0,0,0,0
"S52021N","73382","10000",1,0,0,0,0
"S52021P","73381","10000",1,0,0,0,0
"S52021Q","73381","10000",1,0,0,0,0
"S52021R","73381","10000",1,0,0,0,0
"S52021S","9052","10000",1,0,0,0,0
"S52022A","81301","10000",1,0,0,0,0
"S52022B","81311","10000",1,0,0,0,0
"S52022C","81311","10000",1,0,0,0,0
"S52022D","V5412","10000",1,0,0,0,0
"S52022E","V5412","10000",1,0,0,0,0
"S52022F","V5412","10000",1,0,0,0,0
"S52022G","V5412","10000",1,0,0,0,0
"S52022H","V5412","10000",1,0,0,0,0
"S52022J","V5412","10000",1,0,0,0,0
"S52022K","73382","10000",1,0,0,0,0
"S52022M","73382","10000",1,0,0,0,0
"S52022N","73382","10000",1,0,0,0,0
"S52022P","73381","10000",1,0,0,0,0
"S52022Q","73381","10000",1,0,0,0,0
"S52022R","73381","10000",1,0,0,0,0
"S52022S","9052","10000",1,0,0,0,0
"S52023A","81301","10000",1,0,0,0,0
"S52023B","81311","10000",1,0,0,0,0
"S52023C","81311","10000",1,0,0,0,0
"S52023D","V5412","10000",1,0,0,0,0
"S52023E","V5412","10000",1,0,0,0,0
"S52023F","V5412","10000",1,0,0,0,0
"S52023G","V5412","10000",1,0,0,0,0
"S52023H","V5412","10000",1,0,0,0,0
"S52023J","V5412","10000",1,0,0,0,0
"S52023K","73382","10000",1,0,0,0,0
"S52023M","73382","10000",1,0,0,0,0
"S52023N","73382","10000",1,0,0,0,0
"S52023P","73381","10000",1,0,0,0,0
"S52023Q","73381","10000",1,0,0,0,0
"S52023R","73381","10000",1,0,0,0,0
"S52023S","9052","10000",1,0,0,0,0
"S52024A","81301","10000",1,0,0,0,0
"S52024B","81311","10000",1,0,0,0,0
"S52024C","81311","10000",1,0,0,0,0
"S52024D","V5412","10000",1,0,0,0,0
"S52024E","V5412","10000",1,0,0,0,0
"S52024F","V5412","10000",1,0,0,0,0
"S52024G","V5412","10000",1,0,0,0,0
"S52024H","V5412","10000",1,0,0,0,0
"S52024J","V5412","10000",1,0,0,0,0
"S52024K","73382","10000",1,0,0,0,0
"S52024M","73382","10000",1,0,0,0,0
"S52024N","73382","10000",1,0,0,0,0
"S52024P","73381","10000",1,0,0,0,0
"S52024Q","73381","10000",1,0,0,0,0
"S52024R","73381","10000",1,0,0,0,0
"S52024S","9052","10000",1,0,0,0,0
"S52025A","81301","10000",1,0,0,0,0
"S52025B","81311","10000",1,0,0,0,0
"S52025C","81311","10000",1,0,0,0,0
"S52025D","V5412","10000",1,0,0,0,0
"S52025E","V5412","10000",1,0,0,0,0
"S52025F","V5412","10000",1,0,0,0,0
"S52025G","V5412","10000",1,0,0,0,0
"S52025H","V5412","10000",1,0,0,0,0
"S52025J","V5412","10000",1,0,0,0,0
"S52025K","73382","10000",1,0,0,0,0
"S52025M","73382","10000",1,0,0,0,0
"S52025N","73382","10000",1,0,0,0,0
"S52025P","73381","10000",1,0,0,0,0
"S52025Q","73381","10000",1,0,0,0,0
"S52025R","73381","10000",1,0,0,0,0
"S52025S","9052","10000",1,0,0,0,0
"S52026A","81301","10000",1,0,0,0,0
"S52026B","81311","10000",1,0,0,0,0
"S52026C","81311","10000",1,0,0,0,0
"S52026D","V5412","10000",1,0,0,0,0
"S52026E","V5412","10000",1,0,0,0,0
"S52026F","V5412","10000",1,0,0,0,0
"S52026G","V5412","10000",1,0,0,0,0
"S52026H","V5412","10000",1,0,0,0,0
"S52026J","V5412","10000",1,0,0,0,0
"S52026K","73382","10000",1,0,0,0,0
"S52026M","73382","10000",1,0,0,0,0
"S52026N","73382","10000",1,0,0,0,0
"S52026P","73381","10000",1,0,0,0,0
"S52026Q","73381","10000",1,0,0,0,0
"S52026R","73381","10000",1,0,0,0,0
"S52026S","9052","10000",1,0,0,0,0
"S52031A","81301","10000",1,0,0,0,0
"S52031B","81311","10000",1,0,0,0,0
"S52031C","81311","10000",1,0,0,0,0
"S52031D","V5412","10000",1,0,0,0,0
"S52031E","V5412","10000",1,0,0,0,0
"S52031F","V5412","10000",1,0,0,0,0
"S52031G","V5412","10000",1,0,0,0,0
"S52031H","V5412","10000",1,0,0,0,0
"S52031J","V5412","10000",1,0,0,0,0
"S52031K","73382","10000",1,0,0,0,0
"S52031M","73382","10000",1,0,0,0,0
"S52031N","73382","10000",1,0,0,0,0
"S52031P","73381","10000",1,0,0,0,0
"S52031Q","73381","10000",1,0,0,0,0
"S52031R","73381","10000",1,0,0,0,0
"S52031S","9052","10000",1,0,0,0,0
"S52032A","81301","10000",1,0,0,0,0
"S52032B","81311","10000",1,0,0,0,0
"S52032C","81311","10000",1,0,0,0,0
"S52032D","V5412","10000",1,0,0,0,0
"S52032E","V5412","10000",1,0,0,0,0
"S52032F","V5412","10000",1,0,0,0,0
"S52032G","V5412","10000",1,0,0,0,0
"S52032H","V5412","10000",1,0,0,0,0
"S52032J","V5412","10000",1,0,0,0,0
"S52032K","73382","10000",1,0,0,0,0
"S52032M","73382","10000",1,0,0,0,0
"S52032N","73382","10000",1,0,0,0,0
"S52032P","73381","10000",1,0,0,0,0
"S52032Q","73381","10000",1,0,0,0,0
"S52032R","73381","10000",1,0,0,0,0
"S52032S","9052","10000",1,0,0,0,0
"S52033A","81301","10000",1,0,0,0,0
"S52033B","81311","10000",1,0,0,0,0
"S52033C","81311","10000",1,0,0,0,0
"S52033D","V5412","10000",1,0,0,0,0
"S52033E","V5412","10000",1,0,0,0,0
"S52033F","V5412","10000",1,0,0,0,0
"S52033G","V5412","10000",1,0,0,0,0
"S52033H","V5412","10000",1,0,0,0,0
"S52033J","V5412","10000",1,0,0,0,0
"S52033K","73382","10000",1,0,0,0,0
"S52033M","73382","10000",1,0,0,0,0
"S52033N","73382","10000",1,0,0,0,0
"S52033P","73381","10000",1,0,0,0,0
"S52033Q","73381","10000",1,0,0,0,0
"S52033R","73381","10000",1,0,0,0,0
"S52033S","9052","10000",1,0,0,0,0
"S52034A","81301","10000",1,0,0,0,0
"S52034B","81311","10000",1,0,0,0,0
"S52034C","81311","10000",1,0,0,0,0
"S52034D","V5412","10000",1,0,0,0,0
"S52034E","V5412","10000",1,0,0,0,0
"S52034F","V5412","10000",1,0,0,0,0
"S52034G","V5412","10000",1,0,0,0,0
"S52034H","V5412","10000",1,0,0,0,0
"S52034J","V5412","10000",1,0,0,0,0
"S52034K","73382","10000",1,0,0,0,0
"S52034M","73382","10000",1,0,0,0,0
"S52034N","73382","10000",1,0,0,0,0
"S52034P","73381","10000",1,0,0,0,0
"S52034Q","73381","10000",1,0,0,0,0
"S52034R","73381","10000",1,0,0,0,0
"S52034S","9052","10000",1,0,0,0,0
"S52035A","81301","10000",1,0,0,0,0
"S52035B","81311","10000",1,0,0,0,0
"S52035C","81311","10000",1,0,0,0,0
"S52035D","V5412","10000",1,0,0,0,0
"S52035E","V5412","10000",1,0,0,0,0
"S52035F","V5412","10000",1,0,0,0,0
"S52035G","V5412","10000",1,0,0,0,0
"S52035H","V5412","10000",1,0,0,0,0
"S52035J","V5412","10000",1,0,0,0,0
"S52035K","73382","10000",1,0,0,0,0
"S52035M","73382","10000",1,0,0,0,0
"S52035N","73382","10000",1,0,0,0,0
"S52035P","73381","10000",1,0,0,0,0
"S52035Q","73381","10000",1,0,0,0,0
"S52035R","73381","10000",1,0,0,0,0
"S52035S","9052","10000",1,0,0,0,0
"S52036A","81301","10000",1,0,0,0,0
"S52036B","81311","10000",1,0,0,0,0
"S52036C","81311","10000",1,0,0,0,0
"S52036D","V5412","10000",1,0,0,0,0
"S52036E","V5412","10000",1,0,0,0,0
"S52036F","V5412","10000",1,0,0,0,0
"S52036G","V5412","10000",1,0,0,0,0
"S52036H","V5412","10000",1,0,0,0,0
"S52036J","V5412","10000",1,0,0,0,0
"S52036K","73382","10000",1,0,0,0,0
"S52036M","73382","10000",1,0,0,0,0
"S52036N","73382","10000",1,0,0,0,0
"S52036P","73381","10000",1,0,0,0,0
"S52036Q","73381","10000",1,0,0,0,0
"S52036R","73381","10000",1,0,0,0,0
"S52036S","9052","10000",1,0,0,0,0
"S52041A","81302","10000",1,0,0,0,0
"S52041B","81312","10000",1,0,0,0,0
"S52041C","81312","10000",1,0,0,0,0
"S52041D","V5412","10000",1,0,0,0,0
"S52041E","V5412","10000",1,0,0,0,0
"S52041F","V5412","10000",1,0,0,0,0
"S52041G","V5412","10000",1,0,0,0,0
"S52041H","V5412","10000",1,0,0,0,0
"S52041J","V5412","10000",1,0,0,0,0
"S52041K","73382","10000",1,0,0,0,0
"S52041M","73382","10000",1,0,0,0,0
"S52041N","73382","10000",1,0,0,0,0
"S52041P","73381","10000",1,0,0,0,0
"S52041Q","73381","10000",1,0,0,0,0
"S52041R","73381","10000",1,0,0,0,0
"S52041S","9052","10000",1,0,0,0,0
"S52042A","81302","10000",1,0,0,0,0
"S52042B","81312","10000",1,0,0,0,0
"S52042C","81312","10000",1,0,0,0,0
"S52042D","V5412","10000",1,0,0,0,0
"S52042E","V5412","10000",1,0,0,0,0
"S52042F","V5412","10000",1,0,0,0,0
"S52042G","V5412","10000",1,0,0,0,0
"S52042H","V5412","10000",1,0,0,0,0
"S52042J","V5412","10000",1,0,0,0,0
"S52042K","73382","10000",1,0,0,0,0
"S52042M","73382","10000",1,0,0,0,0
"S52042N","73382","10000",1,0,0,0,0
"S52042P","73381","10000",1,0,0,0,0
"S52042Q","73381","10000",1,0,0,0,0
"S52042R","73381","10000",1,0,0,0,0
"S52042S","9052","10000",1,0,0,0,0
"S52043A","81302","10000",1,0,0,0,0
"S52043B","81312","10000",1,0,0,0,0
"S52043C","81312","10000",1,0,0,0,0
"S52043D","V5412","10000",1,0,0,0,0
"S52043E","V5412","10000",1,0,0,0,0
"S52043F","V5412","10000",1,0,0,0,0
"S52043G","V5412","10000",1,0,0,0,0
"S52043H","V5412","10000",1,0,0,0,0
"S52043J","V5412","10000",1,0,0,0,0
"S52043K","73382","10000",1,0,0,0,0
"S52043M","73382","10000",1,0,0,0,0
"S52043N","73382","10000",1,0,0,0,0
"S52043P","73381","10000",1,0,0,0,0
"S52043Q","73381","10000",1,0,0,0,0
"S52043R","73381","10000",1,0,0,0,0
"S52043S","9052","10000",1,0,0,0,0
"S52044A","81302","10000",1,0,0,0,0
"S52044B","81312","10000",1,0,0,0,0
"S52044C","81312","10000",1,0,0,0,0
"S52044D","V5412","10000",1,0,0,0,0
"S52044E","V5412","10000",1,0,0,0,0
"S52044F","V5412","10000",1,0,0,0,0
"S52044G","V5412","10000",1,0,0,0,0
"S52044H","V5412","10000",1,0,0,0,0
"S52044J","V5412","10000",1,0,0,0,0
"S52044K","73382","10000",1,0,0,0,0
"S52044M","73382","10000",1,0,0,0,0
"S52044N","73382","10000",1,0,0,0,0
"S52044P","73381","10000",1,0,0,0,0
"S52044Q","73381","10000",1,0,0,0,0
"S52044R","73381","10000",1,0,0,0,0
"S52044S","9052","10000",1,0,0,0,0
"S52045A","81302","10000",1,0,0,0,0
"S52045B","81312","10000",1,0,0,0,0
"S52045C","81312","10000",1,0,0,0,0
"S52045D","V5412","10000",1,0,0,0,0
"S52045E","V5412","10000",1,0,0,0,0
"S52045F","V5412","10000",1,0,0,0,0
"S52045G","V5412","10000",1,0,0,0,0
"S52045H","V5412","10000",1,0,0,0,0
"S52045J","V5412","10000",1,0,0,0,0
"S52045K","73382","10000",1,0,0,0,0
"S52045M","73382","10000",1,0,0,0,0
"S52045N","73382","10000",1,0,0,0,0
"S52045P","73381","10000",1,0,0,0,0
"S52045Q","73381","10000",1,0,0,0,0
"S52045R","73381","10000",1,0,0,0,0
"S52045S","9052","10000",1,0,0,0,0
"S52046A","81302","10000",1,0,0,0,0
"S52046B","81312","10000",1,0,0,0,0
"S52046C","81312","10000",1,0,0,0,0
"S52046D","V5412","10000",1,0,0,0,0
"S52046E","V5412","10000",1,0,0,0,0
"S52046F","V5412","10000",1,0,0,0,0
"S52046G","V5412","10000",1,0,0,0,0
"S52046H","V5412","10000",1,0,0,0,0
"S52046J","V5412","10000",1,0,0,0,0
"S52046K","73382","10000",1,0,0,0,0
"S52046M","73382","10000",1,0,0,0,0
"S52046N","73382","10000",1,0,0,0,0
"S52046P","73381","10000",1,0,0,0,0
"S52046Q","73381","10000",1,0,0,0,0
"S52046R","73381","10000",1,0,0,0,0
"S52046S","9052","10000",1,0,0,0,0
"S52091A","81304","10000",1,0,0,0,0
"S52091B","81314","10000",1,0,0,0,0
"S52091C","81314","10000",1,0,0,0,0
"S52091D","V5412","10000",1,0,0,0,0
"S52091E","V5412","10000",1,0,0,0,0
"S52091F","V5412","10000",1,0,0,0,0
"S52091G","V5412","10000",1,0,0,0,0
"S52091H","V5412","10000",1,0,0,0,0
"S52091J","V5412","10000",1,0,0,0,0
"S52091K","73382","10000",1,0,0,0,0
"S52091M","73382","10000",1,0,0,0,0
"S52091N","73382","10000",1,0,0,0,0
"S52091P","73381","10000",1,0,0,0,0
"S52091Q","73381","10000",1,0,0,0,0
"S52091R","73381","10000",1,0,0,0,0
"S52091S","9052","10000",1,0,0,0,0
"S52092A","81304","10000",1,0,0,0,0
"S52092B","81314","10000",1,0,0,0,0
"S52092C","81314","10000",1,0,0,0,0
"S52092D","V5412","10000",1,0,0,0,0
"S52092E","V5412","10000",1,0,0,0,0
"S52092F","V5412","10000",1,0,0,0,0
"S52092G","V5412","10000",1,0,0,0,0
"S52092H","V5412","10000",1,0,0,0,0
"S52092J","V5412","10000",1,0,0,0,0
"S52092K","73382","10000",1,0,0,0,0
"S52092M","73382","10000",1,0,0,0,0
"S52092N","73382","10000",1,0,0,0,0
"S52092P","73381","10000",1,0,0,0,0
"S52092Q","73381","10000",1,0,0,0,0
"S52092R","73381","10000",1,0,0,0,0
"S52092S","9052","10000",1,0,0,0,0
"S52099A","81304","10000",1,0,0,0,0
"S52099B","81314","10000",1,0,0,0,0
"S52099C","81314","10000",1,0,0,0,0
"S52099D","V5412","10000",1,0,0,0,0
"S52099E","V5412","10000",1,0,0,0,0
"S52099F","V5412","10000",1,0,0,0,0
"S52099G","V5412","10000",1,0,0,0,0
"S52099H","V5412","10000",1,0,0,0,0
"S52099J","V5412","10000",1,0,0,0,0
"S52099K","73382","10000",1,0,0,0,0
"S52099M","73382","10000",1,0,0,0,0
"S52099N","73382","10000",1,0,0,0,0
"S52099P","73381","10000",1,0,0,0,0
"S52099Q","73381","10000",1,0,0,0,0
"S52099R","73381","10000",1,0,0,0,0
"S52099S","9052","10000",1,0,0,0,0
"S52101A","81307","10000",1,0,0,0,0
"S52101B","81317","10000",1,0,0,0,0
"S52101C","81317","10000",1,0,0,0,0
"S52101D","V5412","10000",1,0,0,0,0
"S52101E","V5412","10000",1,0,0,0,0
"S52101F","V5412","10000",1,0,0,0,0
"S52101G","V5412","10000",1,0,0,0,0
"S52101H","V5412","10000",1,0,0,0,0
"S52101J","V5412","10000",1,0,0,0,0
"S52101K","73382","10000",1,0,0,0,0
"S52101M","73382","10000",1,0,0,0,0
"S52101N","73382","10000",1,0,0,0,0
"S52101P","73381","10000",1,0,0,0,0
"S52101Q","73381","10000",1,0,0,0,0
"S52101R","73381","10000",1,0,0,0,0
"S52101S","9052","10000",1,0,0,0,0
"S52102A","81307","10000",1,0,0,0,0
"S52102B","81317","10000",1,0,0,0,0
"S52102C","81317","10000",1,0,0,0,0
"S52102D","V5412","10000",1,0,0,0,0
"S52102E","V5412","10000",1,0,0,0,0
"S52102F","V5412","10000",1,0,0,0,0
"S52102G","V5412","10000",1,0,0,0,0
"S52102H","V5412","10000",1,0,0,0,0
"S52102J","V5412","10000",1,0,0,0,0
"S52102K","73382","10000",1,0,0,0,0
"S52102M","73382","10000",1,0,0,0,0
"S52102N","73382","10000",1,0,0,0,0
"S52102P","73381","10000",1,0,0,0,0
"S52102Q","73381","10000",1,0,0,0,0
"S52102R","73381","10000",1,0,0,0,0
"S52102S","9052","10000",1,0,0,0,0
"S52109A","81307","10000",1,0,0,0,0
"S52109B","81317","10000",1,0,0,0,0
"S52109C","81317","10000",1,0,0,0,0
"S52109D","V5412","10000",1,0,0,0,0
"S52109E","V5412","10000",1,0,0,0,0
"S52109F","V5412","10000",1,0,0,0,0
"S52109G","V5412","10000",1,0,0,0,0
"S52109H","V5412","10000",1,0,0,0,0
"S52109J","V5412","10000",1,0,0,0,0
"S52109K","73382","10000",1,0,0,0,0
"S52109M","73382","10000",1,0,0,0,0
"S52109N","73382","10000",1,0,0,0,0
"S52109P","73381","10000",1,0,0,0,0
"S52109Q","73381","10000",1,0,0,0,0
"S52109R","73381","10000",1,0,0,0,0
"S52109S","9052","10000",1,0,0,0,0
"S52111A","81345","10000",1,0,0,0,0
"S52111D","V5412","10000",1,0,0,0,0
"S52111G","V5412","10000",1,0,0,0,0
"S52111K","73382","10000",1,0,0,0,0
"S52111P","73381","10000",1,0,0,0,0
"S52111S","9052","10000",1,0,0,0,0
"S52112A","81345","10000",1,0,0,0,0
"S52112D","V5412","10000",1,0,0,0,0
"S52112G","V5412","10000",1,0,0,0,0
"S52112K","73382","10000",1,0,0,0,0
"S52112P","73381","10000",1,0,0,0,0
"S52112S","9052","10000",1,0,0,0,0
"S52119A","81345","10000",1,0,0,0,0
"S52119D","V5412","10000",1,0,0,0,0
"S52119G","V5412","10000",1,0,0,0,0
"S52119K","73382","10000",1,0,0,0,0
"S52119P","73381","10000",1,0,0,0,0
"S52119S","9052","10000",1,0,0,0,0
"S52121A","81305","10000",1,0,0,0,0
"S52121B","81315","10000",1,0,0,0,0
"S52121C","81315","10000",1,0,0,0,0
"S52121D","V5412","10000",1,0,0,0,0
"S52121E","V5412","10000",1,0,0,0,0
"S52121F","V5412","10000",1,0,0,0,0
"S52121G","V5412","10000",1,0,0,0,0
"S52121H","V5412","10000",1,0,0,0,0
"S52121J","V5412","10000",1,0,0,0,0
"S52121K","73382","10000",1,0,0,0,0
"S52121M","73382","10000",1,0,0,0,0
"S52121N","73382","10000",1,0,0,0,0
"S52121P","73381","10000",1,0,0,0,0
"S52121Q","73381","10000",1,0,0,0,0
"S52121R","73381","10000",1,0,0,0,0
"S52121S","9052","10000",1,0,0,0,0
"S52122A","81305","10000",1,0,0,0,0
"S52122B","81315","10000",1,0,0,0,0
"S52122C","81315","10000",1,0,0,0,0
"S52122D","V5412","10000",1,0,0,0,0
"S52122E","V5412","10000",1,0,0,0,0
"S52122F","V5412","10000",1,0,0,0,0
"S52122G","V5412","10000",1,0,0,0,0
"S52122H","V5412","10000",1,0,0,0,0
"S52122J","V5412","10000",1,0,0,0,0
"S52122K","73382","10000",1,0,0,0,0
"S52122M","73382","10000",1,0,0,0,0
"S52122N","73382","10000",1,0,0,0,0
"S52122P","73381","10000",1,0,0,0,0
"S52122Q","73381","10000",1,0,0,0,0
"S52122R","73381","10000",1,0,0,0,0
"S52122S","9052","10000",1,0,0,0,0
"S52123A","81305","10000",1,0,0,0,0
"S52123B","81315","10000",1,0,0,0,0
"S52123C","81315","10000",1,0,0,0,0
"S52123D","V5412","10000",1,0,0,0,0
"S52123E","V5412","10000",1,0,0,0,0
"S52123F","V5412","10000",1,0,0,0,0
"S52123G","V5412","10000",1,0,0,0,0
"S52123H","V5412","10000",1,0,0,0,0
"S52123J","V5412","10000",1,0,0,0,0
"S52123K","73382","10000",1,0,0,0,0
"S52123M","73382","10000",1,0,0,0,0
"S52123N","73382","10000",1,0,0,0,0
"S52123P","73381","10000",1,0,0,0,0
"S52123Q","73381","10000",1,0,0,0,0
"S52123R","73381","10000",1,0,0,0,0
"S52123S","9052","10000",1,0,0,0,0
"S52124A","81305","10000",1,0,0,0,0
"S52124B","81315","10000",1,0,0,0,0
"S52124C","81315","10000",1,0,0,0,0
"S52124D","V5412","10000",1,0,0,0,0
"S52124E","V5412","10000",1,0,0,0,0
"S52124F","V5412","10000",1,0,0,0,0
"S52124G","V5412","10000",1,0,0,0,0
"S52124H","V5412","10000",1,0,0,0,0
"S52124J","V5412","10000",1,0,0,0,0
"S52124K","73382","10000",1,0,0,0,0
"S52124M","73382","10000",1,0,0,0,0
"S52124N","73382","10000",1,0,0,0,0
"S52124P","73381","10000",1,0,0,0,0
"S52124Q","73381","10000",1,0,0,0,0
"S52124R","73381","10000",1,0,0,0,0
"S52124S","9052","10000",1,0,0,0,0
"S52125A","81305","10000",1,0,0,0,0
"S52125B","81315","10000",1,0,0,0,0
"S52125C","81315","10000",1,0,0,0,0
"S52125D","V5412","10000",1,0,0,0,0
"S52125E","V5412","10000",1,0,0,0,0
"S52125F","V5412","10000",1,0,0,0,0
"S52125G","V5412","10000",1,0,0,0,0
"S52125H","V5412","10000",1,0,0,0,0
"S52125J","V5412","10000",1,0,0,0,0
"S52125K","73382","10000",1,0,0,0,0
"S52125M","73382","10000",1,0,0,0,0
"S52125N","73382","10000",1,0,0,0,0
"S52125P","73381","10000",1,0,0,0,0
"S52125Q","73381","10000",1,0,0,0,0
"S52125R","73381","10000",1,0,0,0,0
"S52125S","9052","10000",1,0,0,0,0
"S52126A","81305","10000",1,0,0,0,0
"S52126B","81315","10000",1,0,0,0,0
"S52126C","81315","10000",1,0,0,0,0
"S52126D","V5412","10000",1,0,0,0,0
"S52126E","V5412","10000",1,0,0,0,0
"S52126F","V5412","10000",1,0,0,0,0
"S52126G","V5412","10000",1,0,0,0,0
"S52126H","V5412","10000",1,0,0,0,0
"S52126J","V5412","10000",1,0,0,0,0
"S52126K","73382","10000",1,0,0,0,0
"S52126M","73382","10000",1,0,0,0,0
"S52126N","73382","10000",1,0,0,0,0
"S52126P","73381","10000",1,0,0,0,0
"S52126Q","73381","10000",1,0,0,0,0
"S52126R","73381","10000",1,0,0,0,0
"S52126S","9052","10000",1,0,0,0,0
"S52131A","81306","10000",1,0,0,0,0
"S52131B","81316","10000",1,0,0,0,0
"S52131C","81316","10000",1,0,0,0,0
"S52131D","V5412","10000",1,0,0,0,0
"S52131E","V5412","10000",1,0,0,0,0
"S52131F","V5412","10000",1,0,0,0,0
"S52131G","V5412","10000",1,0,0,0,0
"S52131H","V5412","10000",1,0,0,0,0
"S52131J","V5412","10000",1,0,0,0,0
"S52131K","73382","10000",1,0,0,0,0
"S52131M","73382","10000",1,0,0,0,0
"S52131N","73382","10000",1,0,0,0,0
"S52131P","73381","10000",1,0,0,0,0
"S52131Q","73381","10000",1,0,0,0,0
"S52131R","73381","10000",1,0,0,0,0
"S52131S","9052","10000",1,0,0,0,0
"S52132A","81306","10000",1,0,0,0,0
"S52132B","81316","10000",1,0,0,0,0
"S52132C","81316","10000",1,0,0,0,0
"S52132D","V5412","10000",1,0,0,0,0
"S52132E","V5412","10000",1,0,0,0,0
"S52132F","V5412","10000",1,0,0,0,0
"S52132G","V5412","10000",1,0,0,0,0
"S52132H","V5412","10000",1,0,0,0,0
"S52132J","V5412","10000",1,0,0,0,0
"S52132K","73382","10000",1,0,0,0,0
"S52132M","73382","10000",1,0,0,0,0
"S52132N","73382","10000",1,0,0,0,0
"S52132P","73381","10000",1,0,0,0,0
"S52132Q","73381","10000",1,0,0,0,0
"S52132R","73381","10000",1,0,0,0,0
"S52132S","9052","10000",1,0,0,0,0
"S52133A","81306","10000",1,0,0,0,0
"S52133B","81316","10000",1,0,0,0,0
"S52133C","81316","10000",1,0,0,0,0
"S52133D","V5412","10000",1,0,0,0,0
"S52133E","V5412","10000",1,0,0,0,0
"S52133F","V5412","10000",1,0,0,0,0
"S52133G","V5412","10000",1,0,0,0,0
"S52133H","V5412","10000",1,0,0,0,0
"S52133J","V5412","10000",1,0,0,0,0
"S52133K","73382","10000",1,0,0,0,0
"S52133M","73382","10000",1,0,0,0,0
"S52133N","73382","10000",1,0,0,0,0
"S52133P","73381","10000",1,0,0,0,0
"S52133Q","73381","10000",1,0,0,0,0
"S52133R","73381","10000",1,0,0,0,0
"S52133S","9052","10000",1,0,0,0,0
"S52134A","81306","10000",1,0,0,0,0
"S52134B","81316","10000",1,0,0,0,0
"S52134C","81316","10000",1,0,0,0,0
"S52134D","V5412","10000",1,0,0,0,0
"S52134E","V5412","10000",1,0,0,0,0
"S52134F","V5412","10000",1,0,0,0,0
"S52134G","V5412","10000",1,0,0,0,0
"S52134H","V5412","10000",1,0,0,0,0
"S52134J","V5412","10000",1,0,0,0,0
"S52134K","73382","10000",1,0,0,0,0
"S52134M","73382","10000",1,0,0,0,0
"S52134N","73382","10000",1,0,0,0,0
"S52134P","73381","10000",1,0,0,0,0
"S52134Q","73381","10000",1,0,0,0,0
"S52134R","73381","10000",1,0,0,0,0
"S52134S","9052","10000",1,0,0,0,0
"S52135A","81306","10000",1,0,0,0,0
"S52135B","81316","10000",1,0,0,0,0
"S52135C","81316","10000",1,0,0,0,0
"S52135D","V5412","10000",1,0,0,0,0
"S52135E","V5412","10000",1,0,0,0,0
"S52135F","V5412","10000",1,0,0,0,0
"S52135G","V5412","10000",1,0,0,0,0
"S52135H","V5412","10000",1,0,0,0,0
"S52135J","V5412","10000",1,0,0,0,0
"S52135K","73382","10000",1,0,0,0,0
"S52135M","73382","10000",1,0,0,0,0
"S52135N","73382","10000",1,0,0,0,0
"S52135P","73381","10000",1,0,0,0,0
"S52135Q","73381","10000",1,0,0,0,0
"S52135R","73381","10000",1,0,0,0,0
"S52135S","9052","10000",1,0,0,0,0
"S52136A","81306","10000",1,0,0,0,0
"S52136B","81316","10000",1,0,0,0,0
"S52136C","81316","10000",1,0,0,0,0
"S52136D","V5412","10000",1,0,0,0,0
"S52136E","V5412","10000",1,0,0,0,0
"S52136F","V5412","10000",1,0,0,0,0
"S52136G","V5412","10000",1,0,0,0,0
"S52136H","V5412","10000",1,0,0,0,0
"S52136J","V5412","10000",1,0,0,0,0
"S52136K","73382","10000",1,0,0,0,0
"S52136M","73382","10000",1,0,0,0,0
"S52136N","73382","10000",1,0,0,0,0
"S52136P","73381","10000",1,0,0,0,0
"S52136Q","73381","10000",1,0,0,0,0
"S52136R","73381","10000",1,0,0,0,0
"S52136S","9052","10000",1,0,0,0,0
"S52181A","81307","10000",1,0,0,0,0
"S52181B","81317","10000",1,0,0,0,0
"S52181C","81317","10000",1,0,0,0,0
"S52181D","V5412","10000",1,0,0,0,0
"S52181E","V5412","10000",1,0,0,0,0
"S52181F","V5412","10000",1,0,0,0,0
"S52181G","V5412","10000",1,0,0,0,0
"S52181H","V5412","10000",1,0,0,0,0
"S52181J","V5412","10000",1,0,0,0,0
"S52181K","73382","10000",1,0,0,0,0
"S52181M","73382","10000",1,0,0,0,0
"S52181N","73382","10000",1,0,0,0,0
"S52181P","73381","10000",1,0,0,0,0
"S52181Q","73381","10000",1,0,0,0,0
"S52181R","73381","10000",1,0,0,0,0
"S52181S","9052","10000",1,0,0,0,0
"S52182A","81307","10000",1,0,0,0,0
"S52182B","81317","10000",1,0,0,0,0
"S52182C","81317","10000",1,0,0,0,0
"S52182D","V5412","10000",1,0,0,0,0
"S52182E","V5412","10000",1,0,0,0,0
"S52182F","V5412","10000",1,0,0,0,0
"S52182G","V5412","10000",1,0,0,0,0
"S52182H","V5412","10000",1,0,0,0,0
"S52182J","V5412","10000",1,0,0,0,0
"S52182K","73382","10000",1,0,0,0,0
"S52182M","73382","10000",1,0,0,0,0
"S52182N","73382","10000",1,0,0,0,0
"S52182P","73381","10000",1,0,0,0,0
"S52182Q","73381","10000",1,0,0,0,0
"S52182R","73381","10000",1,0,0,0,0
"S52182S","9052","10000",1,0,0,0,0
"S52189A","81307","10000",1,0,0,0,0
"S52189B","81317","10000",1,0,0,0,0
"S52189C","81317","10000",1,0,0,0,0
"S52189D","V5412","10000",1,0,0,0,0
"S52189E","V5412","10000",1,0,0,0,0
"S52189F","V5412","10000",1,0,0,0,0
"S52189G","V5412","10000",1,0,0,0,0
"S52189H","V5412","10000",1,0,0,0,0
"S52189J","V5412","10000",1,0,0,0,0
"S52189K","73382","10000",1,0,0,0,0
"S52189M","73382","10000",1,0,0,0,0
"S52189N","73382","10000",1,0,0,0,0
"S52189P","73381","10000",1,0,0,0,0
"S52189Q","73381","10000",1,0,0,0,0
"S52189R","73381","10000",1,0,0,0,0
"S52189S","9052","10000",1,0,0,0,0
"S52201A","81322","10000",1,0,0,0,0
"S52201B","81332","10000",1,0,0,0,0
"S52201C","81332","10000",1,0,0,0,0
"S52201D","V5412","10000",1,0,0,0,0
"S52201E","V5412","10000",1,0,0,0,0
"S52201F","V5412","10000",1,0,0,0,0
"S52201G","V5412","10000",1,0,0,0,0
"S52201H","V5412","10000",1,0,0,0,0
"S52201J","V5412","10000",1,0,0,0,0
"S52201K","73382","10000",1,0,0,0,0
"S52201M","73382","10000",1,0,0,0,0
"S52201N","73382","10000",1,0,0,0,0
"S52201P","73381","10000",1,0,0,0,0
"S52201Q","73381","10000",1,0,0,0,0
"S52201R","73381","10000",1,0,0,0,0
"S52201S","9052","10000",1,0,0,0,0
"S52202A","81322","10000",1,0,0,0,0
"S52202B","81332","10000",1,0,0,0,0
"S52202C","81332","10000",1,0,0,0,0
"S52202D","V5412","10000",1,0,0,0,0
"S52202E","V5412","10000",1,0,0,0,0
"S52202F","V5412","10000",1,0,0,0,0
"S52202G","V5412","10000",1,0,0,0,0
"S52202H","V5412","10000",1,0,0,0,0
"S52202J","V5412","10000",1,0,0,0,0
"S52202K","73382","10000",1,0,0,0,0
"S52202M","73382","10000",1,0,0,0,0
"S52202N","73382","10000",1,0,0,0,0
"S52202P","73381","10000",1,0,0,0,0
"S52202Q","73381","10000",1,0,0,0,0
"S52202R","73381","10000",1,0,0,0,0
"S52202S","9052","10000",1,0,0,0,0
"S52209A","81322","10000",1,0,0,0,0
"S52209B","81332","10000",1,0,0,0,0
"S52209C","81332","10000",1,0,0,0,0
"S52209D","V5412","10000",1,0,0,0,0
"S52209E","V5412","10000",1,0,0,0,0
"S52209F","V5412","10000",1,0,0,0,0
"S52209G","V5412","10000",1,0,0,0,0
"S52209H","V5412","10000",1,0,0,0,0
"S52209J","V5412","10000",1,0,0,0,0
"S52209K","73382","10000",1,0,0,0,0
"S52209M","73382","10000",1,0,0,0,0
"S52209N","73382","10000",1,0,0,0,0
"S52209P","73381","10000",1,0,0,0,0
"S52209Q","73381","10000",1,0,0,0,0
"S52209R","73381","10000",1,0,0,0,0
"S52209S","9052","10000",1,0,0,0,0
"S52211A","81322","10000",1,0,0,0,0
"S52211D","V5412","10000",1,0,0,0,0
"S52211G","V5412","10000",1,0,0,0,0
"S52211K","73382","10000",1,0,0,0,0
"S52211P","73381","10000",1,0,0,0,0
"S52211S","9052","10000",1,0,0,0,0
"S52212A","81322","10000",1,0,0,0,0
"S52212D","V5412","10000",1,0,0,0,0
"S52212G","V5412","10000",1,0,0,0,0
"S52212K","73382","10000",1,0,0,0,0
"S52212P","73381","10000",1,0,0,0,0
"S52212S","9052","10000",1,0,0,0,0
"S52219A","81322","10000",1,0,0,0,0
"S52219D","V5412","10000",1,0,0,0,0
"S52219G","V5412","10000",1,0,0,0,0
"S52219K","73382","10000",1,0,0,0,0
"S52219P","73381","10000",1,0,0,0,0
"S52219S","9052","10000",1,0,0,0,0
"S52221A","81322","10000",1,0,0,0,0
"S52221B","81332","10000",1,0,0,0,0
"S52221C","81332","10000",1,0,0,0,0
"S52221D","V5412","10000",1,0,0,0,0
"S52221E","V5412","10000",1,0,0,0,0
"S52221F","V5412","10000",1,0,0,0,0
"S52221G","V5412","10000",1,0,0,0,0
"S52221H","V5412","10000",1,0,0,0,0
"S52221J","V5412","10000",1,0,0,0,0
"S52221K","73382","10000",1,0,0,0,0
"S52221M","73382","10000",1,0,0,0,0
"S52221N","73382","10000",1,0,0,0,0
"S52221P","73381","10000",1,0,0,0,0
"S52221Q","73381","10000",1,0,0,0,0
"S52221R","73381","10000",1,0,0,0,0
"S52221S","9052","10000",1,0,0,0,0
"S52222A","81322","10000",1,0,0,0,0
"S52222B","81332","10000",1,0,0,0,0
"S52222C","81332","10000",1,0,0,0,0
"S52222D","V5412","10000",1,0,0,0,0
"S52222E","V5412","10000",1,0,0,0,0
"S52222F","V5412","10000",1,0,0,0,0
"S52222G","V5412","10000",1,0,0,0,0
"S52222H","V5412","10000",1,0,0,0,0
"S52222J","V5412","10000",1,0,0,0,0
"S52222K","73382","10000",1,0,0,0,0
"S52222M","73382","10000",1,0,0,0,0
"S52222N","73382","10000",1,0,0,0,0
"S52222P","73381","10000",1,0,0,0,0
"S52222Q","73381","10000",1,0,0,0,0
"S52222R","73381","10000",1,0,0,0,0
"S52222S","9052","10000",1,0,0,0,0
"S52223A","81322","10000",1,0,0,0,0
"S52223B","81332","10000",1,0,0,0,0
"S52223C","81332","10000",1,0,0,0,0
"S52223D","V5412","10000",1,0,0,0,0
"S52223E","V5412","10000",1,0,0,0,0
"S52223F","V5412","10000",1,0,0,0,0
"S52223G","V5412","10000",1,0,0,0,0
"S52223H","V5412","10000",1,0,0,0,0
"S52223J","V5412","10000",1,0,0,0,0
"S52223K","73382","10000",1,0,0,0,0
"S52223M","73382","10000",1,0,0,0,0
"S52223N","73382","10000",1,0,0,0,0
"S52223P","73381","10000",1,0,0,0,0
"S52223Q","73381","10000",1,0,0,0,0
"S52223R","73381","10000",1,0,0,0,0
"S52223S","9052","10000",1,0,0,0,0
"S52224A","81322","10000",1,0,0,0,0
"S52224B","81332","10000",1,0,0,0,0
"S52224C","81332","10000",1,0,0,0,0
"S52224D","V5412","10000",1,0,0,0,0
"S52224E","V5412","10000",1,0,0,0,0
"S52224F","V5412","10000",1,0,0,0,0
"S52224G","V5412","10000",1,0,0,0,0
"S52224H","V5412","10000",1,0,0,0,0
"S52224J","V5412","10000",1,0,0,0,0
"S52224K","73382","10000",1,0,0,0,0
"S52224M","73382","10000",1,0,0,0,0
"S52224N","73382","10000",1,0,0,0,0
"S52224P","73381","10000",1,0,0,0,0
"S52224Q","73381","10000",1,0,0,0,0
"S52224R","73381","10000",1,0,0,0,0
"S52224S","9052","10000",1,0,0,0,0
"S52225A","81322","10000",1,0,0,0,0
"S52225B","81332","10000",1,0,0,0,0
"S52225C","81332","10000",1,0,0,0,0
"S52225D","V5412","10000",1,0,0,0,0
"S52225E","V5412","10000",1,0,0,0,0
"S52225F","V5412","10000",1,0,0,0,0
"S52225G","V5412","10000",1,0,0,0,0
"S52225H","V5412","10000",1,0,0,0,0
"S52225J","V5412","10000",1,0,0,0,0
"S52225K","73382","10000",1,0,0,0,0
"S52225M","73382","10000",1,0,0,0,0
"S52225N","73382","10000",1,0,0,0,0
"S52225P","73381","10000",1,0,0,0,0
"S52225Q","73381","10000",1,0,0,0,0
"S52225R","73381","10000",1,0,0,0,0
"S52225S","9052","10000",1,0,0,0,0
"S52226A","81322","10000",1,0,0,0,0
"S52226B","81332","10000",1,0,0,0,0
"S52226C","81332","10000",1,0,0,0,0
"S52226D","V5412","10000",1,0,0,0,0
"S52226E","V5412","10000",1,0,0,0,0
"S52226F","V5412","10000",1,0,0,0,0
"S52226G","V5412","10000",1,0,0,0,0
"S52226H","V5412","10000",1,0,0,0,0
"S52226J","V5412","10000",1,0,0,0,0
"S52226K","73382","10000",1,0,0,0,0
"S52226M","73382","10000",1,0,0,0,0
"S52226N","73382","10000",1,0,0,0,0
"S52226P","73381","10000",1,0,0,0,0
"S52226Q","73381","10000",1,0,0,0,0
"S52226R","73381","10000",1,0,0,0,0
"S52226S","9052","10000",1,0,0,0,0
"S52231A","81322","10000",1,0,0,0,0
"S52231B","81332","10000",1,0,0,0,0
"S52231C","81332","10000",1,0,0,0,0
"S52231D","V5412","10000",1,0,0,0,0
"S52231E","V5412","10000",1,0,0,0,0
"S52231F","V5412","10000",1,0,0,0,0
"S52231G","V5412","10000",1,0,0,0,0
"S52231H","V5412","10000",1,0,0,0,0
"S52231J","V5412","10000",1,0,0,0,0
"S52231K","73382","10000",1,0,0,0,0
"S52231M","73382","10000",1,0,0,0,0
"S52231N","73382","10000",1,0,0,0,0
"S52231P","73381","10000",1,0,0,0,0
"S52231Q","73381","10000",1,0,0,0,0
"S52231R","73381","10000",1,0,0,0,0
"S52231S","9052","10000",1,0,0,0,0
"S52232A","81322","10000",1,0,0,0,0
"S52232B","81332","10000",1,0,0,0,0
"S52232C","81332","10000",1,0,0,0,0
"S52232D","V5412","10000",1,0,0,0,0
"S52232E","V5412","10000",1,0,0,0,0
"S52232F","V5412","10000",1,0,0,0,0
"S52232G","V5412","10000",1,0,0,0,0
"S52232H","V5412","10000",1,0,0,0,0
"S52232J","V5412","10000",1,0,0,0,0
"S52232K","73382","10000",1,0,0,0,0
"S52232M","73382","10000",1,0,0,0,0
"S52232N","73382","10000",1,0,0,0,0
"S52232P","73381","10000",1,0,0,0,0
"S52232Q","73381","10000",1,0,0,0,0
"S52232R","73381","10000",1,0,0,0,0
"S52232S","9052","10000",1,0,0,0,0
"S52233A","81322","10000",1,0,0,0,0
"S52233B","81332","10000",1,0,0,0,0
"S52233C","81332","10000",1,0,0,0,0
"S52233D","V5412","10000",1,0,0,0,0
"S52233E","V5412","10000",1,0,0,0,0
"S52233F","V5412","10000",1,0,0,0,0
"S52233G","V5412","10000",1,0,0,0,0
"S52233H","V5412","10000",1,0,0,0,0
"S52233J","V5412","10000",1,0,0,0,0
"S52233K","73382","10000",1,0,0,0,0
"S52233M","73382","10000",1,0,0,0,0
"S52233N","73382","10000",1,0,0,0,0
"S52233P","73381","10000",1,0,0,0,0
"S52233Q","73381","10000",1,0,0,0,0
"S52233R","73381","10000",1,0,0,0,0
"S52233S","9052","10000",1,0,0,0,0
"S52234A","81322","10000",1,0,0,0,0
"S52234B","81332","10000",1,0,0,0,0
"S52234C","81332","10000",1,0,0,0,0
"S52234D","V5412","10000",1,0,0,0,0
"S52234E","V5412","10000",1,0,0,0,0
"S52234F","V5412","10000",1,0,0,0,0
"S52234G","V5412","10000",1,0,0,0,0
"S52234H","V5412","10000",1,0,0,0,0
"S52234J","V5412","10000",1,0,0,0,0
"S52234K","73382","10000",1,0,0,0,0
"S52234M","73382","10000",1,0,0,0,0
"S52234N","73382","10000",1,0,0,0,0
"S52234P","73381","10000",1,0,0,0,0
"S52234Q","73381","10000",1,0,0,0,0
"S52234R","73381","10000",1,0,0,0,0
"S52234S","9052","10000",1,0,0,0,0
"S52235A","81322","10000",1,0,0,0,0
"S52235B","81332","10000",1,0,0,0,0
"S52235C","81332","10000",1,0,0,0,0
"S52235D","V5412","10000",1,0,0,0,0
"S52235E","V5412","10000",1,0,0,0,0
"S52235F","V5412","10000",1,0,0,0,0
"S52235G","V5412","10000",1,0,0,0,0
"S52235H","V5412","10000",1,0,0,0,0
"S52235J","V5412","10000",1,0,0,0,0
"S52235K","73382","10000",1,0,0,0,0
"S52235M","73382","10000",1,0,0,0,0
"S52235N","73382","10000",1,0,0,0,0
"S52235P","73381","10000",1,0,0,0,0
"S52235Q","73381","10000",1,0,0,0,0
"S52235R","73381","10000",1,0,0,0,0
"S52235S","9052","10000",1,0,0,0,0
"S52236A","81322","10000",1,0,0,0,0
"S52236B","81332","10000",1,0,0,0,0
"S52236C","81332","10000",1,0,0,0,0
"S52236D","V5412","10000",1,0,0,0,0
"S52236E","V5412","10000",1,0,0,0,0
"S52236F","V5412","10000",1,0,0,0,0
"S52236G","V5412","10000",1,0,0,0,0
"S52236H","V5412","10000",1,0,0,0,0
"S52236J","V5412","10000",1,0,0,0,0
"S52236K","73382","10000",1,0,0,0,0
"S52236M","73382","10000",1,0,0,0,0
"S52236N","73382","10000",1,0,0,0,0
"S52236P","73381","10000",1,0,0,0,0
"S52236Q","73381","10000",1,0,0,0,0
"S52236R","73381","10000",1,0,0,0,0
"S52236S","9052","10000",1,0,0,0,0
"S52241A","81322","10000",1,0,0,0,0
"S52241B","81332","10000",1,0,0,0,0
"S52241C","81332","10000",1,0,0,0,0
"S52241D","V5412","10000",1,0,0,0,0
"S52241E","V5412","10000",1,0,0,0,0
"S52241F","V5412","10000",1,0,0,0,0
"S52241G","V5412","10000",1,0,0,0,0
"S52241H","V5412","10000",1,0,0,0,0
"S52241J","V5412","10000",1,0,0,0,0
"S52241K","73382","10000",1,0,0,0,0
"S52241M","73382","10000",1,0,0,0,0
"S52241N","73382","10000",1,0,0,0,0
"S52241P","73381","10000",1,0,0,0,0
"S52241Q","73381","10000",1,0,0,0,0
"S52241R","73381","10000",1,0,0,0,0
"S52241S","9052","10000",1,0,0,0,0
"S52242A","81322","10000",1,0,0,0,0
"S52242B","81332","10000",1,0,0,0,0
"S52242C","81332","10000",1,0,0,0,0
"S52242D","V5412","10000",1,0,0,0,0
"S52242E","V5412","10000",1,0,0,0,0
"S52242F","V5412","10000",1,0,0,0,0
"S52242G","V5412","10000",1,0,0,0,0
"S52242H","V5412","10000",1,0,0,0,0
"S52242J","V5412","10000",1,0,0,0,0
"S52242K","73382","10000",1,0,0,0,0
"S52242M","73382","10000",1,0,0,0,0
"S52242N","73382","10000",1,0,0,0,0
"S52242P","73381","10000",1,0,0,0,0
"S52242Q","73381","10000",1,0,0,0,0
"S52242R","73381","10000",1,0,0,0,0
"S52242S","9052","10000",1,0,0,0,0
"S52243A","81322","10000",1,0,0,0,0
"S52243B","81332","10000",1,0,0,0,0
"S52243C","81332","10000",1,0,0,0,0
"S52243D","V5412","10000",1,0,0,0,0
"S52243E","V5412","10000",1,0,0,0,0
"S52243F","V5412","10000",1,0,0,0,0
"S52243G","V5412","10000",1,0,0,0,0
"S52243H","V5412","10000",1,0,0,0,0
"S52243J","V5412","10000",1,0,0,0,0
"S52243K","73382","10000",1,0,0,0,0
"S52243M","73382","10000",1,0,0,0,0
"S52243N","73382","10000",1,0,0,0,0
"S52243P","73381","10000",1,0,0,0,0
"S52243Q","73381","10000",1,0,0,0,0
"S52243R","73381","10000",1,0,0,0,0
"S52243S","9052","10000",1,0,0,0,0
"S52244A","81322","10000",1,0,0,0,0
"S52244B","81332","10000",1,0,0,0,0
"S52244C","81332","10000",1,0,0,0,0
"S52244D","V5412","10000",1,0,0,0,0
"S52244E","V5412","10000",1,0,0,0,0
"S52244F","V5412","10000",1,0,0,0,0
"S52244G","V5412","10000",1,0,0,0,0
"S52244H","V5412","10000",1,0,0,0,0
"S52244J","V5412","10000",1,0,0,0,0
"S52244K","73382","10000",1,0,0,0,0
"S52244M","73382","10000",1,0,0,0,0
"S52244N","73382","10000",1,0,0,0,0
"S52244P","73381","10000",1,0,0,0,0
"S52244Q","73381","10000",1,0,0,0,0
"S52244R","73381","10000",1,0,0,0,0
"S52244S","9052","10000",1,0,0,0,0
"S52245A","81322","10000",1,0,0,0,0
"S52245B","81332","10000",1,0,0,0,0
"S52245C","81332","10000",1,0,0,0,0
"S52245D","V5412","10000",1,0,0,0,0
"S52245E","V5412","10000",1,0,0,0,0
"S52245F","V5412","10000",1,0,0,0,0
"S52245G","V5412","10000",1,0,0,0,0
"S52245H","V5412","10000",1,0,0,0,0
"S52245J","V5412","10000",1,0,0,0,0
"S52245K","73382","10000",1,0,0,0,0
"S52245M","73382","10000",1,0,0,0,0
"S52245N","73382","10000",1,0,0,0,0
"S52245P","73381","10000",1,0,0,0,0
"S52245Q","73381","10000",1,0,0,0,0
"S52245R","73381","10000",1,0,0,0,0
"S52245S","9052","10000",1,0,0,0,0
"S52246A","81322","10000",1,0,0,0,0
"S52246B","81332","10000",1,0,0,0,0
"S52246C","81332","10000",1,0,0,0,0
"S52246D","V5412","10000",1,0,0,0,0
"S52246E","V5412","10000",1,0,0,0,0
"S52246F","V5412","10000",1,0,0,0,0
"S52246G","V5412","10000",1,0,0,0,0
"S52246H","V5412","10000",1,0,0,0,0
"S52246J","V5412","10000",1,0,0,0,0
"S52246K","73382","10000",1,0,0,0,0
"S52246M","73382","10000",1,0,0,0,0
"S52246N","73382","10000",1,0,0,0,0
"S52246P","73381","10000",1,0,0,0,0
"S52246Q","73381","10000",1,0,0,0,0
"S52246R","73381","10000",1,0,0,0,0
"S52246S","9052","10000",1,0,0,0,0
"S52251A","81322","10000",1,0,0,0,0
"S52251B","81332","10000",1,0,0,0,0
"S52251C","81332","10000",1,0,0,0,0
"S52251D","V5412","10000",1,0,0,0,0
"S52251E","V5412","10000",1,0,0,0,0
"S52251F","V5412","10000",1,0,0,0,0
"S52251G","V5412","10000",1,0,0,0,0
"S52251H","V5412","10000",1,0,0,0,0
"S52251J","V5412","10000",1,0,0,0,0
"S52251K","73382","10000",1,0,0,0,0
"S52251M","73382","10000",1,0,0,0,0
"S52251N","73382","10000",1,0,0,0,0
"S52251P","73381","10000",1,0,0,0,0
"S52251Q","73381","10000",1,0,0,0,0
"S52251R","73381","10000",1,0,0,0,0
"S52251S","9052","10000",1,0,0,0,0
"S52252A","81322","10000",1,0,0,0,0
"S52252B","81332","10000",1,0,0,0,0
"S52252C","81332","10000",1,0,0,0,0
"S52252D","V5412","10000",1,0,0,0,0
"S52252E","V5412","10000",1,0,0,0,0
"S52252F","V5412","10000",1,0,0,0,0
"S52252G","V5412","10000",1,0,0,0,0
"S52252H","V5412","10000",1,0,0,0,0
"S52252J","V5412","10000",1,0,0,0,0
"S52252K","73382","10000",1,0,0,0,0
"S52252M","73382","10000",1,0,0,0,0
"S52252N","73382","10000",1,0,0,0,0
"S52252P","73381","10000",1,0,0,0,0
"S52252Q","73381","10000",1,0,0,0,0
"S52252R","73381","10000",1,0,0,0,0
"S52252S","9052","10000",1,0,0,0,0
"S52253A","81322","10000",1,0,0,0,0
"S52253B","81332","10000",1,0,0,0,0
"S52253C","81332","10000",1,0,0,0,0
"S52253D","V5412","10000",1,0,0,0,0
"S52253E","V5412","10000",1,0,0,0,0
"S52253F","V5412","10000",1,0,0,0,0
"S52253G","V5412","10000",1,0,0,0,0
"S52253H","V5412","10000",1,0,0,0,0
"S52253J","V5412","10000",1,0,0,0,0
"S52253K","73382","10000",1,0,0,0,0
"S52253M","73382","10000",1,0,0,0,0
"S52253N","73382","10000",1,0,0,0,0
"S52253P","73381","10000",1,0,0,0,0
"S52253Q","73381","10000",1,0,0,0,0
"S52253R","73381","10000",1,0,0,0,0
"S52253S","9052","10000",1,0,0,0,0
"S52254A","81322","10000",1,0,0,0,0
"S52254B","81332","10000",1,0,0,0,0
"S52254C","81332","10000",1,0,0,0,0
"S52254D","V5412","10000",1,0,0,0,0
"S52254E","V5412","10000",1,0,0,0,0
"S52254F","V5412","10000",1,0,0,0,0
"S52254G","V5412","10000",1,0,0,0,0
"S52254H","V5412","10000",1,0,0,0,0
"S52254J","V5412","10000",1,0,0,0,0
"S52254K","73382","10000",1,0,0,0,0
"S52254M","73382","10000",1,0,0,0,0
"S52254N","73382","10000",1,0,0,0,0
"S52254P","73381","10000",1,0,0,0,0
"S52254Q","73381","10000",1,0,0,0,0
"S52254R","73381","10000",1,0,0,0,0
"S52254S","9052","10000",1,0,0,0,0
"S52255A","81322","10000",1,0,0,0,0
"S52255B","81332","10000",1,0,0,0,0
"S52255C","81332","10000",1,0,0,0,0
"S52255D","V5412","10000",1,0,0,0,0
"S52255E","V5412","10000",1,0,0,0,0
"S52255F","V5412","10000",1,0,0,0,0
"S52255G","V5412","10000",1,0,0,0,0
"S52255H","V5412","10000",1,0,0,0,0
"S52255J","V5412","10000",1,0,0,0,0
"S52255K","73382","10000",1,0,0,0,0
"S52255M","73382","10000",1,0,0,0,0
"S52255N","73382","10000",1,0,0,0,0
"S52255P","73381","10000",1,0,0,0,0
"S52255Q","73381","10000",1,0,0,0,0
"S52255R","73381","10000",1,0,0,0,0
"S52255S","9052","10000",1,0,0,0,0
"S52256A","81322","10000",1,0,0,0,0
"S52256B","81332","10000",1,0,0,0,0
"S52256C","81332","10000",1,0,0,0,0
"S52256D","V5412","10000",1,0,0,0,0
"S52256E","V5412","10000",1,0,0,0,0
"S52256F","V5412","10000",1,0,0,0,0
"S52256G","V5412","10000",1,0,0,0,0
"S52256H","V5412","10000",1,0,0,0,0
"S52256J","V5412","10000",1,0,0,0,0
"S52256K","73382","10000",1,0,0,0,0
"S52256M","73382","10000",1,0,0,0,0
"S52256N","73382","10000",1,0,0,0,0
"S52256P","73381","10000",1,0,0,0,0
"S52256Q","73381","10000",1,0,0,0,0
"S52256R","73381","10000",1,0,0,0,0
"S52256S","9052","10000",1,0,0,0,0
"S52261A","81322","10000",1,0,0,0,0
"S52261B","81332","10000",1,0,0,0,0
"S52261C","81332","10000",1,0,0,0,0
"S52261D","V5412","10000",1,0,0,0,0
"S52261E","V5412","10000",1,0,0,0,0
"S52261F","V5412","10000",1,0,0,0,0
"S52261G","V5412","10000",1,0,0,0,0
"S52261H","V5412","10000",1,0,0,0,0
"S52261J","V5412","10000",1,0,0,0,0
"S52261K","73382","10000",1,0,0,0,0
"S52261M","73382","10000",1,0,0,0,0
"S52261N","73382","10000",1,0,0,0,0
"S52261P","73381","10000",1,0,0,0,0
"S52261Q","73381","10000",1,0,0,0,0
"S52261R","73381","10000",1,0,0,0,0
"S52261S","9052","10000",1,0,0,0,0
"S52262A","81322","10000",1,0,0,0,0
"S52262B","81332","10000",1,0,0,0,0
"S52262C","81332","10000",1,0,0,0,0
"S52262D","V5412","10000",1,0,0,0,0
"S52262E","V5412","10000",1,0,0,0,0
"S52262F","V5412","10000",1,0,0,0,0
"S52262G","V5412","10000",1,0,0,0,0
"S52262H","V5412","10000",1,0,0,0,0
"S52262J","V5412","10000",1,0,0,0,0
"S52262K","73382","10000",1,0,0,0,0
"S52262M","73382","10000",1,0,0,0,0
"S52262N","73382","10000",1,0,0,0,0
"S52262P","73381","10000",1,0,0,0,0
"S52262Q","73381","10000",1,0,0,0,0
"S52262R","73381","10000",1,0,0,0,0
"S52262S","9052","10000",1,0,0,0,0
"S52263A","81322","10000",1,0,0,0,0
"S52263B","81332","10000",1,0,0,0,0
"S52263C","81332","10000",1,0,0,0,0
"S52263D","V5412","10000",1,0,0,0,0
"S52263E","V5412","10000",1,0,0,0,0
"S52263F","V5412","10000",1,0,0,0,0
"S52263G","V5412","10000",1,0,0,0,0
"S52263H","V5412","10000",1,0,0,0,0
"S52263J","V5412","10000",1,0,0,0,0
"S52263K","73382","10000",1,0,0,0,0
"S52263M","73382","10000",1,0,0,0,0
"S52263N","73382","10000",1,0,0,0,0
"S52263P","73381","10000",1,0,0,0,0
"S52263Q","73381","10000",1,0,0,0,0
"S52263R","73381","10000",1,0,0,0,0
"S52263S","9052","10000",1,0,0,0,0
"S52264A","81322","10000",1,0,0,0,0
"S52264B","81332","10000",1,0,0,0,0
"S52264C","81332","10000",1,0,0,0,0
"S52264D","V5412","10000",1,0,0,0,0
"S52264E","V5412","10000",1,0,0,0,0
"S52264F","V5412","10000",1,0,0,0,0
"S52264G","V5412","10000",1,0,0,0,0
"S52264H","V5412","10000",1,0,0,0,0
"S52264J","V5412","10000",1,0,0,0,0
"S52264K","73382","10000",1,0,0,0,0
"S52264M","73382","10000",1,0,0,0,0
"S52264N","73382","10000",1,0,0,0,0
"S52264P","73381","10000",1,0,0,0,0
"S52264Q","73381","10000",1,0,0,0,0
"S52264R","73381","10000",1,0,0,0,0
"S52264S","9052","10000",1,0,0,0,0
"S52265A","81322","10000",1,0,0,0,0
"S52265B","81332","10000",1,0,0,0,0
"S52265C","81332","10000",1,0,0,0,0
"S52265D","V5412","10000",1,0,0,0,0
"S52265E","V5412","10000",1,0,0,0,0
"S52265F","V5412","10000",1,0,0,0,0
"S52265G","V5412","10000",1,0,0,0,0
"S52265H","V5412","10000",1,0,0,0,0
"S52265J","V5412","10000",1,0,0,0,0
"S52265K","73382","10000",1,0,0,0,0
"S52265M","73382","10000",1,0,0,0,0
"S52265N","73382","10000",1,0,0,0,0
"S52265P","73381","10000",1,0,0,0,0
"S52265Q","73381","10000",1,0,0,0,0
"S52265R","73381","10000",1,0,0,0,0
"S52265S","9052","10000",1,0,0,0,0
"S52266A","81322","10000",1,0,0,0,0
"S52266B","81332","10000",1,0,0,0,0
"S52266C","81332","10000",1,0,0,0,0
"S52266D","V5412","10000",1,0,0,0,0
"S52266E","V5412","10000",1,0,0,0,0
"S52266F","V5412","10000",1,0,0,0,0
"S52266G","V5412","10000",1,0,0,0,0
"S52266H","V5412","10000",1,0,0,0,0
"S52266J","V5412","10000",1,0,0,0,0
"S52266K","73382","10000",1,0,0,0,0
"S52266M","73382","10000",1,0,0,0,0
"S52266N","73382","10000",1,0,0,0,0
"S52266P","73381","10000",1,0,0,0,0
"S52266Q","73381","10000",1,0,0,0,0
"S52266R","73381","10000",1,0,0,0,0
"S52266S","9052","10000",1,0,0,0,0
"S52271A","81303","10000",1,0,0,0,0
"S52271B","81313","10000",1,0,0,0,0
"S52271C","81313","10000",1,0,0,0,0
"S52271D","V5412","10000",1,0,0,0,0
"S52271E","V5412","10000",1,0,0,0,0
"S52271F","V5412","10000",1,0,0,0,0
"S52271G","V5412","10000",1,0,0,0,0
"S52271H","V5412","10000",1,0,0,0,0
"S52271J","V5412","10000",1,0,0,0,0
"S52271K","73382","10000",1,0,0,0,0
"S52271M","73382","10000",1,0,0,0,0
"S52271N","73382","10000",1,0,0,0,0
"S52271P","73381","10000",1,0,0,0,0
"S52271Q","73381","10000",1,0,0,0,0
"S52271R","73381","10000",1,0,0,0,0
"S52271S","9052","10000",1,0,0,0,0
"S52272A","81303","10000",1,0,0,0,0
"S52272B","81313","10000",1,0,0,0,0
"S52272C","81313","10000",1,0,0,0,0
"S52272D","V5412","10000",1,0,0,0,0
"S52272E","V5412","10000",1,0,0,0,0
"S52272F","V5412","10000",1,0,0,0,0
"S52272G","V5412","10000",1,0,0,0,0
"S52272H","V5412","10000",1,0,0,0,0
"S52272J","V5412","10000",1,0,0,0,0
"S52272K","73382","10000",1,0,0,0,0
"S52272M","73382","10000",1,0,0,0,0
"S52272N","73382","10000",1,0,0,0,0
"S52272P","73381","10000",1,0,0,0,0
"S52272Q","73381","10000",1,0,0,0,0
"S52272R","73381","10000",1,0,0,0,0
"S52272S","9052","10000",1,0,0,0,0
"S52279A","81303","10000",1,0,0,0,0
"S52279B","81313","10000",1,0,0,0,0
"S52279C","81313","10000",1,0,0,0,0
"S52279D","V5412","10000",1,0,0,0,0
"S52279E","V5412","10000",1,0,0,0,0
"S52279F","V5412","10000",1,0,0,0,0
"S52279G","V5412","10000",1,0,0,0,0
"S52279H","V5412","10000",1,0,0,0,0
"S52279J","V5412","10000",1,0,0,0,0
"S52279K","73382","10000",1,0,0,0,0
"S52279M","73382","10000",1,0,0,0,0
"S52279N","73382","10000",1,0,0,0,0
"S52279P","73381","10000",1,0,0,0,0
"S52279Q","73381","10000",1,0,0,0,0
"S52279R","73381","10000",1,0,0,0,0
"S52279S","9052","10000",1,0,0,0,0
"S52281A","81322","10000",1,0,0,0,0
"S52281B","81332","10000",1,0,0,0,0
"S52281C","81332","10000",1,0,0,0,0
"S52281D","V5412","10000",1,0,0,0,0
"S52281E","V5412","10000",1,0,0,0,0
"S52281F","V5412","10000",1,0,0,0,0
"S52281G","V5412","10000",1,0,0,0,0
"S52281H","V5412","10000",1,0,0,0,0
"S52281J","V5412","10000",1,0,0,0,0
"S52281K","73382","10000",1,0,0,0,0
"S52281M","73382","10000",1,0,0,0,0
"S52281N","73382","10000",1,0,0,0,0
"S52281P","73381","10000",1,0,0,0,0
"S52281Q","73381","10000",1,0,0,0,0
"S52281R","73381","10000",1,0,0,0,0
"S52281S","9052","10000",1,0,0,0,0
"S52282A","81322","10000",1,0,0,0,0
"S52282B","81332","10000",1,0,0,0,0
"S52282C","81332","10000",1,0,0,0,0
"S52282D","V5412","10000",1,0,0,0,0
"S52282E","V5412","10000",1,0,0,0,0
"S52282F","V5412","10000",1,0,0,0,0
"S52282G","V5412","10000",1,0,0,0,0
"S52282H","V5412","10000",1,0,0,0,0
"S52282J","V5412","10000",1,0,0,0,0
"S52282K","73382","10000",1,0,0,0,0
"S52282M","73382","10000",1,0,0,0,0
"S52282N","73382","10000",1,0,0,0,0
"S52282P","73381","10000",1,0,0,0,0
"S52282Q","73381","10000",1,0,0,0,0
"S52282R","73381","10000",1,0,0,0,0
"S52282S","9052","10000",1,0,0,0,0
"S52283A","81322","10000",1,0,0,0,0
"S52283B","81332","10000",1,0,0,0,0
"S52283C","81332","10000",1,0,0,0,0
"S52283D","V5412","10000",1,0,0,0,0
"S52283E","V5412","10000",1,0,0,0,0
"S52283F","V5412","10000",1,0,0,0,0
"S52283G","V5412","10000",1,0,0,0,0
"S52283H","V5412","10000",1,0,0,0,0
"S52283J","V5412","10000",1,0,0,0,0
"S52283K","73382","10000",1,0,0,0,0
"S52283M","73382","10000",1,0,0,0,0
"S52283N","73382","10000",1,0,0,0,0
"S52283P","73381","10000",1,0,0,0,0
"S52283Q","73381","10000",1,0,0,0,0
"S52283R","73381","10000",1,0,0,0,0
"S52283S","9052","10000",1,0,0,0,0
"S52291A","81322","10000",1,0,0,0,0
"S52291B","81332","10000",1,0,0,0,0
"S52291C","81332","10000",1,0,0,0,0
"S52291D","V5412","10000",1,0,0,0,0
"S52291E","V5412","10000",1,0,0,0,0
"S52291F","V5412","10000",1,0,0,0,0
"S52291G","V5412","10000",1,0,0,0,0
"S52291H","V5412","10000",1,0,0,0,0
"S52291J","V5412","10000",1,0,0,0,0
"S52291K","73382","10000",1,0,0,0,0
"S52291M","73382","10000",1,0,0,0,0
"S52291N","73382","10000",1,0,0,0,0
"S52291P","73381","10000",1,0,0,0,0
"S52291Q","73381","10000",1,0,0,0,0
"S52291R","73381","10000",1,0,0,0,0
"S52291S","9052","10000",1,0,0,0,0
"S52292A","81322","10000",1,0,0,0,0
"S52292B","81332","10000",1,0,0,0,0
"S52292C","81332","10000",1,0,0,0,0
"S52292D","V5412","10000",1,0,0,0,0
"S52292E","V5412","10000",1,0,0,0,0
"S52292F","V5412","10000",1,0,0,0,0
"S52292G","V5412","10000",1,0,0,0,0
"S52292H","V5412","10000",1,0,0,0,0
"S52292J","V5412","10000",1,0,0,0,0
"S52292K","73382","10000",1,0,0,0,0
"S52292M","73382","10000",1,0,0,0,0
"S52292N","73382","10000",1,0,0,0,0
"S52292P","73381","10000",1,0,0,0,0
"S52292Q","73381","10000",1,0,0,0,0
"S52292R","73381","10000",1,0,0,0,0
"S52292S","9052","10000",1,0,0,0,0
"S52299A","81322","10000",1,0,0,0,0
"S52299B","81332","10000",1,0,0,0,0
"S52299C","81332","10000",1,0,0,0,0
"S52299D","V5412","10000",1,0,0,0,0
"S52299E","V5412","10000",1,0,0,0,0
"S52299F","V5412","10000",1,0,0,0,0
"S52299G","V5412","10000",1,0,0,0,0
"S52299H","V5412","10000",1,0,0,0,0
"S52299J","V5412","10000",1,0,0,0,0
"S52299K","73382","10000",1,0,0,0,0
"S52299M","73382","10000",1,0,0,0,0
"S52299N","73382","10000",1,0,0,0,0
"S52299P","73381","10000",1,0,0,0,0
"S52299Q","73381","10000",1,0,0,0,0
"S52299R","73381","10000",1,0,0,0,0
"S52299S","9052","10000",1,0,0,0,0
"S52301A","81321","10000",1,0,0,0,0
"S52301B","81331","10000",1,0,0,0,0
"S52301C","81331","10000",1,0,0,0,0
"S52301D","V5412","10000",1,0,0,0,0
"S52301E","V5412","10000",1,0,0,0,0
"S52301F","V5412","10000",1,0,0,0,0
"S52301G","V5412","10000",1,0,0,0,0
"S52301H","V5412","10000",1,0,0,0,0
"S52301J","V5412","10000",1,0,0,0,0
"S52301K","73382","10000",1,0,0,0,0
"S52301M","73382","10000",1,0,0,0,0
"S52301N","73382","10000",1,0,0,0,0
"S52301P","73381","10000",1,0,0,0,0
"S52301Q","73381","10000",1,0,0,0,0
"S52301R","73381","10000",1,0,0,0,0
"S52301S","9052","10000",1,0,0,0,0
"S52302A","81321","10000",1,0,0,0,0
"S52302B","81331","10000",1,0,0,0,0
"S52302C","81331","10000",1,0,0,0,0
"S52302D","V5412","10000",1,0,0,0,0
"S52302E","V5412","10000",1,0,0,0,0
"S52302F","V5412","10000",1,0,0,0,0
"S52302G","V5412","10000",1,0,0,0,0
"S52302H","V5412","10000",1,0,0,0,0
"S52302J","V5412","10000",1,0,0,0,0
"S52302K","73382","10000",1,0,0,0,0
"S52302M","73382","10000",1,0,0,0,0
"S52302N","73382","10000",1,0,0,0,0
"S52302P","73381","10000",1,0,0,0,0
"S52302Q","73381","10000",1,0,0,0,0
"S52302R","73381","10000",1,0,0,0,0
"S52302S","9052","10000",1,0,0,0,0
"S52309A","81321","10000",1,0,0,0,0
"S52309B","81331","10000",1,0,0,0,0
"S52309C","81331","10000",1,0,0,0,0
"S52309D","V5412","10000",1,0,0,0,0
"S52309E","V5412","10000",1,0,0,0,0
"S52309F","V5412","10000",1,0,0,0,0
"S52309G","V5412","10000",1,0,0,0,0
"S52309H","V5412","10000",1,0,0,0,0
"S52309J","V5412","10000",1,0,0,0,0
"S52309K","73382","10000",1,0,0,0,0
"S52309M","73382","10000",1,0,0,0,0
"S52309N","73382","10000",1,0,0,0,0
"S52309P","73381","10000",1,0,0,0,0
"S52309Q","73381","10000",1,0,0,0,0
"S52309R","73381","10000",1,0,0,0,0
"S52309S","9052","10000",1,0,0,0,0
"S52311A","81321","10000",1,0,0,0,0
"S52311D","V5412","10000",1,0,0,0,0
"S52311G","V5412","10000",1,0,0,0,0
"S52311K","73382","10000",1,0,0,0,0
"S52311P","73381","10000",1,0,0,0,0
"S52311S","9052","10000",1,0,0,0,0
"S52312A","81321","10000",1,0,0,0,0
"S52312D","V5412","10000",1,0,0,0,0
"S52312G","V5412","10000",1,0,0,0,0
"S52312K","73382","10000",1,0,0,0,0
"S52312P","73381","10000",1,0,0,0,0
"S52312S","9052","10000",1,0,0,0,0
"S52319A","81321","10000",1,0,0,0,0
"S52319D","V5412","10000",1,0,0,0,0
"S52319G","V5412","10000",1,0,0,0,0
"S52319K","73382","10000",1,0,0,0,0
"S52319P","73381","10000",1,0,0,0,0
"S52319S","9052","10000",1,0,0,0,0
"S52321A","81321","10000",1,0,0,0,0
"S52321B","81331","10000",1,0,0,0,0
"S52321C","81331","10000",1,0,0,0,0
"S52321D","V5412","10000",1,0,0,0,0
"S52321E","V5412","10000",1,0,0,0,0
"S52321F","V5412","10000",1,0,0,0,0
"S52321G","V5412","10000",1,0,0,0,0
"S52321H","V5412","10000",1,0,0,0,0
"S52321J","V5412","10000",1,0,0,0,0
"S52321K","73382","10000",1,0,0,0,0
"S52321M","73382","10000",1,0,0,0,0
"S52321N","73382","10000",1,0,0,0,0
"S52321P","73381","10000",1,0,0,0,0
"S52321Q","73381","10000",1,0,0,0,0
"S52321R","73381","10000",1,0,0,0,0
"S52321S","9052","10000",1,0,0,0,0
"S52322A","81321","10000",1,0,0,0,0
"S52322B","81331","10000",1,0,0,0,0
"S52322C","81331","10000",1,0,0,0,0
"S52322D","V5412","10000",1,0,0,0,0
"S52322E","V5412","10000",1,0,0,0,0
"S52322F","V5412","10000",1,0,0,0,0
"S52322G","V5412","10000",1,0,0,0,0
"S52322H","V5412","10000",1,0,0,0,0
"S52322J","V5412","10000",1,0,0,0,0
"S52322K","73382","10000",1,0,0,0,0
"S52322M","73382","10000",1,0,0,0,0
"S52322N","73382","10000",1,0,0,0,0
"S52322P","73381","10000",1,0,0,0,0
"S52322Q","73381","10000",1,0,0,0,0
"S52322R","73381","10000",1,0,0,0,0
"S52322S","9052","10000",1,0,0,0,0
"S52323A","81321","10000",1,0,0,0,0
"S52323B","81331","10000",1,0,0,0,0
"S52323C","81331","10000",1,0,0,0,0
"S52323D","V5412","10000",1,0,0,0,0
"S52323E","V5412","10000",1,0,0,0,0
"S52323F","V5412","10000",1,0,0,0,0
"S52323G","V5412","10000",1,0,0,0,0
"S52323H","V5412","10000",1,0,0,0,0
"S52323J","V5412","10000",1,0,0,0,0
"S52323K","73382","10000",1,0,0,0,0
"S52323M","73382","10000",1,0,0,0,0
"S52323N","73382","10000",1,0,0,0,0
"S52323P","73381","10000",1,0,0,0,0
"S52323Q","73381","10000",1,0,0,0,0
"S52323R","73381","10000",1,0,0,0,0
"S52323S","9052","10000",1,0,0,0,0
"S52324A","81321","10000",1,0,0,0,0
"S52324B","81331","10000",1,0,0,0,0
"S52324C","81331","10000",1,0,0,0,0
"S52324D","V5412","10000",1,0,0,0,0
"S52324E","V5412","10000",1,0,0,0,0
"S52324F","V5412","10000",1,0,0,0,0
"S52324G","V5412","10000",1,0,0,0,0
"S52324H","V5412","10000",1,0,0,0,0
"S52324J","V5412","10000",1,0,0,0,0
"S52324K","73382","10000",1,0,0,0,0
"S52324M","73382","10000",1,0,0,0,0
"S52324N","73382","10000",1,0,0,0,0
"S52324P","73381","10000",1,0,0,0,0
"S52324Q","73381","10000",1,0,0,0,0
"S52324R","73381","10000",1,0,0,0,0
"S52324S","9052","10000",1,0,0,0,0
"S52325A","81321","10000",1,0,0,0,0
"S52325B","81331","10000",1,0,0,0,0
"S52325C","81331","10000",1,0,0,0,0
"S52325D","V5412","10000",1,0,0,0,0
"S52325E","V5412","10000",1,0,0,0,0
"S52325F","V5412","10000",1,0,0,0,0
"S52325G","V5412","10000",1,0,0,0,0
"S52325H","V5412","10000",1,0,0,0,0
"S52325J","V5412","10000",1,0,0,0,0
"S52325K","73382","10000",1,0,0,0,0
"S52325M","73382","10000",1,0,0,0,0
"S52325N","73382","10000",1,0,0,0,0
"S52325P","73381","10000",1,0,0,0,0
"S52325Q","73381","10000",1,0,0,0,0
"S52325R","73381","10000",1,0,0,0,0
"S52325S","9052","10000",1,0,0,0,0
"S52326A","81321","10000",1,0,0,0,0
"S52326B","81331","10000",1,0,0,0,0
"S52326C","81331","10000",1,0,0,0,0
"S52326D","V5412","10000",1,0,0,0,0
"S52326E","V5412","10000",1,0,0,0,0
"S52326F","V5412","10000",1,0,0,0,0
"S52326G","V5412","10000",1,0,0,0,0
"S52326H","V5412","10000",1,0,0,0,0
"S52326J","V5412","10000",1,0,0,0,0
"S52326K","73382","10000",1,0,0,0,0
"S52326M","73382","10000",1,0,0,0,0
"S52326N","73382","10000",1,0,0,0,0
"S52326P","73381","10000",1,0,0,0,0
"S52326Q","73381","10000",1,0,0,0,0
"S52326R","73381","10000",1,0,0,0,0
"S52326S","9052","10000",1,0,0,0,0
"S52331A","81321","10000",1,0,0,0,0
"S52331B","81331","10000",1,0,0,0,0
"S52331C","81331","10000",1,0,0,0,0
"S52331D","V5412","10000",1,0,0,0,0
"S52331E","V5412","10000",1,0,0,0,0
"S52331F","V5412","10000",1,0,0,0,0
"S52331G","V5412","10000",1,0,0,0,0
"S52331H","V5412","10000",1,0,0,0,0
"S52331J","V5412","10000",1,0,0,0,0
"S52331K","73382","10000",1,0,0,0,0
"S52331M","73382","10000",1,0,0,0,0
"S52331N","73382","10000",1,0,0,0,0
"S52331P","73381","10000",1,0,0,0,0
"S52331Q","73381","10000",1,0,0,0,0
"S52331R","73381","10000",1,0,0,0,0
"S52331S","9052","10000",1,0,0,0,0
"S52332A","81321","10000",1,0,0,0,0
"S52332B","81331","10000",1,0,0,0,0
"S52332C","81331","10000",1,0,0,0,0
"S52332D","V5412","10000",1,0,0,0,0
"S52332E","V5412","10000",1,0,0,0,0
"S52332F","V5412","10000",1,0,0,0,0
"S52332G","V5412","10000",1,0,0,0,0
"S52332H","V5412","10000",1,0,0,0,0
"S52332J","V5412","10000",1,0,0,0,0
"S52332K","73382","10000",1,0,0,0,0
"S52332M","73382","10000",1,0,0,0,0
"S52332N","73382","10000",1,0,0,0,0
"S52332P","73381","10000",1,0,0,0,0
"S52332Q","73381","10000",1,0,0,0,0
"S52332R","73381","10000",1,0,0,0,0
"S52332S","9052","10000",1,0,0,0,0
"S52333A","81321","10000",1,0,0,0,0
"S52333B","81331","10000",1,0,0,0,0
"S52333C","81331","10000",1,0,0,0,0
"S52333D","V5412","10000",1,0,0,0,0
"S52333E","V5412","10000",1,0,0,0,0
"S52333F","V5412","10000",1,0,0,0,0
"S52333G","V5412","10000",1,0,0,0,0
"S52333H","V5412","10000",1,0,0,0,0
"S52333J","V5412","10000",1,0,0,0,0
"S52333K","73382","10000",1,0,0,0,0
"S52333M","73382","10000",1,0,0,0,0
"S52333N","73382","10000",1,0,0,0,0
"S52333P","73381","10000",1,0,0,0,0
"S52333Q","73381","10000",1,0,0,0,0
"S52333R","73381","10000",1,0,0,0,0
"S52333S","9052","10000",1,0,0,0,0
"S52334A","81321","10000",1,0,0,0,0
"S52334B","81331","10000",1,0,0,0,0
"S52334C","81331","10000",1,0,0,0,0
"S52334D","V5412","10000",1,0,0,0,0
"S52334E","V5412","10000",1,0,0,0,0
"S52334F","V5412","10000",1,0,0,0,0
"S52334G","V5412","10000",1,0,0,0,0
"S52334H","V5412","10000",1,0,0,0,0
"S52334J","V5412","10000",1,0,0,0,0
"S52334K","73382","10000",1,0,0,0,0
"S52334M","73382","10000",1,0,0,0,0
"S52334N","73382","10000",1,0,0,0,0
"S52334P","73381","10000",1,0,0,0,0
"S52334Q","73381","10000",1,0,0,0,0
"S52334R","73381","10000",1,0,0,0,0
"S52334S","9052","10000",1,0,0,0,0
"S52335A","81321","10000",1,0,0,0,0
"S52335B","81331","10000",1,0,0,0,0
"S52335C","81331","10000",1,0,0,0,0
"S52335D","V5412","10000",1,0,0,0,0
"S52335E","V5412","10000",1,0,0,0,0
"S52335F","V5412","10000",1,0,0,0,0
"S52335G","V5412","10000",1,0,0,0,0
"S52335H","V5412","10000",1,0,0,0,0
"S52335J","V5412","10000",1,0,0,0,0
"S52335K","73382","10000",1,0,0,0,0
"S52335M","73382","10000",1,0,0,0,0
"S52335N","73382","10000",1,0,0,0,0
"S52335P","73381","10000",1,0,0,0,0
"S52335Q","73381","10000",1,0,0,0,0
"S52335R","73381","10000",1,0,0,0,0
"S52335S","9052","10000",1,0,0,0,0
"S52336A","81321","10000",1,0,0,0,0
"S52336B","81331","10000",1,0,0,0,0
"S52336C","81331","10000",1,0,0,0,0
"S52336D","V5412","10000",1,0,0,0,0
"S52336E","V5412","10000",1,0,0,0,0
"S52336F","V5412","10000",1,0,0,0,0
"S52336G","V5412","10000",1,0,0,0,0
"S52336H","V5412","10000",1,0,0,0,0
"S52336J","V5412","10000",1,0,0,0,0
"S52336K","73382","10000",1,0,0,0,0
"S52336M","73382","10000",1,0,0,0,0
"S52336N","73382","10000",1,0,0,0,0
"S52336P","73381","10000",1,0,0,0,0
"S52336Q","73381","10000",1,0,0,0,0
"S52336R","73381","10000",1,0,0,0,0
"S52336S","9052","10000",1,0,0,0,0
"S52341A","81321","10000",1,0,0,0,0
"S52341B","81331","10000",1,0,0,0,0
"S52341C","81331","10000",1,0,0,0,0
"S52341D","V5412","10000",1,0,0,0,0
"S52341E","V5412","10000",1,0,0,0,0
"S52341F","V5412","10000",1,0,0,0,0
"S52341G","V5412","10000",1,0,0,0,0
"S52341H","V5412","10000",1,0,0,0,0
"S52341J","V5412","10000",1,0,0,0,0
"S52341K","73382","10000",1,0,0,0,0
"S52341M","73382","10000",1,0,0,0,0
"S52341N","73382","10000",1,0,0,0,0
"S52341P","73381","10000",1,0,0,0,0
"S52341Q","73381","10000",1,0,0,0,0
"S52341R","73381","10000",1,0,0,0,0
"S52341S","9052","10000",1,0,0,0,0
"S52342A","81321","10000",1,0,0,0,0
"S52342B","81331","10000",1,0,0,0,0
"S52342C","81331","10000",1,0,0,0,0
"S52342D","V5412","10000",1,0,0,0,0
"S52342E","V5412","10000",1,0,0,0,0
"S52342F","V5412","10000",1,0,0,0,0
"S52342G","V5412","10000",1,0,0,0,0
"S52342H","V5412","10000",1,0,0,0,0
"S52342J","V5412","10000",1,0,0,0,0
"S52342K","73382","10000",1,0,0,0,0
"S52342M","73382","10000",1,0,0,0,0
"S52342N","73382","10000",1,0,0,0,0
"S52342P","73381","10000",1,0,0,0,0
"S52342Q","73381","10000",1,0,0,0,0
"S52342R","73381","10000",1,0,0,0,0
"S52342S","9052","10000",1,0,0,0,0
"S52343A","81321","10000",1,0,0,0,0
"S52343B","81331","10000",1,0,0,0,0
"S52343C","81331","10000",1,0,0,0,0
"S52343D","V5412","10000",1,0,0,0,0
"S52343E","V5412","10000",1,0,0,0,0
"S52343F","V5412","10000",1,0,0,0,0
"S52343G","V5412","10000",1,0,0,0,0
"S52343H","V5412","10000",1,0,0,0,0
"S52343J","V5412","10000",1,0,0,0,0
"S52343K","73382","10000",1,0,0,0,0
"S52343M","73382","10000",1,0,0,0,0
"S52343N","73382","10000",1,0,0,0,0
"S52343P","73381","10000",1,0,0,0,0
"S52343Q","73381","10000",1,0,0,0,0
"S52343R","73381","10000",1,0,0,0,0
"S52343S","9052","10000",1,0,0,0,0
"S52344A","81321","10000",1,0,0,0,0
"S52344B","81331","10000",1,0,0,0,0
"S52344C","81331","10000",1,0,0,0,0
"S52344D","V5412","10000",1,0,0,0,0
"S52344E","V5412","10000",1,0,0,0,0
"S52344F","V5412","10000",1,0,0,0,0
"S52344G","V5412","10000",1,0,0,0,0
"S52344H","V5412","10000",1,0,0,0,0
"S52344J","V5412","10000",1,0,0,0,0
"S52344K","73382","10000",1,0,0,0,0
"S52344M","73382","10000",1,0,0,0,0
"S52344N","73382","10000",1,0,0,0,0
"S52344P","73381","10000",1,0,0,0,0
"S52344Q","73381","10000",1,0,0,0,0
"S52344R","73381","10000",1,0,0,0,0
"S52344S","9052","10000",1,0,0,0,0
"S52345A","81321","10000",1,0,0,0,0
"S52345B","81331","10000",1,0,0,0,0
"S52345C","81331","10000",1,0,0,0,0
"S52345D","V5412","10000",1,0,0,0,0
"S52345E","V5412","10000",1,0,0,0,0
"S52345F","V5412","10000",1,0,0,0,0
"S52345G","V5412","10000",1,0,0,0,0
"S52345H","V5412","10000",1,0,0,0,0
"S52345J","V5412","10000",1,0,0,0,0
"S52345K","73382","10000",1,0,0,0,0
"S52345M","73382","10000",1,0,0,0,0
"S52345N","73382","10000",1,0,0,0,0
"S52345P","73381","10000",1,0,0,0,0
"S52345Q","73381","10000",1,0,0,0,0
"S52345R","73381","10000",1,0,0,0,0
"S52345S","9052","10000",1,0,0,0,0
"S52346A","81321","10000",1,0,0,0,0
"S52346B","81331","10000",1,0,0,0,0
"S52346C","81331","10000",1,0,0,0,0
"S52346D","V5412","10000",1,0,0,0,0
"S52346E","V5412","10000",1,0,0,0,0
"S52346F","V5412","10000",1,0,0,0,0
"S52346G","V5412","10000",1,0,0,0,0
"S52346H","V5412","10000",1,0,0,0,0
"S52346J","V5412","10000",1,0,0,0,0
"S52346K","73382","10000",1,0,0,0,0
"S52346M","73382","10000",1,0,0,0,0
"S52346N","73382","10000",1,0,0,0,0
"S52346P","73381","10000",1,0,0,0,0
"S52346Q","73381","10000",1,0,0,0,0
"S52346R","73381","10000",1,0,0,0,0
"S52346S","9052","10000",1,0,0,0,0
"S52351A","81321","10000",1,0,0,0,0
"S52351B","81331","10000",1,0,0,0,0
"S52351C","81331","10000",1,0,0,0,0
"S52351D","V5412","10000",1,0,0,0,0
"S52351E","V5412","10000",1,0,0,0,0
"S52351F","V5412","10000",1,0,0,0,0
"S52351G","V5412","10000",1,0,0,0,0
"S52351H","V5412","10000",1,0,0,0,0
"S52351J","V5412","10000",1,0,0,0,0
"S52351K","73382","10000",1,0,0,0,0
"S52351M","73382","10000",1,0,0,0,0
"S52351N","73382","10000",1,0,0,0,0
"S52351P","73381","10000",1,0,0,0,0
"S52351Q","73381","10000",1,0,0,0,0
"S52351R","73381","10000",1,0,0,0,0
"S52351S","9052","10000",1,0,0,0,0
"S52352A","81321","10000",1,0,0,0,0
"S52352B","81331","10000",1,0,0,0,0
"S52352C","81331","10000",1,0,0,0,0
"S52352D","V5412","10000",1,0,0,0,0
"S52352E","V5412","10000",1,0,0,0,0
"S52352F","V5412","10000",1,0,0,0,0
"S52352G","V5412","10000",1,0,0,0,0
"S52352H","V5412","10000",1,0,0,0,0
"S52352J","V5412","10000",1,0,0,0,0
"S52352K","73382","10000",1,0,0,0,0
"S52352M","73382","10000",1,0,0,0,0
"S52352N","73382","10000",1,0,0,0,0
"S52352P","73381","10000",1,0,0,0,0
"S52352Q","73381","10000",1,0,0,0,0
"S52352R","73381","10000",1,0,0,0,0
"S52352S","9052","10000",1,0,0,0,0
"S52353A","81321","10000",1,0,0,0,0
"S52353B","81331","10000",1,0,0,0,0
"S52353C","81331","10000",1,0,0,0,0
"S52353D","V5412","10000",1,0,0,0,0
"S52353E","V5412","10000",1,0,0,0,0
"S52353F","V5412","10000",1,0,0,0,0
"S52353G","V5412","10000",1,0,0,0,0
"S52353H","V5412","10000",1,0,0,0,0
"S52353J","V5412","10000",1,0,0,0,0
"S52353K","73382","10000",1,0,0,0,0
"S52353M","73382","10000",1,0,0,0,0
"S52353N","73382","10000",1,0,0,0,0
"S52353P","73381","10000",1,0,0,0,0
"S52353Q","73381","10000",1,0,0,0,0
"S52353R","73381","10000",1,0,0,0,0
"S52353S","9052","10000",1,0,0,0,0
"S52354A","81321","10000",1,0,0,0,0
"S52354B","81331","10000",1,0,0,0,0
"S52354C","81331","10000",1,0,0,0,0
"S52354D","V5412","10000",1,0,0,0,0
"S52354E","V5412","10000",1,0,0,0,0
"S52354F","V5412","10000",1,0,0,0,0
"S52354G","V5412","10000",1,0,0,0,0
"S52354H","V5412","10000",1,0,0,0,0
"S52354J","V5412","10000",1,0,0,0,0
"S52354K","73382","10000",1,0,0,0,0
"S52354M","73382","10000",1,0,0,0,0
"S52354N","73382","10000",1,0,0,0,0
"S52354P","73381","10000",1,0,0,0,0
"S52354Q","73381","10000",1,0,0,0,0
"S52354R","73381","10000",1,0,0,0,0
"S52354S","9052","10000",1,0,0,0,0
"S52355A","81321","10000",1,0,0,0,0
"S52355B","81331","10000",1,0,0,0,0
"S52355C","81331","10000",1,0,0,0,0
"S52355D","V5412","10000",1,0,0,0,0
"S52355E","V5412","10000",1,0,0,0,0
"S52355F","V5412","10000",1,0,0,0,0
"S52355G","V5412","10000",1,0,0,0,0
"S52355H","V5412","10000",1,0,0,0,0
"S52355J","V5412","10000",1,0,0,0,0
"S52355K","73382","10000",1,0,0,0,0
"S52355M","73382","10000",1,0,0,0,0
"S52355N","73382","10000",1,0,0,0,0
"S52355P","73381","10000",1,0,0,0,0
"S52355Q","73381","10000",1,0,0,0,0
"S52355R","73381","10000",1,0,0,0,0
"S52355S","9052","10000",1,0,0,0,0
"S52356A","81321","10000",1,0,0,0,0
"S52356B","81331","10000",1,0,0,0,0
"S52356C","81331","10000",1,0,0,0,0
"S52356D","V5412","10000",1,0,0,0,0
"S52356E","V5412","10000",1,0,0,0,0
"S52356F","V5412","10000",1,0,0,0,0
"S52356G","V5412","10000",1,0,0,0,0
"S52356H","V5412","10000",1,0,0,0,0
"S52356J","V5412","10000",1,0,0,0,0
"S52356K","73382","10000",1,0,0,0,0
"S52356M","73382","10000",1,0,0,0,0
"S52356N","73382","10000",1,0,0,0,0
"S52356P","73381","10000",1,0,0,0,0
"S52356Q","73381","10000",1,0,0,0,0
"S52356R","73381","10000",1,0,0,0,0
"S52356S","9052","10000",1,0,0,0,0
"S52361A","81321","10000",1,0,0,0,0
"S52361B","81331","10000",1,0,0,0,0
"S52361C","81331","10000",1,0,0,0,0
"S52361D","V5412","10000",1,0,0,0,0
"S52361E","V5412","10000",1,0,0,0,0
"S52361F","V5412","10000",1,0,0,0,0
"S52361G","V5412","10000",1,0,0,0,0
"S52361H","V5412","10000",1,0,0,0,0
"S52361J","V5412","10000",1,0,0,0,0
"S52361K","73382","10000",1,0,0,0,0
"S52361M","73382","10000",1,0,0,0,0
"S52361N","73382","10000",1,0,0,0,0
"S52361P","73381","10000",1,0,0,0,0
"S52361Q","73381","10000",1,0,0,0,0
"S52361R","73381","10000",1,0,0,0,0
"S52361S","9052","10000",1,0,0,0,0
"S52362A","81321","10000",1,0,0,0,0
"S52362B","81331","10000",1,0,0,0,0
"S52362C","81331","10000",1,0,0,0,0
"S52362D","V5412","10000",1,0,0,0,0
"S52362E","V5412","10000",1,0,0,0,0
"S52362F","V5412","10000",1,0,0,0,0
"S52362G","V5412","10000",1,0,0,0,0
"S52362H","V5412","10000",1,0,0,0,0
"S52362J","V5412","10000",1,0,0,0,0
"S52362K","73382","10000",1,0,0,0,0
"S52362M","73382","10000",1,0,0,0,0
"S52362N","73382","10000",1,0,0,0,0
"S52362P","73381","10000",1,0,0,0,0
"S52362Q","73381","10000",1,0,0,0,0
"S52362R","73381","10000",1,0,0,0,0
"S52362S","9052","10000",1,0,0,0,0
"S52363A","81321","10000",1,0,0,0,0
"S52363B","81331","10000",1,0,0,0,0
"S52363C","81331","10000",1,0,0,0,0
"S52363D","V5412","10000",1,0,0,0,0
"S52363E","V5412","10000",1,0,0,0,0
"S52363F","V5412","10000",1,0,0,0,0
"S52363G","V5412","10000",1,0,0,0,0
"S52363H","V5412","10000",1,0,0,0,0
"S52363J","V5412","10000",1,0,0,0,0
"S52363K","73382","10000",1,0,0,0,0
"S52363M","73382","10000",1,0,0,0,0
"S52363N","73382","10000",1,0,0,0,0
"S52363P","73381","10000",1,0,0,0,0
"S52363Q","73381","10000",1,0,0,0,0
"S52363R","73381","10000",1,0,0,0,0
"S52363S","9052","10000",1,0,0,0,0
"S52364A","81321","10000",1,0,0,0,0
"S52364B","81331","10000",1,0,0,0,0
"S52364C","81331","10000",1,0,0,0,0
"S52364D","V5412","10000",1,0,0,0,0
"S52364E","V5412","10000",1,0,0,0,0
"S52364F","V5412","10000",1,0,0,0,0
"S52364G","V5412","10000",1,0,0,0,0
"S52364H","V5412","10000",1,0,0,0,0
"S52364J","V5412","10000",1,0,0,0,0
"S52364K","73382","10000",1,0,0,0,0
"S52364M","73382","10000",1,0,0,0,0
"S52364N","73382","10000",1,0,0,0,0
"S52364P","73381","10000",1,0,0,0,0
"S52364Q","73381","10000",1,0,0,0,0
"S52364R","73381","10000",1,0,0,0,0
"S52364S","9052","10000",1,0,0,0,0
"S52365A","81321","10000",1,0,0,0,0
"S52365B","81331","10000",1,0,0,0,0
"S52365C","81331","10000",1,0,0,0,0
"S52365D","V5412","10000",1,0,0,0,0
"S52365E","V5412","10000",1,0,0,0,0
"S52365F","V5412","10000",1,0,0,0,0
"S52365G","V5412","10000",1,0,0,0,0
"S52365H","V5412","10000",1,0,0,0,0
"S52365J","V5412","10000",1,0,0,0,0
"S52365K","73382","10000",1,0,0,0,0
"S52365M","73382","10000",1,0,0,0,0
"S52365N","73382","10000",1,0,0,0,0
"S52365P","73381","10000",1,0,0,0,0
"S52365Q","73381","10000",1,0,0,0,0
"S52365R","73381","10000",1,0,0,0,0
"S52365S","9052","10000",1,0,0,0,0
"S52366A","81321","10000",1,0,0,0,0
"S52366B","81331","10000",1,0,0,0,0
"S52366C","81331","10000",1,0,0,0,0
"S52366D","V5412","10000",1,0,0,0,0
"S52366E","V5412","10000",1,0,0,0,0
"S52366F","V5412","10000",1,0,0,0,0
"S52366G","V5412","10000",1,0,0,0,0
"S52366H","V5412","10000",1,0,0,0,0
"S52366J","V5412","10000",1,0,0,0,0
"S52366K","73382","10000",1,0,0,0,0
"S52366M","73382","10000",1,0,0,0,0
"S52366N","73382","10000",1,0,0,0,0
"S52366P","73381","10000",1,0,0,0,0
"S52366Q","73381","10000",1,0,0,0,0
"S52366R","73381","10000",1,0,0,0,0
"S52366S","9052","10000",1,0,0,0,0
"S52371A","81321","10000",1,0,0,0,0
"S52371B","81331","10000",1,0,0,0,0
"S52371C","81331","10000",1,0,0,0,0
"S52371D","V5412","10000",1,0,0,0,0
"S52371E","V5412","10000",1,0,0,0,0
"S52371F","V5412","10000",1,0,0,0,0
"S52371G","V5412","10000",1,0,0,0,0
"S52371H","V5412","10000",1,0,0,0,0
"S52371J","V5412","10000",1,0,0,0,0
"S52371K","73382","10000",1,0,0,0,0
"S52371M","73382","10000",1,0,0,0,0
"S52371N","73382","10000",1,0,0,0,0
"S52371P","73381","10000",1,0,0,0,0
"S52371Q","73381","10000",1,0,0,0,0
"S52371R","73381","10000",1,0,0,0,0
"S52371S","9052","10000",1,0,0,0,0
"S52372A","81321","10000",1,0,0,0,0
"S52372B","81331","10000",1,0,0,0,0
"S52372C","81331","10000",1,0,0,0,0
"S52372D","V5412","10000",1,0,0,0,0
"S52372E","V5412","10000",1,0,0,0,0
"S52372F","V5412","10000",1,0,0,0,0
"S52372G","V5412","10000",1,0,0,0,0
"S52372H","V5412","10000",1,0,0,0,0
"S52372J","V5412","10000",1,0,0,0,0
"S52372K","73382","10000",1,0,0,0,0
"S52372M","73382","10000",1,0,0,0,0
"S52372N","73382","10000",1,0,0,0,0
"S52372P","73381","10000",1,0,0,0,0
"S52372Q","73381","10000",1,0,0,0,0
"S52372R","73381","10000",1,0,0,0,0
"S52372S","9052","10000",1,0,0,0,0
"S52379A","81321","10000",1,0,0,0,0
"S52379B","81331","10000",1,0,0,0,0
"S52379C","81331","10000",1,0,0,0,0
"S52379D","V5412","10000",1,0,0,0,0
"S52379E","V5412","10000",1,0,0,0,0
"S52379F","V5412","10000",1,0,0,0,0
"S52379G","V5412","10000",1,0,0,0,0
"S52379H","V5412","10000",1,0,0,0,0
"S52379J","V5412","10000",1,0,0,0,0
"S52379K","73382","10000",1,0,0,0,0
"S52379M","73382","10000",1,0,0,0,0
"S52379N","73382","10000",1,0,0,0,0
"S52379P","73381","10000",1,0,0,0,0
"S52379Q","73381","10000",1,0,0,0,0
"S52379R","73381","10000",1,0,0,0,0
"S52379S","9052","10000",1,0,0,0,0
"S52381A","81321","10000",1,0,0,0,0
"S52381B","81331","10000",1,0,0,0,0
"S52381C","81331","10000",1,0,0,0,0
"S52381D","V5412","10000",1,0,0,0,0
"S52381E","V5412","10000",1,0,0,0,0
"S52381F","V5412","10000",1,0,0,0,0
"S52381G","V5412","10000",1,0,0,0,0
"S52381H","V5412","10000",1,0,0,0,0
"S52381J","V5412","10000",1,0,0,0,0
"S52381K","73382","10000",1,0,0,0,0
"S52381M","73382","10000",1,0,0,0,0
"S52381N","73382","10000",1,0,0,0,0
"S52381P","73381","10000",1,0,0,0,0
"S52381Q","73381","10000",1,0,0,0,0
"S52381R","73381","10000",1,0,0,0,0
"S52381S","9052","10000",1,0,0,0,0
"S52382A","81321","10000",1,0,0,0,0
"S52382B","81331","10000",1,0,0,0,0
"S52382C","81331","10000",1,0,0,0,0
"S52382D","V5412","10000",1,0,0,0,0
"S52382E","V5412","10000",1,0,0,0,0
"S52382F","V5412","10000",1,0,0,0,0
"S52382G","V5412","10000",1,0,0,0,0
"S52382H","V5412","10000",1,0,0,0,0
"S52382J","V5412","10000",1,0,0,0,0
"S52382K","73382","10000",1,0,0,0,0
"S52382M","73382","10000",1,0,0,0,0
"S52382N","73382","10000",1,0,0,0,0
"S52382P","73381","10000",1,0,0,0,0
"S52382Q","73381","10000",1,0,0,0,0
"S52382R","73381","10000",1,0,0,0,0
"S52382S","9052","10000",1,0,0,0,0
"S52389A","81321","10000",1,0,0,0,0
"S52389B","81331","10000",1,0,0,0,0
"S52389C","81331","10000",1,0,0,0,0
"S52389D","V5412","10000",1,0,0,0,0
"S52389E","V5412","10000",1,0,0,0,0
"S52389F","V5412","10000",1,0,0,0,0
"S52389G","V5412","10000",1,0,0,0,0
"S52389H","V5412","10000",1,0,0,0,0
"S52389J","V5412","10000",1,0,0,0,0
"S52389K","73382","10000",1,0,0,0,0
"S52389M","73382","10000",1,0,0,0,0
"S52389N","73382","10000",1,0,0,0,0
"S52389P","73381","10000",1,0,0,0,0
"S52389Q","73381","10000",1,0,0,0,0
"S52389R","73381","10000",1,0,0,0,0
"S52389S","9052","10000",1,0,0,0,0
"S52391A","81321","10000",1,0,0,0,0
"S52391B","81331","10000",1,0,0,0,0
"S52391C","81331","10000",1,0,0,0,0
"S52391D","V5412","10000",1,0,0,0,0
"S52391E","V5412","10000",1,0,0,0,0
"S52391F","V5412","10000",1,0,0,0,0
"S52391G","V5412","10000",1,0,0,0,0
"S52391H","V5412","10000",1,0,0,0,0
"S52391J","V5412","10000",1,0,0,0,0
"S52391K","73382","10000",1,0,0,0,0
"S52391M","73382","10000",1,0,0,0,0
"S52391N","73382","10000",1,0,0,0,0
"S52391P","73381","10000",1,0,0,0,0
"S52391Q","73381","10000",1,0,0,0,0
"S52391R","73381","10000",1,0,0,0,0
"S52391S","9052","10000",1,0,0,0,0
"S52392A","81321","10000",1,0,0,0,0
"S52392B","81331","10000",1,0,0,0,0
"S52392C","81331","10000",1,0,0,0,0
"S52392D","V5412","10000",1,0,0,0,0
"S52392E","V5412","10000",1,0,0,0,0
"S52392F","V5412","10000",1,0,0,0,0
"S52392G","V5412","10000",1,0,0,0,0
"S52392H","V5412","10000",1,0,0,0,0
"S52392J","V5412","10000",1,0,0,0,0
"S52392K","73382","10000",1,0,0,0,0
"S52392M","73382","10000",1,0,0,0,0
"S52392N","73382","10000",1,0,0,0,0
"S52392P","73381","10000",1,0,0,0,0
"S52392Q","73381","10000",1,0,0,0,0
"S52392R","73381","10000",1,0,0,0,0
"S52392S","9052","10000",1,0,0,0,0
"S52399A","81321","10000",1,0,0,0,0
"S52399B","81331","10000",1,0,0,0,0
"S52399C","81331","10000",1,0,0,0,0
"S52399D","V5412","10000",1,0,0,0,0
"S52399E","V5412","10000",1,0,0,0,0
"S52399F","V5412","10000",1,0,0,0,0
"S52399G","V5412","10000",1,0,0,0,0
"S52399H","V5412","10000",1,0,0,0,0
"S52399J","V5412","10000",1,0,0,0,0
"S52399K","73382","10000",1,0,0,0,0
"S52399M","73382","10000",1,0,0,0,0
"S52399N","73382","10000",1,0,0,0,0
"S52399P","73381","10000",1,0,0,0,0
"S52399Q","73381","10000",1,0,0,0,0
"S52399R","73381","10000",1,0,0,0,0
"S52399S","9052","10000",1,0,0,0,0
"S52501A","81342","10000",1,0,0,0,0
"S52501B","81352","10000",1,0,0,0,0
"S52501C","81352","10000",1,0,0,0,0
"S52501D","V5412","10000",1,0,0,0,0
"S52501E","V5412","10000",1,0,0,0,0
"S52501F","V5412","10000",1,0,0,0,0
"S52501G","V5412","10000",1,0,0,0,0
"S52501H","V5412","10000",1,0,0,0,0
"S52501J","V5412","10000",1,0,0,0,0
"S52501K","73382","10000",1,0,0,0,0
"S52501M","73382","10000",1,0,0,0,0
"S52501N","73382","10000",1,0,0,0,0
"S52501P","73381","10000",1,0,0,0,0
"S52501Q","73381","10000",1,0,0,0,0
"S52501R","73381","10000",1,0,0,0,0
"S52501S","9052","10000",1,0,0,0,0
"S52502A","81342","10000",1,0,0,0,0
"S52502B","81352","10000",1,0,0,0,0
"S52502C","81352","10000",1,0,0,0,0
"S52502D","V5412","10000",1,0,0,0,0
"S52502E","V5412","10000",1,0,0,0,0
"S52502F","V5412","10000",1,0,0,0,0
"S52502G","V5412","10000",1,0,0,0,0
"S52502H","V5412","10000",1,0,0,0,0
"S52502J","V5412","10000",1,0,0,0,0
"S52502K","73382","10000",1,0,0,0,0
"S52502M","73382","10000",1,0,0,0,0
"S52502N","73382","10000",1,0,0,0,0
"S52502P","73381","10000",1,0,0,0,0
"S52502Q","73381","10000",1,0,0,0,0
"S52502R","73381","10000",1,0,0,0,0
"S52502S","9052","10000",1,0,0,0,0
"S52509A","81342","10000",1,0,0,0,0
"S52509B","81352","10000",1,0,0,0,0
"S52509C","81352","10000",1,0,0,0,0
"S52509D","V5412","10000",1,0,0,0,0
"S52509E","V5412","10000",1,0,0,0,0
"S52509F","V5412","10000",1,0,0,0,0
"S52509G","V5412","10000",1,0,0,0,0
"S52509H","V5412","10000",1,0,0,0,0
"S52509J","V5412","10000",1,0,0,0,0
"S52509K","73382","10000",1,0,0,0,0
"S52509M","73382","10000",1,0,0,0,0
"S52509N","73382","10000",1,0,0,0,0
"S52509P","73381","10000",1,0,0,0,0
"S52509Q","73381","10000",1,0,0,0,0
"S52509R","73381","10000",1,0,0,0,0
"S52509S","9052","10000",1,0,0,0,0
"S52511A","81342","10000",1,0,0,0,0
"S52511B","81352","10000",1,0,0,0,0
"S52511C","81352","10000",1,0,0,0,0
"S52511D","V5412","10000",1,0,0,0,0
"S52511E","V5412","10000",1,0,0,0,0
"S52511F","V5412","10000",1,0,0,0,0
"S52511G","V5412","10000",1,0,0,0,0
"S52511H","V5412","10000",1,0,0,0,0
"S52511J","V5412","10000",1,0,0,0,0
"S52511K","73382","10000",1,0,0,0,0
"S52511M","73382","10000",1,0,0,0,0
"S52511N","73382","10000",1,0,0,0,0
"S52511P","73381","10000",1,0,0,0,0
"S52511Q","73381","10000",1,0,0,0,0
"S52511R","73381","10000",1,0,0,0,0
"S52511S","9052","10000",1,0,0,0,0
"S52512A","81342","10000",1,0,0,0,0
"S52512B","81352","10000",1,0,0,0,0
"S52512C","81352","10000",1,0,0,0,0
"S52512D","V5412","10000",1,0,0,0,0
"S52512E","V5412","10000",1,0,0,0,0
"S52512F","V5412","10000",1,0,0,0,0
"S52512G","V5412","10000",1,0,0,0,0
"S52512H","V5412","10000",1,0,0,0,0
"S52512J","V5412","10000",1,0,0,0,0
"S52512K","73382","10000",1,0,0,0,0
"S52512M","73382","10000",1,0,0,0,0
"S52512N","73382","10000",1,0,0,0,0
"S52512P","73381","10000",1,0,0,0,0
"S52512Q","73381","10000",1,0,0,0,0
"S52512R","73381","10000",1,0,0,0,0
"S52512S","9052","10000",1,0,0,0,0
"S52513A","81342","10000",1,0,0,0,0
"S52513B","81352","10000",1,0,0,0,0
"S52513C","81352","10000",1,0,0,0,0
"S52513D","V5412","10000",1,0,0,0,0
"S52513E","V5412","10000",1,0,0,0,0
"S52513F","V5412","10000",1,0,0,0,0
"S52513G","V5412","10000",1,0,0,0,0
"S52513H","V5412","10000",1,0,0,0,0
"S52513J","V5412","10000",1,0,0,0,0
"S52513K","73382","10000",1,0,0,0,0
"S52513M","73382","10000",1,0,0,0,0
"S52513N","73382","10000",1,0,0,0,0
"S52513P","73381","10000",1,0,0,0,0
"S52513Q","73381","10000",1,0,0,0,0
"S52513R","73381","10000",1,0,0,0,0
"S52513S","9052","10000",1,0,0,0,0
"S52514A","81342","10000",1,0,0,0,0
"S52514B","81352","10000",1,0,0,0,0
"S52514C","81352","10000",1,0,0,0,0
"S52514D","V5412","10000",1,0,0,0,0
"S52514E","V5412","10000",1,0,0,0,0
"S52514F","V5412","10000",1,0,0,0,0
"S52514G","V5412","10000",1,0,0,0,0
"S52514H","V5412","10000",1,0,0,0,0
"S52514J","V5412","10000",1,0,0,0,0
"S52514K","73382","10000",1,0,0,0,0
"S52514M","73382","10000",1,0,0,0,0
"S52514N","73382","10000",1,0,0,0,0
"S52514P","73381","10000",1,0,0,0,0
"S52514Q","73381","10000",1,0,0,0,0
"S52514R","73381","10000",1,0,0,0,0
"S52514S","9052","10000",1,0,0,0,0
"S52515A","81342","10000",1,0,0,0,0
"S52515B","81352","10000",1,0,0,0,0
"S52515C","81352","10000",1,0,0,0,0
"S52515D","V5412","10000",1,0,0,0,0
"S52515E","V5412","10000",1,0,0,0,0
"S52515F","V5412","10000",1,0,0,0,0
"S52515G","V5412","10000",1,0,0,0,0
"S52515H","V5412","10000",1,0,0,0,0
"S52515J","V5412","10000",1,0,0,0,0
"S52515K","73382","10000",1,0,0,0,0
"S52515M","73382","10000",1,0,0,0,0
"S52515N","73382","10000",1,0,0,0,0
"S52515P","73381","10000",1,0,0,0,0
"S52515Q","73381","10000",1,0,0,0,0
"S52515R","73381","10000",1,0,0,0,0
"S52515S","9052","10000",1,0,0,0,0
"S52516A","81342","10000",1,0,0,0,0
"S52516B","81352","10000",1,0,0,0,0
"S52516C","81352","10000",1,0,0,0,0
"S52516D","V5412","10000",1,0,0,0,0
"S52516E","V5412","10000",1,0,0,0,0
"S52516F","V5412","10000",1,0,0,0,0
"S52516G","V5412","10000",1,0,0,0,0
"S52516H","V5412","10000",1,0,0,0,0
"S52516J","V5412","10000",1,0,0,0,0
"S52516K","73382","10000",1,0,0,0,0
"S52516M","73382","10000",1,0,0,0,0
"S52516N","73382","10000",1,0,0,0,0
"S52516P","73381","10000",1,0,0,0,0
"S52516Q","73381","10000",1,0,0,0,0
"S52516R","73381","10000",1,0,0,0,0
"S52516S","9052","10000",1,0,0,0,0
"S52521A","81345","10000",1,0,0,0,0
"S52521D","V5412","10000",1,0,0,0,0
"S52521G","V5412","10000",1,0,0,0,0
"S52521K","73382","10000",1,0,0,0,0
"S52521P","73381","10000",1,0,0,0,0
"S52521S","9052","10000",1,0,0,0,0
"S52522A","81345","10000",1,0,0,0,0
"S52522D","V5412","10000",1,0,0,0,0
"S52522G","V5412","10000",1,0,0,0,0
"S52522K","73382","10000",1,0,0,0,0
"S52522P","73381","10000",1,0,0,0,0
"S52522S","9052","10000",1,0,0,0,0
"S52529A","81345","10000",1,0,0,0,0
"S52529D","V5412","10000",1,0,0,0,0
"S52529G","V5412","10000",1,0,0,0,0
"S52529K","73382","10000",1,0,0,0,0
"S52529P","73381","10000",1,0,0,0,0
"S52529S","9052","10000",1,0,0,0,0
"S52531A","81341","10000",1,0,0,0,0
"S52531B","81351","10000",1,0,0,0,0
"S52531C","81351","10000",1,0,0,0,0
"S52531D","V5412","10000",1,0,0,0,0
"S52531E","V5412","10000",1,0,0,0,0
"S52531F","V5412","10000",1,0,0,0,0
"S52531G","V5412","10000",1,0,0,0,0
"S52531H","V5412","10000",1,0,0,0,0
"S52531J","V5412","10000",1,0,0,0,0
"S52531K","73382","10000",1,0,0,0,0
"S52531M","73382","10000",1,0,0,0,0
"S52531N","73382","10000",1,0,0,0,0
"S52531P","73381","10000",1,0,0,0,0
"S52531Q","73381","10000",1,0,0,0,0
"S52531R","73381","10000",1,0,0,0,0
"S52531S","9052","10000",1,0,0,0,0
"S52532A","81341","10000",1,0,0,0,0
"S52532B","81351","10000",1,0,0,0,0
"S52532C","81351","10000",1,0,0,0,0
"S52532D","V5412","10000",1,0,0,0,0
"S52532E","V5412","10000",1,0,0,0,0
"S52532F","V5412","10000",1,0,0,0,0
"S52532G","V5412","10000",1,0,0,0,0
"S52532H","V5412","10000",1,0,0,0,0
"S52532J","V5412","10000",1,0,0,0,0
"S52532K","73382","10000",1,0,0,0,0
"S52532M","73382","10000",1,0,0,0,0
"S52532N","73382","10000",1,0,0,0,0
"S52532P","73381","10000",1,0,0,0,0
"S52532Q","73381","10000",1,0,0,0,0
"S52532R","73381","10000",1,0,0,0,0
"S52532S","9052","10000",1,0,0,0,0
"S52539A","81341","10000",1,0,0,0,0
"S52539B","81351","10000",1,0,0,0,0
"S52539C","81351","10000",1,0,0,0,0
"S52539D","V5412","10000",1,0,0,0,0
"S52539E","V5412","10000",1,0,0,0,0
"S52539F","V5412","10000",1,0,0,0,0
"S52539G","V5412","10000",1,0,0,0,0
"S52539H","V5412","10000",1,0,0,0,0
"S52539J","V5412","10000",1,0,0,0,0
"S52539K","73382","10000",1,0,0,0,0
"S52539M","73382","10000",1,0,0,0,0
"S52539N","73382","10000",1,0,0,0,0
"S52539P","73381","10000",1,0,0,0,0
"S52539Q","73381","10000",1,0,0,0,0
"S52539R","73381","10000",1,0,0,0,0
"S52539S","9052","10000",1,0,0,0,0
"S52541A","81342","10000",1,0,0,0,0
"S52541B","81352","10000",1,0,0,0,0
"S52541C","81352","10000",1,0,0,0,0
"S52541D","V5412","10000",1,0,0,0,0
"S52541E","V5412","10000",1,0,0,0,0
"S52541F","V5412","10000",1,0,0,0,0
"S52541G","V5412","10000",1,0,0,0,0
"S52541H","V5412","10000",1,0,0,0,0
"S52541J","V5412","10000",1,0,0,0,0
"S52541K","73382","10000",1,0,0,0,0
"S52541M","73382","10000",1,0,0,0,0
"S52541N","73382","10000",1,0,0,0,0
"S52541P","73381","10000",1,0,0,0,0
"S52541Q","73381","10000",1,0,0,0,0
"S52541R","73381","10000",1,0,0,0,0
"S52541S","9052","10000",1,0,0,0,0
"S52542A","81342","10000",1,0,0,0,0
"S52542B","81352","10000",1,0,0,0,0
"S52542C","81352","10000",1,0,0,0,0
"S52542D","V5412","10000",1,0,0,0,0
"S52542E","V5412","10000",1,0,0,0,0
"S52542F","V5412","10000",1,0,0,0,0
"S52542G","V5412","10000",1,0,0,0,0
"S52542H","V5412","10000",1,0,0,0,0
"S52542J","V5412","10000",1,0,0,0,0
"S52542K","73382","10000",1,0,0,0,0
"S52542M","73382","10000",1,0,0,0,0
"S52542N","73382","10000",1,0,0,0,0
"S52542P","73381","10000",1,0,0,0,0
"S52542Q","73381","10000",1,0,0,0,0
"S52542R","73381","10000",1,0,0,0,0
"S52542S","9052","10000",1,0,0,0,0
"S52549A","81342","10000",1,0,0,0,0
"S52549B","81352","10000",1,0,0,0,0
"S52549C","81352","10000",1,0,0,0,0
"S52549D","V5412","10000",1,0,0,0,0
"S52549E","V5412","10000",1,0,0,0,0
"S52549F","V5412","10000",1,0,0,0,0
"S52549G","V5412","10000",1,0,0,0,0
"S52549H","V5412","10000",1,0,0,0,0
"S52549J","V5412","10000",1,0,0,0,0
"S52549K","73382","10000",1,0,0,0,0
"S52549M","73382","10000",1,0,0,0,0
"S52549N","73382","10000",1,0,0,0,0
"S52549P","73381","10000",1,0,0,0,0
"S52549Q","73381","10000",1,0,0,0,0
"S52549R","73381","10000",1,0,0,0,0
"S52549S","9052","10000",1,0,0,0,0
"S52551A","81342","10000",1,0,0,0,0
"S52551B","81352","10000",1,0,0,0,0
"S52551C","81352","10000",1,0,0,0,0
"S52551D","V5412","10000",1,0,0,0,0
"S52551E","V5412","10000",1,0,0,0,0
"S52551F","V5412","10000",1,0,0,0,0
"S52551G","V5412","10000",1,0,0,0,0
"S52551H","V5412","10000",1,0,0,0,0
"S52551J","V5412","10000",1,0,0,0,0
"S52551K","73382","10000",1,0,0,0,0
"S52551M","73382","10000",1,0,0,0,0
"S52551N","73382","10000",1,0,0,0,0
"S52551P","73381","10000",1,0,0,0,0
"S52551Q","73381","10000",1,0,0,0,0
"S52551R","73381","10000",1,0,0,0,0
"S52551S","9052","10000",1,0,0,0,0
"S52552A","81342","10000",1,0,0,0,0
"S52552B","81352","10000",1,0,0,0,0
"S52552C","81352","10000",1,0,0,0,0
"S52552D","V5412","10000",1,0,0,0,0
"S52552E","V5412","10000",1,0,0,0,0
"S52552F","V5412","10000",1,0,0,0,0
"S52552G","V5412","10000",1,0,0,0,0
"S52552H","V5412","10000",1,0,0,0,0
"S52552J","V5412","10000",1,0,0,0,0
"S52552K","73382","10000",1,0,0,0,0
"S52552M","73382","10000",1,0,0,0,0
"S52552N","73382","10000",1,0,0,0,0
"S52552P","73381","10000",1,0,0,0,0
"S52552Q","73381","10000",1,0,0,0,0
"S52552R","73381","10000",1,0,0,0,0
"S52552S","9052","10000",1,0,0,0,0
"S52559A","81342","10000",1,0,0,0,0
"S52559B","81352","10000",1,0,0,0,0
"S52559C","81352","10000",1,0,0,0,0
"S52559D","V5412","10000",1,0,0,0,0
"S52559E","V5412","10000",1,0,0,0,0
"S52559F","V5412","10000",1,0,0,0,0
"S52559G","V5412","10000",1,0,0,0,0
"S52559H","V5412","10000",1,0,0,0,0
"S52559J","V5412","10000",1,0,0,0,0
"S52559K","73382","10000",1,0,0,0,0
"S52559M","73382","10000",1,0,0,0,0
"S52559N","73382","10000",1,0,0,0,0
"S52559P","73381","10000",1,0,0,0,0
"S52559Q","73381","10000",1,0,0,0,0
"S52559R","73381","10000",1,0,0,0,0
"S52559S","9052","10000",1,0,0,0,0
"S52561A","81342","10000",1,0,0,0,0
"S52561B","81352","10000",1,0,0,0,0
"S52561C","81352","10000",1,0,0,0,0
"S52561D","V5412","10000",1,0,0,0,0
"S52561E","V5412","10000",1,0,0,0,0
"S52561F","V5412","10000",1,0,0,0,0
"S52561G","V5412","10000",1,0,0,0,0
"S52561H","V5412","10000",1,0,0,0,0
"S52561J","V5412","10000",1,0,0,0,0
"S52561K","73382","10000",1,0,0,0,0
"S52561M","73382","10000",1,0,0,0,0
"S52561N","73382","10000",1,0,0,0,0
"S52561P","73381","10000",1,0,0,0,0
"S52561Q","73381","10000",1,0,0,0,0
"S52561R","73381","10000",1,0,0,0,0
"S52561S","9052","10000",1,0,0,0,0
"S52562A","81342","10000",1,0,0,0,0
"S52562B","81352","10000",1,0,0,0,0
"S52562C","81352","10000",1,0,0,0,0
"S52562D","V5412","10000",1,0,0,0,0
"S52562E","V5412","10000",1,0,0,0,0
"S52562F","V5412","10000",1,0,0,0,0
"S52562G","V5412","10000",1,0,0,0,0
"S52562H","V5412","10000",1,0,0,0,0
"S52562J","V5412","10000",1,0,0,0,0
"S52562K","73382","10000",1,0,0,0,0
"S52562M","73382","10000",1,0,0,0,0
"S52562N","73382","10000",1,0,0,0,0
"S52562P","73381","10000",1,0,0,0,0
"S52562Q","73381","10000",1,0,0,0,0
"S52562R","73381","10000",1,0,0,0,0
"S52562S","9052","10000",1,0,0,0,0
"S52569A","81342","10000",1,0,0,0,0
"S52569B","81352","10000",1,0,0,0,0
"S52569C","81352","10000",1,0,0,0,0
"S52569D","V5412","10000",1,0,0,0,0
"S52569E","V5412","10000",1,0,0,0,0
"S52569F","V5412","10000",1,0,0,0,0
"S52569G","V5412","10000",1,0,0,0,0
"S52569H","V5412","10000",1,0,0,0,0
"S52569J","V5412","10000",1,0,0,0,0
"S52569K","73382","10000",1,0,0,0,0
"S52569M","73382","10000",1,0,0,0,0
"S52569N","73382","10000",1,0,0,0,0
"S52569P","73381","10000",1,0,0,0,0
"S52569Q","73381","10000",1,0,0,0,0
"S52569R","73381","10000",1,0,0,0,0
"S52569S","9052","10000",1,0,0,0,0
"S52571A","81342","10000",1,0,0,0,0
"S52571B","81352","10000",1,0,0,0,0
"S52571C","81352","10000",1,0,0,0,0
"S52571D","V5412","10000",1,0,0,0,0
"S52571E","V5412","10000",1,0,0,0,0
"S52571F","V5412","10000",1,0,0,0,0
"S52571G","V5412","10000",1,0,0,0,0
"S52571H","V5412","10000",1,0,0,0,0
"S52571J","V5412","10000",1,0,0,0,0
"S52571K","73382","10000",1,0,0,0,0
"S52571M","73382","10000",1,0,0,0,0
"S52571N","73382","10000",1,0,0,0,0
"S52571P","73381","10000",1,0,0,0,0
"S52571Q","73381","10000",1,0,0,0,0
"S52571R","73381","10000",1,0,0,0,0
"S52571S","9052","10000",1,0,0,0,0
"S52572A","81342","10000",1,0,0,0,0
"S52572B","81352","10000",1,0,0,0,0
"S52572C","81352","10000",1,0,0,0,0
"S52572D","V5412","10000",1,0,0,0,0
"S52572E","V5412","10000",1,0,0,0,0
"S52572F","V5412","10000",1,0,0,0,0
"S52572G","V5412","10000",1,0,0,0,0
"S52572H","V5412","10000",1,0,0,0,0
"S52572J","V5412","10000",1,0,0,0,0
"S52572K","73382","10000",1,0,0,0,0
"S52572M","73382","10000",1,0,0,0,0
"S52572N","73382","10000",1,0,0,0,0
"S52572P","73381","10000",1,0,0,0,0
"S52572Q","73381","10000",1,0,0,0,0
"S52572R","73381","10000",1,0,0,0,0
"S52572S","9052","10000",1,0,0,0,0
"S52579A","81342","10000",1,0,0,0,0
"S52579B","81352","10000",1,0,0,0,0
"S52579C","81352","10000",1,0,0,0,0
"S52579D","V5412","10000",1,0,0,0,0
"S52579E","V5412","10000",1,0,0,0,0
"S52579F","V5412","10000",1,0,0,0,0
"S52579G","V5412","10000",1,0,0,0,0
"S52579H","V5412","10000",1,0,0,0,0
"S52579J","V5412","10000",1,0,0,0,0
"S52579K","73382","10000",1,0,0,0,0
"S52579M","73382","10000",1,0,0,0,0
"S52579N","73382","10000",1,0,0,0,0
"S52579P","73381","10000",1,0,0,0,0
"S52579Q","73381","10000",1,0,0,0,0
"S52579R","73381","10000",1,0,0,0,0
"S52579S","9052","10000",1,0,0,0,0
"S52591A","81342","10000",1,0,0,0,0
"S52591B","81352","10000",1,0,0,0,0
"S52591C","81352","10000",1,0,0,0,0
"S52591D","V5412","10000",1,0,0,0,0
"S52591E","V5412","10000",1,0,0,0,0
"S52591F","V5412","10000",1,0,0,0,0
"S52591G","V5412","10000",1,0,0,0,0
"S52591H","V5412","10000",1,0,0,0,0
"S52591J","V5412","10000",1,0,0,0,0
"S52591K","73382","10000",1,0,0,0,0
"S52591M","73382","10000",1,0,0,0,0
"S52591N","73382","10000",1,0,0,0,0
"S52591P","73381","10000",1,0,0,0,0
"S52591Q","73381","10000",1,0,0,0,0
"S52591R","73381","10000",1,0,0,0,0
"S52591S","9052","10000",1,0,0,0,0
"S52592A","81342","10000",1,0,0,0,0
"S52592B","81352","10000",1,0,0,0,0
"S52592C","81352","10000",1,0,0,0,0
"S52592D","V5412","10000",1,0,0,0,0
"S52592E","V5412","10000",1,0,0,0,0
"S52592F","V5412","10000",1,0,0,0,0
"S52592G","V5412","10000",1,0,0,0,0
"S52592H","V5412","10000",1,0,0,0,0
"S52592J","V5412","10000",1,0,0,0,0
"S52592K","73382","10000",1,0,0,0,0
"S52592M","73382","10000",1,0,0,0,0
"S52592N","73382","10000",1,0,0,0,0
"S52592P","73381","10000",1,0,0,0,0
"S52592Q","73381","10000",1,0,0,0,0
"S52592R","73381","10000",1,0,0,0,0
"S52592S","9052","10000",1,0,0,0,0
"S52599A","81342","10000",1,0,0,0,0
"S52599B","81352","10000",1,0,0,0,0
"S52599C","81352","10000",1,0,0,0,0
"S52599D","V5412","10000",1,0,0,0,0
"S52599E","V5412","10000",1,0,0,0,0
"S52599F","V5412","10000",1,0,0,0,0
"S52599G","V5412","10000",1,0,0,0,0
"S52599H","V5412","10000",1,0,0,0,0
"S52599J","V5412","10000",1,0,0,0,0
"S52599K","73382","10000",1,0,0,0,0
"S52599M","73382","10000",1,0,0,0,0
"S52599N","73382","10000",1,0,0,0,0
"S52599P","73381","10000",1,0,0,0,0
"S52599Q","73381","10000",1,0,0,0,0
"S52599R","73381","10000",1,0,0,0,0
"S52599S","9052","10000",1,0,0,0,0
"S52601A","81343","10000",1,0,0,0,0
"S52601B","81353","10000",1,0,0,0,0
"S52601C","81353","10000",1,0,0,0,0
"S52601D","V5412","10000",1,0,0,0,0
"S52601E","V5412","10000",1,0,0,0,0
"S52601F","V5412","10000",1,0,0,0,0
"S52601G","V5412","10000",1,0,0,0,0
"S52601H","V5412","10000",1,0,0,0,0
"S52601J","V5412","10000",1,0,0,0,0
"S52601K","73382","10000",1,0,0,0,0
"S52601M","73382","10000",1,0,0,0,0
"S52601N","73382","10000",1,0,0,0,0
"S52601P","73381","10000",1,0,0,0,0
"S52601Q","73381","10000",1,0,0,0,0
"S52601R","73381","10000",1,0,0,0,0
"S52601S","9052","10000",1,0,0,0,0
"S52602A","81343","10000",1,0,0,0,0
"S52602B","81353","10000",1,0,0,0,0
"S52602C","81353","10000",1,0,0,0,0
"S52602D","V5412","10000",1,0,0,0,0
"S52602E","V5412","10000",1,0,0,0,0
"S52602F","V5412","10000",1,0,0,0,0
"S52602G","V5412","10000",1,0,0,0,0
"S52602H","V5412","10000",1,0,0,0,0
"S52602J","V5412","10000",1,0,0,0,0
"S52602K","73382","10000",1,0,0,0,0
"S52602M","73382","10000",1,0,0,0,0
"S52602N","73382","10000",1,0,0,0,0
"S52602P","73381","10000",1,0,0,0,0
"S52602Q","73381","10000",1,0,0,0,0
"S52602R","73381","10000",1,0,0,0,0
"S52602S","9052","10000",1,0,0,0,0
"S52609A","81343","10000",1,0,0,0,0
"S52609B","81353","10000",1,0,0,0,0
"S52609C","81353","10000",1,0,0,0,0
"S52609D","V5412","10000",1,0,0,0,0
"S52609E","V5412","10000",1,0,0,0,0
"S52609F","V5412","10000",1,0,0,0,0
"S52609G","V5412","10000",1,0,0,0,0
"S52609H","V5412","10000",1,0,0,0,0
"S52609J","V5412","10000",1,0,0,0,0
"S52609K","73382","10000",1,0,0,0,0
"S52609M","73382","10000",1,0,0,0,0
"S52609N","73382","10000",1,0,0,0,0
"S52609P","73381","10000",1,0,0,0,0
"S52609Q","73381","10000",1,0,0,0,0
"S52609R","73381","10000",1,0,0,0,0
"S52609S","9052","10000",1,0,0,0,0
"S52611A","81343","10000",1,0,0,0,0
"S52611B","81353","10000",1,0,0,0,0
"S52611C","81353","10000",1,0,0,0,0
"S52611D","V5412","10000",1,0,0,0,0
"S52611E","V5412","10000",1,0,0,0,0
"S52611F","V5412","10000",1,0,0,0,0
"S52611G","V5412","10000",1,0,0,0,0
"S52611H","V5412","10000",1,0,0,0,0
"S52611J","V5412","10000",1,0,0,0,0
"S52611K","73382","10000",1,0,0,0,0
"S52611M","73382","10000",1,0,0,0,0
"S52611N","73382","10000",1,0,0,0,0
"S52611P","73381","10000",1,0,0,0,0
"S52611Q","73381","10000",1,0,0,0,0
"S52611R","73381","10000",1,0,0,0,0
"S52611S","9052","10000",1,0,0,0,0
"S52612A","81343","10000",1,0,0,0,0
"S52612B","81353","10000",1,0,0,0,0
"S52612C","81353","10000",1,0,0,0,0
"S52612D","V5412","10000",1,0,0,0,0
"S52612E","V5412","10000",1,0,0,0,0
"S52612F","V5412","10000",1,0,0,0,0
"S52612G","V5412","10000",1,0,0,0,0
"S52612H","V5412","10000",1,0,0,0,0
"S52612J","V5412","10000",1,0,0,0,0
"S52612K","73382","10000",1,0,0,0,0
"S52612M","73382","10000",1,0,0,0,0
"S52612N","73382","10000",1,0,0,0,0
"S52612P","73381","10000",1,0,0,0,0
"S52612Q","73381","10000",1,0,0,0,0
"S52612R","73381","10000",1,0,0,0,0
"S52612S","9052","10000",1,0,0,0,0
"S52613A","81343","10000",1,0,0,0,0
"S52613B","81353","10000",1,0,0,0,0
"S52613C","81353","10000",1,0,0,0,0
"S52613D","V5412","10000",1,0,0,0,0
"S52613E","V5412","10000",1,0,0,0,0
"S52613F","V5412","10000",1,0,0,0,0
"S52613G","V5412","10000",1,0,0,0,0
"S52613H","V5412","10000",1,0,0,0,0
"S52613J","V5412","10000",1,0,0,0,0
"S52613K","73382","10000",1,0,0,0,0
"S52613M","73382","10000",1,0,0,0,0
"S52613N","73382","10000",1,0,0,0,0
"S52613P","73381","10000",1,0,0,0,0
"S52613Q","73381","10000",1,0,0,0,0
"S52613R","73381","10000",1,0,0,0,0
"S52613S","9052","10000",1,0,0,0,0
"S52614A","81343","10000",1,0,0,0,0
"S52614B","81353","10000",1,0,0,0,0
"S52614C","81353","10000",1,0,0,0,0
"S52614D","V5412","10000",1,0,0,0,0
"S52614E","V5412","10000",1,0,0,0,0
"S52614F","V5412","10000",1,0,0,0,0
"S52614G","V5412","10000",1,0,0,0,0
"S52614H","V5412","10000",1,0,0,0,0
"S52614J","V5412","10000",1,0,0,0,0
"S52614K","73382","10000",1,0,0,0,0
"S52614M","73382","10000",1,0,0,0,0
"S52614N","73382","10000",1,0,0,0,0
"S52614P","73381","10000",1,0,0,0,0
"S52614Q","73381","10000",1,0,0,0,0
"S52614R","73381","10000",1,0,0,0,0
"S52614S","9052","10000",1,0,0,0,0
"S52615A","81343","10000",1,0,0,0,0
"S52615B","81353","10000",1,0,0,0,0
"S52615C","81353","10000",1,0,0,0,0
"S52615D","V5412","10000",1,0,0,0,0
"S52615E","V5412","10000",1,0,0,0,0
"S52615F","V5412","10000",1,0,0,0,0
"S52615G","V5412","10000",1,0,0,0,0
"S52615H","V5412","10000",1,0,0,0,0
"S52615J","V5412","10000",1,0,0,0,0
"S52615K","73382","10000",1,0,0,0,0
"S52615M","73382","10000",1,0,0,0,0
"S52615N","73382","10000",1,0,0,0,0
"S52615P","73381","10000",1,0,0,0,0
"S52615Q","73381","10000",1,0,0,0,0
"S52615R","73381","10000",1,0,0,0,0
"S52615S","9052","10000",1,0,0,0,0
"S52616A","81343","10000",1,0,0,0,0
"S52616B","81353","10000",1,0,0,0,0
"S52616C","81353","10000",1,0,0,0,0
"S52616D","V5412","10000",1,0,0,0,0
"S52616E","V5412","10000",1,0,0,0,0
"S52616F","V5412","10000",1,0,0,0,0
"S52616G","V5412","10000",1,0,0,0,0
"S52616H","V5412","10000",1,0,0,0,0
"S52616J","V5412","10000",1,0,0,0,0
"S52616K","73382","10000",1,0,0,0,0
"S52616M","73382","10000",1,0,0,0,0
"S52616N","73382","10000",1,0,0,0,0
"S52616P","73381","10000",1,0,0,0,0
"S52616Q","73381","10000",1,0,0,0,0
"S52616R","73381","10000",1,0,0,0,0
"S52616S","9052","10000",1,0,0,0,0
"S52621A","81346","10000",1,0,0,0,0
"S52621D","V5412","10000",1,0,0,0,0
"S52621G","V5412","10000",1,0,0,0,0
"S52621K","73382","10000",1,0,0,0,0
"S52621P","73381","10000",1,0,0,0,0
"S52621S","9052","10000",1,0,0,0,0
"S52622A","81346","10000",1,0,0,0,0
"S52622D","V5412","10000",1,0,0,0,0
"S52622G","V5412","10000",1,0,0,0,0
"S52622K","73382","10000",1,0,0,0,0
"S52622P","73381","10000",1,0,0,0,0
"S52622S","9052","10000",1,0,0,0,0
"S52629A","81346","10000",1,0,0,0,0
"S52629D","V5412","10000",1,0,0,0,0
"S52629G","V5412","10000",1,0,0,0,0
"S52629K","73382","10000",1,0,0,0,0
"S52629P","73381","10000",1,0,0,0,0
"S52629S","9052","10000",1,0,0,0,0
"S52691A","81343","10000",1,0,0,0,0
"S52691B","81353","10000",1,0,0,0,0
"S52691C","81353","10000",1,0,0,0,0
"S52691D","V5412","10000",1,0,0,0,0
"S52691E","V5412","10000",1,0,0,0,0
"S52691F","V5412","10000",1,0,0,0,0
"S52691G","V5412","10000",1,0,0,0,0
"S52691H","V5412","10000",1,0,0,0,0
"S52691J","V5412","10000",1,0,0,0,0
"S52691K","73382","10000",1,0,0,0,0
"S52691M","73382","10000",1,0,0,0,0
"S52691N","73382","10000",1,0,0,0,0
"S52691P","73381","10000",1,0,0,0,0
"S52691Q","73381","10000",1,0,0,0,0
"S52691R","73381","10000",1,0,0,0,0
"S52691S","9052","10000",1,0,0,0,0
"S52692A","81343","10000",1,0,0,0,0
"S52692B","81353","10000",1,0,0,0,0
"S52692C","81353","10000",1,0,0,0,0
"S52692D","V5412","10000",1,0,0,0,0
"S52692E","V5412","10000",1,0,0,0,0
"S52692F","V5412","10000",1,0,0,0,0
"S52692G","V5412","10000",1,0,0,0,0
"S52692H","V5412","10000",1,0,0,0,0
"S52692J","V5412","10000",1,0,0,0,0
"S52692K","73382","10000",1,0,0,0,0
"S52692M","73382","10000",1,0,0,0,0
"S52692N","73382","10000",1,0,0,0,0
"S52692P","73381","10000",1,0,0,0,0
"S52692Q","73381","10000",1,0,0,0,0
"S52692R","73381","10000",1,0,0,0,0
"S52692S","9052","10000",1,0,0,0,0
"S52699A","81343","10000",1,0,0,0,0
"S52699B","81353","10000",1,0,0,0,0
"S52699C","81353","10000",1,0,0,0,0
"S52699D","V5412","10000",1,0,0,0,0
"S52699E","V5412","10000",1,0,0,0,0
"S52699F","V5412","10000",1,0,0,0,0
"S52699G","V5412","10000",1,0,0,0,0
"S52699H","V5412","10000",1,0,0,0,0
"S52699J","V5412","10000",1,0,0,0,0
"S52699K","73382","10000",1,0,0,0,0
"S52699M","73382","10000",1,0,0,0,0
"S52699N","73382","10000",1,0,0,0,0
"S52699P","73381","10000",1,0,0,0,0
"S52699Q","73381","10000",1,0,0,0,0
"S52699R","73381","10000",1,0,0,0,0
"S52699S","9052","10000",1,0,0,0,0
"S5290XA","81380","10000",1,0,0,0,0
"S5290XB","81390","10000",1,0,0,0,0
"S5290XC","81390","10000",1,0,0,0,0
"S5290XD","V5410","10000",1,0,0,0,0
"S5290XE","V5410","10000",1,0,0,0,0
"S5290XF","V5410","10000",1,0,0,0,0
"S5290XG","V5410","10000",1,0,0,0,0
"S5290XH","V5410","10000",1,0,0,0,0
"S5290XJ","V5410","10000",1,0,0,0,0
"S5290XK","73382","10000",1,0,0,0,0
"S5290XM","73382","10000",1,0,0,0,0
"S5290XN","73382","10000",1,0,0,0,0
"S5290XP","73381","10000",1,0,0,0,0
"S5290XQ","73381","10000",1,0,0,0,0
"S5290XR","73381","10000",1,0,0,0,0
"S5290XS","9052","10000",1,0,0,0,0
"S5291XA","81380","10000",1,0,0,0,0
"S5291XB","81390","10000",1,0,0,0,0
"S5291XC","81390","10000",1,0,0,0,0
"S5291XD","V5412","10000",1,0,0,0,0
"S5291XE","V5412","10000",1,0,0,0,0
"S5291XF","V5412","10000",1,0,0,0,0
"S5291XG","V5412","10000",1,0,0,0,0
"S5291XH","V5412","10000",1,0,0,0,0
"S5291XJ","V5412","10000",1,0,0,0,0
"S5291XK","73382","10000",1,0,0,0,0
"S5291XM","73382","10000",1,0,0,0,0
"S5291XN","73382","10000",1,0,0,0,0
"S5291XP","73381","10000",1,0,0,0,0
"S5291XQ","73381","10000",1,0,0,0,0
"S5291XR","73381","10000",1,0,0,0,0
"S5291XS","9052","10000",1,0,0,0,0
"S5292XA","81380","10000",1,0,0,0,0
"S5292XB","81390","10000",1,0,0,0,0
"S5292XC","81390","10000",1,0,0,0,0
"S5292XD","V5412","10000",1,0,0,0,0
"S5292XE","V5412","10000",1,0,0,0,0
"S5292XF","V5412","10000",1,0,0,0,0
"S5292XG","V5412","10000",1,0,0,0,0
"S5292XH","V5412","10000",1,0,0,0,0
"S5292XJ","V5412","10000",1,0,0,0,0
"S5292XK","73382","10000",1,0,0,0,0
"S5292XM","73382","10000",1,0,0,0,0
"S5292XN","73382","10000",1,0,0,0,0
"S5292XP","73381","10000",1,0,0,0,0
"S5292XQ","73381","10000",1,0,0,0,0
"S5292XR","73381","10000",1,0,0,0,0
"S5292XS","9052","10000",1,0,0,0,0
"S53001A","83200","10000",1,0,0,0,0
"S53001D","V5889","10000",1,0,0,0,0
"S53001S","9056","10000",1,0,0,0,0
"S53002A","83200","10000",1,0,0,0,0
"S53002D","V5889","10000",1,0,0,0,0
"S53002S","9056","10000",1,0,0,0,0
"S53003A","83200","10000",1,0,0,0,0
"S53003D","V5889","10000",1,0,0,0,0
"S53003S","9056","10000",1,0,0,0,0
"S53004A","83200","10000",1,0,0,0,0
"S53004D","V5889","10000",1,0,0,0,0
"S53004S","9056","10000",1,0,0,0,0
"S53005A","83200","10000",1,0,0,0,0
"S53005D","V5889","10000",1,0,0,0,0
"S53005S","9056","10000",1,0,0,0,0
"S53006A","83200","10000",1,0,0,0,0
"S53006D","V5889","10000",1,0,0,0,0
"S53006S","9056","10000",1,0,0,0,0
"S53011A","83201","10000",1,0,0,0,0
"S53011D","V5889","10000",1,0,0,0,0
"S53011S","9056","10000",1,0,0,0,0
"S53012A","83201","10000",1,0,0,0,0
"S53012D","V5889","10000",1,0,0,0,0
"S53012S","9056","10000",1,0,0,0,0
"S53013A","83201","10000",1,0,0,0,0
"S53013D","V5889","10000",1,0,0,0,0
"S53013S","9056","10000",1,0,0,0,0
"S53014A","83201","10000",1,0,0,0,0
"S53014D","V5889","10000",1,0,0,0,0
"S53014S","9056","10000",1,0,0,0,0
"S53015A","83201","10000",1,0,0,0,0
"S53015D","V5889","10000",1,0,0,0,0
"S53015S","9056","10000",1,0,0,0,0
"S53016A","83201","10000",1,0,0,0,0
"S53016D","V5889","10000",1,0,0,0,0
"S53016S","9056","10000",1,0,0,0,0
"S53021A","83202","10000",1,0,0,0,0
"S53021D","V5889","10000",1,0,0,0,0
"S53021S","9056","10000",1,0,0,0,0
"S53022A","83202","10000",1,0,0,0,0
"S53022D","V5889","10000",1,0,0,0,0
"S53022S","9056","10000",1,0,0,0,0
"S53023A","83202","10000",1,0,0,0,0
"S53023D","V5889","10000",1,0,0,0,0
"S53023S","9056","10000",1,0,0,0,0
"S53024A","83202","10000",1,0,0,0,0
"S53024D","V5889","10000",1,0,0,0,0
"S53024S","9056","10000",1,0,0,0,0
"S53025A","83202","10000",1,0,0,0,0
"S53025D","V5889","10000",1,0,0,0,0
"S53025S","9056","10000",1,0,0,0,0
"S53026A","83202","10000",1,0,0,0,0
"S53026D","V5889","10000",1,0,0,0,0
"S53026S","9056","10000",1,0,0,0,0
"S53031A","8322","10000",1,0,0,0,0
"S53031D","V5889","10000",1,0,0,0,0
"S53031S","9056","10000",1,0,0,0,0
"S53032A","8322","10000",1,0,0,0,0
"S53032D","V5889","10000",1,0,0,0,0
"S53032S","9056","10000",1,0,0,0,0
"S53033A","8322","10000",1,0,0,0,0
"S53033D","V5889","10000",1,0,0,0,0
"S53033S","9056","10000",1,0,0,0,0
"S53091A","83209","10000",1,0,0,0,0
"S53091D","V5889","10000",1,0,0,0,0
"S53091S","9056","10000",1,0,0,0,0
"S53092A","83209","10000",1,0,0,0,0
"S53092D","V5889","10000",1,0,0,0,0
"S53092S","9056","10000",1,0,0,0,0
"S53093A","83209","10000",1,0,0,0,0
"S53093D","V5889","10000",1,0,0,0,0
"S53093S","9056","10000",1,0,0,0,0
"S53094A","83209","10000",1,0,0,0,0
"S53094D","V5889","10000",1,0,0,0,0
"S53094S","9056","10000",1,0,0,0,0
"S53095A","83209","10000",1,0,0,0,0
"S53095D","V5889","10000",1,0,0,0,0
"S53095S","9056","10000",1,0,0,0,0
"S53096A","83209","10000",1,0,0,0,0
"S53096D","V5889","10000",1,0,0,0,0
"S53096S","9056","10000",1,0,0,0,0
"S53101A","83200","10000",1,0,0,0,0
"S53101D","V5889","10000",1,0,0,0,0
"S53101S","9056","10000",1,0,0,0,0
"S53102A","83200","10000",1,0,0,0,0
"S53102D","V5889","10000",1,0,0,0,0
"S53102S","9056","10000",1,0,0,0,0
"S53103A","83200","10000",1,0,0,0,0
"S53103D","V5889","10000",1,0,0,0,0
"S53103S","9056","10000",1,0,0,0,0
"S53104A","83200","10000",1,0,0,0,0
"S53104D","V5889","10000",1,0,0,0,0
"S53104S","9056","10000",1,0,0,0,0
"S53105A","83200","10000",1,0,0,0,0
"S53105D","V5889","10000",1,0,0,0,0
"S53105S","9056","10000",1,0,0,0,0
"S53106A","83200","10000",1,0,0,0,0
"S53106D","V5889","10000",1,0,0,0,0
"S53106S","9056","10000",1,0,0,0,0
"S53111A","83201","10000",1,0,0,0,0
"S53111D","V5889","10000",1,0,0,0,0
"S53111S","9056","10000",1,0,0,0,0
"S53112A","83201","10000",1,0,0,0,0
"S53112D","V5889","10000",1,0,0,0,0
"S53112S","9056","10000",1,0,0,0,0
"S53113A","83201","10000",1,0,0,0,0
"S53113D","V5889","10000",1,0,0,0,0
"S53113S","9056","10000",1,0,0,0,0
"S53114A","83201","10000",1,0,0,0,0
"S53114D","V5889","10000",1,0,0,0,0
"S53114S","9056","10000",1,0,0,0,0
"S53115A","83201","10000",1,0,0,0,0
"S53115D","V5889","10000",1,0,0,0,0
"S53115S","9056","10000",1,0,0,0,0
"S53116A","83201","10000",1,0,0,0,0
"S53116D","V5889","10000",1,0,0,0,0
"S53116S","9056","10000",1,0,0,0,0
"S53121A","83202","10000",1,0,0,0,0
"S53121D","V5889","10000",1,0,0,0,0
"S53121S","9056","10000",1,0,0,0,0
"S53122A","83202","10000",1,0,0,0,0
"S53122D","V5889","10000",1,0,0,0,0
"S53122S","9056","10000",1,0,0,0,0
"S53123A","83202","10000",1,0,0,0,0
"S53123D","V5889","10000",1,0,0,0,0
"S53123S","9056","10000",1,0,0,0,0
"S53124A","83202","10000",1,0,0,0,0
"S53124D","V5889","10000",1,0,0,0,0
"S53124S","9056","10000",1,0,0,0,0
"S53125A","83202","10000",1,0,0,0,0
"S53125D","V5889","10000",1,0,0,0,0
"S53125S","9056","10000",1,0,0,0,0
"S53126A","83202","10000",1,0,0,0,0
"S53126D","V5889","10000",1,0,0,0,0
"S53126S","9056","10000",1,0,0,0,0
"S53131A","83203","10000",1,0,0,0,0
"S53131D","V5889","10000",1,0,0,0,0
"S53131S","9056","10000",1,0,0,0,0
"S53132A","83203","10000",1,0,0,0,0
"S53132D","V5889","10000",1,0,0,0,0
"S53132S","9056","10000",1,0,0,0,0
"S53133A","83203","10000",1,0,0,0,0
"S53133D","V5889","10000",1,0,0,0,0
"S53133S","9056","10000",1,0,0,0,0
"S53134A","83203","10000",1,0,0,0,0
"S53134D","V5889","10000",1,0,0,0,0
"S53134S","9056","10000",1,0,0,0,0
"S53135A","83203","10000",1,0,0,0,0
"S53135D","V5889","10000",1,0,0,0,0
"S53135S","9056","10000",1,0,0,0,0
"S53136A","83203","10000",1,0,0,0,0
"S53136D","V5889","10000",1,0,0,0,0
"S53136S","9056","10000",1,0,0,0,0
"S53141A","83204","10000",1,0,0,0,0
"S53141D","V5889","10000",1,0,0,0,0
"S53141S","9056","10000",1,0,0,0,0
"S53142A","83204","10000",1,0,0,0,0
"S53142D","V5889","10000",1,0,0,0,0
"S53142S","9056","10000",1,0,0,0,0
"S53143A","83204","10000",1,0,0,0,0
"S53143D","V5889","10000",1,0,0,0,0
"S53143S","9056","10000",1,0,0,0,0
"S53144A","83204","10000",1,0,0,0,0
"S53144D","V5889","10000",1,0,0,0,0
"S53144S","9056","10000",1,0,0,0,0
"S53145A","83204","10000",1,0,0,0,0
"S53145D","V5889","10000",1,0,0,0,0
"S53145S","9056","10000",1,0,0,0,0
"S53146A","83204","10000",1,0,0,0,0
"S53146D","V5889","10000",1,0,0,0,0
"S53146S","9056","10000",1,0,0,0,0
"S53191A","83209","10000",1,0,0,0,0
"S53191D","V5889","10000",1,0,0,0,0
"S53191S","9056","10000",1,0,0,0,0
"S53192A","83209","10000",1,0,0,0,0
"S53192D","V5889","10000",1,0,0,0,0
"S53192S","9056","10000",1,0,0,0,0
"S53193A","83209","10000",1,0,0,0,0
"S53193D","V5889","10000",1,0,0,0,0
"S53193S","9056","10000",1,0,0,0,0
"S53194A","83209","10000",1,0,0,0,0
"S53194D","V5889","10000",1,0,0,0,0
"S53194S","9056","10000",1,0,0,0,0
"S53195A","83209","10000",1,0,0,0,0
"S53195D","V5889","10000",1,0,0,0,0
"S53195S","9056","10000",1,0,0,0,0
"S53196A","83209","10000",1,0,0,0,0
"S53196D","V5889","10000",1,0,0,0,0
"S53196S","9056","10000",1,0,0,0,0
"S5320XA","8410","10000",1,0,0,0,0
"S5320XD","V5889","10000",1,0,0,0,0
"S5320XS","9057","10000",1,0,0,0,0
"S5321XA","8410","10000",1,0,0,0,0
"S5321XD","V5889","10000",1,0,0,0,0
"S5321XS","9057","10000",1,0,0,0,0
"S5322XA","8410","10000",1,0,0,0,0
"S5322XD","V5889","10000",1,0,0,0,0
"S5322XS","9057","10000",1,0,0,0,0
"S5330XA","8411","10000",1,0,0,0,0
"S5330XD","V5889","10000",1,0,0,0,0
"S5330XS","9057","10000",1,0,0,0,0
"S5331XA","8411","10000",1,0,0,0,0
"S5331XD","V5889","10000",1,0,0,0,0
"S5331XS","9057","10000",1,0,0,0,0
"S5332XA","8411","10000",1,0,0,0,0
"S5332XD","V5889","10000",1,0,0,0,0
"S5332XS","9057","10000",1,0,0,0,0
"S53401A","8418","10000",1,0,0,0,0
"S53401A","8419","10000",1,0,0,0,0
"S53401D","V5889","10000",1,0,0,0,0
"S53401S","9057","10000",1,0,0,0,0
"S53402A","8418","10000",1,0,0,0,0
"S53402A","8419","10000",1,0,0,0,0
"S53402D","V5889","10000",1,0,0,0,0
"S53402S","9057","10000",1,0,0,0,0
"S53409A","8418","10000",1,0,0,0,0
"S53409A","8419","10000",1,0,0,0,0
"S53409D","V5889","10000",1,0,0,0,0
"S53409S","9057","10000",1,0,0,0,0
"S53411A","8412","10000",1,0,0,0,0
"S53411D","V5889","10000",1,0,0,0,0
"S53411S","9057","10000",1,0,0,0,0
"S53412A","8412","10000",1,0,0,0,0
"S53412D","V5889","10000",1,0,0,0,0
"S53412S","9057","10000",1,0,0,0,0
"S53419A","8412","10000",1,0,0,0,0
"S53419D","V5889","10000",1,0,0,0,0
"S53419S","9057","10000",1,0,0,0,0
"S53421A","8413","10000",1,0,0,0,0
"S53421D","V5889","10000",1,0,0,0,0
"S53421S","9057","10000",1,0,0,0,0
"S53422A","8413","10000",1,0,0,0,0
"S53422D","V5889","10000",1,0,0,0,0
"S53422S","9057","10000",1,0,0,0,0
"S53429A","8413","10000",1,0,0,0,0
"S53429D","V5889","10000",1,0,0,0,0
"S53429S","9057","10000",1,0,0,0,0
"S53431A","8410","10000",1,0,0,0,0
"S53431D","V5889","10000",1,0,0,0,0
"S53431S","9057","10000",1,0,0,0,0
"S53432A","8410","10000",1,0,0,0,0
"S53432D","V5889","10000",1,0,0,0,0
"S53432S","9057","10000",1,0,0,0,0
"S53439A","8410","10000",1,0,0,0,0
"S53439D","V5889","10000",1,0,0,0,0
"S53439S","9057","10000",1,0,0,0,0
"S53441A","8411","10000",1,0,0,0,0
"S53441D","V5889","10000",1,0,0,0,0
"S53441S","9057","10000",1,0,0,0,0
"S53442A","8411","10000",1,0,0,0,0
"S53442D","V5889","10000",1,0,0,0,0
"S53442S","9057","10000",1,0,0,0,0
"S53449A","8411","10000",1,0,0,0,0
"S53449D","V5889","10000",1,0,0,0,0
"S53449S","9057","10000",1,0,0,0,0
"S53491A","8418","10000",1,0,0,0,0
"S53491D","V5889","10000",1,0,0,0,0
"S53491S","9057","10000",1,0,0,0,0
"S53492A","8418","10000",1,0,0,0,0
"S53492D","V5889","10000",1,0,0,0,0
"S53492S","9057","10000",1,0,0,0,0
"S53499A","8418","10000",1,0,0,0,0
"S53499D","V5889","10000",1,0,0,0,0
"S53499S","9057","10000",1,0,0,0,0
"S5400XA","9552","10000",1,0,0,0,0
"S5400XD","V5889","10000",1,0,0,0,0
"S5400XS","9074","10000",1,0,0,0,0
"S5401XA","9552","10000",1,0,0,0,0
"S5401XD","V5889","10000",1,0,0,0,0
"S5401XS","9074","10000",1,0,0,0,0
"S5402XA","9552","10000",1,0,0,0,0
"S5402XD","V5889","10000",1,0,0,0,0
"S5402XS","9074","10000",1,0,0,0,0
"S5410XA","9551","10000",1,0,0,0,0
"S5410XD","V5889","10000",1,0,0,0,0
"S5410XS","9074","10000",1,0,0,0,0
"S5411XA","9551","10000",1,0,0,0,0
"S5411XD","V5889","10000",1,0,0,0,0
"S5411XS","9074","10000",1,0,0,0,0
"S5412XA","9551","10000",1,0,0,0,0
"S5412XD","V5889","10000",1,0,0,0,0
"S5412XS","9074","10000",1,0,0,0,0
"S5420XA","9553","10000",1,0,0,0,0
"S5420XD","V5889","10000",1,0,0,0,0
"S5420XS","9074","10000",1,0,0,0,0
"S5421XA","9553","10000",1,0,0,0,0
"S5421XD","V5889","10000",1,0,0,0,0
"S5421XS","9074","10000",1,0,0,0,0
"S5422XA","9553","10000",1,0,0,0,0
"S5422XD","V5889","10000",1,0,0,0,0
"S5422XS","9074","10000",1,0,0,0,0
"S5430XA","9555","10000",1,0,0,0,0
"S5430XD","V5889","10000",1,0,0,0,0
"S5430XS","9074","10000",1,0,0,0,0
"S5431XA","9555","10000",1,0,0,0,0
"S5431XD","V5889","10000",1,0,0,0,0
"S5431XS","9074","10000",1,0,0,0,0
"S5432XA","9555","10000",1,0,0,0,0
"S5432XD","V5889","10000",1,0,0,0,0
"S5432XS","9074","10000",1,0,0,0,0
"S548X1A","9557","10000",1,0,0,0,0
"S548X1A","9558","10000",1,0,0,0,0
"S548X1D","V5889","10000",1,0,0,0,0
"S548X1S","9074","10000",1,0,0,0,0
"S548X2A","9557","10000",1,0,0,0,0
"S548X2A","9558","10000",1,0,0,0,0
"S548X2D","V5889","10000",1,0,0,0,0
"S548X2S","9074","10000",1,0,0,0,0
"S548X9A","9557","10000",1,0,0,0,0
"S548X9A","9558","10000",1,0,0,0,0
"S548X9D","V5889","10000",1,0,0,0,0
"S548X9S","9074","10000",1,0,0,0,0
"S5490XA","9559","10000",1,0,0,0,0
"S5490XA","9579","10000",1,0,0,0,0
"S5490XD","V5889","10000",1,0,0,0,0
"S5490XS","9074","10000",1,0,0,0,0
"S5491XA","9559","10000",1,0,0,0,0
"S5491XA","9579","10000",1,0,0,0,0
"S5491XD","V5889","10000",1,0,0,0,0
"S5491XS","9074","10000",1,0,0,0,0
"S5492XA","9559","10000",1,0,0,0,0
"S5492XA","9579","10000",1,0,0,0,0
"S5492XD","V5889","10000",1,0,0,0,0
"S5492XS","9074","10000",1,0,0,0,0
"S55001A","9033","10000",1,0,0,0,0
"S55001D","V5889","10000",1,0,0,0,0
"S55001S","9083","10000",1,0,0,0,0
"S55002A","9033","10000",1,0,0,0,0
"S55002D","V5889","10000",1,0,0,0,0
"S55002S","9083","10000",1,0,0,0,0
"S55009A","9033","10000",1,0,0,0,0
"S55009D","V5889","10000",1,0,0,0,0
"S55009S","9083","10000",1,0,0,0,0
"S55011A","9033","10000",1,0,0,0,0
"S55011D","V5889","10000",1,0,0,0,0
"S55011S","9083","10000",1,0,0,0,0
"S55012A","9033","10000",1,0,0,0,0
"S55012D","V5889","10000",1,0,0,0,0
"S55012S","9083","10000",1,0,0,0,0
"S55019A","9033","10000",1,0,0,0,0
"S55019D","V5889","10000",1,0,0,0,0
"S55019S","9083","10000",1,0,0,0,0
"S55091A","9033","10000",1,0,0,0,0
"S55091D","V5889","10000",1,0,0,0,0
"S55091S","9083","10000",1,0,0,0,0
"S55092A","9033","10000",1,0,0,0,0
"S55092D","V5889","10000",1,0,0,0,0
"S55092S","9083","10000",1,0,0,0,0
"S55099A","9033","10000",1,0,0,0,0
"S55099D","V5889","10000",1,0,0,0,0
"S55099S","9083","10000",1,0,0,0,0
"S55101A","9032","10000",1,0,0,0,0
"S55101D","V5889","10000",1,0,0,0,0
"S55101S","9083","10000",1,0,0,0,0
"S55102A","9032","10000",1,0,0,0,0
"S55102D","V5889","10000",1,0,0,0,0
"S55102S","9083","10000",1,0,0,0,0
"S55109A","9032","10000",1,0,0,0,0
"S55109D","V5889","10000",1,0,0,0,0
"S55109S","9083","10000",1,0,0,0,0
"S55111A","9032","10000",1,0,0,0,0
"S55111D","V5889","10000",1,0,0,0,0
"S55111S","9083","10000",1,0,0,0,0
"S55112A","9032","10000",1,0,0,0,0
"S55112D","V5889","10000",1,0,0,0,0
"S55112S","9083","10000",1,0,0,0,0
"S55119A","9032","10000",1,0,0,0,0
"S55119D","V5889","10000",1,0,0,0,0
"S55119S","9083","10000",1,0,0,0,0
"S55191A","9032","10000",1,0,0,0,0
"S55191D","V5889","10000",1,0,0,0,0
"S55191S","9083","10000",1,0,0,0,0
"S55192A","9032","10000",1,0,0,0,0
"S55192D","V5889","10000",1,0,0,0,0
"S55192S","9083","10000",1,0,0,0,0
"S55199A","9032","10000",1,0,0,0,0
"S55199D","V5889","10000",1,0,0,0,0
"S55199S","9083","10000",1,0,0,0,0
"S55201A","9038","10000",1,0,0,0,0
"S55201D","V5889","10000",1,0,0,0,0
"S55201S","9083","10000",1,0,0,0,0
"S55202A","9038","10000",1,0,0,0,0
"S55202D","V5889","10000",1,0,0,0,0
"S55202S","9083","10000",1,0,0,0,0
"S55209A","9038","10000",1,0,0,0,0
"S55209D","V5889","10000",1,0,0,0,0
"S55209S","9083","10000",1,0,0,0,0
"S55211A","9038","10000",1,0,0,0,0
"S55211D","V5889","10000",1,0,0,0,0
"S55211S","9083","10000",1,0,0,0,0
"S55212A","9038","10000",1,0,0,0,0
"S55212D","V5889","10000",1,0,0,0,0
"S55212S","9083","10000",1,0,0,0,0
"S55219A","9038","10000",1,0,0,0,0
"S55219D","V5889","10000",1,0,0,0,0
"S55219S","9083","10000",1,0,0,0,0
"S55291A","9038","10000",1,0,0,0,0
"S55291D","V5889","10000",1,0,0,0,0
"S55291S","9083","10000",1,0,0,0,0
"S55292A","9038","10000",1,0,0,0,0
"S55292D","V5889","10000",1,0,0,0,0
"S55292S","9083","10000",1,0,0,0,0
"S55299A","9038","10000",1,0,0,0,0
"S55299D","V5889","10000",1,0,0,0,0
"S55299S","9083","10000",1,0,0,0,0
"S55801A","9038","10000",1,0,0,0,0
"S55801D","V5889","10000",1,0,0,0,0
"S55801S","9083","10000",1,0,0,0,0
"S55802A","9038","10000",1,0,0,0,0
"S55802D","V5889","10000",1,0,0,0,0
"S55802S","9083","10000",1,0,0,0,0
"S55809A","9038","10000",1,0,0,0,0
"S55809D","V5889","10000",1,0,0,0,0
"S55809S","9083","10000",1,0,0,0,0
"S55811A","9038","10000",1,0,0,0,0
"S55811D","V5889","10000",1,0,0,0,0
"S55811S","9083","10000",1,0,0,0,0
"S55812A","9038","10000",1,0,0,0,0
"S55812D","V5889","10000",1,0,0,0,0
"S55812S","9083","10000",1,0,0,0,0
"S55819A","9038","10000",1,0,0,0,0
"S55819D","V5889","10000",1,0,0,0,0
"S55819S","9083","10000",1,0,0,0,0
"S55891A","9038","10000",1,0,0,0,0
"S55891D","V5889","10000",1,0,0,0,0
"S55891S","9083","10000",1,0,0,0,0
"S55892A","9038","10000",1,0,0,0,0
"S55892D","V5889","10000",1,0,0,0,0
"S55892S","9083","10000",1,0,0,0,0
"S55899A","9038","10000",1,0,0,0,0
"S55899D","V5889","10000",1,0,0,0,0
"S55899S","9083","10000",1,0,0,0,0
"S55901A","9039","10000",1,0,0,0,0
"S55901D","V5889","10000",1,0,0,0,0
"S55901S","9083","10000",1,0,0,0,0
"S55902A","9039","10000",1,0,0,0,0
"S55902D","V5889","10000",1,0,0,0,0
"S55902S","9083","10000",1,0,0,0,0
"S55909A","9039","10000",1,0,0,0,0
"S55909D","V5889","10000",1,0,0,0,0
"S55909S","9083","10000",1,0,0,0,0
"S55911A","9039","10000",1,0,0,0,0
"S55911D","V5889","10000",1,0,0,0,0
"S55911S","9083","10000",1,0,0,0,0
"S55912A","9039","10000",1,0,0,0,0
"S55912D","V5889","10000",1,0,0,0,0
"S55912S","9083","10000",1,0,0,0,0
"S55919A","9039","10000",1,0,0,0,0
"S55919D","V5889","10000",1,0,0,0,0
"S55919S","9083","10000",1,0,0,0,0
"S55991A","9039","10000",1,0,0,0,0
"S55991D","V5889","10000",1,0,0,0,0
"S55991S","9083","10000",1,0,0,0,0
"S55992A","9039","10000",1,0,0,0,0
"S55992D","V5889","10000",1,0,0,0,0
"S55992S","9083","10000",1,0,0,0,0
"S55999A","9039","10000",1,0,0,0,0
"S55999D","V5889","10000",1,0,0,0,0
"S55999S","9083","10000",1,0,0,0,0
"S56001A","9593","10000",1,0,0,0,0
"S56001D","V5889","10000",1,0,0,0,0
"S56001S","9089","10000",1,0,0,0,0
"S56002A","9593","10000",1,0,0,0,0
"S56002D","V5889","10000",1,0,0,0,0
"S56002S","9089","10000",1,0,0,0,0
"S56009A","9593","10000",1,0,0,0,0
"S56009D","V5889","10000",1,0,0,0,0
"S56009S","9089","10000",1,0,0,0,0
"S56011A","8419","10000",1,0,0,0,0
"S56011D","V5889","10000",1,0,0,0,0
"S56011S","9057","10000",1,0,0,0,0
"S56012A","8419","10000",1,0,0,0,0
"S56012D","V5889","10000",1,0,0,0,0
"S56012S","9057","10000",1,0,0,0,0
"S56019A","8419","10000",1,0,0,0,0
"S56019D","V5889","10000",1,0,0,0,0
"S56019S","9057","10000",1,0,0,0,0
"S56021A","88120","10000",1,0,0,0,0
"S56021D","V5889","10000",1,0,0,0,0
"S56021S","9061","10000",1,0,0,0,0
"S56022A","88120","10000",1,0,0,0,0
"S56022D","V5889","10000",1,0,0,0,0
"S56022S","9061","10000",1,0,0,0,0
"S56029A","88120","10000",1,0,0,0,0
"S56029D","V5889","10000",1,0,0,0,0
"S56029S","9061","10000",1,0,0,0,0
"S56091A","9593","10000",1,0,0,0,0
"S56091D","V5889","10000",1,0,0,0,0
"S56091S","9089","10000",1,0,0,0,0
"S56092A","9593","10000",1,0,0,0,0
"S56092D","V5889","10000",1,0,0,0,0
"S56092S","9089","10000",1,0,0,0,0
"S56099A","9593","10000",1,0,0,0,0
"S56099D","V5889","10000",1,0,0,0,0
"S56099S","9089","10000",1,0,0,0,0
"S56101A","9593","10000",1,0,0,0,0
"S56101D","V5889","10000",1,0,0,0,0
"S56101S","9089","10000",1,0,0,0,0
"S56102A","9593","10000",1,0,0,0,0
"S56102D","V5889","10000",1,0,0,0,0
"S56102S","9089","10000",1,0,0,0,0
"S56103A","9593","10000",1,0,0,0,0
"S56103D","V5889","10000",1,0,0,0,0
"S56103S","9089","10000",1,0,0,0,0
"S56104A","9593","10000",1,0,0,0,0
"S56104D","V5889","10000",1,0,0,0,0
"S56104S","9089","10000",1,0,0,0,0
"S56105A","9593","10000",1,0,0,0,0
"S56105D","V5889","10000",1,0,0,0,0
"S56105S","9089","10000",1,0,0,0,0
"S56106A","9593","10000",1,0,0,0,0
"S56106D","V5889","10000",1,0,0,0,0
"S56106S","9089","10000",1,0,0,0,0
"S56107A","9593","10000",1,0,0,0,0
"S56107D","V5889","10000",1,0,0,0,0
"S56107S","9089","10000",1,0,0,0,0
"S56108A","9593","10000",1,0,0,0,0
"S56108D","V5889","10000",1,0,0,0,0
"S56108S","9089","10000",1,0,0,0,0
"S56109A","9593","10000",1,0,0,0,0
"S56109D","V5889","10000",1,0,0,0,0
"S56109S","9089","10000",1,0,0,0,0
"S56111A","8419","10000",1,0,0,0,0
"S56111D","V5889","10000",1,0,0,0,0
"S56111S","9057","10000",1,0,0,0,0
"S56112A","8419","10000",1,0,0,0,0
"S56112D","V5889","10000",1,0,0,0,0
"S56112S","9057","10000",1,0,0,0,0
"S56113A","8419","10000",1,0,0,0,0
"S56113D","V5889","10000",1,0,0,0,0
"S56113S","9057","10000",1,0,0,0,0
"S56114A","8419","10000",1,0,0,0,0
"S56114D","V5889","10000",1,0,0,0,0
"S56114S","9057","10000",1,0,0,0,0
"S56115A","8419","10000",1,0,0,0,0
"S56115D","V5889","10000",1,0,0,0,0
"S56115S","9057","10000",1,0,0,0,0
"S56116A","8419","10000",1,0,0,0,0
"S56116D","V5889","10000",1,0,0,0,0
"S56116S","9057","10000",1,0,0,0,0
"S56117A","8419","10000",1,0,0,0,0
"S56117D","V5889","10000",1,0,0,0,0
"S56117S","9057","10000",1,0,0,0,0
"S56118A","8419","10000",1,0,0,0,0
"S56118D","V5889","10000",1,0,0,0,0
"S56118S","9057","10000",1,0,0,0,0
"S56119A","8419","10000",1,0,0,0,0
"S56119D","V5889","10000",1,0,0,0,0
"S56119S","9057","10000",1,0,0,0,0
"S56121A","88120","10000",1,0,0,0,0
"S56121D","V5889","10000",1,0,0,0,0
"S56121S","9061","10000",1,0,0,0,0
"S56122A","88120","10000",1,0,0,0,0
"S56122D","V5889","10000",1,0,0,0,0
"S56122S","9061","10000",1,0,0,0,0
"S56123A","88120","10000",1,0,0,0,0
"S56123D","V5889","10000",1,0,0,0,0
"S56123S","9061","10000",1,0,0,0,0
"S56124A","88120","10000",1,0,0,0,0
"S56124D","V5889","10000",1,0,0,0,0
"S56124S","9061","10000",1,0,0,0,0
"S56125A","88120","10000",1,0,0,0,0
"S56125D","V5889","10000",1,0,0,0,0
"S56125S","9061","10000",1,0,0,0,0
"S56126A","88120","10000",1,0,0,0,0
"S56126D","V5889","10000",1,0,0,0,0
"S56126S","9061","10000",1,0,0,0,0
"S56127A","88120","10000",1,0,0,0,0
"S56127D","V5889","10000",1,0,0,0,0
"S56127S","9061","10000",1,0,0,0,0
"S56128A","88120","10000",1,0,0,0,0
"S56128D","V5889","10000",1,0,0,0,0
"S56128S","9061","10000",1,0,0,0,0
"S56129A","88120","10000",1,0,0,0,0
"S56129D","V5889","10000",1,0,0,0,0
"S56129S","9061","10000",1,0,0,0,0
"S56191A","9593","10000",1,0,0,0,0
"S56191D","V5889","10000",1,0,0,0,0
"S56191S","9089","10000",1,0,0,0,0
"S56192A","9593","10000",1,0,0,0,0
"S56192D","V5889","10000",1,0,0,0,0
"S56192S","9089","10000",1,0,0,0,0
"S56193A","9593","10000",1,0,0,0,0
"S56193D","V5889","10000",1,0,0,0,0
"S56193S","9089","10000",1,0,0,0,0
"S56194A","9593","10000",1,0,0,0,0
"S56194D","V5889","10000",1,0,0,0,0
"S56194S","9089","10000",1,0,0,0,0
"S56195A","9593","10000",1,0,0,0,0
"S56195D","V5889","10000",1,0,0,0,0
"S56195S","9089","10000",1,0,0,0,0
"S56196A","9593","10000",1,0,0,0,0
"S56196D","V5889","10000",1,0,0,0,0
"S56196S","9089","10000",1,0,0,0,0
"S56197A","9593","10000",1,0,0,0,0
"S56197D","V5889","10000",1,0,0,0,0
"S56197S","9089","10000",1,0,0,0,0
"S56198A","9593","10000",1,0,0,0,0
"S56198D","V5889","10000",1,0,0,0,0
"S56198S","9089","10000",1,0,0,0,0
"S56199A","9593","10000",1,0,0,0,0
"S56199D","V5889","10000",1,0,0,0,0
"S56199S","9089","10000",1,0,0,0,0
"S56201A","9593","10000",1,0,0,0,0
"S56201D","V5889","10000",1,0,0,0,0
"S56201S","9089","10000",1,0,0,0,0
"S56202A","9593","10000",1,0,0,0,0
"S56202D","V5889","10000",1,0,0,0,0
"S56202S","9089","10000",1,0,0,0,0
"S56209A","9593","10000",1,0,0,0,0
"S56209D","V5889","10000",1,0,0,0,0
"S56209S","9089","10000",1,0,0,0,0
"S56211A","8419","10000",1,0,0,0,0
"S56211D","V5889","10000",1,0,0,0,0
"S56211S","9057","10000",1,0,0,0,0
"S56212A","8419","10000",1,0,0,0,0
"S56212D","V5889","10000",1,0,0,0,0
"S56212S","9057","10000",1,0,0,0,0
"S56219A","8419","10000",1,0,0,0,0
"S56219D","V5889","10000",1,0,0,0,0
"S56219S","9057","10000",1,0,0,0,0
"S56221A","88120","10000",1,0,0,0,0
"S56221D","V5889","10000",1,0,0,0,0
"S56221S","9061","10000",1,0,0,0,0
"S56222A","88120","10000",1,0,0,0,0
"S56222D","V5889","10000",1,0,0,0,0
"S56222S","9061","10000",1,0,0,0,0
"S56229A","88120","10000",1,0,0,0,0
"S56229D","V5889","10000",1,0,0,0,0
"S56229S","9061","10000",1,0,0,0,0
"S56291A","9593","10000",1,0,0,0,0
"S56291D","V5889","10000",1,0,0,0,0
"S56291S","9089","10000",1,0,0,0,0
"S56292A","9593","10000",1,0,0,0,0
"S56292D","V5889","10000",1,0,0,0,0
"S56292S","9089","10000",1,0,0,0,0
"S56299A","9593","10000",1,0,0,0,0
"S56299D","V5889","10000",1,0,0,0,0
"S56299S","9089","10000",1,0,0,0,0
"S56301A","9593","10000",1,0,0,0,0
"S56301D","V5889","10000",1,0,0,0,0
"S56301S","9089","10000",1,0,0,0,0
"S56302A","9593","10000",1,0,0,0,0
"S56302D","V5889","10000",1,0,0,0,0
"S56302S","9089","10000",1,0,0,0,0
"S56309A","9593","10000",1,0,0,0,0
"S56309D","V5889","10000",1,0,0,0,0
"S56309S","9089","10000",1,0,0,0,0
"S56311A","8419","10000",1,0,0,0,0
"S56311D","V5889","10000",1,0,0,0,0
"S56311S","9057","10000",1,0,0,0,0
"S56312A","8419","10000",1,0,0,0,0
"S56312D","V5889","10000",1,0,0,0,0
"S56312S","9057","10000",1,0,0,0,0
"S56319A","8419","10000",1,0,0,0,0
"S56319D","V5889","10000",1,0,0,0,0
"S56319S","9057","10000",1,0,0,0,0
"S56321A","88120","10000",1,0,0,0,0
"S56321D","V5889","10000",1,0,0,0,0
"S56321S","9061","10000",1,0,0,0,0
"S56322A","88120","10000",1,0,0,0,0
"S56322D","V5889","10000",1,0,0,0,0
"S56322S","9061","10000",1,0,0,0,0
"S56329A","88120","10000",1,0,0,0,0
"S56329D","V5889","10000",1,0,0,0,0
"S56329S","9061","10000",1,0,0,0,0
"S56391A","9593","10000",1,0,0,0,0
"S56391D","V5889","10000",1,0,0,0,0
"S56391S","9089","10000",1,0,0,0,0
"S56392A","9593","10000",1,0,0,0,0
"S56392D","V5889","10000",1,0,0,0,0
"S56392S","9089","10000",1,0,0,0,0
"S56399A","9593","10000",1,0,0,0,0
"S56399D","V5889","10000",1,0,0,0,0
"S56399S","9089","10000",1,0,0,0,0
"S56401A","9593","10000",1,0,0,0,0
"S56401D","V5889","10000",1,0,0,0,0
"S56401S","9089","10000",1,0,0,0,0
"S56402A","9593","10000",1,0,0,0,0
"S56402D","V5889","10000",1,0,0,0,0
"S56402S","9089","10000",1,0,0,0,0
"S56403A","9593","10000",1,0,0,0,0
"S56403D","V5889","10000",1,0,0,0,0
"S56403S","9089","10000",1,0,0,0,0
"S56404A","9593","10000",1,0,0,0,0
"S56404D","V5889","10000",1,0,0,0,0
"S56404S","9089","10000",1,0,0,0,0
"S56405A","9593","10000",1,0,0,0,0
"S56405D","V5889","10000",1,0,0,0,0
"S56405S","9089","10000",1,0,0,0,0
"S56406A","9593","10000",1,0,0,0,0
"S56406D","V5889","10000",1,0,0,0,0
"S56406S","9089","10000",1,0,0,0,0
"S56407A","9593","10000",1,0,0,0,0
"S56407D","V5889","10000",1,0,0,0,0
"S56407S","9089","10000",1,0,0,0,0
"S56408A","9593","10000",1,0,0,0,0
"S56408D","V5889","10000",1,0,0,0,0
"S56408S","9089","10000",1,0,0,0,0
"S56409A","9593","10000",1,0,0,0,0
"S56409D","V5889","10000",1,0,0,0,0
"S56409S","9089","10000",1,0,0,0,0
"S56411A","8419","10000",1,0,0,0,0
"S56411D","V5889","10000",1,0,0,0,0
"S56411S","9057","10000",1,0,0,0,0
"S56412A","8419","10000",1,0,0,0,0
"S56412D","V5889","10000",1,0,0,0,0
"S56412S","9057","10000",1,0,0,0,0
"S56413A","8419","10000",1,0,0,0,0
"S56413D","V5889","10000",1,0,0,0,0
"S56413S","9057","10000",1,0,0,0,0
"S56414A","8419","10000",1,0,0,0,0
"S56414D","V5889","10000",1,0,0,0,0
"S56414S","9057","10000",1,0,0,0,0
"S56415A","8419","10000",1,0,0,0,0
"S56415D","V5889","10000",1,0,0,0,0
"S56415S","9057","10000",1,0,0,0,0
"S56416A","8419","10000",1,0,0,0,0
"S56416D","V5889","10000",1,0,0,0,0
"S56416S","9057","10000",1,0,0,0,0
"S56417A","8419","10000",1,0,0,0,0
"S56417D","V5889","10000",1,0,0,0,0
"S56417S","9057","10000",1,0,0,0,0
"S56418A","8419","10000",1,0,0,0,0
"S56418D","V5889","10000",1,0,0,0,0
"S56418S","9057","10000",1,0,0,0,0
"S56419A","8419","10000",1,0,0,0,0
"S56419D","V5889","10000",1,0,0,0,0
"S56419S","9057","10000",1,0,0,0,0
"S56421A","88120","10000",1,0,0,0,0
"S56421D","V5889","10000",1,0,0,0,0
"S56421S","9061","10000",1,0,0,0,0
"S56422A","88120","10000",1,0,0,0,0
"S56422D","V5889","10000",1,0,0,0,0
"S56422S","9061","10000",1,0,0,0,0
"S56423A","88120","10000",1,0,0,0,0
"S56423D","V5889","10000",1,0,0,0,0
"S56423S","9061","10000",1,0,0,0,0
"S56424A","88120","10000",1,0,0,0,0
"S56424D","V5889","10000",1,0,0,0,0
"S56424S","9061","10000",1,0,0,0,0
"S56425A","88120","10000",1,0,0,0,0
"S56425D","V5889","10000",1,0,0,0,0
"S56425S","9061","10000",1,0,0,0,0
"S56426A","88120","10000",1,0,0,0,0
"S56426D","V5889","10000",1,0,0,0,0
"S56426S","9061","10000",1,0,0,0,0
"S56427A","88120","10000",1,0,0,0,0
"S56427D","V5889","10000",1,0,0,0,0
"S56427S","9061","10000",1,0,0,0,0
"S56428A","88120","10000",1,0,0,0,0
"S56428D","V5889","10000",1,0,0,0,0
"S56428S","9061","10000",1,0,0,0,0
"S56429A","88120","10000",1,0,0,0,0
"S56429D","V5889","10000",1,0,0,0,0
"S56429S","9061","10000",1,0,0,0,0
"S56491A","9593","10000",1,0,0,0,0
"S56491D","V5889","10000",1,0,0,0,0
"S56491S","9089","10000",1,0,0,0,0
"S56492A","9593","10000",1,0,0,0,0
"S56492D","V5889","10000",1,0,0,0,0
"S56492S","9089","10000",1,0,0,0,0
"S56493A","9593","10000",1,0,0,0,0
"S56493D","V5889","10000",1,0,0,0,0
"S56493S","9089","10000",1,0,0,0,0
"S56494A","9593","10000",1,0,0,0,0
"S56494D","V5889","10000",1,0,0,0,0
"S56494S","9089","10000",1,0,0,0,0
"S56495A","9593","10000",1,0,0,0,0
"S56495D","V5889","10000",1,0,0,0,0
"S56495S","9089","10000",1,0,0,0,0
"S56496A","9593","10000",1,0,0,0,0
"S56496D","V5889","10000",1,0,0,0,0
"S56496S","9089","10000",1,0,0,0,0
"S56497A","9593","10000",1,0,0,0,0
"S56497D","V5889","10000",1,0,0,0,0
"S56497S","9089","10000",1,0,0,0,0
"S56498A","9593","10000",1,0,0,0,0
"S56498D","V5889","10000",1,0,0,0,0
"S56498S","9089","10000",1,0,0,0,0
"S56499A","9593","10000",1,0,0,0,0
"S56499D","V5889","10000",1,0,0,0,0
"S56499S","9089","10000",1,0,0,0,0
"S56501A","9593","10000",1,0,0,0,0
"S56501D","V5889","10000",1,0,0,0,0
"S56501S","9089","10000",1,0,0,0,0
"S56502A","9593","10000",1,0,0,0,0
"S56502D","V5889","10000",1,0,0,0,0
"S56502S","9089","10000",1,0,0,0,0
"S56509A","9593","10000",1,0,0,0,0
"S56509D","V5889","10000",1,0,0,0,0
"S56509S","9089","10000",1,0,0,0,0
"S56511A","8419","10000",1,0,0,0,0
"S56511D","V5889","10000",1,0,0,0,0
"S56511S","9057","10000",1,0,0,0,0
"S56512A","8419","10000",1,0,0,0,0
"S56512D","V5889","10000",1,0,0,0,0
"S56512S","9057","10000",1,0,0,0,0
"S56519A","8419","10000",1,0,0,0,0
"S56519D","V5889","10000",1,0,0,0,0
"S56519S","9057","10000",1,0,0,0,0
"S56521A","88120","10000",1,0,0,0,0
"S56521D","V5889","10000",1,0,0,0,0
"S56521S","9061","10000",1,0,0,0,0
"S56522A","88120","10000",1,0,0,0,0
"S56522D","V5889","10000",1,0,0,0,0
"S56522S","9061","10000",1,0,0,0,0
"S56529A","88120","10000",1,0,0,0,0
"S56529D","V5889","10000",1,0,0,0,0
"S56529S","9061","10000",1,0,0,0,0
"S56591A","9593","10000",1,0,0,0,0
"S56591D","V5889","10000",1,0,0,0,0
"S56591S","9089","10000",1,0,0,0,0
"S56592A","9593","10000",1,0,0,0,0
"S56592D","V5889","10000",1,0,0,0,0
"S56592S","9089","10000",1,0,0,0,0
"S56599A","9593","10000",1,0,0,0,0
"S56599D","V5889","10000",1,0,0,0,0
"S56599S","9089","10000",1,0,0,0,0
"S56801A","9593","10000",1,0,0,0,0
"S56801D","V5889","10000",1,0,0,0,0
"S56801S","9089","10000",1,0,0,0,0
"S56802A","9593","10000",1,0,0,0,0
"S56802D","V5889","10000",1,0,0,0,0
"S56802S","9089","10000",1,0,0,0,0
"S56809A","9593","10000",1,0,0,0,0
"S56809D","V5889","10000",1,0,0,0,0
"S56809S","9089","10000",1,0,0,0,0
"S56811A","8419","10000",1,0,0,0,0
"S56811D","V5889","10000",1,0,0,0,0
"S56811S","9057","10000",1,0,0,0,0
"S56812A","8419","10000",1,0,0,0,0
"S56812D","V5889","10000",1,0,0,0,0
"S56812S","9057","10000",1,0,0,0,0
"S56819A","8419","10000",1,0,0,0,0
"S56819D","V5889","10000",1,0,0,0,0
"S56819S","9057","10000",1,0,0,0,0
"S56821A","88120","10000",1,0,0,0,0
"S56821D","V5889","10000",1,0,0,0,0
"S56821S","9061","10000",1,0,0,0,0
"S56822A","88120","10000",1,0,0,0,0
"S56822D","V5889","10000",1,0,0,0,0
"S56822S","9061","10000",1,0,0,0,0
"S56829A","88120","10000",1,0,0,0,0
"S56829D","V5889","10000",1,0,0,0,0
"S56829S","9061","10000",1,0,0,0,0
"S56891A","9593","10000",1,0,0,0,0
"S56891D","V5889","10000",1,0,0,0,0
"S56891S","9089","10000",1,0,0,0,0
"S56892A","9593","10000",1,0,0,0,0
"S56892D","V5889","10000",1,0,0,0,0
"S56892S","9089","10000",1,0,0,0,0
"S56899A","9593","10000",1,0,0,0,0
"S56899D","V5889","10000",1,0,0,0,0
"S56899S","9089","10000",1,0,0,0,0
"S56901A","9593","10000",1,0,0,0,0
"S56901D","V5889","10000",1,0,0,0,0
"S56901S","9089","10000",1,0,0,0,0
"S56902A","9593","10000",1,0,0,0,0
"S56902D","V5889","10000",1,0,0,0,0
"S56902S","9089","10000",1,0,0,0,0
"S56909A","9593","10000",1,0,0,0,0
"S56909D","V5889","10000",1,0,0,0,0
"S56909S","9089","10000",1,0,0,0,0
"S56911A","8419","10000",1,0,0,0,0
"S56911D","V5889","10000",1,0,0,0,0
"S56911S","9057","10000",1,0,0,0,0
"S56912A","8419","10000",1,0,0,0,0
"S56912D","V5889","10000",1,0,0,0,0
"S56912S","9057","10000",1,0,0,0,0
"S56919A","8419","10000",1,0,0,0,0
"S56919D","V5889","10000",1,0,0,0,0
"S56919S","9057","10000",1,0,0,0,0
"S56921A","88120","10000",1,0,0,0,0
"S56921D","V5889","10000",1,0,0,0,0
"S56921S","9061","10000",1,0,0,0,0
"S56922A","88120","10000",1,0,0,0,0
"S56922D","V5889","10000",1,0,0,0,0
"S56922S","9061","10000",1,0,0,0,0
"S56929A","88120","10000",1,0,0,0,0
"S56929D","V5889","10000",1,0,0,0,0
"S56929S","9061","10000",1,0,0,0,0
"S56991A","9593","10000",1,0,0,0,0
"S56991D","V5889","10000",1,0,0,0,0
"S56991S","9089","10000",1,0,0,0,0
"S56992A","9593","10000",1,0,0,0,0
"S56992D","V5889","10000",1,0,0,0,0
"S56992S","9089","10000",1,0,0,0,0
"S56999A","9593","10000",1,0,0,0,0
"S56999D","V5889","10000",1,0,0,0,0
"S56999S","9089","10000",1,0,0,0,0
"S5700XA","92711","10000",1,0,0,0,0
"S5700XD","V5889","10000",1,0,0,0,0
"S5700XS","9064","10000",1,0,0,0,0
"S5701XA","92711","10000",1,0,0,0,0
"S5701XD","V5889","10000",1,0,0,0,0
"S5701XS","9064","10000",1,0,0,0,0
"S5702XA","92711","10000",1,0,0,0,0
"S5702XD","V5889","10000",1,0,0,0,0
"S5702XS","9064","10000",1,0,0,0,0
"S5780XA","92710","10000",1,0,0,0,0
"S5780XD","V5889","10000",1,0,0,0,0
"S5780XS","9064","10000",1,0,0,0,0
"S5781XA","92710","10000",1,0,0,0,0
"S5781XD","V5889","10000",1,0,0,0,0
"S5781XS","9064","10000",1,0,0,0,0
"S5782XA","92710","10000",1,0,0,0,0
"S5782XD","V5889","10000",1,0,0,0,0
"S5782XS","9064","10000",1,0,0,0,0
"S58011A","8872","10000",1,0,0,0,0
"S58011D","V5889","10000",1,0,0,0,0
"S58011S","9059","10000",1,0,0,0,0
"S58012A","8872","10000",1,0,0,0,0
"S58012D","V5889","10000",1,0,0,0,0
"S58012S","9059","10000",1,0,0,0,0
"S58019A","8872","10000",1,0,0,0,0
"S58019D","V5889","10000",1,0,0,0,0
"S58019S","9059","10000",1,0,0,0,0
"S58021A","8872","10000",1,0,0,0,0
"S58021D","V5889","10000",1,0,0,0,0
"S58021S","9059","10000",1,0,0,0,0
"S58022A","8872","10000",1,0,0,0,0
"S58022D","V5889","10000",1,0,0,0,0
"S58022S","9059","10000",1,0,0,0,0
"S58029A","8872","10000",1,0,0,0,0
"S58029D","V5889","10000",1,0,0,0,0
"S58029S","9059","10000",1,0,0,0,0
"S58111A","8870","10000",1,0,0,0,0
"S58111D","V5889","10000",1,0,0,0,0
"S58111S","9059","10000",1,0,0,0,0
"S58112A","8870","10000",1,0,0,0,0
"S58112D","V5889","10000",1,0,0,0,0
"S58112S","9059","10000",1,0,0,0,0
"S58119A","8870","10000",1,0,0,0,0
"S58119D","V5889","10000",1,0,0,0,0
"S58119S","9059","10000",1,0,0,0,0
"S58121A","8870","10000",1,0,0,0,0
"S58121D","V5889","10000",1,0,0,0,0
"S58121S","9059","10000",1,0,0,0,0
"S58122A","8870","10000",1,0,0,0,0
"S58122D","V5889","10000",1,0,0,0,0
"S58122S","9059","10000",1,0,0,0,0
"S58129A","8870","10000",1,0,0,0,0
"S58129D","V5889","10000",1,0,0,0,0
"S58129S","9059","10000",1,0,0,0,0
"S58911A","8870","10000",1,0,0,0,0
"S58911D","V5889","10000",1,0,0,0,0
"S58911S","9059","10000",1,0,0,0,0
"S58912A","8870","10000",1,0,0,0,0
"S58912D","V5889","10000",1,0,0,0,0
"S58912S","9059","10000",1,0,0,0,0
"S58919A","8870","10000",1,0,0,0,0
"S58919D","V5889","10000",1,0,0,0,0
"S58919S","9059","10000",1,0,0,0,0
"S58921A","8870","10000",1,0,0,0,0
"S58921D","V5889","10000",1,0,0,0,0
"S58921S","9059","10000",1,0,0,0,0
"S58922A","8870","10000",1,0,0,0,0
"S58922D","V5889","10000",1,0,0,0,0
"S58922S","9059","10000",1,0,0,0,0
"S58929A","8870","10000",1,0,0,0,0
"S58929D","V5889","10000",1,0,0,0,0
"S58929S","9059","10000",1,0,0,0,0
"S59001A","81343","10000",1,0,0,0,0
"S59001D","V5412","10000",1,0,0,0,0
"S59001G","V5412","10000",1,0,0,0,0
"S59001K","73382","10000",1,0,0,0,0
"S59001P","73381","10000",1,0,0,0,0
"S59001S","9052","10000",1,0,0,0,0
"S59002A","81343","10000",1,0,0,0,0
"S59002D","V5412","10000",1,0,0,0,0
"S59002G","V5412","10000",1,0,0,0,0
"S59002K","73382","10000",1,0,0,0,0
"S59002P","73381","10000",1,0,0,0,0
"S59002S","9052","10000",1,0,0,0,0
"S59009A","81343","10000",1,0,0,0,0
"S59009D","V5412","10000",1,0,0,0,0
"S59009G","V5412","10000",1,0,0,0,0
"S59009K","73382","10000",1,0,0,0,0
"S59009P","73381","10000",1,0,0,0,0
"S59009S","9052","10000",1,0,0,0,0
"S59011A","81343","10000",1,0,0,0,0
"S59011D","V5412","10000",1,0,0,0,0
"S59011G","V5412","10000",1,0,0,0,0
"S59011K","73382","10000",1,0,0,0,0
"S59011P","73381","10000",1,0,0,0,0
"S59011S","9052","10000",1,0,0,0,0
"S59012A","81343","10000",1,0,0,0,0
"S59012D","V5412","10000",1,0,0,0,0
"S59012G","V5412","10000",1,0,0,0,0
"S59012K","73382","10000",1,0,0,0,0
"S59012P","73381","10000",1,0,0,0,0
"S59012S","9052","10000",1,0,0,0,0
"S59019A","81343","10000",1,0,0,0,0
"S59019D","V5412","10000",1,0,0,0,0
"S59019G","V5412","10000",1,0,0,0,0
"S59019K","73382","10000",1,0,0,0,0
"S59019P","73381","10000",1,0,0,0,0
"S59019S","9052","10000",1,0,0,0,0
"S59021A","81343","10000",1,0,0,0,0
"S59021D","V5412","10000",1,0,0,0,0
"S59021G","V5412","10000",1,0,0,0,0
"S59021K","73382","10000",1,0,0,0,0
"S59021P","73381","10000",1,0,0,0,0
"S59021S","9052","10000",1,0,0,0,0
"S59022A","81343","10000",1,0,0,0,0
"S59022D","V5412","10000",1,0,0,0,0
"S59022G","V5412","10000",1,0,0,0,0
"S59022K","73382","10000",1,0,0,0,0
"S59022P","73381","10000",1,0,0,0,0
"S59022S","9052","10000",1,0,0,0,0
"S59029A","81343","10000",1,0,0,0,0
"S59029D","V5412","10000",1,0,0,0,0
"S59029G","V5412","10000",1,0,0,0,0
"S59029K","73382","10000",1,0,0,0,0
"S59029P","73381","10000",1,0,0,0,0
"S59029S","9052","10000",1,0,0,0,0
"S59031A","81343","10000",1,0,0,0,0
"S59031D","V5412","10000",1,0,0,0,0
"S59031G","V5412","10000",1,0,0,0,0
"S59031K","73382","10000",1,0,0,0,0
"S59031P","73381","10000",1,0,0,0,0
"S59031S","9052","10000",1,0,0,0,0
"S59032A","81343","10000",1,0,0,0,0
"S59032D","V5412","10000",1,0,0,0,0
"S59032G","V5412","10000",1,0,0,0,0
"S59032K","73382","10000",1,0,0,0,0
"S59032P","73381","10000",1,0,0,0,0
"S59032S","9052","10000",1,0,0,0,0
"S59039A","81343","10000",1,0,0,0,0
"S59039D","V5412","10000",1,0,0,0,0
"S59039G","V5412","10000",1,0,0,0,0
"S59039K","73382","10000",1,0,0,0,0
"S59039P","73381","10000",1,0,0,0,0
"S59039S","9052","10000",1,0,0,0,0
"S59041A","81343","10000",1,0,0,0,0
"S59041D","V5412","10000",1,0,0,0,0
"S59041G","V5412","10000",1,0,0,0,0
"S59041K","73382","10000",1,0,0,0,0
"S59041P","73381","10000",1,0,0,0,0
"S59041S","9052","10000",1,0,0,0,0
"S59042A","81343","10000",1,0,0,0,0
"S59042D","V5412","10000",1,0,0,0,0
"S59042G","V5412","10000",1,0,0,0,0
"S59042K","73382","10000",1,0,0,0,0
"S59042P","73381","10000",1,0,0,0,0
"S59042S","9052","10000",1,0,0,0,0
"S59049A","81343","10000",1,0,0,0,0
"S59049D","V5412","10000",1,0,0,0,0
"S59049G","V5412","10000",1,0,0,0,0
"S59049K","73382","10000",1,0,0,0,0
"S59049P","73381","10000",1,0,0,0,0
"S59049S","9052","10000",1,0,0,0,0
"S59091A","81343","10000",1,0,0,0,0
"S59091D","V5412","10000",1,0,0,0,0
"S59091G","V5412","10000",1,0,0,0,0
"S59091K","73382","10000",1,0,0,0,0
"S59091P","73381","10000",1,0,0,0,0
"S59091S","9052","10000",1,0,0,0,0
"S59092A","81343","10000",1,0,0,0,0
"S59092D","V5412","10000",1,0,0,0,0
"S59092G","V5412","10000",1,0,0,0,0
"S59092K","73382","10000",1,0,0,0,0
"S59092P","73381","10000",1,0,0,0,0
"S59092S","9052","10000",1,0,0,0,0
"S59099A","81343","10000",1,0,0,0,0
"S59099D","V5412","10000",1,0,0,0,0
"S59099G","V5412","10000",1,0,0,0,0
"S59099K","73382","10000",1,0,0,0,0
"S59099P","73381","10000",1,0,0,0,0
"S59099S","9052","10000",1,0,0,0,0
"S59101A","81307","10000",1,0,0,0,0
"S59101D","V5412","10000",1,0,0,0,0
"S59101G","V5412","10000",1,0,0,0,0
"S59101K","73382","10000",1,0,0,0,0
"S59101P","73381","10000",1,0,0,0,0
"S59101S","9052","10000",1,0,0,0,0
"S59102A","81307","10000",1,0,0,0,0
"S59102D","V5412","10000",1,0,0,0,0
"S59102G","V5412","10000",1,0,0,0,0
"S59102K","73382","10000",1,0,0,0,0
"S59102P","73381","10000",1,0,0,0,0
"S59102S","9052","10000",1,0,0,0,0
"S59109A","81307","10000",1,0,0,0,0
"S59109D","V5412","10000",1,0,0,0,0
"S59109G","V5412","10000",1,0,0,0,0
"S59109K","73382","10000",1,0,0,0,0
"S59109P","73381","10000",1,0,0,0,0
"S59109S","9052","10000",1,0,0,0,0
"S59111A","81307","10000",1,0,0,0,0
"S59111D","V5412","10000",1,0,0,0,0
"S59111G","V5412","10000",1,0,0,0,0
"S59111K","73382","10000",1,0,0,0,0
"S59111P","73381","10000",1,0,0,0,0
"S59111S","9052","10000",1,0,0,0,0
"S59112A","81307","10000",1,0,0,0,0
"S59112D","V5412","10000",1,0,0,0,0
"S59112G","V5412","10000",1,0,0,0,0
"S59112K","73382","10000",1,0,0,0,0
"S59112P","73381","10000",1,0,0,0,0
"S59112S","9052","10000",1,0,0,0,0
"S59119A","81307","10000",1,0,0,0,0
"S59119D","V5412","10000",1,0,0,0,0
"S59119G","V5412","10000",1,0,0,0,0
"S59119K","73382","10000",1,0,0,0,0
"S59119P","73381","10000",1,0,0,0,0
"S59119S","9052","10000",1,0,0,0,0
"S59121A","81307","10000",1,0,0,0,0
"S59121D","V5412","10000",1,0,0,0,0
"S59121G","V5412","10000",1,0,0,0,0
"S59121K","73382","10000",1,0,0,0,0
"S59121P","73381","10000",1,0,0,0,0
"S59121S","9052","10000",1,0,0,0,0
"S59122A","81307","10000",1,0,0,0,0
"S59122D","V5412","10000",1,0,0,0,0
"S59122G","V5412","10000",1,0,0,0,0
"S59122K","73382","10000",1,0,0,0,0
"S59122P","73381","10000",1,0,0,0,0
"S59122S","9052","10000",1,0,0,0,0
"S59129A","81307","10000",1,0,0,0,0
"S59129D","V5412","10000",1,0,0,0,0
"S59129G","V5412","10000",1,0,0,0,0
"S59129K","73382","10000",1,0,0,0,0
"S59129P","73381","10000",1,0,0,0,0
"S59129S","9052","10000",1,0,0,0,0
"S59131A","81307","10000",1,0,0,0,0
"S59131D","V5412","10000",1,0,0,0,0
"S59131G","V5412","10000",1,0,0,0,0
"S59131K","73382","10000",1,0,0,0,0
"S59131P","73381","10000",1,0,0,0,0
"S59131S","9052","10000",1,0,0,0,0
"S59132A","81307","10000",1,0,0,0,0
"S59132D","V5412","10000",1,0,0,0,0
"S59132G","V5412","10000",1,0,0,0,0
"S59132K","73382","10000",1,0,0,0,0
"S59132P","73381","10000",1,0,0,0,0
"S59132S","9052","10000",1,0,0,0,0
"S59139A","81307","10000",1,0,0,0,0
"S59139D","V5412","10000",1,0,0,0,0
"S59139G","V5412","10000",1,0,0,0,0
"S59139K","73382","10000",1,0,0,0,0
"S59139P","73381","10000",1,0,0,0,0
"S59139S","9052","10000",1,0,0,0,0
"S59141A","81307","10000",1,0,0,0,0
"S59141D","V5412","10000",1,0,0,0,0
"S59141G","V5412","10000",1,0,0,0,0
"S59141K","73382","10000",1,0,0,0,0
"S59141P","73381","10000",1,0,0,0,0
"S59141S","9052","10000",1,0,0,0,0
"S59142A","81307","10000",1,0,0,0,0
"S59142D","V5412","10000",1,0,0,0,0
"S59142G","V5412","10000",1,0,0,0,0
"S59142K","73382","10000",1,0,0,0,0
"S59142P","73381","10000",1,0,0,0,0
"S59142S","9052","10000",1,0,0,0,0
"S59149A","81307","10000",1,0,0,0,0
"S59149D","V5412","10000",1,0,0,0,0
"S59149G","V5412","10000",1,0,0,0,0
"S59149K","73382","10000",1,0,0,0,0
"S59149P","73381","10000",1,0,0,0,0
"S59149S","9052","10000",1,0,0,0,0
"S59191A","81307","10000",1,0,0,0,0
"S59191D","V5412","10000",1,0,0,0,0
"S59191G","V5412","10000",1,0,0,0,0
"S59191K","73382","10000",1,0,0,0,0
"S59191P","73381","10000",1,0,0,0,0
"S59191S","9052","10000",1,0,0,0,0
"S59192A","81307","10000",1,0,0,0,0
"S59192D","V5412","10000",1,0,0,0,0
"S59192G","V5412","10000",1,0,0,0,0
"S59192K","73382","10000",1,0,0,0,0
"S59192P","73381","10000",1,0,0,0,0
"S59192S","9052","10000",1,0,0,0,0
"S59199A","81307","10000",1,0,0,0,0
"S59199D","V5412","10000",1,0,0,0,0
"S59199G","V5412","10000",1,0,0,0,0
"S59199K","73382","10000",1,0,0,0,0
"S59199P","73381","10000",1,0,0,0,0
"S59199S","9052","10000",1,0,0,0,0
"S59201A","81342","10000",1,0,0,0,0
"S59201D","V5412","10000",1,0,0,0,0
"S59201G","V5412","10000",1,0,0,0,0
"S59201K","73382","10000",1,0,0,0,0
"S59201P","73381","10000",1,0,0,0,0
"S59201S","9052","10000",1,0,0,0,0
"S59202A","81342","10000",1,0,0,0,0
"S59202D","V5412","10000",1,0,0,0,0
"S59202G","V5412","10000",1,0,0,0,0
"S59202K","73382","10000",1,0,0,0,0
"S59202P","73381","10000",1,0,0,0,0
"S59202S","9052","10000",1,0,0,0,0
"S59209A","81342","10000",1,0,0,0,0
"S59209D","V5412","10000",1,0,0,0,0
"S59209G","V5412","10000",1,0,0,0,0
"S59209K","73382","10000",1,0,0,0,0
"S59209P","73381","10000",1,0,0,0,0
"S59209S","9052","10000",1,0,0,0,0
"S59211A","81342","10000",1,0,0,0,0
"S59211D","V5412","10000",1,0,0,0,0
"S59211G","V5412","10000",1,0,0,0,0
"S59211K","73382","10000",1,0,0,0,0
"S59211P","73381","10000",1,0,0,0,0
"S59211S","9052","10000",1,0,0,0,0
"S59212A","81342","10000",1,0,0,0,0
"S59212D","V5412","10000",1,0,0,0,0
"S59212G","V5412","10000",1,0,0,0,0
"S59212K","73382","10000",1,0,0,0,0
"S59212P","73381","10000",1,0,0,0,0
"S59212S","9052","10000",1,0,0,0,0
"S59219A","81342","10000",1,0,0,0,0
"S59219D","V5412","10000",1,0,0,0,0
"S59219G","V5412","10000",1,0,0,0,0
"S59219K","73382","10000",1,0,0,0,0
"S59219P","73381","10000",1,0,0,0,0
"S59219S","9052","10000",1,0,0,0,0
"S59221A","81342","10000",1,0,0,0,0
"S59221D","V5412","10000",1,0,0,0,0
"S59221G","V5412","10000",1,0,0,0,0
"S59221K","73382","10000",1,0,0,0,0
"S59221P","73381","10000",1,0,0,0,0
"S59221S","9052","10000",1,0,0,0,0
"S59222A","81342","10000",1,0,0,0,0
"S59222D","V5412","10000",1,0,0,0,0
"S59222G","V5412","10000",1,0,0,0,0
"S59222K","73382","10000",1,0,0,0,0
"S59222P","73381","10000",1,0,0,0,0
"S59222S","9052","10000",1,0,0,0,0
"S59229A","81342","10000",1,0,0,0,0
"S59229D","V5412","10000",1,0,0,0,0
"S59229G","V5412","10000",1,0,0,0,0
"S59229K","73382","10000",1,0,0,0,0
"S59229P","73381","10000",1,0,0,0,0
"S59229S","9052","10000",1,0,0,0,0
"S59231A","81342","10000",1,0,0,0,0
"S59231D","V5412","10000",1,0,0,0,0
"S59231G","V5412","10000",1,0,0,0,0
"S59231K","73382","10000",1,0,0,0,0
"S59231P","73381","10000",1,0,0,0,0
"S59231S","9052","10000",1,0,0,0,0
"S59232A","81342","10000",1,0,0,0,0
"S59232D","V5412","10000",1,0,0,0,0
"S59232G","V5412","10000",1,0,0,0,0
"S59232K","73382","10000",1,0,0,0,0
"S59232P","73381","10000",1,0,0,0,0
"S59232S","9052","10000",1,0,0,0,0
"S59239A","81342","10000",1,0,0,0,0
"S59239D","V5412","10000",1,0,0,0,0
"S59239G","V5412","10000",1,0,0,0,0
"S59239K","73382","10000",1,0,0,0,0
"S59239P","73381","10000",1,0,0,0,0
"S59239S","9052","10000",1,0,0,0,0
"S59241A","81342","10000",1,0,0,0,0
"S59241D","V5412","10000",1,0,0,0,0
"S59241G","V5412","10000",1,0,0,0,0
"S59241K","73382","10000",1,0,0,0,0
"S59241P","73381","10000",1,0,0,0,0
"S59241S","9052","10000",1,0,0,0,0
"S59242A","81342","10000",1,0,0,0,0
"S59242D","V5412","10000",1,0,0,0,0
"S59242G","V5412","10000",1,0,0,0,0
"S59242K","73382","10000",1,0,0,0,0
"S59242P","73381","10000",1,0,0,0,0
"S59242S","9052","10000",1,0,0,0,0
"S59249A","81342","10000",1,0,0,0,0
"S59249D","V5412","10000",1,0,0,0,0
"S59249G","V5412","10000",1,0,0,0,0
"S59249K","73382","10000",1,0,0,0,0
"S59249P","73381","10000",1,0,0,0,0
"S59249S","9052","10000",1,0,0,0,0
"S59291A","81342","10000",1,0,0,0,0
"S59291D","V5412","10000",1,0,0,0,0
"S59291G","V5412","10000",1,0,0,0,0
"S59291K","73382","10000",1,0,0,0,0
"S59291P","73381","10000",1,0,0,0,0
"S59291S","9052","10000",1,0,0,0,0
"S59292A","81342","10000",1,0,0,0,0
"S59292D","V5412","10000",1,0,0,0,0
"S59292G","V5412","10000",1,0,0,0,0
"S59292K","73382","10000",1,0,0,0,0
"S59292P","73381","10000",1,0,0,0,0
"S59292S","9052","10000",1,0,0,0,0
"S59299A","81342","10000",1,0,0,0,0
"S59299D","V5412","10000",1,0,0,0,0
"S59299G","V5412","10000",1,0,0,0,0
"S59299K","73382","10000",1,0,0,0,0
"S59299P","73381","10000",1,0,0,0,0
"S59299S","9052","10000",1,0,0,0,0
"S59801A","9593","10000",1,0,0,0,0
"S59801D","V5889","10000",1,0,0,0,0
"S59801S","9089","10000",1,0,0,0,0
"S59802A","9593","10000",1,0,0,0,0
"S59802D","V5889","10000",1,0,0,0,0
"S59802S","9089","10000",1,0,0,0,0
"S59809A","9593","10000",1,0,0,0,0
"S59809D","V5889","10000",1,0,0,0,0
"S59809S","9089","10000",1,0,0,0,0
"S59811A","9593","10000",1,0,0,0,0
"S59811D","V5889","10000",1,0,0,0,0
"S59811S","9089","10000",1,0,0,0,0
"S59812A","9593","10000",1,0,0,0,0
"S59812D","V5889","10000",1,0,0,0,0
"S59812S","9089","10000",1,0,0,0,0
"S59819A","9593","10000",1,0,0,0,0
"S59819D","V5889","10000",1,0,0,0,0
"S59819S","9089","10000",1,0,0,0,0
"S59901A","9593","10000",1,0,0,0,0
"S59901D","V5889","10000",1,0,0,0,0
"S59901S","9089","10000",1,0,0,0,0
"S59902A","9593","10000",1,0,0,0,0
"S59902D","V5889","10000",1,0,0,0,0
"S59902S","9089","10000",1,0,0,0,0
"S59909A","9593","10000",1,0,0,0,0
"S59909D","V5889","10000",1,0,0,0,0
"S59909S","9089","10000",1,0,0,0,0
"S59911A","9593","10000",1,0,0,0,0
"S59911D","V5889","10000",1,0,0,0,0
"S59911S","9089","10000",1,0,0,0,0
"S59912A","9593","10000",1,0,0,0,0
"S59912D","V5889","10000",1,0,0,0,0
"S59912S","9089","10000",1,0,0,0,0
"S59919A","9593","10000",1,0,0,0,0
"S59919D","V5889","10000",1,0,0,0,0
"S59919S","9089","10000",1,0,0,0,0
"S6000XA","9233","10000",1,0,0,0,0
"S6000XD","V5889","10000",1,0,0,0,0
"S6000XS","9063","10000",1,0,0,0,0
"S60011A","9233","10000",1,0,0,0,0
"S60011D","V5889","10000",1,0,0,0,0
"S60011S","9063","10000",1,0,0,0,0
"S60012A","9233","10000",1,0,0,0,0
"S60012D","V5889","10000",1,0,0,0,0
"S60012S","9063","10000",1,0,0,0,0
"S60019A","9233","10000",1,0,0,0,0
"S60019D","V5889","10000",1,0,0,0,0
"S60019S","9063","10000",1,0,0,0,0
"S60021A","9233","10000",1,0,0,0,0
"S60021D","V5889","10000",1,0,0,0,0
"S60021S","9063","10000",1,0,0,0,0
"S60022A","9233","10000",1,0,0,0,0
"S60022D","V5889","10000",1,0,0,0,0
"S60022S","9063","10000",1,0,0,0,0
"S60029A","9233","10000",1,0,0,0,0
"S60029D","V5889","10000",1,0,0,0,0
"S60029S","9063","10000",1,0,0,0,0
"S60031A","9233","10000",1,0,0,0,0
"S60031D","V5889","10000",1,0,0,0,0
"S60031S","9063","10000",1,0,0,0,0
"S60032A","9233","10000",1,0,0,0,0
"S60032D","V5889","10000",1,0,0,0,0
"S60032S","9063","10000",1,0,0,0,0
"S60039A","9233","10000",1,0,0,0,0
"S60039D","V5889","10000",1,0,0,0,0
"S60039S","9063","10000",1,0,0,0,0
"S60041A","9233","10000",1,0,0,0,0
"S60041D","V5889","10000",1,0,0,0,0
"S60041S","9063","10000",1,0,0,0,0
"S60042A","9233","10000",1,0,0,0,0
"S60042D","V5889","10000",1,0,0,0,0
"S60042S","9063","10000",1,0,0,0,0
"S60049A","9233","10000",1,0,0,0,0
"S60049D","V5889","10000",1,0,0,0,0
"S60049S","9063","10000",1,0,0,0,0
"S60051A","9233","10000",1,0,0,0,0
"S60051D","V5889","10000",1,0,0,0,0
"S60051S","9063","10000",1,0,0,0,0
"S60052A","9233","10000",1,0,0,0,0
"S60052D","V5889","10000",1,0,0,0,0
"S60052S","9063","10000",1,0,0,0,0
"S60059A","9233","10000",1,0,0,0,0
"S60059D","V5889","10000",1,0,0,0,0
"S60059S","9063","10000",1,0,0,0,0
"S6010XA","9233","10000",1,0,0,0,0
"S6010XD","V5889","10000",1,0,0,0,0
"S6010XS","9063","10000",1,0,0,0,0
"S60111A","9233","10000",1,0,0,0,0
"S60111D","V5889","10000",1,0,0,0,0
"S60111S","9063","10000",1,0,0,0,0
"S60112A","9233","10000",1,0,0,0,0
"S60112D","V5889","10000",1,0,0,0,0
"S60112S","9063","10000",1,0,0,0,0
"S60119A","9233","10000",1,0,0,0,0
"S60119D","V5889","10000",1,0,0,0,0
"S60119S","9063","10000",1,0,0,0,0
"S60121A","9233","10000",1,0,0,0,0
"S60121D","V5889","10000",1,0,0,0,0
"S60121S","9063","10000",1,0,0,0,0
"S60122A","9233","10000",1,0,0,0,0
"S60122D","V5889","10000",1,0,0,0,0
"S60122S","9063","10000",1,0,0,0,0
"S60129A","9233","10000",1,0,0,0,0
"S60129D","V5889","10000",1,0,0,0,0
"S60129S","9063","10000",1,0,0,0,0
"S60131A","9233","10000",1,0,0,0,0
"S60131D","V5889","10000",1,0,0,0,0
"S60131S","9063","10000",1,0,0,0,0
"S60132A","9233","10000",1,0,0,0,0
"S60132D","V5889","10000",1,0,0,0,0
"S60132S","9063","10000",1,0,0,0,0
"S60139A","9233","10000",1,0,0,0,0
"S60139D","V5889","10000",1,0,0,0,0
"S60139S","9063","10000",1,0,0,0,0
"S60141A","9233","10000",1,0,0,0,0
"S60141D","V5889","10000",1,0,0,0,0
"S60141S","9063","10000",1,0,0,0,0
"S60142A","9233","10000",1,0,0,0,0
"S60142D","V5889","10000",1,0,0,0,0
"S60142S","9063","10000",1,0,0,0,0
"S60149A","9233","10000",1,0,0,0,0
"S60149D","V5889","10000",1,0,0,0,0
"S60149S","9063","10000",1,0,0,0,0
"S60151A","9233","10000",1,0,0,0,0
"S60151D","V5889","10000",1,0,0,0,0
"S60151S","9063","10000",1,0,0,0,0
"S60152A","9233","10000",1,0,0,0,0
"S60152D","V5889","10000",1,0,0,0,0
"S60152S","9063","10000",1,0,0,0,0
"S60159A","9233","10000",1,0,0,0,0
"S60159D","V5889","10000",1,0,0,0,0
"S60159S","9063","10000",1,0,0,0,0
"S60211A","92321","10000",1,0,0,0,0
"S60211D","V5889","10000",1,0,0,0,0
"S60211S","9063","10000",1,0,0,0,0
"S60212A","92321","10000",1,0,0,0,0
"S60212D","V5889","10000",1,0,0,0,0
"S60212S","9063","10000",1,0,0,0,0
"S60219A","92321","10000",1,0,0,0,0
"S60219D","V5889","10000",1,0,0,0,0
"S60219S","9063","10000",1,0,0,0,0
"S60221A","92320","10000",1,0,0,0,0
"S60221D","V5889","10000",1,0,0,0,0
"S60221S","9063","10000",1,0,0,0,0
"S60222A","92320","10000",1,0,0,0,0
"S60222D","V5889","10000",1,0,0,0,0
"S60222S","9063","10000",1,0,0,0,0
"S60229A","92320","10000",1,0,0,0,0
"S60229D","V5889","10000",1,0,0,0,0
"S60229S","9063","10000",1,0,0,0,0
"S60311A","9150","10000",1,0,0,0,0
"S60311D","V5889","10000",1,0,0,0,0
"S60311S","9062","10000",1,0,0,0,0
"S60312A","9150","10000",1,0,0,0,0
"S60312D","V5889","10000",1,0,0,0,0
"S60312S","9062","10000",1,0,0,0,0
"S60319A","9150","10000",1,0,0,0,0
"S60319D","V5889","10000",1,0,0,0,0
"S60319S","9062","10000",1,0,0,0,0
"S60321A","9152","10000",1,0,0,0,0
"S60321D","V5889","10000",1,0,0,0,0
"S60321S","9062","10000",1,0,0,0,0
"S60322A","9152","10000",1,0,0,0,0
"S60322D","V5889","10000",1,0,0,0,0
"S60322S","9062","10000",1,0,0,0,0
"S60329A","9152","10000",1,0,0,0,0
"S60329D","V5889","10000",1,0,0,0,0
"S60329S","9062","10000",1,0,0,0,0
"S60341A","9158","10000",1,0,0,0,0
"S60341D","V5889","10000",1,0,0,0,0
"S60341S","9062","10000",1,0,0,0,0
"S60342A","9158","10000",1,0,0,0,0
"S60342D","V5889","10000",1,0,0,0,0
"S60342S","9062","10000",1,0,0,0,0
"S60349A","9158","10000",1,0,0,0,0
"S60349D","V5889","10000",1,0,0,0,0
"S60349S","9062","10000",1,0,0,0,0
"S60351A","9156","10000",1,0,0,0,0
"S60351D","V5889","10000",1,0,0,0,0
"S60351S","9062","10000",1,0,0,0,0
"S60352A","9156","10000",1,0,0,0,0
"S60352D","V5889","10000",1,0,0,0,0
"S60352S","9062","10000",1,0,0,0,0
"S60359A","9156","10000",1,0,0,0,0
"S60359D","V5889","10000",1,0,0,0,0
"S60359S","9062","10000",1,0,0,0,0
"S60361A","9154","10000",1,0,0,0,0
"S60361D","V5889","10000",1,0,0,0,0
"S60361S","9062","10000",1,0,0,0,0
"S60362A","9154","10000",1,0,0,0,0
"S60362D","V5889","10000",1,0,0,0,0
"S60362S","9062","10000",1,0,0,0,0
"S60369A","9154","10000",1,0,0,0,0
"S60369D","V5889","10000",1,0,0,0,0
"S60369S","9062","10000",1,0,0,0,0
"S60371A","9158","10000",1,0,0,0,0
"S60371D","V5889","10000",1,0,0,0,0
"S60371S","9062","10000",1,0,0,0,0
"S60372A","9158","10000",1,0,0,0,0
"S60372D","V5889","10000",1,0,0,0,0
"S60372S","9062","10000",1,0,0,0,0
"S60379A","9158","10000",1,0,0,0,0
"S60379D","V5889","10000",1,0,0,0,0
"S60379S","9062","10000",1,0,0,0,0
"S60391A","9158","10000",1,0,0,0,0
"S60391D","V5889","10000",1,0,0,0,0
"S60391S","9062","10000",1,0,0,0,0
"S60392A","9158","10000",1,0,0,0,0
"S60392D","V5889","10000",1,0,0,0,0
"S60392S","9062","10000",1,0,0,0,0
"S60399A","9158","10000",1,0,0,0,0
"S60399D","V5889","10000",1,0,0,0,0
"S60399S","9062","10000",1,0,0,0,0
"S60410A","9150","10000",1,0,0,0,0
"S60410D","V5889","10000",1,0,0,0,0
"S60410S","9062","10000",1,0,0,0,0
"S60411A","9150","10000",1,0,0,0,0
"S60411D","V5889","10000",1,0,0,0,0
"S60411S","9062","10000",1,0,0,0,0
"S60412A","9150","10000",1,0,0,0,0
"S60412D","V5889","10000",1,0,0,0,0
"S60412S","9062","10000",1,0,0,0,0
"S60413A","9150","10000",1,0,0,0,0
"S60413D","V5889","10000",1,0,0,0,0
"S60413S","9062","10000",1,0,0,0,0
"S60414A","9150","10000",1,0,0,0,0
"S60414D","V5889","10000",1,0,0,0,0
"S60414S","9062","10000",1,0,0,0,0
"S60415A","9150","10000",1,0,0,0,0
"S60415D","V5889","10000",1,0,0,0,0
"S60415S","9062","10000",1,0,0,0,0
"S60416A","9150","10000",1,0,0,0,0
"S60416D","V5889","10000",1,0,0,0,0
"S60416S","9062","10000",1,0,0,0,0
"S60417A","9150","10000",1,0,0,0,0
"S60417D","V5889","10000",1,0,0,0,0
"S60417S","9062","10000",1,0,0,0,0
"S60418A","9150","10000",1,0,0,0,0
"S60418D","V5889","10000",1,0,0,0,0
"S60418S","9062","10000",1,0,0,0,0
"S60419A","9150","10000",1,0,0,0,0
"S60419D","V5889","10000",1,0,0,0,0
"S60419S","9062","10000",1,0,0,0,0
"S60420A","9152","10000",1,0,0,0,0
"S60420D","V5889","10000",1,0,0,0,0
"S60420S","9062","10000",1,0,0,0,0
"S60421A","9152","10000",1,0,0,0,0
"S60421D","V5889","10000",1,0,0,0,0
"S60421S","9062","10000",1,0,0,0,0
"S60422A","9152","10000",1,0,0,0,0
"S60422D","V5889","10000",1,0,0,0,0
"S60422S","9062","10000",1,0,0,0,0
"S60423A","9152","10000",1,0,0,0,0
"S60423D","V5889","10000",1,0,0,0,0
"S60423S","9062","10000",1,0,0,0,0
"S60424A","9152","10000",1,0,0,0,0
"S60424D","V5889","10000",1,0,0,0,0
"S60424S","9062","10000",1,0,0,0,0
"S60425A","9152","10000",1,0,0,0,0
"S60425D","V5889","10000",1,0,0,0,0
"S60425S","9062","10000",1,0,0,0,0
"S60426A","9152","10000",1,0,0,0,0
"S60426D","V5889","10000",1,0,0,0,0
"S60426S","9062","10000",1,0,0,0,0
"S60427A","9152","10000",1,0,0,0,0
"S60427D","V5889","10000",1,0,0,0,0
"S60427S","9062","10000",1,0,0,0,0
"S60428A","9152","10000",1,0,0,0,0
"S60428D","V5889","10000",1,0,0,0,0
"S60428S","9062","10000",1,0,0,0,0
"S60429A","9152","10000",1,0,0,0,0
"S60429D","V5889","10000",1,0,0,0,0
"S60429S","9062","10000",1,0,0,0,0
"S60440A","9158","10000",1,0,0,0,0
"S60440D","V5889","10000",1,0,0,0,0
"S60440S","9062","10000",1,0,0,0,0
"S60441A","9158","10000",1,0,0,0,0
"S60441D","V5889","10000",1,0,0,0,0
"S60441S","9062","10000",1,0,0,0,0
"S60442A","9158","10000",1,0,0,0,0
"S60442D","V5889","10000",1,0,0,0,0
"S60442S","9062","10000",1,0,0,0,0
"S60443A","9158","10000",1,0,0,0,0
"S60443D","V5889","10000",1,0,0,0,0
"S60443S","9062","10000",1,0,0,0,0
"S60444A","9158","10000",1,0,0,0,0
"S60444D","V5889","10000",1,0,0,0,0
"S60444S","9062","10000",1,0,0,0,0
"S60445A","9158","10000",1,0,0,0,0
"S60445D","V5889","10000",1,0,0,0,0
"S60445S","9062","10000",1,0,0,0,0
"S60446A","9158","10000",1,0,0,0,0
"S60446D","V5889","10000",1,0,0,0,0
"S60446S","9062","10000",1,0,0,0,0
"S60447A","9158","10000",1,0,0,0,0
"S60447D","V5889","10000",1,0,0,0,0
"S60447S","9062","10000",1,0,0,0,0
"S60448A","9158","10000",1,0,0,0,0
"S60448D","V5889","10000",1,0,0,0,0
"S60448S","9062","10000",1,0,0,0,0
"S60449A","9158","10000",1,0,0,0,0
"S60449D","V5889","10000",1,0,0,0,0
"S60449S","9062","10000",1,0,0,0,0
"S60450A","9156","10000",1,0,0,0,0
"S60450D","V5889","10000",1,0,0,0,0
"S60450S","9062","10000",1,0,0,0,0
"S60451A","9156","10000",1,0,0,0,0
"S60451D","V5889","10000",1,0,0,0,0
"S60451S","9062","10000",1,0,0,0,0
"S60452A","9156","10000",1,0,0,0,0
"S60452D","V5889","10000",1,0,0,0,0
"S60452S","9062","10000",1,0,0,0,0
"S60453A","9156","10000",1,0,0,0,0
"S60453D","V5889","10000",1,0,0,0,0
"S60453S","9062","10000",1,0,0,0,0
"S60454A","9156","10000",1,0,0,0,0
"S60454D","V5889","10000",1,0,0,0,0
"S60454S","9062","10000",1,0,0,0,0
"S60455A","9156","10000",1,0,0,0,0
"S60455D","V5889","10000",1,0,0,0,0
"S60455S","9062","10000",1,0,0,0,0
"S60456A","9156","10000",1,0,0,0,0
"S60456D","V5889","10000",1,0,0,0,0
"S60456S","9062","10000",1,0,0,0,0
"S60457A","9156","10000",1,0,0,0,0
"S60457D","V5889","10000",1,0,0,0,0
"S60457S","9062","10000",1,0,0,0,0
"S60458A","9156","10000",1,0,0,0,0
"S60458D","V5889","10000",1,0,0,0,0
"S60458S","9062","10000",1,0,0,0,0
"S60459A","9156","10000",1,0,0,0,0
"S60459D","V5889","10000",1,0,0,0,0
"S60459S","9062","10000",1,0,0,0,0
"S60460A","9154","10000",1,0,0,0,0
"S60460D","V5889","10000",1,0,0,0,0
"S60460S","9062","10000",1,0,0,0,0
"S60461A","9154","10000",1,0,0,0,0
"S60461D","V5889","10000",1,0,0,0,0
"S60461S","9062","10000",1,0,0,0,0
"S60462A","9154","10000",1,0,0,0,0
"S60462D","V5889","10000",1,0,0,0,0
"S60462S","9062","10000",1,0,0,0,0
"S60463A","9154","10000",1,0,0,0,0
"S60463D","V5889","10000",1,0,0,0,0
"S60463S","9062","10000",1,0,0,0,0
"S60464A","9154","10000",1,0,0,0,0
"S60464D","V5889","10000",1,0,0,0,0
"S60464S","9062","10000",1,0,0,0,0
"S60465A","9154","10000",1,0,0,0,0
"S60465D","V5889","10000",1,0,0,0,0
"S60465S","9062","10000",1,0,0,0,0
"S60466A","9154","10000",1,0,0,0,0
"S60466D","V5889","10000",1,0,0,0,0
"S60466S","9062","10000",1,0,0,0,0
"S60467A","9154","10000",1,0,0,0,0
"S60467D","V5889","10000",1,0,0,0,0
"S60467S","9062","10000",1,0,0,0,0
"S60468A","9154","10000",1,0,0,0,0
"S60468D","V5889","10000",1,0,0,0,0
"S60468S","9062","10000",1,0,0,0,0
"S60469A","9154","10000",1,0,0,0,0
"S60469D","V5889","10000",1,0,0,0,0
"S60469S","9062","10000",1,0,0,0,0
"S60470A","9158","10000",1,0,0,0,0
"S60470D","V5889","10000",1,0,0,0,0
"S60470S","9062","10000",1,0,0,0,0
"S60471A","9158","10000",1,0,0,0,0
"S60471D","V5889","10000",1,0,0,0,0
"S60471S","9062","10000",1,0,0,0,0
"S60472A","9158","10000",1,0,0,0,0
"S60472D","V5889","10000",1,0,0,0,0
"S60472S","9062","10000",1,0,0,0,0
"S60473A","9158","10000",1,0,0,0,0
"S60473D","V5889","10000",1,0,0,0,0
"S60473S","9062","10000",1,0,0,0,0
"S60474A","9158","10000",1,0,0,0,0
"S60474D","V5889","10000",1,0,0,0,0
"S60474S","9062","10000",1,0,0,0,0
"S60475A","9158","10000",1,0,0,0,0
"S60475D","V5889","10000",1,0,0,0,0
"S60475S","9062","10000",1,0,0,0,0
"S60476A","9158","10000",1,0,0,0,0
"S60476D","V5889","10000",1,0,0,0,0
"S60476S","9062","10000",1,0,0,0,0
"S60477A","9158","10000",1,0,0,0,0
"S60477D","V5889","10000",1,0,0,0,0
"S60477S","9062","10000",1,0,0,0,0
"S60478A","9158","10000",1,0,0,0,0
"S60478D","V5889","10000",1,0,0,0,0
"S60478S","9062","10000",1,0,0,0,0
"S60479A","9158","10000",1,0,0,0,0
"S60479D","V5889","10000",1,0,0,0,0
"S60479S","9062","10000",1,0,0,0,0
"S60511A","9140","10000",1,0,0,0,0
"S60511D","V5889","10000",1,0,0,0,0
"S60511S","9062","10000",1,0,0,0,0
"S60512A","9140","10000",1,0,0,0,0
"S60512D","V5889","10000",1,0,0,0,0
"S60512S","9062","10000",1,0,0,0,0
"S60519A","9140","10000",1,0,0,0,0
"S60519D","V5889","10000",1,0,0,0,0
"S60519S","9062","10000",1,0,0,0,0
"S60521A","9142","10000",1,0,0,0,0
"S60521D","V5889","10000",1,0,0,0,0
"S60521S","9062","10000",1,0,0,0,0
"S60522A","9142","10000",1,0,0,0,0
"S60522D","V5889","10000",1,0,0,0,0
"S60522S","9062","10000",1,0,0,0,0
"S60529A","9142","10000",1,0,0,0,0
"S60529D","V5889","10000",1,0,0,0,0
"S60529S","9062","10000",1,0,0,0,0
"S60541A","9148","10000",1,0,0,0,0
"S60541D","V5889","10000",1,0,0,0,0
"S60541S","9062","10000",1,0,0,0,0
"S60542A","9148","10000",1,0,0,0,0
"S60542D","V5889","10000",1,0,0,0,0
"S60542S","9062","10000",1,0,0,0,0
"S60549A","9148","10000",1,0,0,0,0
"S60549D","V5889","10000",1,0,0,0,0
"S60549S","9062","10000",1,0,0,0,0
"S60551A","9146","10000",1,0,0,0,0
"S60551D","V5889","10000",1,0,0,0,0
"S60551S","9062","10000",1,0,0,0,0
"S60552A","9146","10000",1,0,0,0,0
"S60552D","V5889","10000",1,0,0,0,0
"S60552S","9062","10000",1,0,0,0,0
"S60559A","9146","10000",1,0,0,0,0
"S60559D","V5889","10000",1,0,0,0,0
"S60559S","9062","10000",1,0,0,0,0
"S60561A","9144","10000",1,0,0,0,0
"S60561D","V5889","10000",1,0,0,0,0
"S60561S","9062","10000",1,0,0,0,0
"S60562A","9144","10000",1,0,0,0,0
"S60562D","V5889","10000",1,0,0,0,0
"S60562S","9062","10000",1,0,0,0,0
"S60569A","9144","10000",1,0,0,0,0
"S60569D","V5889","10000",1,0,0,0,0
"S60569S","9062","10000",1,0,0,0,0
"S60571A","9148","10000",1,0,0,0,0
"S60571D","V5889","10000",1,0,0,0,0
"S60571S","9062","10000",1,0,0,0,0
"S60572A","9148","10000",1,0,0,0,0
"S60572D","V5889","10000",1,0,0,0,0
"S60572S","9062","10000",1,0,0,0,0
"S60579A","9148","10000",1,0,0,0,0
"S60579D","V5889","10000",1,0,0,0,0
"S60579S","9062","10000",1,0,0,0,0
"S60811A","9130","10000",1,0,0,0,0
"S60811D","V5889","10000",1,0,0,0,0
"S60811S","9062","10000",1,0,0,0,0
"S60812A","9130","10000",1,0,0,0,0
"S60812D","V5889","10000",1,0,0,0,0
"S60812S","9062","10000",1,0,0,0,0
"S60819A","9130","10000",1,0,0,0,0
"S60819D","V5889","10000",1,0,0,0,0
"S60819S","9062","10000",1,0,0,0,0
"S60821A","9132","10000",1,0,0,0,0
"S60821D","V5889","10000",1,0,0,0,0
"S60821S","9062","10000",1,0,0,0,0
"S60822A","9132","10000",1,0,0,0,0
"S60822D","V5889","10000",1,0,0,0,0
"S60822S","9062","10000",1,0,0,0,0
"S60829A","9132","10000",1,0,0,0,0
"S60829D","V5889","10000",1,0,0,0,0
"S60829S","9062","10000",1,0,0,0,0
"S60841A","9138","10000",1,0,0,0,0
"S60841D","V5889","10000",1,0,0,0,0
"S60841S","9062","10000",1,0,0,0,0
"S60842A","9138","10000",1,0,0,0,0
"S60842D","V5889","10000",1,0,0,0,0
"S60842S","9062","10000",1,0,0,0,0
"S60849A","9138","10000",1,0,0,0,0
"S60849D","V5889","10000",1,0,0,0,0
"S60849S","9062","10000",1,0,0,0,0
"S60851A","9136","10000",1,0,0,0,0
"S60851D","V5889","10000",1,0,0,0,0
"S60851S","9062","10000",1,0,0,0,0
"S60852A","9136","10000",1,0,0,0,0
"S60852D","V5889","10000",1,0,0,0,0
"S60852S","9062","10000",1,0,0,0,0
"S60859A","9136","10000",1,0,0,0,0
"S60859D","V5889","10000",1,0,0,0,0
"S60859S","9062","10000",1,0,0,0,0
"S60861A","9134","10000",1,0,0,0,0
"S60861D","V5889","10000",1,0,0,0,0
"S60861S","9062","10000",1,0,0,0,0
"S60862A","9134","10000",1,0,0,0,0
"S60862D","V5889","10000",1,0,0,0,0
"S60862S","9062","10000",1,0,0,0,0
"S60869A","9134","10000",1,0,0,0,0
"S60869D","V5889","10000",1,0,0,0,0
"S60869S","9062","10000",1,0,0,0,0
"S60871A","9138","10000",1,0,0,0,0
"S60871D","V5889","10000",1,0,0,0,0
"S60871S","9062","10000",1,0,0,0,0
"S60872A","9138","10000",1,0,0,0,0
"S60872D","V5889","10000",1,0,0,0,0
"S60872S","9062","10000",1,0,0,0,0
"S60879A","9138","10000",1,0,0,0,0
"S60879D","V5889","10000",1,0,0,0,0
"S60879S","9062","10000",1,0,0,0,0
"S60911A","9138","10000",1,0,0,0,0
"S60911D","V5889","10000",1,0,0,0,0
"S60911S","9062","10000",1,0,0,0,0
"S60912A","9138","10000",1,0,0,0,0
"S60912D","V5889","10000",1,0,0,0,0
"S60912S","9062","10000",1,0,0,0,0
"S60919A","9138","10000",1,0,0,0,0
"S60919D","V5889","10000",1,0,0,0,0
"S60919S","9062","10000",1,0,0,0,0
"S60921A","9148","10000",1,0,0,0,0
"S60921D","V5889","10000",1,0,0,0,0
"S60921S","9062","10000",1,0,0,0,0
"S60922A","9148","10000",1,0,0,0,0
"S60922D","V5889","10000",1,0,0,0,0
"S60922S","9062","10000",1,0,0,0,0
"S60929A","9148","10000",1,0,0,0,0
"S60929D","V5889","10000",1,0,0,0,0
"S60929S","9062","10000",1,0,0,0,0
"S60931A","9158","10000",1,0,0,0,0
"S60931D","V5889","10000",1,0,0,0,0
"S60931S","9062","10000",1,0,0,0,0
"S60932A","9158","10000",1,0,0,0,0
"S60932D","V5889","10000",1,0,0,0,0
"S60932S","9062","10000",1,0,0,0,0
"S60939A","9158","10000",1,0,0,0,0
"S60939D","V5889","10000",1,0,0,0,0
"S60939S","9062","10000",1,0,0,0,0
"S60940A","9158","10000",1,0,0,0,0
"S60940D","V5889","10000",1,0,0,0,0
"S60940S","9062","10000",1,0,0,0,0
"S60941A","9158","10000",1,0,0,0,0
"S60941D","V5889","10000",1,0,0,0,0
"S60941S","9062","10000",1,0,0,0,0
"S60942A","9158","10000",1,0,0,0,0
"S60942D","V5889","10000",1,0,0,0,0
"S60942S","9062","10000",1,0,0,0,0
"S60943A","9158","10000",1,0,0,0,0
"S60943D","V5889","10000",1,0,0,0,0
"S60943S","9062","10000",1,0,0,0,0
"S60944A","9158","10000",1,0,0,0,0
"S60944D","V5889","10000",1,0,0,0,0
"S60944S","9062","10000",1,0,0,0,0
"S60945A","9158","10000",1,0,0,0,0
"S60945D","V5889","10000",1,0,0,0,0
"S60945S","9062","10000",1,0,0,0,0
"S60946A","9158","10000",1,0,0,0,0
"S60946D","V5889","10000",1,0,0,0,0
"S60946S","9062","10000",1,0,0,0,0
"S60947A","9158","10000",1,0,0,0,0
"S60947D","V5889","10000",1,0,0,0,0
"S60947S","9062","10000",1,0,0,0,0
"S60948A","9158","10000",1,0,0,0,0
"S60948D","V5889","10000",1,0,0,0,0
"S60948S","9062","10000",1,0,0,0,0
"S60949A","9158","10000",1,0,0,0,0
"S60949D","V5889","10000",1,0,0,0,0
"S60949S","9062","10000",1,0,0,0,0
"S61001A","8830","10000",1,0,0,0,0
"S61001D","V5889","10000",1,0,0,0,0
"S61001S","9061","10000",1,0,0,0,0
"S61002A","8830","10000",1,0,0,0,0
"S61002D","V5889","10000",1,0,0,0,0
"S61002S","9061","10000",1,0,0,0,0
"S61009A","8830","10000",1,0,0,0,0
"S61009D","V5889","10000",1,0,0,0,0
"S61009S","9061","10000",1,0,0,0,0
"S61011A","8830","10000",1,0,0,0,0
"S61011D","V5889","10000",1,0,0,0,0
"S61011S","9061","10000",1,0,0,0,0
"S61012A","8830","10000",1,0,0,0,0
"S61012D","V5889","10000",1,0,0,0,0
"S61012S","9061","10000",1,0,0,0,0
"S61019A","8830","10000",1,0,0,0,0
"S61019D","V5889","10000",1,0,0,0,0
"S61019S","9061","10000",1,0,0,0,0
"S61021A","8831","10000",1,0,0,0,0
"S61021D","V5889","10000",1,0,0,0,0
"S61021S","9061","10000",1,0,0,0,0
"S61022A","8831","10000",1,0,0,0,0
"S61022D","V5889","10000",1,0,0,0,0
"S61022S","9061","10000",1,0,0,0,0
"S61029A","8831","10000",1,0,0,0,0
"S61029D","V5889","10000",1,0,0,0,0
"S61029S","9061","10000",1,0,0,0,0
"S61031A","8830","10000",1,0,0,0,0
"S61031D","V5889","10000",1,0,0,0,0
"S61031S","9061","10000",1,0,0,0,0
"S61032A","8830","10000",1,0,0,0,0
"S61032D","V5889","10000",1,0,0,0,0
"S61032S","9061","10000",1,0,0,0,0
"S61039A","8830","10000",1,0,0,0,0
"S61039D","V5889","10000",1,0,0,0,0
"S61039S","9061","10000",1,0,0,0,0
"S61041A","8831","10000",1,0,0,0,0
"S61041D","V5889","10000",1,0,0,0,0
"S61041S","9061","10000",1,0,0,0,0
"S61042A","8831","10000",1,0,0,0,0
"S61042D","V5889","10000",1,0,0,0,0
"S61042S","9061","10000",1,0,0,0,0
"S61049A","8831","10000",1,0,0,0,0
"S61049D","V5889","10000",1,0,0,0,0
"S61049S","9061","10000",1,0,0,0,0
"S61051A","8830","10000",1,0,0,0,0
"S61051D","V5889","10000",1,0,0,0,0
"S61051S","9061","10000",1,0,0,0,0
"S61052A","8830","10000",1,0,0,0,0
"S61052D","V5889","10000",1,0,0,0,0
"S61052S","9061","10000",1,0,0,0,0
"S61059A","8830","10000",1,0,0,0,0
"S61059D","V5889","10000",1,0,0,0,0
"S61059S","9061","10000",1,0,0,0,0
"S61101A","8830","10000",1,0,0,0,0
"S61101D","V5889","10000",1,0,0,0,0
"S61101S","9061","10000",1,0,0,0,0
"S61102A","8830","10000",1,0,0,0,0
"S61102D","V5889","10000",1,0,0,0,0
"S61102S","9061","10000",1,0,0,0,0
"S61109A","8830","10000",1,0,0,0,0
"S61109D","V5889","10000",1,0,0,0,0
"S61109S","9061","10000",1,0,0,0,0
"S61111A","8830","10000",1,0,0,0,0
"S61111D","V5889","10000",1,0,0,0,0
"S61111S","9061","10000",1,0,0,0,0
"S61112A","8830","10000",1,0,0,0,0
"S61112D","V5889","10000",1,0,0,0,0
"S61112S","9061","10000",1,0,0,0,0
"S61119A","8830","10000",1,0,0,0,0
"S61119D","V5889","10000",1,0,0,0,0
"S61119S","9061","10000",1,0,0,0,0
"S61121A","8831","10000",1,0,0,0,0
"S61121D","V5889","10000",1,0,0,0,0
"S61121S","9061","10000",1,0,0,0,0
"S61122A","8831","10000",1,0,0,0,0
"S61122D","V5889","10000",1,0,0,0,0
"S61122S","9061","10000",1,0,0,0,0
"S61129A","8831","10000",1,0,0,0,0
"S61129D","V5889","10000",1,0,0,0,0
"S61129S","9061","10000",1,0,0,0,0
"S61131A","8830","10000",1,0,0,0,0
"S61131D","V5889","10000",1,0,0,0,0
"S61131S","9061","10000",1,0,0,0,0
"S61132A","8830","10000",1,0,0,0,0
"S61132D","V5889","10000",1,0,0,0,0
"S61132S","9061","10000",1,0,0,0,0
"S61139A","8830","10000",1,0,0,0,0
"S61139D","V5889","10000",1,0,0,0,0
"S61139S","9061","10000",1,0,0,0,0
"S61141A","8831","10000",1,0,0,0,0
"S61141D","V5889","10000",1,0,0,0,0
"S61141S","9061","10000",1,0,0,0,0
"S61142A","8831","10000",1,0,0,0,0
"S61142D","V5889","10000",1,0,0,0,0
"S61142S","9061","10000",1,0,0,0,0
"S61149A","8831","10000",1,0,0,0,0
"S61149D","V5889","10000",1,0,0,0,0
"S61149S","9061","10000",1,0,0,0,0
"S61151A","8830","10000",1,0,0,0,0
"S61151D","V5889","10000",1,0,0,0,0
"S61151S","9061","10000",1,0,0,0,0
"S61152A","8830","10000",1,0,0,0,0
"S61152D","V5889","10000",1,0,0,0,0
"S61152S","9061","10000",1,0,0,0,0
"S61159A","8830","10000",1,0,0,0,0
"S61159D","V5889","10000",1,0,0,0,0
"S61159S","9061","10000",1,0,0,0,0
"S61200A","8830","10000",1,0,0,0,0
"S61200D","V5889","10000",1,0,0,0,0
"S61200S","9061","10000",1,0,0,0,0
"S61201A","8830","10000",1,0,0,0,0
"S61201D","V5889","10000",1,0,0,0,0
"S61201S","9061","10000",1,0,0,0,0
"S61202A","8830","10000",1,0,0,0,0
"S61202D","V5889","10000",1,0,0,0,0
"S61202S","9061","10000",1,0,0,0,0
"S61203A","8830","10000",1,0,0,0,0
"S61203D","V5889","10000",1,0,0,0,0
"S61203S","9061","10000",1,0,0,0,0
"S61204A","8830","10000",1,0,0,0,0
"S61204D","V5889","10000",1,0,0,0,0
"S61204S","9061","10000",1,0,0,0,0
"S61205A","8830","10000",1,0,0,0,0
"S61205D","V5889","10000",1,0,0,0,0
"S61205S","9061","10000",1,0,0,0,0
"S61206A","8830","10000",1,0,0,0,0
"S61206D","V5889","10000",1,0,0,0,0
"S61206S","9061","10000",1,0,0,0,0
"S61207A","8830","10000",1,0,0,0,0
"S61207D","V5889","10000",1,0,0,0,0
"S61207S","9061","10000",1,0,0,0,0
"S61208A","8830","10000",1,0,0,0,0
"S61208D","V5889","10000",1,0,0,0,0
"S61208S","9061","10000",1,0,0,0,0
"S61209A","8830","10000",1,0,0,0,0
"S61209D","V5889","10000",1,0,0,0,0
"S61209S","9061","10000",1,0,0,0,0
"S61210A","8830","10000",1,0,0,0,0
"S61210D","V5889","10000",1,0,0,0,0
"S61210S","9061","10000",1,0,0,0,0
"S61211A","8830","10000",1,0,0,0,0
"S61211D","V5889","10000",1,0,0,0,0
"S61211S","9061","10000",1,0,0,0,0
"S61212A","8830","10000",1,0,0,0,0
"S61212D","V5889","10000",1,0,0,0,0
"S61212S","9061","10000",1,0,0,0,0
"S61213A","8830","10000",1,0,0,0,0
"S61213D","V5889","10000",1,0,0,0,0
"S61213S","9061","10000",1,0,0,0,0
"S61214A","8830","10000",1,0,0,0,0
"S61214D","V5889","10000",1,0,0,0,0
"S61214S","9061","10000",1,0,0,0,0
"S61215A","8830","10000",1,0,0,0,0
"S61215D","V5889","10000",1,0,0,0,0
"S61215S","9061","10000",1,0,0,0,0
"S61216A","8830","10000",1,0,0,0,0
"S61216D","V5889","10000",1,0,0,0,0
"S61216S","9061","10000",1,0,0,0,0
"S61217A","8830","10000",1,0,0,0,0
"S61217D","V5889","10000",1,0,0,0,0
"S61217S","9061","10000",1,0,0,0,0
"S61218A","8830","10000",1,0,0,0,0
"S61218D","V5889","10000",1,0,0,0,0
"S61218S","9061","10000",1,0,0,0,0
"S61219A","8830","10000",1,0,0,0,0
"S61219D","V5889","10000",1,0,0,0,0
"S61219S","9061","10000",1,0,0,0,0
"S61220A","8831","10000",1,0,0,0,0
"S61220D","V5889","10000",1,0,0,0,0
"S61220S","9061","10000",1,0,0,0,0
"S61221A","8831","10000",1,0,0,0,0
"S61221D","V5889","10000",1,0,0,0,0
"S61221S","9061","10000",1,0,0,0,0
"S61222A","8831","10000",1,0,0,0,0
"S61222D","V5889","10000",1,0,0,0,0
"S61222S","9061","10000",1,0,0,0,0
"S61223A","8831","10000",1,0,0,0,0
"S61223D","V5889","10000",1,0,0,0,0
"S61223S","9061","10000",1,0,0,0,0
"S61224A","8831","10000",1,0,0,0,0
"S61224D","V5889","10000",1,0,0,0,0
"S61224S","9061","10000",1,0,0,0,0
"S61225A","8831","10000",1,0,0,0,0
"S61225D","V5889","10000",1,0,0,0,0
"S61225S","9061","10000",1,0,0,0,0
"S61226A","8831","10000",1,0,0,0,0
"S61226D","V5889","10000",1,0,0,0,0
"S61226S","9061","10000",1,0,0,0,0
"S61227A","8831","10000",1,0,0,0,0
"S61227D","V5889","10000",1,0,0,0,0
"S61227S","9061","10000",1,0,0,0,0
"S61228A","8831","10000",1,0,0,0,0
"S61228D","V5889","10000",1,0,0,0,0
"S61228S","9061","10000",1,0,0,0,0
"S61229A","8831","10000",1,0,0,0,0
"S61229D","V5889","10000",1,0,0,0,0
"S61229S","9061","10000",1,0,0,0,0
"S61230A","8830","10000",1,0,0,0,0
"S61230D","V5889","10000",1,0,0,0,0
"S61230S","9061","10000",1,0,0,0,0
"S61231A","8830","10000",1,0,0,0,0
"S61231D","V5889","10000",1,0,0,0,0
"S61231S","9061","10000",1,0,0,0,0
"S61232A","8830","10000",1,0,0,0,0
"S61232D","V5889","10000",1,0,0,0,0
"S61232S","9061","10000",1,0,0,0,0
"S61233A","8830","10000",1,0,0,0,0
"S61233D","V5889","10000",1,0,0,0,0
"S61233S","9061","10000",1,0,0,0,0
"S61234A","8830","10000",1,0,0,0,0
"S61234D","V5889","10000",1,0,0,0,0
"S61234S","9061","10000",1,0,0,0,0
"S61235A","8830","10000",1,0,0,0,0
"S61235D","V5889","10000",1,0,0,0,0
"S61235S","9061","10000",1,0,0,0,0
"S61236A","8830","10000",1,0,0,0,0
"S61236D","V5889","10000",1,0,0,0,0
"S61236S","9061","10000",1,0,0,0,0
"S61237A","8830","10000",1,0,0,0,0
"S61237D","V5889","10000",1,0,0,0,0
"S61237S","9061","10000",1,0,0,0,0
"S61238A","8830","10000",1,0,0,0,0
"S61238D","V5889","10000",1,0,0,0,0
"S61238S","9061","10000",1,0,0,0,0
"S61239A","8830","10000",1,0,0,0,0
"S61239D","V5889","10000",1,0,0,0,0
"S61239S","9061","10000",1,0,0,0,0
"S61240A","8831","10000",1,0,0,0,0
"S61240D","V5889","10000",1,0,0,0,0
"S61240S","9061","10000",1,0,0,0,0
"S61241A","8831","10000",1,0,0,0,0
"S61241D","V5889","10000",1,0,0,0,0
"S61241S","9061","10000",1,0,0,0,0
"S61242A","8831","10000",1,0,0,0,0
"S61242D","V5889","10000",1,0,0,0,0
"S61242S","9061","10000",1,0,0,0,0
"S61243A","8831","10000",1,0,0,0,0
"S61243D","V5889","10000",1,0,0,0,0
"S61243S","9061","10000",1,0,0,0,0
"S61244A","8831","10000",1,0,0,0,0
"S61244D","V5889","10000",1,0,0,0,0
"S61244S","9061","10000",1,0,0,0,0
"S61245A","8831","10000",1,0,0,0,0
"S61245D","V5889","10000",1,0,0,0,0
"S61245S","9061","10000",1,0,0,0,0
"S61246A","8831","10000",1,0,0,0,0
"S61246D","V5889","10000",1,0,0,0,0
"S61246S","9061","10000",1,0,0,0,0
"S61247A","8831","10000",1,0,0,0,0
"S61247D","V5889","10000",1,0,0,0,0
"S61247S","9061","10000",1,0,0,0,0
"S61248A","8831","10000",1,0,0,0,0
"S61248D","V5889","10000",1,0,0,0,0
"S61248S","9061","10000",1,0,0,0,0
"S61249A","8831","10000",1,0,0,0,0
"S61249D","V5889","10000",1,0,0,0,0
"S61249S","9061","10000",1,0,0,0,0
"S61250A","8830","10000",1,0,0,0,0
"S61250D","V5889","10000",1,0,0,0,0
"S61250S","9061","10000",1,0,0,0,0
"S61251A","8830","10000",1,0,0,0,0
"S61251D","V5889","10000",1,0,0,0,0
"S61251S","9061","10000",1,0,0,0,0
"S61252A","8830","10000",1,0,0,0,0
"S61252D","V5889","10000",1,0,0,0,0
"S61252S","9061","10000",1,0,0,0,0
"S61253A","8830","10000",1,0,0,0,0
"S61253D","V5889","10000",1,0,0,0,0
"S61253S","9061","10000",1,0,0,0,0
"S61254A","8830","10000",1,0,0,0,0
"S61254D","V5889","10000",1,0,0,0,0
"S61254S","9061","10000",1,0,0,0,0
"S61255A","8830","10000",1,0,0,0,0
"S61255D","V5889","10000",1,0,0,0,0
"S61255S","9061","10000",1,0,0,0,0
"S61256A","8830","10000",1,0,0,0,0
"S61256D","V5889","10000",1,0,0,0,0
"S61256S","9061","10000",1,0,0,0,0
"S61257A","8830","10000",1,0,0,0,0
"S61257D","V5889","10000",1,0,0,0,0
"S61257S","9061","10000",1,0,0,0,0
"S61258A","8830","10000",1,0,0,0,0
"S61258D","V5889","10000",1,0,0,0,0
"S61258S","9061","10000",1,0,0,0,0
"S61259A","8830","10000",1,0,0,0,0
"S61259D","V5889","10000",1,0,0,0,0
"S61259S","9061","10000",1,0,0,0,0
"S61300A","8830","10000",1,0,0,0,0
"S61300D","V5889","10000",1,0,0,0,0
"S61300S","9061","10000",1,0,0,0,0
"S61301A","8830","10000",1,0,0,0,0
"S61301D","V5889","10000",1,0,0,0,0
"S61301S","9061","10000",1,0,0,0,0
"S61302A","8830","10000",1,0,0,0,0
"S61302D","V5889","10000",1,0,0,0,0
"S61302S","9061","10000",1,0,0,0,0
"S61303A","8830","10000",1,0,0,0,0
"S61303D","V5889","10000",1,0,0,0,0
"S61303S","9061","10000",1,0,0,0,0
"S61304A","8830","10000",1,0,0,0,0
"S61304D","V5889","10000",1,0,0,0,0
"S61304S","9061","10000",1,0,0,0,0
"S61305A","8830","10000",1,0,0,0,0
"S61305D","V5889","10000",1,0,0,0,0
"S61305S","9061","10000",1,0,0,0,0
"S61306A","8830","10000",1,0,0,0,0
"S61306D","V5889","10000",1,0,0,0,0
"S61306S","9061","10000",1,0,0,0,0
"S61307A","8830","10000",1,0,0,0,0
"S61307D","V5889","10000",1,0,0,0,0
"S61307S","9061","10000",1,0,0,0,0
"S61308A","8830","10000",1,0,0,0,0
"S61308D","V5889","10000",1,0,0,0,0
"S61308S","9061","10000",1,0,0,0,0
"S61309A","8830","10000",1,0,0,0,0
"S61309D","V5889","10000",1,0,0,0,0
"S61309S","9061","10000",1,0,0,0,0
"S61310A","8830","10000",1,0,0,0,0
"S61310D","V5889","10000",1,0,0,0,0
"S61310S","9061","10000",1,0,0,0,0
"S61311A","8830","10000",1,0,0,0,0
"S61311D","V5889","10000",1,0,0,0,0
"S61311S","9061","10000",1,0,0,0,0
"S61312A","8830","10000",1,0,0,0,0
"S61312D","V5889","10000",1,0,0,0,0
"S61312S","9061","10000",1,0,0,0,0
"S61313A","8830","10000",1,0,0,0,0
"S61313D","V5889","10000",1,0,0,0,0
"S61313S","9061","10000",1,0,0,0,0
"S61314A","8830","10000",1,0,0,0,0
"S61314D","V5889","10000",1,0,0,0,0
"S61314S","9061","10000",1,0,0,0,0
"S61315A","8830","10000",1,0,0,0,0
"S61315D","V5889","10000",1,0,0,0,0
"S61315S","9061","10000",1,0,0,0,0
"S61316A","8830","10000",1,0,0,0,0
"S61316D","V5889","10000",1,0,0,0,0
"S61316S","9061","10000",1,0,0,0,0
"S61317A","8830","10000",1,0,0,0,0
"S61317D","V5889","10000",1,0,0,0,0
"S61317S","9061","10000",1,0,0,0,0
"S61318A","8830","10000",1,0,0,0,0
"S61318D","V5889","10000",1,0,0,0,0
"S61318S","9061","10000",1,0,0,0,0
"S61319A","8830","10000",1,0,0,0,0
"S61319D","V5889","10000",1,0,0,0,0
"S61319S","9061","10000",1,0,0,0,0
"S61320A","8831","10000",1,0,0,0,0
"S61320D","V5889","10000",1,0,0,0,0
"S61320S","9061","10000",1,0,0,0,0
"S61321A","8831","10000",1,0,0,0,0
"S61321D","V5889","10000",1,0,0,0,0
"S61321S","9061","10000",1,0,0,0,0
"S61322A","8831","10000",1,0,0,0,0
"S61322D","V5889","10000",1,0,0,0,0
"S61322S","9061","10000",1,0,0,0,0
"S61323A","8831","10000",1,0,0,0,0
"S61323D","V5889","10000",1,0,0,0,0
"S61323S","9061","10000",1,0,0,0,0
"S61324A","8831","10000",1,0,0,0,0
"S61324D","V5889","10000",1,0,0,0,0
"S61324S","9061","10000",1,0,0,0,0
"S61325A","8831","10000",1,0,0,0,0
"S61325D","V5889","10000",1,0,0,0,0
"S61325S","9061","10000",1,0,0,0,0
"S61326A","8831","10000",1,0,0,0,0
"S61326D","V5889","10000",1,0,0,0,0
"S61326S","9061","10000",1,0,0,0,0
"S61327A","8831","10000",1,0,0,0,0
"S61327D","V5889","10000",1,0,0,0,0
"S61327S","9061","10000",1,0,0,0,0
"S61328A","8831","10000",1,0,0,0,0
"S61328D","V5889","10000",1,0,0,0,0
"S61328S","9061","10000",1,0,0,0,0
"S61329A","8831","10000",1,0,0,0,0
"S61329D","V5889","10000",1,0,0,0,0
"S61329S","9061","10000",1,0,0,0,0
"S61330A","8830","10000",1,0,0,0,0
"S61330D","V5889","10000",1,0,0,0,0
"S61330S","9061","10000",1,0,0,0,0
"S61331A","8830","10000",1,0,0,0,0
"S61331D","V5889","10000",1,0,0,0,0
"S61331S","9061","10000",1,0,0,0,0
"S61332A","8830","10000",1,0,0,0,0
"S61332D","V5889","10000",1,0,0,0,0
"S61332S","9061","10000",1,0,0,0,0
"S61333A","8830","10000",1,0,0,0,0
"S61333D","V5889","10000",1,0,0,0,0
"S61333S","9061","10000",1,0,0,0,0
"S61334A","8830","10000",1,0,0,0,0
"S61334D","V5889","10000",1,0,0,0,0
"S61334S","9061","10000",1,0,0,0,0
"S61335A","8830","10000",1,0,0,0,0
"S61335D","V5889","10000",1,0,0,0,0
"S61335S","9061","10000",1,0,0,0,0
"S61336A","8830","10000",1,0,0,0,0
"S61336D","V5889","10000",1,0,0,0,0
"S61336S","9061","10000",1,0,0,0,0
"S61337A","8830","10000",1,0,0,0,0
"S61337D","V5889","10000",1,0,0,0,0
"S61337S","9061","10000",1,0,0,0,0
"S61338A","8830","10000",1,0,0,0,0
"S61338D","V5889","10000",1,0,0,0,0
"S61338S","9061","10000",1,0,0,0,0
"S61339A","8830","10000",1,0,0,0,0
"S61339D","V5889","10000",1,0,0,0,0
"S61339S","9061","10000",1,0,0,0,0
"S61340A","8831","10000",1,0,0,0,0
"S61340D","V5889","10000",1,0,0,0,0
"S61340S","9061","10000",1,0,0,0,0
"S61341A","8831","10000",1,0,0,0,0
"S61341D","V5889","10000",1,0,0,0,0
"S61341S","9061","10000",1,0,0,0,0
"S61342A","8831","10000",1,0,0,0,0
"S61342D","V5889","10000",1,0,0,0,0
"S61342S","9061","10000",1,0,0,0,0
"S61343A","8831","10000",1,0,0,0,0
"S61343D","V5889","10000",1,0,0,0,0
"S61343S","9061","10000",1,0,0,0,0
"S61344A","8831","10000",1,0,0,0,0
"S61344D","V5889","10000",1,0,0,0,0
"S61344S","9061","10000",1,0,0,0,0
"S61345A","8831","10000",1,0,0,0,0
"S61345D","V5889","10000",1,0,0,0,0
"S61345S","9061","10000",1,0,0,0,0
"S61346A","8831","10000",1,0,0,0,0
"S61346D","V5889","10000",1,0,0,0,0
"S61346S","9061","10000",1,0,0,0,0
"S61347A","8831","10000",1,0,0,0,0
"S61347D","V5889","10000",1,0,0,0,0
"S61347S","9061","10000",1,0,0,0,0
"S61348A","8831","10000",1,0,0,0,0
"S61348D","V5889","10000",1,0,0,0,0
"S61348S","9061","10000",1,0,0,0,0
"S61349A","8831","10000",1,0,0,0,0
"S61349D","V5889","10000",1,0,0,0,0
"S61349S","9061","10000",1,0,0,0,0
"S61350A","8830","10000",1,0,0,0,0
"S61350D","V5889","10000",1,0,0,0,0
"S61350S","9061","10000",1,0,0,0,0
"S61351A","8830","10000",1,0,0,0,0
"S61351D","V5889","10000",1,0,0,0,0
"S61351S","9061","10000",1,0,0,0,0
"S61352A","8830","10000",1,0,0,0,0
"S61352D","V5889","10000",1,0,0,0,0
"S61352S","9061","10000",1,0,0,0,0
"S61353A","8830","10000",1,0,0,0,0
"S61353D","V5889","10000",1,0,0,0,0
"S61353S","9061","10000",1,0,0,0,0
"S61354A","8830","10000",1,0,0,0,0
"S61354D","V5889","10000",1,0,0,0,0
"S61354S","9061","10000",1,0,0,0,0
"S61355A","8830","10000",1,0,0,0,0
"S61355D","V5889","10000",1,0,0,0,0
"S61355S","9061","10000",1,0,0,0,0
"S61356A","8830","10000",1,0,0,0,0
"S61356D","V5889","10000",1,0,0,0,0
"S61356S","9061","10000",1,0,0,0,0
"S61357A","8830","10000",1,0,0,0,0
"S61357D","V5889","10000",1,0,0,0,0
"S61357S","9061","10000",1,0,0,0,0
"S61358A","8830","10000",1,0,0,0,0
"S61358D","V5889","10000",1,0,0,0,0
"S61358S","9061","10000",1,0,0,0,0
"S61359A","8830","10000",1,0,0,0,0
"S61359D","V5889","10000",1,0,0,0,0
"S61359S","9061","10000",1,0,0,0,0
"S61401A","8820","10000",1,0,0,0,0
"S61401D","V5889","10000",1,0,0,0,0
"S61401S","9061","10000",1,0,0,0,0
"S61402A","8820","10000",1,0,0,0,0
"S61402D","V5889","10000",1,0,0,0,0
"S61402S","9061","10000",1,0,0,0,0
"S61409A","8820","10000",1,0,0,0,0
"S61409D","V5889","10000",1,0,0,0,0
"S61409S","9061","10000",1,0,0,0,0
"S61411A","8820","10000",1,0,0,0,0
"S61411D","V5889","10000",1,0,0,0,0
"S61411S","9061","10000",1,0,0,0,0
"S61412A","8820","10000",1,0,0,0,0
"S61412D","V5889","10000",1,0,0,0,0
"S61412S","9061","10000",1,0,0,0,0
"S61419A","8820","10000",1,0,0,0,0
"S61419D","V5889","10000",1,0,0,0,0
"S61419S","9061","10000",1,0,0,0,0
"S61421A","8821","10000",1,0,0,0,0
"S61421D","V5889","10000",1,0,0,0,0
"S61421S","9061","10000",1,0,0,0,0
"S61422A","8821","10000",1,0,0,0,0
"S61422D","V5889","10000",1,0,0,0,0
"S61422S","9061","10000",1,0,0,0,0
"S61429A","8821","10000",1,0,0,0,0
"S61429D","V5889","10000",1,0,0,0,0
"S61429S","9061","10000",1,0,0,0,0
"S61431A","8820","10000",1,0,0,0,0
"S61431D","V5889","10000",1,0,0,0,0
"S61431S","9061","10000",1,0,0,0,0
"S61432A","8820","10000",1,0,0,0,0
"S61432D","V5889","10000",1,0,0,0,0
"S61432S","9061","10000",1,0,0,0,0
"S61439A","8820","10000",1,0,0,0,0
"S61439D","V5889","10000",1,0,0,0,0
"S61439S","9061","10000",1,0,0,0,0
"S61441A","8821","10000",1,0,0,0,0
"S61441D","V5889","10000",1,0,0,0,0
"S61441S","9061","10000",1,0,0,0,0
"S61442A","8821","10000",1,0,0,0,0
"S61442D","V5889","10000",1,0,0,0,0
"S61442S","9061","10000",1,0,0,0,0
"S61449A","8821","10000",1,0,0,0,0
"S61449D","V5889","10000",1,0,0,0,0
"S61449S","9061","10000",1,0,0,0,0
"S61451A","8820","10000",1,0,0,0,0
"S61451D","V5889","10000",1,0,0,0,0
"S61451S","9061","10000",1,0,0,0,0
"S61452A","8820","10000",1,0,0,0,0
"S61452D","V5889","10000",1,0,0,0,0
"S61452S","9061","10000",1,0,0,0,0
"S61459A","8820","10000",1,0,0,0,0
"S61459D","V5889","10000",1,0,0,0,0
"S61459S","9061","10000",1,0,0,0,0
"S61501A","88102","10000",1,0,0,0,0
"S61501D","V5889","10000",1,0,0,0,0
"S61501S","9061","10000",1,0,0,0,0
"S61502A","88102","10000",1,0,0,0,0
"S61502D","V5889","10000",1,0,0,0,0
"S61502S","9061","10000",1,0,0,0,0
"S61509A","88102","10000",1,0,0,0,0
"S61509D","V5889","10000",1,0,0,0,0
"S61509S","9061","10000",1,0,0,0,0
"S61511A","88102","10000",1,0,0,0,0
"S61511D","V5889","10000",1,0,0,0,0
"S61511S","9061","10000",1,0,0,0,0
"S61512A","88102","10000",1,0,0,0,0
"S61512D","V5889","10000",1,0,0,0,0
"S61512S","9061","10000",1,0,0,0,0
"S61519A","88102","10000",1,0,0,0,0
"S61519D","V5889","10000",1,0,0,0,0
"S61519S","9061","10000",1,0,0,0,0
"S61521A","88112","10000",1,0,0,0,0
"S61521D","V5889","10000",1,0,0,0,0
"S61521S","9061","10000",1,0,0,0,0
"S61522A","88112","10000",1,0,0,0,0
"S61522D","V5889","10000",1,0,0,0,0
"S61522S","9061","10000",1,0,0,0,0
"S61529A","88112","10000",1,0,0,0,0
"S61529D","V5889","10000",1,0,0,0,0
"S61529S","9061","10000",1,0,0,0,0
"S61531A","88102","10000",1,0,0,0,0
"S61531D","V5889","10000",1,0,0,0,0
"S61531S","9061","10000",1,0,0,0,0
"S61532A","88102","10000",1,0,0,0,0
"S61532D","V5889","10000",1,0,0,0,0
"S61532S","9061","10000",1,0,0,0,0
"S61539A","88102","10000",1,0,0,0,0
"S61539D","V5889","10000",1,0,0,0,0
"S61539S","9061","10000",1,0,0,0,0
"S61541A","88112","10000",1,0,0,0,0
"S61541D","V5889","10000",1,0,0,0,0
"S61541S","9061","10000",1,0,0,0,0
"S61542A","88112","10000",1,0,0,0,0
"S61542D","V5889","10000",1,0,0,0,0
"S61542S","9061","10000",1,0,0,0,0
"S61549A","88112","10000",1,0,0,0,0
"S61549D","V5889","10000",1,0,0,0,0
"S61549S","9061","10000",1,0,0,0,0
"S61551A","88102","10000",1,0,0,0,0
"S61551D","V5889","10000",1,0,0,0,0
"S61551S","9061","10000",1,0,0,0,0
"S61552A","88102","10000",1,0,0,0,0
"S61552D","V5889","10000",1,0,0,0,0
"S61552S","9061","10000",1,0,0,0,0
"S61559A","88102","10000",1,0,0,0,0
"S61559D","V5889","10000",1,0,0,0,0
"S61559S","9061","10000",1,0,0,0,0
"S62001A","81401","10000",1,0,0,0,0
"S62001B","81411","10000",1,0,0,0,0
"S62001D","V5412","10000",1,0,0,0,0
"S62001G","V5412","10000",1,0,0,0,0
"S62001K","73382","10000",1,0,0,0,0
"S62001P","73381","10000",1,0,0,0,0
"S62001S","9052","10000",1,0,0,0,0
"S62002A","81401","10000",1,0,0,0,0
"S62002B","81411","10000",1,0,0,0,0
"S62002D","V5412","10000",1,0,0,0,0
"S62002G","V5412","10000",1,0,0,0,0
"S62002K","73382","10000",1,0,0,0,0
"S62002P","73381","10000",1,0,0,0,0
"S62002S","9052","10000",1,0,0,0,0
"S62009A","81401","10000",1,0,0,0,0
"S62009B","81411","10000",1,0,0,0,0
"S62009D","V5412","10000",1,0,0,0,0
"S62009G","V5412","10000",1,0,0,0,0
"S62009K","73382","10000",1,0,0,0,0
"S62009P","73381","10000",1,0,0,0,0
"S62009S","9052","10000",1,0,0,0,0
"S62011A","81401","10000",1,0,0,0,0
"S62011B","81411","10000",1,0,0,0,0
"S62011D","V5412","10000",1,0,0,0,0
"S62011G","V5412","10000",1,0,0,0,0
"S62011K","73382","10000",1,0,0,0,0
"S62011P","73381","10000",1,0,0,0,0
"S62011S","9052","10000",1,0,0,0,0
"S62012A","81401","10000",1,0,0,0,0
"S62012B","81411","10000",1,0,0,0,0
"S62012D","V5412","10000",1,0,0,0,0
"S62012G","V5412","10000",1,0,0,0,0
"S62012K","73382","10000",1,0,0,0,0
"S62012P","73381","10000",1,0,0,0,0
"S62012S","9052","10000",1,0,0,0,0
"S62013A","81401","10000",1,0,0,0,0
"S62013B","81411","10000",1,0,0,0,0
"S62013D","V5412","10000",1,0,0,0,0
"S62013G","V5412","10000",1,0,0,0,0
"S62013K","73382","10000",1,0,0,0,0
"S62013P","73381","10000",1,0,0,0,0
"S62013S","9052","10000",1,0,0,0,0
"S62014A","81401","10000",1,0,0,0,0
"S62014B","81411","10000",1,0,0,0,0
"S62014D","V5412","10000",1,0,0,0,0
"S62014G","V5412","10000",1,0,0,0,0
"S62014K","73382","10000",1,0,0,0,0
"S62014P","73381","10000",1,0,0,0,0
"S62014S","9052","10000",1,0,0,0,0
"S62015A","81401","10000",1,0,0,0,0
"S62015B","81411","10000",1,0,0,0,0
"S62015D","V5412","10000",1,0,0,0,0
"S62015G","V5412","10000",1,0,0,0,0
"S62015K","73382","10000",1,0,0,0,0
"S62015P","73381","10000",1,0,0,0,0
"S62015S","9052","10000",1,0,0,0,0
"S62016A","81401","10000",1,0,0,0,0
"S62016B","81411","10000",1,0,0,0,0
"S62016D","V5412","10000",1,0,0,0,0
"S62016G","V5412","10000",1,0,0,0,0
"S62016K","73382","10000",1,0,0,0,0
"S62016P","73381","10000",1,0,0,0,0
"S62016S","9052","10000",1,0,0,0,0
"S62021A","81401","10000",1,0,0,0,0
"S62021B","81411","10000",1,0,0,0,0
"S62021D","V5412","10000",1,0,0,0,0
"S62021G","V5412","10000",1,0,0,0,0
"S62021K","73382","10000",1,0,0,0,0
"S62021P","73381","10000",1,0,0,0,0
"S62021S","9052","10000",1,0,0,0,0
"S62022A","81401","10000",1,0,0,0,0
"S62022B","81411","10000",1,0,0,0,0
"S62022D","V5412","10000",1,0,0,0,0
"S62022G","V5412","10000",1,0,0,0,0
"S62022K","73382","10000",1,0,0,0,0
"S62022P","73381","10000",1,0,0,0,0
"S62022S","9052","10000",1,0,0,0,0
"S62023A","81401","10000",1,0,0,0,0
"S62023B","81411","10000",1,0,0,0,0
"S62023D","V5412","10000",1,0,0,0,0
"S62023G","V5412","10000",1,0,0,0,0
"S62023K","73382","10000",1,0,0,0,0
"S62023P","73381","10000",1,0,0,0,0
"S62023S","9052","10000",1,0,0,0,0
"S62024A","81401","10000",1,0,0,0,0
"S62024B","81411","10000",1,0,0,0,0
"S62024D","V5412","10000",1,0,0,0,0
"S62024G","V5412","10000",1,0,0,0,0
"S62024K","73382","10000",1,0,0,0,0
"S62024P","73381","10000",1,0,0,0,0
"S62024S","9052","10000",1,0,0,0,0
"S62025A","81401","10000",1,0,0,0,0
"S62025B","81411","10000",1,0,0,0,0
"S62025D","V5412","10000",1,0,0,0,0
"S62025G","V5412","10000",1,0,0,0,0
"S62025K","73382","10000",1,0,0,0,0
"S62025P","73381","10000",1,0,0,0,0
"S62025S","9052","10000",1,0,0,0,0
"S62026A","81401","10000",1,0,0,0,0
"S62026B","81411","10000",1,0,0,0,0
"S62026D","V5412","10000",1,0,0,0,0
"S62026G","V5412","10000",1,0,0,0,0
"S62026K","73382","10000",1,0,0,0,0
"S62026P","73381","10000",1,0,0,0,0
"S62026S","9052","10000",1,0,0,0,0
"S62031A","81401","10000",1,0,0,0,0
"S62031B","81411","10000",1,0,0,0,0
"S62031D","V5412","10000",1,0,0,0,0
"S62031G","V5412","10000",1,0,0,0,0
"S62031K","73382","10000",1,0,0,0,0
"S62031P","73381","10000",1,0,0,0,0
"S62031S","9052","10000",1,0,0,0,0
"S62032A","81401","10000",1,0,0,0,0
"S62032B","81411","10000",1,0,0,0,0
"S62032D","V5412","10000",1,0,0,0,0
"S62032G","V5412","10000",1,0,0,0,0
"S62032K","73382","10000",1,0,0,0,0
"S62032P","73381","10000",1,0,0,0,0
"S62032S","9052","10000",1,0,0,0,0
"S62033A","81401","10000",1,0,0,0,0
"S62033B","81411","10000",1,0,0,0,0
"S62033D","V5412","10000",1,0,0,0,0
"S62033G","V5412","10000",1,0,0,0,0
"S62033K","73382","10000",1,0,0,0,0
"S62033P","73381","10000",1,0,0,0,0
"S62033S","9052","10000",1,0,0,0,0
"S62034A","81401","10000",1,0,0,0,0
"S62034B","81411","10000",1,0,0,0,0
"S62034D","V5412","10000",1,0,0,0,0
"S62034G","V5412","10000",1,0,0,0,0
"S62034K","73382","10000",1,0,0,0,0
"S62034P","73381","10000",1,0,0,0,0
"S62034S","9052","10000",1,0,0,0,0
"S62035A","81401","10000",1,0,0,0,0
"S62035B","81411","10000",1,0,0,0,0
"S62035D","V5412","10000",1,0,0,0,0
"S62035G","V5412","10000",1,0,0,0,0
"S62035K","73382","10000",1,0,0,0,0
"S62035P","73381","10000",1,0,0,0,0
"S62035S","9052","10000",1,0,0,0,0
"S62036A","81401","10000",1,0,0,0,0
"S62036B","81411","10000",1,0,0,0,0
"S62036D","V5412","10000",1,0,0,0,0
"S62036G","V5412","10000",1,0,0,0,0
"S62036K","73382","10000",1,0,0,0,0
"S62036P","73381","10000",1,0,0,0,0
"S62036S","9052","10000",1,0,0,0,0
"S62101A","81400","10000",1,0,0,0,0
"S62101B","81410","10000",1,0,0,0,0
"S62101D","V5412","10000",1,0,0,0,0
"S62101G","V5412","10000",1,0,0,0,0
"S62101K","73382","10000",1,0,0,0,0
"S62101P","73381","10000",1,0,0,0,0
"S62101S","9052","10000",1,0,0,0,0
"S62102A","81400","10000",1,0,0,0,0
"S62102B","81410","10000",1,0,0,0,0
"S62102D","V5412","10000",1,0,0,0,0
"S62102G","V5412","10000",1,0,0,0,0
"S62102K","73382","10000",1,0,0,0,0
"S62102P","73381","10000",1,0,0,0,0
"S62102S","9052","10000",1,0,0,0,0
"S62109A","81400","10000",1,0,0,0,0
"S62109B","81410","10000",1,0,0,0,0
"S62109D","V5412","10000",1,0,0,0,0
"S62109G","V5412","10000",1,0,0,0,0
"S62109K","73382","10000",1,0,0,0,0
"S62109P","73381","10000",1,0,0,0,0
"S62109S","9052","10000",1,0,0,0,0
"S62111A","81403","10000",1,0,0,0,0
"S62111B","81413","10000",1,0,0,0,0
"S62111D","V5412","10000",1,0,0,0,0
"S62111G","V5412","10000",1,0,0,0,0
"S62111K","73382","10000",1,0,0,0,0
"S62111P","73381","10000",1,0,0,0,0
"S62111S","9052","10000",1,0,0,0,0
"S62112A","81403","10000",1,0,0,0,0
"S62112B","81413","10000",1,0,0,0,0
"S62112D","V5412","10000",1,0,0,0,0
"S62112G","V5412","10000",1,0,0,0,0
"S62112K","73382","10000",1,0,0,0,0
"S62112P","73381","10000",1,0,0,0,0
"S62112S","9052","10000",1,0,0,0,0
"S62113A","81403","10000",1,0,0,0,0
"S62113B","81413","10000",1,0,0,0,0
"S62113D","V5412","10000",1,0,0,0,0
"S62113G","V5412","10000",1,0,0,0,0
"S62113K","73382","10000",1,0,0,0,0
"S62113P","73381","10000",1,0,0,0,0
"S62113S","9052","10000",1,0,0,0,0
"S62114A","81403","10000",1,0,0,0,0
"S62114B","81413","10000",1,0,0,0,0
"S62114D","V5412","10000",1,0,0,0,0
"S62114G","V5412","10000",1,0,0,0,0
"S62114K","73382","10000",1,0,0,0,0
"S62114P","73381","10000",1,0,0,0,0
"S62114S","9052","10000",1,0,0,0,0
"S62115A","81403","10000",1,0,0,0,0
"S62115B","81413","10000",1,0,0,0,0
"S62115D","V5412","10000",1,0,0,0,0
"S62115G","V5412","10000",1,0,0,0,0
"S62115K","73382","10000",1,0,0,0,0
"S62115P","73381","10000",1,0,0,0,0
"S62115S","9052","10000",1,0,0,0,0
"S62116A","81403","10000",1,0,0,0,0
"S62116B","81413","10000",1,0,0,0,0
"S62116D","V5412","10000",1,0,0,0,0
"S62116G","V5412","10000",1,0,0,0,0
"S62116K","73382","10000",1,0,0,0,0
"S62116P","73381","10000",1,0,0,0,0
"S62116S","9052","10000",1,0,0,0,0
"S62121A","81402","10000",1,0,0,0,0
"S62121B","81412","10000",1,0,0,0,0
"S62121D","V5412","10000",1,0,0,0,0
"S62121G","V5412","10000",1,0,0,0,0
"S62121K","73382","10000",1,0,0,0,0
"S62121P","73381","10000",1,0,0,0,0
"S62121S","9052","10000",1,0,0,0,0
"S62122A","81402","10000",1,0,0,0,0
"S62122B","81412","10000",1,0,0,0,0
"S62122D","V5412","10000",1,0,0,0,0
"S62122G","V5412","10000",1,0,0,0,0
"S62122K","73382","10000",1,0,0,0,0
"S62122P","73381","10000",1,0,0,0,0
"S62122S","9052","10000",1,0,0,0,0
"S62123A","81402","10000",1,0,0,0,0
"S62123B","81412","10000",1,0,0,0,0
"S62123D","V5412","10000",1,0,0,0,0
"S62123G","V5412","10000",1,0,0,0,0
"S62123K","73382","10000",1,0,0,0,0
"S62123P","73381","10000",1,0,0,0,0
"S62123S","9052","10000",1,0,0,0,0
"S62124A","81402","10000",1,0,0,0,0
"S62124B","81412","10000",1,0,0,0,0
"S62124D","V5412","10000",1,0,0,0,0
"S62124G","V5412","10000",1,0,0,0,0
"S62124K","73382","10000",1,0,0,0,0
"S62124P","73381","10000",1,0,0,0,0
"S62124S","9052","10000",1,0,0,0,0
"S62125A","81402","10000",1,0,0,0,0
"S62125B","81412","10000",1,0,0,0,0
"S62125D","V5412","10000",1,0,0,0,0
"S62125G","V5412","10000",1,0,0,0,0
"S62125K","73382","10000",1,0,0,0,0
"S62125P","73381","10000",1,0,0,0,0
"S62125S","9052","10000",1,0,0,0,0
"S62126A","81402","10000",1,0,0,0,0
"S62126B","81412","10000",1,0,0,0,0
"S62126D","V5412","10000",1,0,0,0,0
"S62126G","V5412","10000",1,0,0,0,0
"S62126K","73382","10000",1,0,0,0,0
"S62126P","73381","10000",1,0,0,0,0
"S62126S","9052","10000",1,0,0,0,0
"S62131A","81407","10000",1,0,0,0,0
"S62131B","81417","10000",1,0,0,0,0
"S62131D","V5412","10000",1,0,0,0,0
"S62131G","V5412","10000",1,0,0,0,0
"S62131K","73382","10000",1,0,0,0,0
"S62131P","73381","10000",1,0,0,0,0
"S62131S","9052","10000",1,0,0,0,0
"S62132A","81407","10000",1,0,0,0,0
"S62132B","81417","10000",1,0,0,0,0
"S62132D","V5412","10000",1,0,0,0,0
"S62132G","V5412","10000",1,0,0,0,0
"S62132K","73382","10000",1,0,0,0,0
"S62132P","73381","10000",1,0,0,0,0
"S62132S","9052","10000",1,0,0,0,0
"S62133A","81407","10000",1,0,0,0,0
"S62133B","81417","10000",1,0,0,0,0
"S62133D","V5412","10000",1,0,0,0,0
"S62133G","V5412","10000",1,0,0,0,0
"S62133K","73382","10000",1,0,0,0,0
"S62133P","73381","10000",1,0,0,0,0
"S62133S","9052","10000",1,0,0,0,0
"S62134A","81407","10000",1,0,0,0,0
"S62134B","81417","10000",1,0,0,0,0
"S62134D","V5412","10000",1,0,0,0,0
"S62134G","V5412","10000",1,0,0,0,0
"S62134K","73382","10000",1,0,0,0,0
"S62134P","73381","10000",1,0,0,0,0
"S62134S","9052","10000",1,0,0,0,0
"S62135A","81407","10000",1,0,0,0,0
"S62135B","81417","10000",1,0,0,0,0
"S62135D","V5412","10000",1,0,0,0,0
"S62135G","V5412","10000",1,0,0,0,0
"S62135K","73382","10000",1,0,0,0,0
"S62135P","73381","10000",1,0,0,0,0
"S62135S","9052","10000",1,0,0,0,0
"S62136A","81407","10000",1,0,0,0,0
"S62136B","81417","10000",1,0,0,0,0
"S62136D","V5412","10000",1,0,0,0,0
"S62136G","V5412","10000",1,0,0,0,0
"S62136K","73382","10000",1,0,0,0,0
"S62136P","73381","10000",1,0,0,0,0
"S62136S","9052","10000",1,0,0,0,0
"S62141A","81408","10000",1,0,0,0,0
"S62141B","81418","10000",1,0,0,0,0
"S62141D","V5412","10000",1,0,0,0,0
"S62141G","V5412","10000",1,0,0,0,0
"S62141K","73382","10000",1,0,0,0,0
"S62141P","73381","10000",1,0,0,0,0
"S62141S","9052","10000",1,0,0,0,0
"S62142A","81408","10000",1,0,0,0,0
"S62142B","81418","10000",1,0,0,0,0
"S62142D","V5412","10000",1,0,0,0,0
"S62142G","V5412","10000",1,0,0,0,0
"S62142K","73382","10000",1,0,0,0,0
"S62142P","73381","10000",1,0,0,0,0
"S62142S","9052","10000",1,0,0,0,0
"S62143A","81408","10000",1,0,0,0,0
"S62143B","81418","10000",1,0,0,0,0
"S62143D","V5412","10000",1,0,0,0,0
"S62143G","V5412","10000",1,0,0,0,0
"S62143K","73382","10000",1,0,0,0,0
"S62143P","73381","10000",1,0,0,0,0
"S62143S","9052","10000",1,0,0,0,0
"S62144A","81408","10000",1,0,0,0,0
"S62144B","81418","10000",1,0,0,0,0
"S62144D","V5412","10000",1,0,0,0,0
"S62144G","V5412","10000",1,0,0,0,0
"S62144K","73382","10000",1,0,0,0,0
"S62144P","73381","10000",1,0,0,0,0
"S62144S","9052","10000",1,0,0,0,0
"S62145A","81408","10000",1,0,0,0,0
"S62145B","81418","10000",1,0,0,0,0
"S62145D","V5412","10000",1,0,0,0,0
"S62145G","V5412","10000",1,0,0,0,0
"S62145K","73382","10000",1,0,0,0,0
"S62145P","73381","10000",1,0,0,0,0
"S62145S","9052","10000",1,0,0,0,0
"S62146A","81408","10000",1,0,0,0,0
"S62146B","81418","10000",1,0,0,0,0
"S62146D","V5412","10000",1,0,0,0,0
"S62146G","V5412","10000",1,0,0,0,0
"S62146K","73382","10000",1,0,0,0,0
"S62146P","73381","10000",1,0,0,0,0
"S62146S","9052","10000",1,0,0,0,0
"S62151A","81409","10000",1,0,0,0,0
"S62151B","81419","10000",1,0,0,0,0
"S62151D","V5412","10000",1,0,0,0,0
"S62151G","V5412","10000",1,0,0,0,0
"S62151K","73382","10000",1,0,0,0,0
"S62151P","73381","10000",1,0,0,0,0
"S62151S","9052","10000",1,0,0,0,0
"S62152A","81409","10000",1,0,0,0,0
"S62152B","81419","10000",1,0,0,0,0
"S62152D","V5412","10000",1,0,0,0,0
"S62152G","V5412","10000",1,0,0,0,0
"S62152K","73382","10000",1,0,0,0,0
"S62152P","73381","10000",1,0,0,0,0
"S62152S","9052","10000",1,0,0,0,0
"S62153A","81409","10000",1,0,0,0,0
"S62153B","81419","10000",1,0,0,0,0
"S62153D","V5412","10000",1,0,0,0,0
"S62153G","V5412","10000",1,0,0,0,0
"S62153K","73382","10000",1,0,0,0,0
"S62153P","73381","10000",1,0,0,0,0
"S62153S","9052","10000",1,0,0,0,0
"S62154A","81409","10000",1,0,0,0,0
"S62154B","81419","10000",1,0,0,0,0
"S62154D","V5412","10000",1,0,0,0,0
"S62154G","V5412","10000",1,0,0,0,0
"S62154K","73382","10000",1,0,0,0,0
"S62154P","73381","10000",1,0,0,0,0
"S62154S","9052","10000",1,0,0,0,0
"S62155A","81409","10000",1,0,0,0,0
"S62155B","81419","10000",1,0,0,0,0
"S62155D","V5412","10000",1,0,0,0,0
"S62155G","V5412","10000",1,0,0,0,0
"S62155K","73382","10000",1,0,0,0,0
"S62155P","73381","10000",1,0,0,0,0
"S62155S","9052","10000",1,0,0,0,0
"S62156A","81409","10000",1,0,0,0,0
"S62156B","81419","10000",1,0,0,0,0
"S62156D","V5412","10000",1,0,0,0,0
"S62156G","V5412","10000",1,0,0,0,0
"S62156K","73382","10000",1,0,0,0,0
"S62156P","73381","10000",1,0,0,0,0
"S62156S","9052","10000",1,0,0,0,0
"S62161A","81404","10000",1,0,0,0,0
"S62161B","81414","10000",1,0,0,0,0
"S62161D","V5412","10000",1,0,0,0,0
"S62161G","V5412","10000",1,0,0,0,0
"S62161K","73382","10000",1,0,0,0,0
"S62161P","73381","10000",1,0,0,0,0
"S62161S","9052","10000",1,0,0,0,0
"S62162A","81404","10000",1,0,0,0,0
"S62162B","81414","10000",1,0,0,0,0
"S62162D","V5412","10000",1,0,0,0,0
"S62162G","V5412","10000",1,0,0,0,0
"S62162K","73382","10000",1,0,0,0,0
"S62162P","73381","10000",1,0,0,0,0
"S62162S","9052","10000",1,0,0,0,0
"S62163A","81404","10000",1,0,0,0,0
"S62163B","81414","10000",1,0,0,0,0
"S62163D","V5412","10000",1,0,0,0,0
"S62163G","V5412","10000",1,0,0,0,0
"S62163K","73382","10000",1,0,0,0,0
"S62163P","73381","10000",1,0,0,0,0
"S62163S","9052","10000",1,0,0,0,0
"S62164A","81404","10000",1,0,0,0,0
"S62164B","81414","10000",1,0,0,0,0
"S62164D","V5412","10000",1,0,0,0,0
"S62164G","V5412","10000",1,0,0,0,0
"S62164K","73382","10000",1,0,0,0,0
"S62164P","73381","10000",1,0,0,0,0
"S62164S","9052","10000",1,0,0,0,0
"S62165A","81404","10000",1,0,0,0,0
"S62165B","81414","10000",1,0,0,0,0
"S62165D","V5412","10000",1,0,0,0,0
"S62165G","V5412","10000",1,0,0,0,0
"S62165K","73382","10000",1,0,0,0,0
"S62165P","73381","10000",1,0,0,0,0
"S62165S","9052","10000",1,0,0,0,0
"S62166A","81404","10000",1,0,0,0,0
"S62166B","81414","10000",1,0,0,0,0
"S62166D","V5412","10000",1,0,0,0,0
"S62166G","V5412","10000",1,0,0,0,0
"S62166K","73382","10000",1,0,0,0,0
"S62166P","73381","10000",1,0,0,0,0
"S62166S","9052","10000",1,0,0,0,0
"S62171A","81405","10000",1,0,0,0,0
"S62171B","81415","10000",1,0,0,0,0
"S62171D","V5412","10000",1,0,0,0,0
"S62171G","V5412","10000",1,0,0,0,0
"S62171K","73382","10000",1,0,0,0,0
"S62171P","73381","10000",1,0,0,0,0
"S62171S","9052","10000",1,0,0,0,0
"S62172A","81405","10000",1,0,0,0,0
"S62172B","81415","10000",1,0,0,0,0
"S62172D","V5412","10000",1,0,0,0,0
"S62172G","V5412","10000",1,0,0,0,0
"S62172K","73382","10000",1,0,0,0,0
"S62172P","73381","10000",1,0,0,0,0
"S62172S","9052","10000",1,0,0,0,0
"S62173A","81405","10000",1,0,0,0,0
"S62173B","81415","10000",1,0,0,0,0
"S62173D","V5412","10000",1,0,0,0,0
"S62173G","V5412","10000",1,0,0,0,0
"S62173K","73382","10000",1,0,0,0,0
"S62173P","73381","10000",1,0,0,0,0
"S62173S","9052","10000",1,0,0,0,0
"S62174A","81405","10000",1,0,0,0,0
"S62174B","81415","10000",1,0,0,0,0
"S62174D","V5412","10000",1,0,0,0,0
"S62174G","V5412","10000",1,0,0,0,0
"S62174K","73382","10000",1,0,0,0,0
"S62174P","73381","10000",1,0,0,0,0
"S62174S","9052","10000",1,0,0,0,0
"S62175A","81405","10000",1,0,0,0,0
"S62175B","81415","10000",1,0,0,0,0
"S62175D","V5412","10000",1,0,0,0,0
"S62175G","V5412","10000",1,0,0,0,0
"S62175K","73382","10000",1,0,0,0,0
"S62175P","73381","10000",1,0,0,0,0
"S62175S","9052","10000",1,0,0,0,0
"S62176A","81405","10000",1,0,0,0,0
"S62176B","81415","10000",1,0,0,0,0
"S62176D","V5412","10000",1,0,0,0,0
"S62176G","V5412","10000",1,0,0,0,0
"S62176K","73382","10000",1,0,0,0,0
"S62176P","73381","10000",1,0,0,0,0
"S62176S","9052","10000",1,0,0,0,0
"S62181A","81406","10000",1,0,0,0,0
"S62181B","81416","10000",1,0,0,0,0
"S62181D","V5412","10000",1,0,0,0,0
"S62181G","V5412","10000",1,0,0,0,0
"S62181K","73382","10000",1,0,0,0,0
"S62181P","73381","10000",1,0,0,0,0
"S62181S","9052","10000",1,0,0,0,0
"S62182A","81406","10000",1,0,0,0,0
"S62182B","81416","10000",1,0,0,0,0
"S62182D","V5412","10000",1,0,0,0,0
"S62182G","V5412","10000",1,0,0,0,0
"S62182K","73382","10000",1,0,0,0,0
"S62182P","73381","10000",1,0,0,0,0
"S62182S","9052","10000",1,0,0,0,0
"S62183A","81406","10000",1,0,0,0,0
"S62183B","81416","10000",1,0,0,0,0
"S62183D","V5412","10000",1,0,0,0,0
"S62183G","V5412","10000",1,0,0,0,0
"S62183K","73382","10000",1,0,0,0,0
"S62183P","73381","10000",1,0,0,0,0
"S62183S","9052","10000",1,0,0,0,0
"S62184A","81406","10000",1,0,0,0,0
"S62184B","81416","10000",1,0,0,0,0
"S62184D","V5412","10000",1,0,0,0,0
"S62184G","V5412","10000",1,0,0,0,0
"S62184K","73382","10000",1,0,0,0,0
"S62184P","73381","10000",1,0,0,0,0
"S62184S","9052","10000",1,0,0,0,0
"S62185A","81406","10000",1,0,0,0,0
"S62185B","81416","10000",1,0,0,0,0
"S62185D","V5412","10000",1,0,0,0,0
"S62185G","V5412","10000",1,0,0,0,0
"S62185K","73382","10000",1,0,0,0,0
"S62185P","73381","10000",1,0,0,0,0
"S62185S","9052","10000",1,0,0,0,0
"S62186A","81406","10000",1,0,0,0,0
"S62186B","81416","10000",1,0,0,0,0
"S62186D","V5412","10000",1,0,0,0,0
"S62186G","V5412","10000",1,0,0,0,0
"S62186K","73382","10000",1,0,0,0,0
"S62186P","73381","10000",1,0,0,0,0
"S62186S","9052","10000",1,0,0,0,0
"S62201A","81501","10000",1,0,0,0,0
"S62201B","81511","10000",1,0,0,0,0
"S62201D","V5412","10000",1,0,0,0,0
"S62201G","V5412","10000",1,0,0,0,0
"S62201K","73382","10000",1,0,0,0,0
"S62201P","73381","10000",1,0,0,0,0
"S62201S","9052","10000",1,0,0,0,0
"S62202A","81501","10000",1,0,0,0,0
"S62202B","81511","10000",1,0,0,0,0
"S62202D","V5412","10000",1,0,0,0,0
"S62202G","V5412","10000",1,0,0,0,0
"S62202K","73382","10000",1,0,0,0,0
"S62202P","73381","10000",1,0,0,0,0
"S62202S","9052","10000",1,0,0,0,0
"S62209A","81501","10000",1,0,0,0,0
"S62209B","81511","10000",1,0,0,0,0
"S62209D","V5412","10000",1,0,0,0,0
"S62209G","V5412","10000",1,0,0,0,0
"S62209K","73382","10000",1,0,0,0,0
"S62209P","73381","10000",1,0,0,0,0
"S62209S","9052","10000",1,0,0,0,0
"S62211A","81501","10000",1,0,0,0,0
"S62211B","81511","10000",1,0,0,0,0
"S62211D","V5412","10000",1,0,0,0,0
"S62211G","V5412","10000",1,0,0,0,0
"S62211K","73382","10000",1,0,0,0,0
"S62211P","73381","10000",1,0,0,0,0
"S62211S","9052","10000",1,0,0,0,0
"S62212A","81501","10000",1,0,0,0,0
"S62212B","81511","10000",1,0,0,0,0
"S62212D","V5412","10000",1,0,0,0,0
"S62212G","V5412","10000",1,0,0,0,0
"S62212K","73382","10000",1,0,0,0,0
"S62212P","73381","10000",1,0,0,0,0
"S62212S","9052","10000",1,0,0,0,0
"S62213A","81501","10000",1,0,0,0,0
"S62213B","81511","10000",1,0,0,0,0
"S62213D","V5412","10000",1,0,0,0,0
"S62213G","V5412","10000",1,0,0,0,0
"S62213K","73382","10000",1,0,0,0,0
"S62213P","73381","10000",1,0,0,0,0
"S62213S","9052","10000",1,0,0,0,0
"S62221A","81501","10000",1,0,0,0,0
"S62221B","81511","10000",1,0,0,0,0
"S62221D","V5412","10000",1,0,0,0,0
"S62221G","V5412","10000",1,0,0,0,0
"S62221K","73382","10000",1,0,0,0,0
"S62221P","73381","10000",1,0,0,0,0
"S62221S","9052","10000",1,0,0,0,0
"S62222A","81501","10000",1,0,0,0,0
"S62222B","81511","10000",1,0,0,0,0
"S62222D","V5412","10000",1,0,0,0,0
"S62222G","V5412","10000",1,0,0,0,0
"S62222K","73382","10000",1,0,0,0,0
"S62222P","73381","10000",1,0,0,0,0
"S62222S","9052","10000",1,0,0,0,0
"S62223A","81501","10000",1,0,0,0,0
"S62223B","81511","10000",1,0,0,0,0
"S62223D","V5412","10000",1,0,0,0,0
"S62223G","V5412","10000",1,0,0,0,0
"S62223K","73382","10000",1,0,0,0,0
"S62223P","73381","10000",1,0,0,0,0
"S62223S","9052","10000",1,0,0,0,0
"S62224A","81501","10000",1,0,0,0,0
"S62224B","81511","10000",1,0,0,0,0
"S62224D","V5412","10000",1,0,0,0,0
"S62224G","V5412","10000",1,0,0,0,0
"S62224K","73382","10000",1,0,0,0,0
"S62224P","73381","10000",1,0,0,0,0
"S62224S","9052","10000",1,0,0,0,0
"S62225A","81501","10000",1,0,0,0,0
"S62225B","81511","10000",1,0,0,0,0
"S62225D","V5412","10000",1,0,0,0,0
"S62225G","V5412","10000",1,0,0,0,0
"S62225K","73382","10000",1,0,0,0,0
"S62225P","73381","10000",1,0,0,0,0
"S62225S","9052","10000",1,0,0,0,0
"S62226A","81501","10000",1,0,0,0,0
"S62226B","81511","10000",1,0,0,0,0
"S62226D","V5412","10000",1,0,0,0,0
"S62226G","V5412","10000",1,0,0,0,0
"S62226K","73382","10000",1,0,0,0,0
"S62226P","73381","10000",1,0,0,0,0
"S62226S","9052","10000",1,0,0,0,0
"S62231A","81501","10000",1,0,0,0,0
"S62231B","81511","10000",1,0,0,0,0
"S62231D","V5412","10000",1,0,0,0,0
"S62231G","V5412","10000",1,0,0,0,0
"S62231K","73382","10000",1,0,0,0,0
"S62231P","73381","10000",1,0,0,0,0
"S62231S","9052","10000",1,0,0,0,0
"S62232A","81501","10000",1,0,0,0,0
"S62232B","81511","10000",1,0,0,0,0
"S62232D","V5412","10000",1,0,0,0,0
"S62232G","V5412","10000",1,0,0,0,0
"S62232K","73382","10000",1,0,0,0,0
"S62232P","73381","10000",1,0,0,0,0
"S62232S","9052","10000",1,0,0,0,0
"S62233A","81501","10000",1,0,0,0,0
"S62233B","81511","10000",1,0,0,0,0
"S62233D","V5412","10000",1,0,0,0,0
"S62233G","V5412","10000",1,0,0,0,0
"S62233K","73382","10000",1,0,0,0,0
"S62233P","73381","10000",1,0,0,0,0
"S62233S","9052","10000",1,0,0,0,0
"S62234A","81501","10000",1,0,0,0,0
"S62234B","81511","10000",1,0,0,0,0
"S62234D","V5412","10000",1,0,0,0,0
"S62234G","V5412","10000",1,0,0,0,0
"S62234K","73382","10000",1,0,0,0,0
"S62234P","73381","10000",1,0,0,0,0
"S62234S","9052","10000",1,0,0,0,0
"S62235A","81501","10000",1,0,0,0,0
"S62235B","81511","10000",1,0,0,0,0
"S62235D","V5412","10000",1,0,0,0,0
"S62235G","V5412","10000",1,0,0,0,0
"S62235K","73382","10000",1,0,0,0,0
"S62235P","73381","10000",1,0,0,0,0
"S62235S","9052","10000",1,0,0,0,0
"S62236A","81501","10000",1,0,0,0,0
"S62236B","81511","10000",1,0,0,0,0
"S62236D","V5412","10000",1,0,0,0,0
"S62236G","V5412","10000",1,0,0,0,0
"S62236K","73382","10000",1,0,0,0,0
"S62236P","73381","10000",1,0,0,0,0
"S62236S","9052","10000",1,0,0,0,0
"S62241A","81503","10000",1,0,0,0,0
"S62241B","81513","10000",1,0,0,0,0
"S62241D","V5412","10000",1,0,0,0,0
"S62241G","V5412","10000",1,0,0,0,0
"S62241K","73382","10000",1,0,0,0,0
"S62241P","73381","10000",1,0,0,0,0
"S62241S","9052","10000",1,0,0,0,0
"S62242A","81503","10000",1,0,0,0,0
"S62242B","81513","10000",1,0,0,0,0
"S62242D","V5412","10000",1,0,0,0,0
"S62242G","V5412","10000",1,0,0,0,0
"S62242K","73382","10000",1,0,0,0,0
"S62242P","73381","10000",1,0,0,0,0
"S62242S","9052","10000",1,0,0,0,0
"S62243A","81503","10000",1,0,0,0,0
"S62243B","81513","10000",1,0,0,0,0
"S62243D","V5412","10000",1,0,0,0,0
"S62243G","V5412","10000",1,0,0,0,0
"S62243K","73382","10000",1,0,0,0,0
"S62243P","73381","10000",1,0,0,0,0
"S62243S","9052","10000",1,0,0,0,0
"S62244A","81503","10000",1,0,0,0,0
"S62244B","81513","10000",1,0,0,0,0
"S62244D","V5412","10000",1,0,0,0,0
"S62244G","V5412","10000",1,0,0,0,0
"S62244K","73382","10000",1,0,0,0,0
"S62244P","73381","10000",1,0,0,0,0
"S62244S","9052","10000",1,0,0,0,0
"S62245A","81503","10000",1,0,0,0,0
"S62245B","81513","10000",1,0,0,0,0
"S62245D","V5412","10000",1,0,0,0,0
"S62245G","V5412","10000",1,0,0,0,0
"S62245K","73382","10000",1,0,0,0,0
"S62245P","73381","10000",1,0,0,0,0
"S62245S","9052","10000",1,0,0,0,0
"S62246A","81503","10000",1,0,0,0,0
"S62246B","81513","10000",1,0,0,0,0
"S62246D","V5412","10000",1,0,0,0,0
"S62246G","V5412","10000",1,0,0,0,0
"S62246K","73382","10000",1,0,0,0,0
"S62246P","73381","10000",1,0,0,0,0
"S62246S","9052","10000",1,0,0,0,0
"S62251A","81504","10000",1,0,0,0,0
"S62251B","81514","10000",1,0,0,0,0
"S62251D","V5412","10000",1,0,0,0,0
"S62251G","V5412","10000",1,0,0,0,0
"S62251K","73382","10000",1,0,0,0,0
"S62251P","73381","10000",1,0,0,0,0
"S62251S","9052","10000",1,0,0,0,0
"S62252A","81504","10000",1,0,0,0,0
"S62252B","81514","10000",1,0,0,0,0
"S62252D","V5412","10000",1,0,0,0,0
"S62252G","V5412","10000",1,0,0,0,0
"S62252K","73382","10000",1,0,0,0,0
"S62252P","73381","10000",1,0,0,0,0
"S62252S","9052","10000",1,0,0,0,0
"S62253A","81504","10000",1,0,0,0,0
"S62253B","81514","10000",1,0,0,0,0
"S62253D","V5412","10000",1,0,0,0,0
"S62253G","V5412","10000",1,0,0,0,0
"S62253K","73382","10000",1,0,0,0,0
"S62253P","73381","10000",1,0,0,0,0
"S62253S","9052","10000",1,0,0,0,0
"S62254A","81504","10000",1,0,0,0,0
"S62254B","81514","10000",1,0,0,0,0
"S62254D","V5412","10000",1,0,0,0,0
"S62254G","V5412","10000",1,0,0,0,0
"S62254K","73382","10000",1,0,0,0,0
"S62254P","73381","10000",1,0,0,0,0
"S62254S","9052","10000",1,0,0,0,0
"S62255A","81504","10000",1,0,0,0,0
"S62255B","81514","10000",1,0,0,0,0
"S62255D","V5412","10000",1,0,0,0,0
"S62255G","V5412","10000",1,0,0,0,0
"S62255K","73382","10000",1,0,0,0,0
"S62255P","73381","10000",1,0,0,0,0
"S62255S","9052","10000",1,0,0,0,0
"S62256A","81504","10000",1,0,0,0,0
"S62256B","81514","10000",1,0,0,0,0
"S62256D","V5412","10000",1,0,0,0,0
"S62256G","V5412","10000",1,0,0,0,0
"S62256K","73382","10000",1,0,0,0,0
"S62256P","73381","10000",1,0,0,0,0
"S62256S","9052","10000",1,0,0,0,0
"S62291A","81509","10000",1,0,0,0,0
"S62291B","81519","10000",1,0,0,0,0
"S62291D","V5412","10000",1,0,0,0,0
"S62291G","V5412","10000",1,0,0,0,0
"S62291K","73382","10000",1,0,0,0,0
"S62291P","73381","10000",1,0,0,0,0
"S62291S","9052","10000",1,0,0,0,0
"S62292A","81509","10000",1,0,0,0,0
"S62292B","81519","10000",1,0,0,0,0
"S62292D","V5412","10000",1,0,0,0,0
"S62292G","V5412","10000",1,0,0,0,0
"S62292K","73382","10000",1,0,0,0,0
"S62292P","73381","10000",1,0,0,0,0
"S62292S","9052","10000",1,0,0,0,0
"S62299A","81509","10000",1,0,0,0,0
"S62299B","81519","10000",1,0,0,0,0
"S62299D","V5412","10000",1,0,0,0,0
"S62299G","V5412","10000",1,0,0,0,0
"S62299K","73382","10000",1,0,0,0,0
"S62299P","73381","10000",1,0,0,0,0
"S62299S","9052","10000",1,0,0,0,0
"S62300A","81509","10000",1,0,0,0,0
"S62300B","81519","10000",1,0,0,0,0
"S62300D","V5412","10000",1,0,0,0,0
"S62300G","V5412","10000",1,0,0,0,0
"S62300K","73382","10000",1,0,0,0,0
"S62300P","73381","10000",1,0,0,0,0
"S62300S","9052","10000",1,0,0,0,0
"S62301A","81509","10000",1,0,0,0,0
"S62301B","81519","10000",1,0,0,0,0
"S62301D","V5412","10000",1,0,0,0,0
"S62301G","V5412","10000",1,0,0,0,0
"S62301K","73382","10000",1,0,0,0,0
"S62301P","73381","10000",1,0,0,0,0
"S62301S","9052","10000",1,0,0,0,0
"S62302A","81509","10000",1,0,0,0,0
"S62302B","81519","10000",1,0,0,0,0
"S62302D","V5412","10000",1,0,0,0,0
"S62302G","V5412","10000",1,0,0,0,0
"S62302K","73382","10000",1,0,0,0,0
"S62302P","73381","10000",1,0,0,0,0
"S62302S","9052","10000",1,0,0,0,0
"S62303A","81509","10000",1,0,0,0,0
"S62303B","81519","10000",1,0,0,0,0
"S62303D","V5412","10000",1,0,0,0,0
"S62303G","V5412","10000",1,0,0,0,0
"S62303K","73382","10000",1,0,0,0,0
"S62303P","73381","10000",1,0,0,0,0
"S62303S","9052","10000",1,0,0,0,0
"S62304A","81509","10000",1,0,0,0,0
"S62304B","81519","10000",1,0,0,0,0
"S62304D","V5412","10000",1,0,0,0,0
"S62304G","V5412","10000",1,0,0,0,0
"S62304K","73382","10000",1,0,0,0,0
"S62304P","73381","10000",1,0,0,0,0
"S62304S","9052","10000",1,0,0,0,0
"S62305A","81509","10000",1,0,0,0,0
"S62305B","81519","10000",1,0,0,0,0
"S62305D","V5412","10000",1,0,0,0,0
"S62305G","V5412","10000",1,0,0,0,0
"S62305K","73382","10000",1,0,0,0,0
"S62305P","73381","10000",1,0,0,0,0
"S62305S","9052","10000",1,0,0,0,0
"S62306A","81509","10000",1,0,0,0,0
"S62306B","81519","10000",1,0,0,0,0
"S62306D","V5412","10000",1,0,0,0,0
"S62306G","V5412","10000",1,0,0,0,0
"S62306K","73382","10000",1,0,0,0,0
"S62306P","73381","10000",1,0,0,0,0
"S62306S","9052","10000",1,0,0,0,0
"S62307A","81509","10000",1,0,0,0,0
"S62307B","81519","10000",1,0,0,0,0
"S62307D","V5412","10000",1,0,0,0,0
"S62307G","V5412","10000",1,0,0,0,0
"S62307K","73382","10000",1,0,0,0,0
"S62307P","73381","10000",1,0,0,0,0
"S62307S","9052","10000",1,0,0,0,0
"S62308A","81509","10000",1,0,0,0,0
"S62308B","81519","10000",1,0,0,0,0
"S62308D","V5412","10000",1,0,0,0,0
"S62308G","V5412","10000",1,0,0,0,0
"S62308K","73382","10000",1,0,0,0,0
"S62308P","73381","10000",1,0,0,0,0
"S62308S","9052","10000",1,0,0,0,0
"S62309A","81500","10000",1,0,0,0,0
"S62309A","81509","10000",1,0,0,0,0
"S62309B","81510","10000",1,0,0,0,0
"S62309B","81519","10000",1,0,0,0,0
"S62309D","V5412","10000",1,0,0,0,0
"S62309G","V5412","10000",1,0,0,0,0
"S62309K","73382","10000",1,0,0,0,0
"S62309P","73381","10000",1,0,0,0,0
"S62309S","9052","10000",1,0,0,0,0
"S62310A","81502","10000",1,0,0,0,0
"S62310B","81512","10000",1,0,0,0,0
"S62310D","V5412","10000",1,0,0,0,0
"S62310G","V5412","10000",1,0,0,0,0
"S62310K","73382","10000",1,0,0,0,0
"S62310P","73381","10000",1,0,0,0,0
"S62310S","9052","10000",1,0,0,0,0
"S62311A","81502","10000",1,0,0,0,0
"S62311B","81512","10000",1,0,0,0,0
"S62311D","V5412","10000",1,0,0,0,0
"S62311G","V5412","10000",1,0,0,0,0
"S62311K","73382","10000",1,0,0,0,0
"S62311P","73381","10000",1,0,0,0,0
"S62311S","9052","10000",1,0,0,0,0
"S62312A","81502","10000",1,0,0,0,0
"S62312B","81512","10000",1,0,0,0,0
"S62312D","V5412","10000",1,0,0,0,0
"S62312G","V5412","10000",1,0,0,0,0
"S62312K","73382","10000",1,0,0,0,0
"S62312P","73381","10000",1,0,0,0,0
"S62312S","9052","10000",1,0,0,0,0
"S62313A","81502","10000",1,0,0,0,0
"S62313B","81512","10000",1,0,0,0,0
"S62313D","V5412","10000",1,0,0,0,0
"S62313G","V5412","10000",1,0,0,0,0
"S62313K","73382","10000",1,0,0,0,0
"S62313P","73381","10000",1,0,0,0,0
"S62313S","9052","10000",1,0,0,0,0
"S62314A","81502","10000",1,0,0,0,0
"S62314B","81512","10000",1,0,0,0,0
"S62314D","V5412","10000",1,0,0,0,0
"S62314G","V5412","10000",1,0,0,0,0
"S62314K","73382","10000",1,0,0,0,0
"S62314P","73381","10000",1,0,0,0,0
"S62314S","9052","10000",1,0,0,0,0
"S62315A","81502","10000",1,0,0,0,0
"S62315B","81512","10000",1,0,0,0,0
"S62315D","V5412","10000",1,0,0,0,0
"S62315G","V5412","10000",1,0,0,0,0
"S62315K","73382","10000",1,0,0,0,0
"S62315P","73381","10000",1,0,0,0,0
"S62315S","9052","10000",1,0,0,0,0
"S62316A","81502","10000",1,0,0,0,0
"S62316B","81512","10000",1,0,0,0,0
"S62316D","V5412","10000",1,0,0,0,0
"S62316G","V5412","10000",1,0,0,0,0
"S62316K","73382","10000",1,0,0,0,0
"S62316P","73381","10000",1,0,0,0,0
"S62316S","9052","10000",1,0,0,0,0
"S62317A","81502","10000",1,0,0,0,0
"S62317B","81512","10000",1,0,0,0,0
"S62317D","V5412","10000",1,0,0,0,0
"S62317G","V5412","10000",1,0,0,0,0
"S62317K","73382","10000",1,0,0,0,0
"S62317P","73381","10000",1,0,0,0,0
"S62317S","9052","10000",1,0,0,0,0
"S62318A","81502","10000",1,0,0,0,0
"S62318B","81512","10000",1,0,0,0,0
"S62318D","V5412","10000",1,0,0,0,0
"S62318G","V5412","10000",1,0,0,0,0
"S62318K","73382","10000",1,0,0,0,0
"S62318P","73381","10000",1,0,0,0,0
"S62318S","9052","10000",1,0,0,0,0
"S62319A","81500","10000",1,0,0,0,0
"S62319A","81502","10000",1,0,0,0,0
"S62319B","81512","10000",1,0,0,0,0
"S62319D","V5412","10000",1,0,0,0,0
"S62319G","V5412","10000",1,0,0,0,0
"S62319K","73382","10000",1,0,0,0,0
"S62319P","73381","10000",1,0,0,0,0
"S62319S","9052","10000",1,0,0,0,0
"S62320A","81503","10000",1,0,0,0,0
"S62320B","81513","10000",1,0,0,0,0
"S62320D","V5412","10000",1,0,0,0,0
"S62320G","V5412","10000",1,0,0,0,0
"S62320K","73382","10000",1,0,0,0,0
"S62320P","73381","10000",1,0,0,0,0
"S62320S","9052","10000",1,0,0,0,0
"S62321A","81503","10000",1,0,0,0,0
"S62321B","81513","10000",1,0,0,0,0
"S62321D","V5412","10000",1,0,0,0,0
"S62321G","V5412","10000",1,0,0,0,0
"S62321K","73382","10000",1,0,0,0,0
"S62321P","73381","10000",1,0,0,0,0
"S62321S","9052","10000",1,0,0,0,0
"S62322A","81503","10000",1,0,0,0,0
"S62322B","81513","10000",1,0,0,0,0
"S62322D","V5412","10000",1,0,0,0,0
"S62322G","V5412","10000",1,0,0,0,0
"S62322K","73382","10000",1,0,0,0,0
"S62322P","73381","10000",1,0,0,0,0
"S62322S","9052","10000",1,0,0,0,0
"S62323A","81503","10000",1,0,0,0,0
"S62323B","81513","10000",1,0,0,0,0
"S62323D","V5412","10000",1,0,0,0,0
"S62323G","V5412","10000",1,0,0,0,0
"S62323K","73382","10000",1,0,0,0,0
"S62323P","73381","10000",1,0,0,0,0
"S62323S","9052","10000",1,0,0,0,0
"S62324A","81503","10000",1,0,0,0,0
"S62324B","81513","10000",1,0,0,0,0
"S62324D","V5412","10000",1,0,0,0,0
"S62324G","V5412","10000",1,0,0,0,0
"S62324K","73382","10000",1,0,0,0,0
"S62324P","73381","10000",1,0,0,0,0
"S62324S","9052","10000",1,0,0,0,0
"S62325A","81503","10000",1,0,0,0,0
"S62325B","81513","10000",1,0,0,0,0
"S62325D","V5412","10000",1,0,0,0,0
"S62325G","V5412","10000",1,0,0,0,0
"S62325K","73382","10000",1,0,0,0,0
"S62325P","73381","10000",1,0,0,0,0
"S62325S","9052","10000",1,0,0,0,0
"S62326A","81503","10000",1,0,0,0,0
"S62326B","81513","10000",1,0,0,0,0
"S62326D","V5412","10000",1,0,0,0,0
"S62326G","V5412","10000",1,0,0,0,0
"S62326K","73382","10000",1,0,0,0,0
"S62326P","73381","10000",1,0,0,0,0
"S62326S","9052","10000",1,0,0,0,0
"S62327A","81503","10000",1,0,0,0,0
"S62327B","81513","10000",1,0,0,0,0
"S62327D","V5412","10000",1,0,0,0,0
"S62327G","V5412","10000",1,0,0,0,0
"S62327K","73382","10000",1,0,0,0,0
"S62327P","73381","10000",1,0,0,0,0
"S62327S","9052","10000",1,0,0,0,0
"S62328A","81503","10000",1,0,0,0,0
"S62328B","81513","10000",1,0,0,0,0
"S62328D","V5412","10000",1,0,0,0,0
"S62328G","V5412","10000",1,0,0,0,0
"S62328K","73382","10000",1,0,0,0,0
"S62328P","73381","10000",1,0,0,0,0
"S62328S","9052","10000",1,0,0,0,0
"S62329A","81500","10000",1,0,0,0,0
"S62329A","81503","10000",1,0,0,0,0
"S62329B","81513","10000",1,0,0,0,0
"S62329D","V5412","10000",1,0,0,0,0
"S62329G","V5412","10000",1,0,0,0,0
"S62329K","73382","10000",1,0,0,0,0
"S62329P","73381","10000",1,0,0,0,0
"S62329S","9052","10000",1,0,0,0,0
"S62330A","81504","10000",1,0,0,0,0
"S62330B","81514","10000",1,0,0,0,0
"S62330D","V5412","10000",1,0,0,0,0
"S62330G","V5412","10000",1,0,0,0,0
"S62330K","73382","10000",1,0,0,0,0
"S62330P","73381","10000",1,0,0,0,0
"S62330S","9052","10000",1,0,0,0,0
"S62331A","81504","10000",1,0,0,0,0
"S62331B","81514","10000",1,0,0,0,0
"S62331D","V5412","10000",1,0,0,0,0
"S62331G","V5412","10000",1,0,0,0,0
"S62331K","73382","10000",1,0,0,0,0
"S62331P","73381","10000",1,0,0,0,0
"S62331S","9052","10000",1,0,0,0,0
"S62332A","81504","10000",1,0,0,0,0
"S62332B","81514","10000",1,0,0,0,0
"S62332D","V5412","10000",1,0,0,0,0
"S62332G","V5412","10000",1,0,0,0,0
"S62332K","73382","10000",1,0,0,0,0
"S62332P","73381","10000",1,0,0,0,0
"S62332S","9052","10000",1,0,0,0,0
"S62333A","81504","10000",1,0,0,0,0
"S62333B","81514","10000",1,0,0,0,0
"S62333D","V5412","10000",1,0,0,0,0
"S62333G","V5412","10000",1,0,0,0,0
"S62333K","73382","10000",1,0,0,0,0
"S62333P","73381","10000",1,0,0,0,0
"S62333S","9052","10000",1,0,0,0,0
"S62334A","81504","10000",1,0,0,0,0
"S62334B","81514","10000",1,0,0,0,0
"S62334D","V5412","10000",1,0,0,0,0
"S62334G","V5412","10000",1,0,0,0,0
"S62334K","73382","10000",1,0,0,0,0
"S62334P","73381","10000",1,0,0,0,0
"S62334S","9052","10000",1,0,0,0,0
"S62335A","81504","10000",1,0,0,0,0
"S62335B","81514","10000",1,0,0,0,0
"S62335D","V5412","10000",1,0,0,0,0
"S62335G","V5412","10000",1,0,0,0,0
"S62335K","73382","10000",1,0,0,0,0
"S62335P","73381","10000",1,0,0,0,0
"S62335S","9052","10000",1,0,0,0,0
"S62336A","81504","10000",1,0,0,0,0
"S62336B","81514","10000",1,0,0,0,0
"S62336D","V5412","10000",1,0,0,0,0
"S62336G","V5412","10000",1,0,0,0,0
"S62336K","73382","10000",1,0,0,0,0
"S62336P","73381","10000",1,0,0,0,0
"S62336S","9052","10000",1,0,0,0,0
"S62337A","81504","10000",1,0,0,0,0
"S62337B","81514","10000",1,0,0,0,0
"S62337D","V5412","10000",1,0,0,0,0
"S62337G","V5412","10000",1,0,0,0,0
"S62337K","73382","10000",1,0,0,0,0
"S62337P","73381","10000",1,0,0,0,0
"S62337S","9052","10000",1,0,0,0,0
"S62338A","81504","10000",1,0,0,0,0
"S62338B","81514","10000",1,0,0,0,0
"S62338D","V5412","10000",1,0,0,0,0
"S62338G","V5412","10000",1,0,0,0,0
"S62338K","73382","10000",1,0,0,0,0
"S62338P","73381","10000",1,0,0,0,0
"S62338S","9052","10000",1,0,0,0,0
"S62339A","81500","10000",1,0,0,0,0
"S62339A","81504","10000",1,0,0,0,0
"S62339B","81514","10000",1,0,0,0,0
"S62339D","V5412","10000",1,0,0,0,0
"S62339G","V5412","10000",1,0,0,0,0
"S62339K","73382","10000",1,0,0,0,0
"S62339P","73381","10000",1,0,0,0,0
"S62339S","9052","10000",1,0,0,0,0
"S62340A","81502","10000",1,0,0,0,0
"S62340B","81512","10000",1,0,0,0,0
"S62340D","V5412","10000",1,0,0,0,0
"S62340G","V5412","10000",1,0,0,0,0
"S62340K","73382","10000",1,0,0,0,0
"S62340P","73381","10000",1,0,0,0,0
"S62340S","9052","10000",1,0,0,0,0
"S62341A","81502","10000",1,0,0,0,0
"S62341B","81512","10000",1,0,0,0,0
"S62341D","V5412","10000",1,0,0,0,0
"S62341G","V5412","10000",1,0,0,0,0
"S62341K","73382","10000",1,0,0,0,0
"S62341P","73381","10000",1,0,0,0,0
"S62341S","9052","10000",1,0,0,0,0
"S62342A","81502","10000",1,0,0,0,0
"S62342B","81512","10000",1,0,0,0,0
"S62342D","V5412","10000",1,0,0,0,0
"S62342G","V5412","10000",1,0,0,0,0
"S62342K","73382","10000",1,0,0,0,0
"S62342P","73381","10000",1,0,0,0,0
"S62342S","9052","10000",1,0,0,0,0
"S62343A","81502","10000",1,0,0,0,0
"S62343B","81512","10000",1,0,0,0,0
"S62343D","V5412","10000",1,0,0,0,0
"S62343G","V5412","10000",1,0,0,0,0
"S62343K","73382","10000",1,0,0,0,0
"S62343P","73381","10000",1,0,0,0,0
"S62343S","9052","10000",1,0,0,0,0
"S62344A","81502","10000",1,0,0,0,0
"S62344B","81512","10000",1,0,0,0,0
"S62344D","V5412","10000",1,0,0,0,0
"S62344G","V5412","10000",1,0,0,0,0
"S62344K","73382","10000",1,0,0,0,0
"S62344P","73381","10000",1,0,0,0,0
"S62344S","9052","10000",1,0,0,0,0
"S62345A","81502","10000",1,0,0,0,0
"S62345B","81512","10000",1,0,0,0,0
"S62345D","V5412","10000",1,0,0,0,0
"S62345G","V5412","10000",1,0,0,0,0
"S62345K","73382","10000",1,0,0,0,0
"S62345P","73381","10000",1,0,0,0,0
"S62345S","9052","10000",1,0,0,0,0
"S62346A","81502","10000",1,0,0,0,0
"S62346B","81512","10000",1,0,0,0,0
"S62346D","V5412","10000",1,0,0,0,0
"S62346G","V5412","10000",1,0,0,0,0
"S62346K","73382","10000",1,0,0,0,0
"S62346P","73381","10000",1,0,0,0,0
"S62346S","9052","10000",1,0,0,0,0
"S62347A","81502","10000",1,0,0,0,0
"S62347B","81512","10000",1,0,0,0,0
"S62347D","V5412","10000",1,0,0,0,0
"S62347G","V5412","10000",1,0,0,0,0
"S62347K","73382","10000",1,0,0,0,0
"S62347P","73381","10000",1,0,0,0,0
"S62347S","9052","10000",1,0,0,0,0
"S62348A","81502","10000",1,0,0,0,0
"S62348B","81512","10000",1,0,0,0,0
"S62348D","V5412","10000",1,0,0,0,0
"S62348G","V5412","10000",1,0,0,0,0
"S62348K","73382","10000",1,0,0,0,0
"S62348P","73381","10000",1,0,0,0,0
"S62348S","9052","10000",1,0,0,0,0
"S62349A","81500","10000",1,0,0,0,0
"S62349A","81502","10000",1,0,0,0,0
"S62349B","81512","10000",1,0,0,0,0
"S62349D","V5412","10000",1,0,0,0,0
"S62349G","V5412","10000",1,0,0,0,0
"S62349K","73382","10000",1,0,0,0,0
"S62349P","73381","10000",1,0,0,0,0
"S62349S","9052","10000",1,0,0,0,0
"S62350A","81503","10000",1,0,0,0,0
"S62350B","81513","10000",1,0,0,0,0
"S62350D","V5412","10000",1,0,0,0,0
"S62350G","V5412","10000",1,0,0,0,0
"S62350K","73382","10000",1,0,0,0,0
"S62350P","73381","10000",1,0,0,0,0
"S62350S","9052","10000",1,0,0,0,0
"S62351A","81503","10000",1,0,0,0,0
"S62351B","81513","10000",1,0,0,0,0
"S62351D","V5412","10000",1,0,0,0,0
"S62351G","V5412","10000",1,0,0,0,0
"S62351K","73382","10000",1,0,0,0,0
"S62351P","73381","10000",1,0,0,0,0
"S62351S","9052","10000",1,0,0,0,0
"S62352A","81503","10000",1,0,0,0,0
"S62352B","81513","10000",1,0,0,0,0
"S62352D","V5412","10000",1,0,0,0,0
"S62352G","V5412","10000",1,0,0,0,0
"S62352K","73382","10000",1,0,0,0,0
"S62352P","73381","10000",1,0,0,0,0
"S62352S","9052","10000",1,0,0,0,0
"S62353A","81503","10000",1,0,0,0,0
"S62353B","81513","10000",1,0,0,0,0
"S62353D","V5412","10000",1,0,0,0,0
"S62353G","V5412","10000",1,0,0,0,0
"S62353K","73382","10000",1,0,0,0,0
"S62353P","73381","10000",1,0,0,0,0
"S62353S","9052","10000",1,0,0,0,0
"S62354A","81503","10000",1,0,0,0,0
"S62354B","81513","10000",1,0,0,0,0
"S62354D","V5412","10000",1,0,0,0,0
"S62354G","V5412","10000",1,0,0,0,0
"S62354K","73382","10000",1,0,0,0,0
"S62354P","73381","10000",1,0,0,0,0
"S62354S","9052","10000",1,0,0,0,0
"S62355A","81503","10000",1,0,0,0,0
"S62355B","81513","10000",1,0,0,0,0
"S62355D","V5412","10000",1,0,0,0,0
"S62355G","V5412","10000",1,0,0,0,0
"S62355K","73382","10000",1,0,0,0,0
"S62355P","73381","10000",1,0,0,0,0
"S62355S","9052","10000",1,0,0,0,0
"S62356A","81503","10000",1,0,0,0,0
"S62356B","81513","10000",1,0,0,0,0
"S62356D","V5412","10000",1,0,0,0,0
"S62356G","V5412","10000",1,0,0,0,0
"S62356K","73382","10000",1,0,0,0,0
"S62356P","73381","10000",1,0,0,0,0
"S62356S","9052","10000",1,0,0,0,0
"S62357A","81503","10000",1,0,0,0,0
"S62357B","81513","10000",1,0,0,0,0
"S62357D","V5412","10000",1,0,0,0,0
"S62357G","V5412","10000",1,0,0,0,0
"S62357K","73382","10000",1,0,0,0,0
"S62357P","73381","10000",1,0,0,0,0
"S62357S","9052","10000",1,0,0,0,0
"S62358A","81503","10000",1,0,0,0,0
"S62358B","81513","10000",1,0,0,0,0
"S62358D","V5412","10000",1,0,0,0,0
"S62358G","V5412","10000",1,0,0,0,0
"S62358K","73382","10000",1,0,0,0,0
"S62358P","73381","10000",1,0,0,0,0
"S62358S","9052","10000",1,0,0,0,0
"S62359A","81500","10000",1,0,0,0,0
"S62359A","81503","10000",1,0,0,0,0
"S62359B","81513","10000",1,0,0,0,0
"S62359D","V5412","10000",1,0,0,0,0
"S62359G","V5412","10000",1,0,0,0,0
"S62359K","73382","10000",1,0,0,0,0
"S62359P","73381","10000",1,0,0,0,0
"S62359S","9052","10000",1,0,0,0,0
"S62360A","81504","10000",1,0,0,0,0
"S62360B","81514","10000",1,0,0,0,0
"S62360D","V5412","10000",1,0,0,0,0
"S62360G","V5412","10000",1,0,0,0,0
"S62360K","73382","10000",1,0,0,0,0
"S62360P","73381","10000",1,0,0,0,0
"S62360S","9052","10000",1,0,0,0,0
"S62361A","81504","10000",1,0,0,0,0
"S62361B","81514","10000",1,0,0,0,0
"S62361D","V5412","10000",1,0,0,0,0
"S62361G","V5412","10000",1,0,0,0,0
"S62361K","73382","10000",1,0,0,0,0
"S62361P","73381","10000",1,0,0,0,0
"S62361S","9052","10000",1,0,0,0,0
"S62362A","81504","10000",1,0,0,0,0
"S62362B","81514","10000",1,0,0,0,0
"S62362D","V5412","10000",1,0,0,0,0
"S62362G","V5412","10000",1,0,0,0,0
"S62362K","73382","10000",1,0,0,0,0
"S62362P","73381","10000",1,0,0,0,0
"S62362S","9052","10000",1,0,0,0,0
"S62363A","81504","10000",1,0,0,0,0
"S62363B","81514","10000",1,0,0,0,0
"S62363D","V5412","10000",1,0,0,0,0
"S62363G","V5412","10000",1,0,0,0,0
"S62363K","73382","10000",1,0,0,0,0
"S62363P","73381","10000",1,0,0,0,0
"S62363S","9052","10000",1,0,0,0,0
"S62364A","81504","10000",1,0,0,0,0
"S62364B","81514","10000",1,0,0,0,0
"S62364D","V5412","10000",1,0,0,0,0
"S62364G","V5412","10000",1,0,0,0,0
"S62364K","73382","10000",1,0,0,0,0
"S62364P","73381","10000",1,0,0,0,0
"S62364S","9052","10000",1,0,0,0,0
"S62365A","81504","10000",1,0,0,0,0
"S62365B","81514","10000",1,0,0,0,0
"S62365D","V5412","10000",1,0,0,0,0
"S62365G","V5412","10000",1,0,0,0,0
"S62365K","73382","10000",1,0,0,0,0
"S62365P","73381","10000",1,0,0,0,0
"S62365S","9052","10000",1,0,0,0,0
"S62366A","81504","10000",1,0,0,0,0
"S62366B","81514","10000",1,0,0,0,0
"S62366D","V5412","10000",1,0,0,0,0
"S62366G","V5412","10000",1,0,0,0,0
"S62366K","73382","10000",1,0,0,0,0
"S62366P","73381","10000",1,0,0,0,0
"S62366S","9052","10000",1,0,0,0,0
"S62367A","81504","10000",1,0,0,0,0
"S62367B","81514","10000",1,0,0,0,0
"S62367D","V5412","10000",1,0,0,0,0
"S62367G","V5412","10000",1,0,0,0,0
"S62367K","73382","10000",1,0,0,0,0
"S62367P","73381","10000",1,0,0,0,0
"S62367S","9052","10000",1,0,0,0,0
"S62368A","81504","10000",1,0,0,0,0
"S62368B","81514","10000",1,0,0,0,0
"S62368D","V5412","10000",1,0,0,0,0
"S62368G","V5412","10000",1,0,0,0,0
"S62368K","73382","10000",1,0,0,0,0
"S62368P","73381","10000",1,0,0,0,0
"S62368S","9052","10000",1,0,0,0,0
"S62369A","81500","10000",1,0,0,0,0
"S62369A","81504","10000",1,0,0,0,0
"S62369B","81514","10000",1,0,0,0,0
"S62369D","V5412","10000",1,0,0,0,0
"S62369G","V5412","10000",1,0,0,0,0
"S62369K","73382","10000",1,0,0,0,0
"S62369P","73381","10000",1,0,0,0,0
"S62369S","9052","10000",1,0,0,0,0
"S62390A","81509","10000",1,0,0,0,0
"S62390B","81519","10000",1,0,0,0,0
"S62390D","V5412","10000",1,0,0,0,0
"S62390G","V5412","10000",1,0,0,0,0
"S62390K","73382","10000",1,0,0,0,0
"S62390P","73381","10000",1,0,0,0,0
"S62390S","9052","10000",1,0,0,0,0
"S62391A","81509","10000",1,0,0,0,0
"S62391B","81519","10000",1,0,0,0,0
"S62391D","V5412","10000",1,0,0,0,0
"S62391G","V5412","10000",1,0,0,0,0
"S62391K","73382","10000",1,0,0,0,0
"S62391P","73381","10000",1,0,0,0,0
"S62391S","9052","10000",1,0,0,0,0
"S62392A","81509","10000",1,0,0,0,0
"S62392B","81519","10000",1,0,0,0,0
"S62392D","V5412","10000",1,0,0,0,0
"S62392G","V5412","10000",1,0,0,0,0
"S62392K","73382","10000",1,0,0,0,0
"S62392P","73381","10000",1,0,0,0,0
"S62392S","9052","10000",1,0,0,0,0
"S62393A","81509","10000",1,0,0,0,0
"S62393B","81519","10000",1,0,0,0,0
"S62393D","V5412","10000",1,0,0,0,0
"S62393G","V5412","10000",1,0,0,0,0
"S62393K","73382","10000",1,0,0,0,0
"S62393P","73381","10000",1,0,0,0,0
"S62393S","9052","10000",1,0,0,0,0
"S62394A","81509","10000",1,0,0,0,0
"S62394B","81519","10000",1,0,0,0,0
"S62394D","V5412","10000",1,0,0,0,0
"S62394G","V5412","10000",1,0,0,0,0
"S62394K","73382","10000",1,0,0,0,0
"S62394P","73381","10000",1,0,0,0,0
"S62394S","9052","10000",1,0,0,0,0
"S62395A","81509","10000",1,0,0,0,0
"S62395B","81519","10000",1,0,0,0,0
"S62395D","V5412","10000",1,0,0,0,0
"S62395G","V5412","10000",1,0,0,0,0
"S62395K","73382","10000",1,0,0,0,0
"S62395P","73381","10000",1,0,0,0,0
"S62395S","9052","10000",1,0,0,0,0
"S62396A","81509","10000",1,0,0,0,0
"S62396B","81519","10000",1,0,0,0,0
"S62396D","V5412","10000",1,0,0,0,0
"S62396G","V5412","10000",1,0,0,0,0
"S62396K","73382","10000",1,0,0,0,0
"S62396P","73381","10000",1,0,0,0,0
"S62396S","9052","10000",1,0,0,0,0
"S62397A","81509","10000",1,0,0,0,0
"S62397B","81519","10000",1,0,0,0,0
"S62397D","V5412","10000",1,0,0,0,0
"S62397G","V5412","10000",1,0,0,0,0
"S62397K","73382","10000",1,0,0,0,0
"S62397P","73381","10000",1,0,0,0,0
"S62397S","9052","10000",1,0,0,0,0
"S62398A","81509","10000",1,0,0,0,0
"S62398B","81519","10000",1,0,0,0,0
"S62398D","V5412","10000",1,0,0,0,0
"S62398G","V5412","10000",1,0,0,0,0
"S62398K","73382","10000",1,0,0,0,0
"S62398P","73381","10000",1,0,0,0,0
"S62398S","9052","10000",1,0,0,0,0
"S62399A","81500","10000",1,0,0,0,0
"S62399A","81509","10000",1,0,0,0,0
"S62399B","81519","10000",1,0,0,0,0
"S62399D","V5412","10000",1,0,0,0,0
"S62399G","V5412","10000",1,0,0,0,0
"S62399K","73382","10000",1,0,0,0,0
"S62399P","73381","10000",1,0,0,0,0
"S62399S","9052","10000",1,0,0,0,0
"S62501A","81600","10000",1,0,0,0,0
"S62501B","81610","10000",1,0,0,0,0
"S62501D","V5412","10000",1,0,0,0,0
"S62501G","V5412","10000",1,0,0,0,0
"S62501K","73382","10000",1,0,0,0,0
"S62501P","73381","10000",1,0,0,0,0
"S62501S","9052","10000",1,0,0,0,0
"S62502A","81600","10000",1,0,0,0,0
"S62502B","81610","10000",1,0,0,0,0
"S62502D","V5412","10000",1,0,0,0,0
"S62502G","V5412","10000",1,0,0,0,0
"S62502K","73382","10000",1,0,0,0,0
"S62502P","73381","10000",1,0,0,0,0
"S62502S","9052","10000",1,0,0,0,0
"S62509A","81600","10000",1,0,0,0,0
"S62509B","81610","10000",1,0,0,0,0
"S62509D","V5412","10000",1,0,0,0,0
"S62509G","V5412","10000",1,0,0,0,0
"S62509K","73382","10000",1,0,0,0,0
"S62509P","73381","10000",1,0,0,0,0
"S62509S","9052","10000",1,0,0,0,0
"S62511A","81601","10000",1,0,0,0,0
"S62511B","81611","10000",1,0,0,0,0
"S62511D","V5412","10000",1,0,0,0,0
"S62511G","V5412","10000",1,0,0,0,0
"S62511K","73382","10000",1,0,0,0,0
"S62511P","73381","10000",1,0,0,0,0
"S62511S","9052","10000",1,0,0,0,0
"S62512A","81601","10000",1,0,0,0,0
"S62512B","81611","10000",1,0,0,0,0
"S62512D","V5412","10000",1,0,0,0,0
"S62512G","V5412","10000",1,0,0,0,0
"S62512K","73382","10000",1,0,0,0,0
"S62512P","73381","10000",1,0,0,0,0
"S62512S","9052","10000",1,0,0,0,0
"S62513A","81601","10000",1,0,0,0,0
"S62513B","81611","10000",1,0,0,0,0
"S62513D","V5412","10000",1,0,0,0,0
"S62513G","V5412","10000",1,0,0,0,0
"S62513K","73382","10000",1,0,0,0,0
"S62513P","73381","10000",1,0,0,0,0
"S62513S","9052","10000",1,0,0,0,0
"S62514A","81601","10000",1,0,0,0,0
"S62514B","81611","10000",1,0,0,0,0
"S62514D","V5412","10000",1,0,0,0,0
"S62514G","V5412","10000",1,0,0,0,0
"S62514K","73382","10000",1,0,0,0,0
"S62514P","73381","10000",1,0,0,0,0
"S62514S","9052","10000",1,0,0,0,0
"S62515A","81601","10000",1,0,0,0,0
"S62515B","81611","10000",1,0,0,0,0
"S62515D","V5412","10000",1,0,0,0,0
"S62515G","V5412","10000",1,0,0,0,0
"S62515K","73382","10000",1,0,0,0,0
"S62515P","73381","10000",1,0,0,0,0
"S62515S","9052","10000",1,0,0,0,0
"S62516A","81601","10000",1,0,0,0,0
"S62516B","81611","10000",1,0,0,0,0
"S62516D","V5412","10000",1,0,0,0,0
"S62516G","V5412","10000",1,0,0,0,0
"S62516K","73382","10000",1,0,0,0,0
"S62516P","73381","10000",1,0,0,0,0
"S62516S","9052","10000",1,0,0,0,0
"S62521A","81602","10000",1,0,0,0,0
"S62521B","81612","10000",1,0,0,0,0
"S62521D","V5412","10000",1,0,0,0,0
"S62521G","V5412","10000",1,0,0,0,0
"S62521K","73382","10000",1,0,0,0,0
"S62521P","73381","10000",1,0,0,0,0
"S62521S","9052","10000",1,0,0,0,0
"S62522A","81602","10000",1,0,0,0,0
"S62522B","81612","10000",1,0,0,0,0
"S62522D","V5412","10000",1,0,0,0,0
"S62522G","V5412","10000",1,0,0,0,0
"S62522K","73382","10000",1,0,0,0,0
"S62522P","73381","10000",1,0,0,0,0
"S62522S","9052","10000",1,0,0,0,0
"S62523A","81602","10000",1,0,0,0,0
"S62523B","81612","10000",1,0,0,0,0
"S62523D","V5412","10000",1,0,0,0,0
"S62523G","V5412","10000",1,0,0,0,0
"S62523K","73382","10000",1,0,0,0,0
"S62523P","73381","10000",1,0,0,0,0
"S62523S","9052","10000",1,0,0,0,0
"S62524A","81602","10000",1,0,0,0,0
"S62524B","81612","10000",1,0,0,0,0
"S62524D","V5412","10000",1,0,0,0,0
"S62524G","V5412","10000",1,0,0,0,0
"S62524K","73382","10000",1,0,0,0,0
"S62524P","73381","10000",1,0,0,0,0
"S62524S","9052","10000",1,0,0,0,0
"S62525A","81602","10000",1,0,0,0,0
"S62525B","81612","10000",1,0,0,0,0
"S62525D","V5412","10000",1,0,0,0,0
"S62525G","V5412","10000",1,0,0,0,0
"S62525K","73382","10000",1,0,0,0,0
"S62525P","73381","10000",1,0,0,0,0
"S62525S","9052","10000",1,0,0,0,0
"S62526A","81602","10000",1,0,0,0,0
"S62526B","81612","10000",1,0,0,0,0
"S62526D","V5412","10000",1,0,0,0,0
"S62526G","V5412","10000",1,0,0,0,0
"S62526K","73382","10000",1,0,0,0,0
"S62526P","73381","10000",1,0,0,0,0
"S62526S","9052","10000",1,0,0,0,0
"S62600A","81600","10000",1,0,0,0,0
"S62600B","81610","10000",1,0,0,0,0
"S62600D","V5412","10000",1,0,0,0,0
"S62600G","V5412","10000",1,0,0,0,0
"S62600K","73382","10000",1,0,0,0,0
"S62600P","73381","10000",1,0,0,0,0
"S62600S","9052","10000",1,0,0,0,0
"S62601A","81600","10000",1,0,0,0,0
"S62601B","81610","10000",1,0,0,0,0
"S62601D","V5412","10000",1,0,0,0,0
"S62601G","V5412","10000",1,0,0,0,0
"S62601K","73382","10000",1,0,0,0,0
"S62601P","73381","10000",1,0,0,0,0
"S62601S","9052","10000",1,0,0,0,0
"S62602A","81600","10000",1,0,0,0,0
"S62602B","81610","10000",1,0,0,0,0
"S62602D","V5412","10000",1,0,0,0,0
"S62602G","V5412","10000",1,0,0,0,0
"S62602K","73382","10000",1,0,0,0,0
"S62602P","73381","10000",1,0,0,0,0
"S62602S","9052","10000",1,0,0,0,0
"S62603A","81600","10000",1,0,0,0,0
"S62603B","81610","10000",1,0,0,0,0
"S62603D","V5412","10000",1,0,0,0,0
"S62603G","V5412","10000",1,0,0,0,0
"S62603K","73382","10000",1,0,0,0,0
"S62603P","73381","10000",1,0,0,0,0
"S62603S","9052","10000",1,0,0,0,0
"S62604A","81600","10000",1,0,0,0,0
"S62604B","81610","10000",1,0,0,0,0
"S62604D","V5412","10000",1,0,0,0,0
"S62604G","V5412","10000",1,0,0,0,0
"S62604K","73382","10000",1,0,0,0,0
"S62604P","73381","10000",1,0,0,0,0
"S62604S","9052","10000",1,0,0,0,0
"S62605A","81600","10000",1,0,0,0,0
"S62605B","81610","10000",1,0,0,0,0
"S62605D","V5412","10000",1,0,0,0,0
"S62605G","V5412","10000",1,0,0,0,0
"S62605K","73382","10000",1,0,0,0,0
"S62605P","73381","10000",1,0,0,0,0
"S62605S","9052","10000",1,0,0,0,0
"S62606A","81600","10000",1,0,0,0,0
"S62606B","81610","10000",1,0,0,0,0
"S62606D","V5412","10000",1,0,0,0,0
"S62606G","V5412","10000",1,0,0,0,0
"S62606K","73382","10000",1,0,0,0,0
"S62606P","73381","10000",1,0,0,0,0
"S62606S","9052","10000",1,0,0,0,0
"S62607A","81600","10000",1,0,0,0,0
"S62607B","81610","10000",1,0,0,0,0
"S62607D","V5412","10000",1,0,0,0,0
"S62607G","V5412","10000",1,0,0,0,0
"S62607K","73382","10000",1,0,0,0,0
"S62607P","73381","10000",1,0,0,0,0
"S62607S","9052","10000",1,0,0,0,0
"S62608A","81600","10000",1,0,0,0,0
"S62608B","81610","10000",1,0,0,0,0
"S62608D","V5412","10000",1,0,0,0,0
"S62608G","V5412","10000",1,0,0,0,0
"S62608K","73382","10000",1,0,0,0,0
"S62608P","73381","10000",1,0,0,0,0
"S62608S","9052","10000",1,0,0,0,0
"S62609A","81600","10000",1,0,0,0,0
"S62609B","81610","10000",1,0,0,0,0
"S62609D","V5412","10000",1,0,0,0,0
"S62609G","V5412","10000",1,0,0,0,0
"S62609K","73382","10000",1,0,0,0,0
"S62609P","73381","10000",1,0,0,0,0
"S62609S","9052","10000",1,0,0,0,0
"S62610A","81601","10000",1,0,0,0,0
"S62610B","81611","10000",1,0,0,0,0
"S62610D","V5412","10000",1,0,0,0,0
"S62610G","V5412","10000",1,0,0,0,0
"S62610K","73382","10000",1,0,0,0,0
"S62610P","73381","10000",1,0,0,0,0
"S62610S","9052","10000",1,0,0,0,0
"S62611A","81601","10000",1,0,0,0,0
"S62611B","81611","10000",1,0,0,0,0
"S62611D","V5412","10000",1,0,0,0,0
"S62611G","V5412","10000",1,0,0,0,0
"S62611K","73382","10000",1,0,0,0,0
"S62611P","73381","10000",1,0,0,0,0
"S62611S","9052","10000",1,0,0,0,0
"S62612A","81601","10000",1,0,0,0,0
"S62612B","81611","10000",1,0,0,0,0
"S62612D","V5412","10000",1,0,0,0,0
"S62612G","V5412","10000",1,0,0,0,0
"S62612K","73382","10000",1,0,0,0,0
"S62612P","73381","10000",1,0,0,0,0
"S62612S","9052","10000",1,0,0,0,0
"S62613A","81601","10000",1,0,0,0,0
"S62613B","81611","10000",1,0,0,0,0
"S62613D","V5412","10000",1,0,0,0,0
"S62613G","V5412","10000",1,0,0,0,0
"S62613K","73382","10000",1,0,0,0,0
"S62613P","73381","10000",1,0,0,0,0
"S62613S","9052","10000",1,0,0,0,0
"S62614A","81601","10000",1,0,0,0,0
"S62614B","81611","10000",1,0,0,0,0
"S62614D","V5412","10000",1,0,0,0,0
"S62614G","V5412","10000",1,0,0,0,0
"S62614K","73382","10000",1,0,0,0,0
"S62614P","73381","10000",1,0,0,0,0
"S62614S","9052","10000",1,0,0,0,0
"S62615A","81601","10000",1,0,0,0,0
"S62615B","81611","10000",1,0,0,0,0
"S62615D","V5412","10000",1,0,0,0,0
"S62615G","V5412","10000",1,0,0,0,0
"S62615K","73382","10000",1,0,0,0,0
"S62615P","73381","10000",1,0,0,0,0
"S62615S","9052","10000",1,0,0,0,0
"S62616A","81601","10000",1,0,0,0,0
"S62616B","81611","10000",1,0,0,0,0
"S62616D","V5412","10000",1,0,0,0,0
"S62616G","V5412","10000",1,0,0,0,0
"S62616K","73382","10000",1,0,0,0,0
"S62616P","73381","10000",1,0,0,0,0
"S62616S","9052","10000",1,0,0,0,0
"S62617A","81601","10000",1,0,0,0,0
"S62617B","81611","10000",1,0,0,0,0
"S62617D","V5412","10000",1,0,0,0,0
"S62617G","V5412","10000",1,0,0,0,0
"S62617K","73382","10000",1,0,0,0,0
"S62617P","73381","10000",1,0,0,0,0
"S62617S","9052","10000",1,0,0,0,0
"S62618A","81601","10000",1,0,0,0,0
"S62618B","81611","10000",1,0,0,0,0
"S62618D","V5412","10000",1,0,0,0,0
"S62618G","V5412","10000",1,0,0,0,0
"S62618K","73382","10000",1,0,0,0,0
"S62618P","73381","10000",1,0,0,0,0
"S62618S","9052","10000",1,0,0,0,0
"S62619A","81601","10000",1,0,0,0,0
"S62619B","81611","10000",1,0,0,0,0
"S62619D","V5412","10000",1,0,0,0,0
"S62619G","V5412","10000",1,0,0,0,0
"S62619K","73382","10000",1,0,0,0,0
"S62619P","73381","10000",1,0,0,0,0
"S62619S","9052","10000",1,0,0,0,0
"S62620A","81601","10000",1,0,0,0,0
"S62620B","81611","10000",1,0,0,0,0
"S62620D","V5412","10000",1,0,0,0,0
"S62620G","V5412","10000",1,0,0,0,0
"S62620K","73382","10000",1,0,0,0,0
"S62620P","73381","10000",1,0,0,0,0
"S62620S","9052","10000",1,0,0,0,0
"S62621A","81601","10000",1,0,0,0,0
"S62621B","81611","10000",1,0,0,0,0
"S62621D","V5412","10000",1,0,0,0,0
"S62621G","V5412","10000",1,0,0,0,0
"S62621K","73382","10000",1,0,0,0,0
"S62621P","73381","10000",1,0,0,0,0
"S62621S","9052","10000",1,0,0,0,0
"S62622A","81601","10000",1,0,0,0,0
"S62622B","81611","10000",1,0,0,0,0
"S62622D","V5412","10000",1,0,0,0,0
"S62622G","V5412","10000",1,0,0,0,0
"S62622K","73382","10000",1,0,0,0,0
"S62622P","73381","10000",1,0,0,0,0
"S62622S","9052","10000",1,0,0,0,0
"S62623A","81601","10000",1,0,0,0,0
"S62623B","81611","10000",1,0,0,0,0
"S62623D","V5412","10000",1,0,0,0,0
"S62623G","V5412","10000",1,0,0,0,0
"S62623K","73382","10000",1,0,0,0,0
"S62623P","73381","10000",1,0,0,0,0
"S62623S","9052","10000",1,0,0,0,0
"S62624A","81601","10000",1,0,0,0,0
"S62624B","81611","10000",1,0,0,0,0
"S62624D","V5412","10000",1,0,0,0,0
"S62624G","V5412","10000",1,0,0,0,0
"S62624K","73382","10000",1,0,0,0,0
"S62624P","73381","10000",1,0,0,0,0
"S62624S","9052","10000",1,0,0,0,0
"S62625A","81601","10000",1,0,0,0,0
"S62625B","81611","10000",1,0,0,0,0
"S62625D","V5412","10000",1,0,0,0,0
"S62625G","V5412","10000",1,0,0,0,0
"S62625K","73382","10000",1,0,0,0,0
"S62625P","73381","10000",1,0,0,0,0
"S62625S","9052","10000",1,0,0,0,0
"S62626A","81601","10000",1,0,0,0,0
"S62626B","81611","10000",1,0,0,0,0
"S62626D","V5412","10000",1,0,0,0,0
"S62626G","V5412","10000",1,0,0,0,0
"S62626K","73382","10000",1,0,0,0,0
"S62626P","73381","10000",1,0,0,0,0
"S62626S","9052","10000",1,0,0,0,0
"S62627A","81601","10000",1,0,0,0,0
"S62627B","81611","10000",1,0,0,0,0
"S62627D","V5412","10000",1,0,0,0,0
"S62627G","V5412","10000",1,0,0,0,0
"S62627K","73382","10000",1,0,0,0,0
"S62627P","73381","10000",1,0,0,0,0
"S62627S","9052","10000",1,0,0,0,0
"S62628A","81601","10000",1,0,0,0,0
"S62628B","81611","10000",1,0,0,0,0
"S62628D","V5412","10000",1,0,0,0,0
"S62628G","V5412","10000",1,0,0,0,0
"S62628K","73382","10000",1,0,0,0,0
"S62628P","73381","10000",1,0,0,0,0
"S62628S","9052","10000",1,0,0,0,0
"S62629A","81601","10000",1,0,0,0,0
"S62629B","81611","10000",1,0,0,0,0
"S62629D","V5412","10000",1,0,0,0,0
"S62629G","V5412","10000",1,0,0,0,0
"S62629K","73382","10000",1,0,0,0,0
"S62629P","73381","10000",1,0,0,0,0
"S62629S","9052","10000",1,0,0,0,0
"S62630A","81602","10000",1,0,0,0,0
"S62630B","81612","10000",1,0,0,0,0
"S62630D","V5412","10000",1,0,0,0,0
"S62630G","V5412","10000",1,0,0,0,0
"S62630K","73382","10000",1,0,0,0,0
"S62630P","73381","10000",1,0,0,0,0
"S62630S","9052","10000",1,0,0,0,0
"S62631A","81602","10000",1,0,0,0,0
"S62631B","81612","10000",1,0,0,0,0
"S62631D","V5412","10000",1,0,0,0,0
"S62631G","V5412","10000",1,0,0,0,0
"S62631K","73382","10000",1,0,0,0,0
"S62631P","73381","10000",1,0,0,0,0
"S62631S","9052","10000",1,0,0,0,0
"S62632A","81602","10000",1,0,0,0,0
"S62632B","81612","10000",1,0,0,0,0
"S62632D","V5412","10000",1,0,0,0,0
"S62632G","V5412","10000",1,0,0,0,0
"S62632K","73382","10000",1,0,0,0,0
"S62632P","73381","10000",1,0,0,0,0
"S62632S","9052","10000",1,0,0,0,0
"S62633A","81602","10000",1,0,0,0,0
"S62633B","81612","10000",1,0,0,0,0
"S62633D","V5412","10000",1,0,0,0,0
"S62633G","V5412","10000",1,0,0,0,0
"S62633K","73382","10000",1,0,0,0,0
"S62633P","73381","10000",1,0,0,0,0
"S62633S","9052","10000",1,0,0,0,0
"S62634A","81602","10000",1,0,0,0,0
"S62634B","81612","10000",1,0,0,0,0
"S62634D","V5412","10000",1,0,0,0,0
"S62634G","V5412","10000",1,0,0,0,0
"S62634K","73382","10000",1,0,0,0,0
"S62634P","73381","10000",1,0,0,0,0
"S62634S","9052","10000",1,0,0,0,0
"S62635A","81602","10000",1,0,0,0,0
"S62635B","81612","10000",1,0,0,0,0
"S62635D","V5412","10000",1,0,0,0,0
"S62635G","V5412","10000",1,0,0,0,0
"S62635K","73382","10000",1,0,0,0,0
"S62635P","73381","10000",1,0,0,0,0
"S62635S","9052","10000",1,0,0,0,0
"S62636A","81602","10000",1,0,0,0,0
"S62636B","81612","10000",1,0,0,0,0
"S62636D","V5412","10000",1,0,0,0,0
"S62636G","V5412","10000",1,0,0,0,0
"S62636K","73382","10000",1,0,0,0,0
"S62636P","73381","10000",1,0,0,0,0
"S62636S","9052","10000",1,0,0,0,0
"S62637A","81602","10000",1,0,0,0,0
"S62637B","81612","10000",1,0,0,0,0
"S62637D","V5412","10000",1,0,0,0,0
"S62637G","V5412","10000",1,0,0,0,0
"S62637K","73382","10000",1,0,0,0,0
"S62637P","73381","10000",1,0,0,0,0
"S62637S","9052","10000",1,0,0,0,0
"S62638A","81602","10000",1,0,0,0,0
"S62638B","81612","10000",1,0,0,0,0
"S62638D","V5412","10000",1,0,0,0,0
"S62638G","V5412","10000",1,0,0,0,0
"S62638K","73382","10000",1,0,0,0,0
"S62638P","73381","10000",1,0,0,0,0
"S62638S","9052","10000",1,0,0,0,0
"S62639A","81602","10000",1,0,0,0,0
"S62639B","81612","10000",1,0,0,0,0
"S62639D","V5412","10000",1,0,0,0,0
"S62639G","V5412","10000",1,0,0,0,0
"S62639K","73382","10000",1,0,0,0,0
"S62639P","73381","10000",1,0,0,0,0
"S62639S","9052","10000",1,0,0,0,0
"S62640A","81601","10000",1,0,0,0,0
"S62640B","81611","10000",1,0,0,0,0
"S62640D","V5412","10000",1,0,0,0,0
"S62640G","V5412","10000",1,0,0,0,0
"S62640K","73382","10000",1,0,0,0,0
"S62640P","73381","10000",1,0,0,0,0
"S62640S","9052","10000",1,0,0,0,0
"S62641A","81601","10000",1,0,0,0,0
"S62641B","81611","10000",1,0,0,0,0
"S62641D","V5412","10000",1,0,0,0,0
"S62641G","V5412","10000",1,0,0,0,0
"S62641K","73382","10000",1,0,0,0,0
"S62641P","73381","10000",1,0,0,0,0
"S62641S","9052","10000",1,0,0,0,0
"S62642A","81601","10000",1,0,0,0,0
"S62642B","81611","10000",1,0,0,0,0
"S62642D","V5412","10000",1,0,0,0,0
"S62642G","V5412","10000",1,0,0,0,0
"S62642K","73382","10000",1,0,0,0,0
"S62642P","73381","10000",1,0,0,0,0
"S62642S","9052","10000",1,0,0,0,0
"S62643A","81601","10000",1,0,0,0,0
"S62643B","81611","10000",1,0,0,0,0
"S62643D","V5412","10000",1,0,0,0,0
"S62643G","V5412","10000",1,0,0,0,0
"S62643K","73382","10000",1,0,0,0,0
"S62643P","73381","10000",1,0,0,0,0
"S62643S","9052","10000",1,0,0,0,0
"S62644A","81601","10000",1,0,0,0,0
"S62644B","81611","10000",1,0,0,0,0
"S62644D","V5412","10000",1,0,0,0,0
"S62644G","V5412","10000",1,0,0,0,0
"S62644K","73382","10000",1,0,0,0,0
"S62644P","73381","10000",1,0,0,0,0
"S62644S","9052","10000",1,0,0,0,0
"S62645A","81601","10000",1,0,0,0,0
"S62645B","81611","10000",1,0,0,0,0
"S62645D","V5412","10000",1,0,0,0,0
"S62645G","V5412","10000",1,0,0,0,0
"S62645K","73382","10000",1,0,0,0,0
"S62645P","73381","10000",1,0,0,0,0
"S62645S","9052","10000",1,0,0,0,0
"S62646A","81601","10000",1,0,0,0,0
"S62646B","81611","10000",1,0,0,0,0
"S62646D","V5412","10000",1,0,0,0,0
"S62646G","V5412","10000",1,0,0,0,0
"S62646K","73382","10000",1,0,0,0,0
"S62646P","73381","10000",1,0,0,0,0
"S62646S","9052","10000",1,0,0,0,0
"S62647A","81601","10000",1,0,0,0,0
"S62647B","81611","10000",1,0,0,0,0
"S62647D","V5412","10000",1,0,0,0,0
"S62647G","V5412","10000",1,0,0,0,0
"S62647K","73382","10000",1,0,0,0,0
"S62647P","73381","10000",1,0,0,0,0
"S62647S","9052","10000",1,0,0,0,0
"S62648A","81601","10000",1,0,0,0,0
"S62648B","81611","10000",1,0,0,0,0
"S62648D","V5412","10000",1,0,0,0,0
"S62648G","V5412","10000",1,0,0,0,0
"S62648K","73382","10000",1,0,0,0,0
"S62648P","73381","10000",1,0,0,0,0
"S62648S","9052","10000",1,0,0,0,0
"S62649A","81601","10000",1,0,0,0,0
"S62649B","81611","10000",1,0,0,0,0
"S62649D","V5412","10000",1,0,0,0,0
"S62649G","V5412","10000",1,0,0,0,0
"S62649K","73382","10000",1,0,0,0,0
"S62649P","73381","10000",1,0,0,0,0
"S62649S","9052","10000",1,0,0,0,0
"S62650A","81601","10000",1,0,0,0,0
"S62650B","81611","10000",1,0,0,0,0
"S62650D","V5412","10000",1,0,0,0,0
"S62650G","V5412","10000",1,0,0,0,0
"S62650K","73382","10000",1,0,0,0,0
"S62650P","73381","10000",1,0,0,0,0
"S62650S","9052","10000",1,0,0,0,0
"S62651A","81601","10000",1,0,0,0,0
"S62651B","81611","10000",1,0,0,0,0
"S62651D","V5412","10000",1,0,0,0,0
"S62651G","V5412","10000",1,0,0,0,0
"S62651K","73382","10000",1,0,0,0,0
"S62651P","73381","10000",1,0,0,0,0
"S62651S","9052","10000",1,0,0,0,0
"S62652A","81601","10000",1,0,0,0,0
"S62652B","81611","10000",1,0,0,0,0
"S62652D","V5412","10000",1,0,0,0,0
"S62652G","V5412","10000",1,0,0,0,0
"S62652K","73382","10000",1,0,0,0,0
"S62652P","73381","10000",1,0,0,0,0
"S62652S","9052","10000",1,0,0,0,0
"S62653A","81601","10000",1,0,0,0,0
"S62653B","81611","10000",1,0,0,0,0
"S62653D","V5412","10000",1,0,0,0,0
"S62653G","V5412","10000",1,0,0,0,0
"S62653K","73382","10000",1,0,0,0,0
"S62653P","73381","10000",1,0,0,0,0
"S62653S","9052","10000",1,0,0,0,0
"S62654A","81601","10000",1,0,0,0,0
"S62654B","81611","10000",1,0,0,0,0
"S62654D","V5412","10000",1,0,0,0,0
"S62654G","V5412","10000",1,0,0,0,0
"S62654K","73382","10000",1,0,0,0,0
"S62654P","73381","10000",1,0,0,0,0
"S62654S","9052","10000",1,0,0,0,0
"S62655A","81601","10000",1,0,0,0,0
"S62655B","81611","10000",1,0,0,0,0
"S62655D","V5412","10000",1,0,0,0,0
"S62655G","V5412","10000",1,0,0,0,0
"S62655K","73382","10000",1,0,0,0,0
"S62655P","73381","10000",1,0,0,0,0
"S62655S","9052","10000",1,0,0,0,0
"S62656A","81601","10000",1,0,0,0,0
"S62656B","81611","10000",1,0,0,0,0
"S62656D","V5412","10000",1,0,0,0,0
"S62656G","V5412","10000",1,0,0,0,0
"S62656K","73382","10000",1,0,0,0,0
"S62656P","73381","10000",1,0,0,0,0
"S62656S","9052","10000",1,0,0,0,0
"S62657A","81601","10000",1,0,0,0,0
"S62657B","81611","10000",1,0,0,0,0
"S62657D","V5412","10000",1,0,0,0,0
"S62657G","V5412","10000",1,0,0,0,0
"S62657K","73382","10000",1,0,0,0,0
"S62657P","73381","10000",1,0,0,0,0
"S62657S","9052","10000",1,0,0,0,0
"S62658A","81601","10000",1,0,0,0,0
"S62658B","81611","10000",1,0,0,0,0
"S62658D","V5412","10000",1,0,0,0,0
"S62658G","V5412","10000",1,0,0,0,0
"S62658K","73382","10000",1,0,0,0,0
"S62658P","73381","10000",1,0,0,0,0
"S62658S","9052","10000",1,0,0,0,0
"S62659A","81601","10000",1,0,0,0,0
"S62659B","81611","10000",1,0,0,0,0
"S62659D","V5412","10000",1,0,0,0,0
"S62659G","V5412","10000",1,0,0,0,0
"S62659K","73382","10000",1,0,0,0,0
"S62659P","73381","10000",1,0,0,0,0
"S62659S","9052","10000",1,0,0,0,0
"S62660A","81602","10000",1,0,0,0,0
"S62660B","81612","10000",1,0,0,0,0
"S62660D","V5412","10000",1,0,0,0,0
"S62660G","V5412","10000",1,0,0,0,0
"S62660K","73382","10000",1,0,0,0,0
"S62660P","73381","10000",1,0,0,0,0
"S62660S","9052","10000",1,0,0,0,0
"S62661A","81602","10000",1,0,0,0,0
"S62661B","81612","10000",1,0,0,0,0
"S62661D","V5412","10000",1,0,0,0,0
"S62661G","V5412","10000",1,0,0,0,0
"S62661K","73382","10000",1,0,0,0,0
"S62661P","73381","10000",1,0,0,0,0
"S62661S","9052","10000",1,0,0,0,0
"S62662A","81602","10000",1,0,0,0,0
"S62662B","81612","10000",1,0,0,0,0
"S62662D","V5412","10000",1,0,0,0,0
"S62662G","V5412","10000",1,0,0,0,0
"S62662K","73382","10000",1,0,0,0,0
"S62662P","73381","10000",1,0,0,0,0
"S62662S","9052","10000",1,0,0,0,0
"S62663A","81602","10000",1,0,0,0,0
"S62663B","81612","10000",1,0,0,0,0
"S62663D","V5412","10000",1,0,0,0,0
"S62663G","V5412","10000",1,0,0,0,0
"S62663K","73382","10000",1,0,0,0,0
"S62663P","73381","10000",1,0,0,0,0
"S62663S","9052","10000",1,0,0,0,0
"S62664A","81602","10000",1,0,0,0,0
"S62664B","81612","10000",1,0,0,0,0
"S62664D","V5412","10000",1,0,0,0,0
"S62664G","V5412","10000",1,0,0,0,0
"S62664K","73382","10000",1,0,0,0,0
"S62664P","73381","10000",1,0,0,0,0
"S62664S","9052","10000",1,0,0,0,0
"S62665A","81602","10000",1,0,0,0,0
"S62665B","81612","10000",1,0,0,0,0
"S62665D","V5412","10000",1,0,0,0,0
"S62665G","V5412","10000",1,0,0,0,0
"S62665K","73382","10000",1,0,0,0,0
"S62665P","73381","10000",1,0,0,0,0
"S62665S","9052","10000",1,0,0,0,0
"S62666A","81602","10000",1,0,0,0,0
"S62666B","81612","10000",1,0,0,0,0
"S62666D","V5412","10000",1,0,0,0,0
"S62666G","V5412","10000",1,0,0,0,0
"S62666K","73382","10000",1,0,0,0,0
"S62666P","73381","10000",1,0,0,0,0
"S62666S","9052","10000",1,0,0,0,0
"S62667A","81602","10000",1,0,0,0,0
"S62667B","81612","10000",1,0,0,0,0
"S62667D","V5412","10000",1,0,0,0,0
"S62667G","V5412","10000",1,0,0,0,0
"S62667K","73382","10000",1,0,0,0,0
"S62667P","73381","10000",1,0,0,0,0
"S62667S","9052","10000",1,0,0,0,0
"S62668A","81602","10000",1,0,0,0,0
"S62668B","81612","10000",1,0,0,0,0
"S62668D","V5412","10000",1,0,0,0,0
"S62668G","V5412","10000",1,0,0,0,0
"S62668K","73382","10000",1,0,0,0,0
"S62668P","73381","10000",1,0,0,0,0
"S62668S","9052","10000",1,0,0,0,0
"S62669A","81602","10000",1,0,0,0,0
"S62669B","81612","10000",1,0,0,0,0
"S62669D","V5412","10000",1,0,0,0,0
"S62669G","V5412","10000",1,0,0,0,0
"S62669K","73382","10000",1,0,0,0,0
"S62669P","73381","10000",1,0,0,0,0
"S62669S","9052","10000",1,0,0,0,0
"S6290XA","81603","10000",1,0,0,0,0
"S6290XA","8170","10000",1,0,0,0,0
"S6290XB","8181","10000",1,0,0,0,0
"S6290XD","V5412","10000",1,0,0,0,0
"S6290XG","V5412","10000",1,0,0,0,0
"S6290XK","73382","10000",1,0,0,0,0
"S6290XP","73381","10000",1,0,0,0,0
"S6290XS","9052","10000",1,0,0,0,0
"S6291XA","81603","10000",1,0,0,0,0
"S6291XB","81613","10000",1,0,0,0,0
"S6291XD","V5412","10000",1,0,0,0,0
"S6291XG","V5412","10000",1,0,0,0,0
"S6291XK","73382","10000",1,0,0,0,0
"S6291XP","73381","10000",1,0,0,0,0
"S6291XS","9052","10000",1,0,0,0,0
"S6292XA","81603","10000",1,0,0,0,0
"S6292XB","81613","10000",1,0,0,0,0
"S6292XD","V5412","10000",1,0,0,0,0
"S6292XG","V5412","10000",1,0,0,0,0
"S6292XK","73382","10000",1,0,0,0,0
"S6292XP","73381","10000",1,0,0,0,0
"S6292XS","9052","10000",1,0,0,0,0
"S63001A","83300","10000",1,0,0,0,0
"S63001D","V5889","10000",1,0,0,0,0
"S63001S","9056","10000",1,0,0,0,0
"S63002A","83300","10000",1,0,0,0,0
"S63002D","V5889","10000",1,0,0,0,0
"S63002S","9056","10000",1,0,0,0,0
"S63003A","83300","10000",1,0,0,0,0
"S63003D","V5889","10000",1,0,0,0,0
"S63003S","9056","10000",1,0,0,0,0
"S63004A","83300","10000",1,0,0,0,0
"S63004D","V5889","10000",1,0,0,0,0
"S63004S","9056","10000",1,0,0,0,0
"S63005A","83300","10000",1,0,0,0,0
"S63005D","V5889","10000",1,0,0,0,0
"S63005S","9056","10000",1,0,0,0,0
"S63006A","83300","10000",1,0,0,0,0
"S63006D","V5889","10000",1,0,0,0,0
"S63006S","9056","10000",1,0,0,0,0
"S63011A","83301","10000",1,0,0,0,0
"S63011D","V5889","10000",1,0,0,0,0
"S63011S","9056","10000",1,0,0,0,0
"S63012A","83301","10000",1,0,0,0,0
"S63012D","V5889","10000",1,0,0,0,0
"S63012S","9056","10000",1,0,0,0,0
"S63013A","83301","10000",1,0,0,0,0
"S63013D","V5889","10000",1,0,0,0,0
"S63013S","9056","10000",1,0,0,0,0
"S63014A","83301","10000",1,0,0,0,0
"S63014D","V5889","10000",1,0,0,0,0
"S63014S","9056","10000",1,0,0,0,0
"S63015A","83301","10000",1,0,0,0,0
"S63015D","V5889","10000",1,0,0,0,0
"S63015S","9056","10000",1,0,0,0,0
"S63016A","83301","10000",1,0,0,0,0
"S63016D","V5889","10000",1,0,0,0,0
"S63016S","9056","10000",1,0,0,0,0
"S63021A","83302","10000",1,0,0,0,0
"S63021D","V5889","10000",1,0,0,0,0
"S63021S","9056","10000",1,0,0,0,0
"S63022A","83302","10000",1,0,0,0,0
"S63022D","V5889","10000",1,0,0,0,0
"S63022S","9056","10000",1,0,0,0,0
"S63023A","83302","10000",1,0,0,0,0
"S63023D","V5889","10000",1,0,0,0,0
"S63023S","9056","10000",1,0,0,0,0
"S63024A","83302","10000",1,0,0,0,0
"S63024D","V5889","10000",1,0,0,0,0
"S63024S","9056","10000",1,0,0,0,0
"S63025A","83302","10000",1,0,0,0,0
"S63025D","V5889","10000",1,0,0,0,0
"S63025S","9056","10000",1,0,0,0,0
"S63026A","83302","10000",1,0,0,0,0
"S63026D","V5889","10000",1,0,0,0,0
"S63026S","9056","10000",1,0,0,0,0
"S63031A","83303","10000",1,0,0,0,0
"S63031D","V5889","10000",1,0,0,0,0
"S63031S","9056","10000",1,0,0,0,0
"S63032A","83303","10000",1,0,0,0,0
"S63032D","V5889","10000",1,0,0,0,0
"S63032S","9056","10000",1,0,0,0,0
"S63033A","83303","10000",1,0,0,0,0
"S63033D","V5889","10000",1,0,0,0,0
"S63033S","9056","10000",1,0,0,0,0
"S63034A","83303","10000",1,0,0,0,0
"S63034D","V5889","10000",1,0,0,0,0
"S63034S","9056","10000",1,0,0,0,0
"S63035A","83303","10000",1,0,0,0,0
"S63035D","V5889","10000",1,0,0,0,0
"S63035S","9056","10000",1,0,0,0,0
"S63036A","83303","10000",1,0,0,0,0
"S63036D","V5889","10000",1,0,0,0,0
"S63036S","9056","10000",1,0,0,0,0
"S63041A","83304","10000",1,0,0,0,0
"S63041D","V5889","10000",1,0,0,0,0
"S63041S","9056","10000",1,0,0,0,0
"S63042A","83304","10000",1,0,0,0,0
"S63042D","V5889","10000",1,0,0,0,0
"S63042S","9056","10000",1,0,0,0,0
"S63043A","83304","10000",1,0,0,0,0
"S63043D","V5889","10000",1,0,0,0,0
"S63043S","9056","10000",1,0,0,0,0
"S63044A","83304","10000",1,0,0,0,0
"S63044D","V5889","10000",1,0,0,0,0
"S63044S","9056","10000",1,0,0,0,0
"S63045A","83304","10000",1,0,0,0,0
"S63045D","V5889","10000",1,0,0,0,0
"S63045S","9056","10000",1,0,0,0,0
"S63046A","83304","10000",1,0,0,0,0
"S63046D","V5889","10000",1,0,0,0,0
"S63046S","9056","10000",1,0,0,0,0
"S63051A","83304","10000",1,0,0,0,0
"S63051D","V5889","10000",1,0,0,0,0
"S63051S","9056","10000",1,0,0,0,0
"S63052A","83304","10000",1,0,0,0,0
"S63052D","V5889","10000",1,0,0,0,0
"S63052S","9056","10000",1,0,0,0,0
"S63053A","83304","10000",1,0,0,0,0
"S63053D","V5889","10000",1,0,0,0,0
"S63053S","9056","10000",1,0,0,0,0
"S63054A","83304","10000",1,0,0,0,0
"S63054D","V5889","10000",1,0,0,0,0
"S63054S","9056","10000",1,0,0,0,0
"S63055A","83304","10000",1,0,0,0,0
"S63055D","V5889","10000",1,0,0,0,0
"S63055S","9056","10000",1,0,0,0,0
"S63056A","83304","10000",1,0,0,0,0
"S63056D","V5889","10000",1,0,0,0,0
"S63056S","9056","10000",1,0,0,0,0
"S63061A","83305","10000",1,0,0,0,0
"S63061D","V5889","10000",1,0,0,0,0
"S63061S","9056","10000",1,0,0,0,0
"S63062A","83305","10000",1,0,0,0,0
"S63062D","V5889","10000",1,0,0,0,0
"S63062S","9056","10000",1,0,0,0,0
"S63063A","83305","10000",1,0,0,0,0
"S63063D","V5889","10000",1,0,0,0,0
"S63063S","9056","10000",1,0,0,0,0
"S63064A","83305","10000",1,0,0,0,0
"S63064D","V5889","10000",1,0,0,0,0
"S63064S","9056","10000",1,0,0,0,0
"S63065A","83305","10000",1,0,0,0,0
"S63065D","V5889","10000",1,0,0,0,0
"S63065S","9056","10000",1,0,0,0,0
"S63066A","83305","10000",1,0,0,0,0
"S63066D","V5889","10000",1,0,0,0,0
"S63066S","9056","10000",1,0,0,0,0
"S63071A","83309","10000",1,0,0,0,0
"S63071D","V5889","10000",1,0,0,0,0
"S63071S","9056","10000",1,0,0,0,0
"S63072A","83309","10000",1,0,0,0,0
"S63072D","V5889","10000",1,0,0,0,0
"S63072S","9056","10000",1,0,0,0,0
"S63073A","83309","10000",1,0,0,0,0
"S63073D","V5889","10000",1,0,0,0,0
"S63073S","9056","10000",1,0,0,0,0
"S63074A","83309","10000",1,0,0,0,0
"S63074D","V5889","10000",1,0,0,0,0
"S63074S","9056","10000",1,0,0,0,0
"S63075A","83309","10000",1,0,0,0,0
"S63075D","V5889","10000",1,0,0,0,0
"S63075S","9056","10000",1,0,0,0,0
"S63076A","83309","10000",1,0,0,0,0
"S63076D","V5889","10000",1,0,0,0,0
"S63076S","9056","10000",1,0,0,0,0
"S63091A","83309","10000",1,0,0,0,0
"S63091D","V5889","10000",1,0,0,0,0
"S63091S","9056","10000",1,0,0,0,0
"S63092A","83309","10000",1,0,0,0,0
"S63092D","V5889","10000",1,0,0,0,0
"S63092S","9056","10000",1,0,0,0,0
"S63093A","83309","10000",1,0,0,0,0
"S63093D","V5889","10000",1,0,0,0,0
"S63093S","9056","10000",1,0,0,0,0
"S63094A","83309","10000",1,0,0,0,0
"S63094D","V5889","10000",1,0,0,0,0
"S63094S","9056","10000",1,0,0,0,0
"S63095A","83309","10000",1,0,0,0,0
"S63095D","V5889","10000",1,0,0,0,0
"S63095S","9056","10000",1,0,0,0,0
"S63096A","83309","10000",1,0,0,0,0
"S63096D","V5889","10000",1,0,0,0,0
"S63096S","9056","10000",1,0,0,0,0
"S63101A","83400","10000",1,0,0,0,0
"S63101D","V5889","10000",1,0,0,0,0
"S63101S","9056","10000",1,0,0,0,0
"S63102A","83400","10000",1,0,0,0,0
"S63102D","V5889","10000",1,0,0,0,0
"S63102S","9056","10000",1,0,0,0,0
"S63103A","83400","10000",1,0,0,0,0
"S63103D","V5889","10000",1,0,0,0,0
"S63103S","9056","10000",1,0,0,0,0
"S63104A","83400","10000",1,0,0,0,0
"S63104D","V5889","10000",1,0,0,0,0
"S63104S","9056","10000",1,0,0,0,0
"S63105A","83400","10000",1,0,0,0,0
"S63105D","V5889","10000",1,0,0,0,0
"S63105S","9056","10000",1,0,0,0,0
"S63106A","83400","10000",1,0,0,0,0
"S63106D","V5889","10000",1,0,0,0,0
"S63106S","9056","10000",1,0,0,0,0
"S63111A","83401","10000",1,0,0,0,0
"S63111D","V5889","10000",1,0,0,0,0
"S63111S","9056","10000",1,0,0,0,0
"S63112A","83401","10000",1,0,0,0,0
"S63112D","V5889","10000",1,0,0,0,0
"S63112S","9056","10000",1,0,0,0,0
"S63113A","83401","10000",1,0,0,0,0
"S63113D","V5889","10000",1,0,0,0,0
"S63113S","9056","10000",1,0,0,0,0
"S63114A","83401","10000",1,0,0,0,0
"S63114D","V5889","10000",1,0,0,0,0
"S63114S","9056","10000",1,0,0,0,0
"S63115A","83401","10000",1,0,0,0,0
"S63115D","V5889","10000",1,0,0,0,0
"S63115S","9056","10000",1,0,0,0,0
"S63116A","83401","10000",1,0,0,0,0
"S63116D","V5889","10000",1,0,0,0,0
"S63116S","9056","10000",1,0,0,0,0
"S63121A","83402","10000",1,0,0,0,0
"S63121D","V5889","10000",1,0,0,0,0
"S63121S","9056","10000",1,0,0,0,0
"S63122A","83402","10000",1,0,0,0,0
"S63122D","V5889","10000",1,0,0,0,0
"S63122S","9056","10000",1,0,0,0,0
"S63123A","83402","10000",1,0,0,0,0
"S63123D","V5889","10000",1,0,0,0,0
"S63123S","9056","10000",1,0,0,0,0
"S63124A","83402","10000",1,0,0,0,0
"S63124D","V5889","10000",1,0,0,0,0
"S63124S","9056","10000",1,0,0,0,0
"S63125A","83402","10000",1,0,0,0,0
"S63125D","V5889","10000",1,0,0,0,0
"S63125S","9056","10000",1,0,0,0,0
"S63126A","83402","10000",1,0,0,0,0
"S63126D","V5889","10000",1,0,0,0,0
"S63126S","9056","10000",1,0,0,0,0
"S63131A","83402","10000",1,0,0,0,0
"S63131D","V5889","10000",1,0,0,0,0
"S63131S","9056","10000",1,0,0,0,0
"S63132A","83402","10000",1,0,0,0,0
"S63132D","V5889","10000",1,0,0,0,0
"S63132S","9056","10000",1,0,0,0,0
"S63133A","83402","10000",1,0,0,0,0
"S63133D","V5889","10000",1,0,0,0,0
"S63133S","9056","10000",1,0,0,0,0
"S63134A","83402","10000",1,0,0,0,0
"S63134D","V5889","10000",1,0,0,0,0
"S63134S","9056","10000",1,0,0,0,0
"S63135A","83402","10000",1,0,0,0,0
"S63135D","V5889","10000",1,0,0,0,0
"S63135S","9056","10000",1,0,0,0,0
"S63136A","83402","10000",1,0,0,0,0
"S63136D","V5889","10000",1,0,0,0,0
"S63136S","9056","10000",1,0,0,0,0
"S63141A","83402","10000",1,0,0,0,0
"S63141D","V5889","10000",1,0,0,0,0
"S63141S","9056","10000",1,0,0,0,0
"S63142A","83402","10000",1,0,0,0,0
"S63142D","V5889","10000",1,0,0,0,0
"S63142S","9056","10000",1,0,0,0,0
"S63143A","83402","10000",1,0,0,0,0
"S63143D","V5889","10000",1,0,0,0,0
"S63143S","9056","10000",1,0,0,0,0
"S63144A","83402","10000",1,0,0,0,0
"S63144D","V5889","10000",1,0,0,0,0
"S63144S","9056","10000",1,0,0,0,0
"S63145A","83402","10000",1,0,0,0,0
"S63145D","V5889","10000",1,0,0,0,0
"S63145S","9056","10000",1,0,0,0,0
"S63146A","83402","10000",1,0,0,0,0
"S63146D","V5889","10000",1,0,0,0,0
"S63146S","9056","10000",1,0,0,0,0
"S63200A","83400","10000",1,0,0,0,0
"S63200D","V5889","10000",1,0,0,0,0
"S63200S","9056","10000",1,0,0,0,0
"S63201A","83400","10000",1,0,0,0,0
"S63201D","V5889","10000",1,0,0,0,0
"S63201S","9056","10000",1,0,0,0,0
"S63202A","83400","10000",1,0,0,0,0
"S63202D","V5889","10000",1,0,0,0,0
"S63202S","9056","10000",1,0,0,0,0
"S63203A","83400","10000",1,0,0,0,0
"S63203D","V5889","10000",1,0,0,0,0
"S63203S","9056","10000",1,0,0,0,0
"S63204A","83400","10000",1,0,0,0,0
"S63204D","V5889","10000",1,0,0,0,0
"S63204S","9056","10000",1,0,0,0,0
"S63205A","83400","10000",1,0,0,0,0
"S63205D","V5889","10000",1,0,0,0,0
"S63205S","9056","10000",1,0,0,0,0
"S63206A","83400","10000",1,0,0,0,0
"S63206D","V5889","10000",1,0,0,0,0
"S63206S","9056","10000",1,0,0,0,0
"S63207A","83400","10000",1,0,0,0,0
"S63207D","V5889","10000",1,0,0,0,0
"S63207S","9056","10000",1,0,0,0,0
"S63208A","83400","10000",1,0,0,0,0
"S63208D","V5889","10000",1,0,0,0,0
"S63208S","9056","10000",1,0,0,0,0
"S63209A","83400","10000",1,0,0,0,0
"S63209D","V5889","10000",1,0,0,0,0
"S63209S","9056","10000",1,0,0,0,0
"S63210A","83401","10000",1,0,0,0,0
"S63210D","V5889","10000",1,0,0,0,0
"S63210S","9056","10000",1,0,0,0,0
"S63211A","83401","10000",1,0,0,0,0
"S63211D","V5889","10000",1,0,0,0,0
"S63211S","9056","10000",1,0,0,0,0
"S63212A","83401","10000",1,0,0,0,0
"S63212D","V5889","10000",1,0,0,0,0
"S63212S","9056","10000",1,0,0,0,0
"S63213A","83401","10000",1,0,0,0,0
"S63213D","V5889","10000",1,0,0,0,0
"S63213S","9056","10000",1,0,0,0,0
"S63214A","83401","10000",1,0,0,0,0
"S63214D","V5889","10000",1,0,0,0,0
"S63214S","9056","10000",1,0,0,0,0
"S63215A","83401","10000",1,0,0,0,0
"S63215D","V5889","10000",1,0,0,0,0
"S63215S","9056","10000",1,0,0,0,0
"S63216A","83401","10000",1,0,0,0,0
"S63216D","V5889","10000",1,0,0,0,0
"S63216S","9056","10000",1,0,0,0,0
"S63217A","83401","10000",1,0,0,0,0
"S63217D","V5889","10000",1,0,0,0,0
"S63217S","9056","10000",1,0,0,0,0
"S63218A","83401","10000",1,0,0,0,0
"S63218D","V5889","10000",1,0,0,0,0
"S63218S","9056","10000",1,0,0,0,0
"S63219A","83401","10000",1,0,0,0,0
"S63219D","V5889","10000",1,0,0,0,0
"S63219S","9056","10000",1,0,0,0,0
"S63220A","83402","10000",1,0,0,0,0
"S63220D","V5889","10000",1,0,0,0,0
"S63220S","9056","10000",1,0,0,0,0
"S63221A","83402","10000",1,0,0,0,0
"S63221D","V5889","10000",1,0,0,0,0
"S63221S","9056","10000",1,0,0,0,0
"S63222A","83402","10000",1,0,0,0,0
"S63222D","V5889","10000",1,0,0,0,0
"S63222S","9056","10000",1,0,0,0,0
"S63223A","83402","10000",1,0,0,0,0
"S63223D","V5889","10000",1,0,0,0,0
"S63223S","9056","10000",1,0,0,0,0
"S63224A","83402","10000",1,0,0,0,0
"S63224D","V5889","10000",1,0,0,0,0
"S63224S","9056","10000",1,0,0,0,0
"S63225A","83402","10000",1,0,0,0,0
"S63225D","V5889","10000",1,0,0,0,0
"S63225S","9056","10000",1,0,0,0,0
"S63226A","83402","10000",1,0,0,0,0
"S63226D","V5889","10000",1,0,0,0,0
"S63226S","9056","10000",1,0,0,0,0
"S63227A","83402","10000",1,0,0,0,0
"S63227D","V5889","10000",1,0,0,0,0
"S63227S","9056","10000",1,0,0,0,0
"S63228A","83402","10000",1,0,0,0,0
"S63228D","V5889","10000",1,0,0,0,0
"S63228S","9056","10000",1,0,0,0,0
"S63229A","83402","10000",1,0,0,0,0
"S63229D","V5889","10000",1,0,0,0,0
"S63229S","9056","10000",1,0,0,0,0
"S63230A","83402","10000",1,0,0,0,0
"S63230D","V5889","10000",1,0,0,0,0
"S63230S","9056","10000",1,0,0,0,0
"S63231A","83402","10000",1,0,0,0,0
"S63231D","V5889","10000",1,0,0,0,0
"S63231S","9056","10000",1,0,0,0,0
"S63232A","83402","10000",1,0,0,0,0
"S63232D","V5889","10000",1,0,0,0,0
"S63232S","9056","10000",1,0,0,0,0
"S63233A","83402","10000",1,0,0,0,0
"S63233D","V5889","10000",1,0,0,0,0
"S63233S","9056","10000",1,0,0,0,0
"S63234A","83402","10000",1,0,0,0,0
"S63234D","V5889","10000",1,0,0,0,0
"S63234S","9056","10000",1,0,0,0,0
"S63235A","83402","10000",1,0,0,0,0
"S63235D","V5889","10000",1,0,0,0,0
"S63235S","9056","10000",1,0,0,0,0
"S63236A","83402","10000",1,0,0,0,0
"S63236D","V5889","10000",1,0,0,0,0
"S63236S","9056","10000",1,0,0,0,0
"S63237A","83402","10000",1,0,0,0,0
"S63237D","V5889","10000",1,0,0,0,0
"S63237S","9056","10000",1,0,0,0,0
"S63238A","83402","10000",1,0,0,0,0
"S63238D","V5889","10000",1,0,0,0,0
"S63238S","9056","10000",1,0,0,0,0
"S63239A","83402","10000",1,0,0,0,0
"S63239D","V5889","10000",1,0,0,0,0
"S63239S","9056","10000",1,0,0,0,0
"S63240A","83402","10000",1,0,0,0,0
"S63240D","V5889","10000",1,0,0,0,0
"S63240S","9056","10000",1,0,0,0,0
"S63241A","83402","10000",1,0,0,0,0
"S63241D","V5889","10000",1,0,0,0,0
"S63241S","9056","10000",1,0,0,0,0
"S63242A","83402","10000",1,0,0,0,0
"S63242D","V5889","10000",1,0,0,0,0
"S63242S","9056","10000",1,0,0,0,0
"S63243A","83402","10000",1,0,0,0,0
"S63243D","V5889","10000",1,0,0,0,0
"S63243S","9056","10000",1,0,0,0,0
"S63244A","83402","10000",1,0,0,0,0
"S63244D","V5889","10000",1,0,0,0,0
"S63244S","9056","10000",1,0,0,0,0
"S63245A","83402","10000",1,0,0,0,0
"S63245D","V5889","10000",1,0,0,0,0
"S63245S","9056","10000",1,0,0,0,0
"S63246A","83402","10000",1,0,0,0,0
"S63246D","V5889","10000",1,0,0,0,0
"S63246S","9056","10000",1,0,0,0,0
"S63247A","83402","10000",1,0,0,0,0
"S63247D","V5889","10000",1,0,0,0,0
"S63247S","9056","10000",1,0,0,0,0
"S63248A","83402","10000",1,0,0,0,0
"S63248D","V5889","10000",1,0,0,0,0
"S63248S","9056","10000",1,0,0,0,0
"S63249A","83402","10000",1,0,0,0,0
"S63249D","V5889","10000",1,0,0,0,0
"S63249S","9056","10000",1,0,0,0,0
"S63250A","83400","10000",1,0,0,0,0
"S63250D","V5889","10000",1,0,0,0,0
"S63250S","9056","10000",1,0,0,0,0
"S63251A","83400","10000",1,0,0,0,0
"S63251D","V5889","10000",1,0,0,0,0
"S63251S","9056","10000",1,0,0,0,0
"S63252A","83400","10000",1,0,0,0,0
"S63252D","V5889","10000",1,0,0,0,0
"S63252S","9056","10000",1,0,0,0,0
"S63253A","83400","10000",1,0,0,0,0
"S63253D","V5889","10000",1,0,0,0,0
"S63253S","9056","10000",1,0,0,0,0
"S63254A","83400","10000",1,0,0,0,0
"S63254D","V5889","10000",1,0,0,0,0
"S63254S","9056","10000",1,0,0,0,0
"S63255A","83400","10000",1,0,0,0,0
"S63255D","V5889","10000",1,0,0,0,0
"S63255S","9056","10000",1,0,0,0,0
"S63256A","83400","10000",1,0,0,0,0
"S63256D","V5889","10000",1,0,0,0,0
"S63256S","9056","10000",1,0,0,0,0
"S63257A","83400","10000",1,0,0,0,0
"S63257D","V5889","10000",1,0,0,0,0
"S63257S","9056","10000",1,0,0,0,0
"S63258A","83400","10000",1,0,0,0,0
"S63258D","V5889","10000",1,0,0,0,0
"S63258S","9056","10000",1,0,0,0,0
"S63259A","83400","10000",1,0,0,0,0
"S63259D","V5889","10000",1,0,0,0,0
"S63259S","9056","10000",1,0,0,0,0
"S63260A","83401","10000",1,0,0,0,0
"S63260D","V5889","10000",1,0,0,0,0
"S63260S","9056","10000",1,0,0,0,0
"S63261A","83401","10000",1,0,0,0,0
"S63261D","V5889","10000",1,0,0,0,0
"S63261S","9056","10000",1,0,0,0,0
"S63262A","83401","10000",1,0,0,0,0
"S63262D","V5889","10000",1,0,0,0,0
"S63262S","9056","10000",1,0,0,0,0
"S63263A","83401","10000",1,0,0,0,0
"S63263D","V5889","10000",1,0,0,0,0
"S63263S","9056","10000",1,0,0,0,0
"S63264A","83401","10000",1,0,0,0,0
"S63264D","V5889","10000",1,0,0,0,0
"S63264S","9056","10000",1,0,0,0,0
"S63265A","83401","10000",1,0,0,0,0
"S63265D","V5889","10000",1,0,0,0,0
"S63265S","9056","10000",1,0,0,0,0
"S63266A","83401","10000",1,0,0,0,0
"S63266D","V5889","10000",1,0,0,0,0
"S63266S","9056","10000",1,0,0,0,0
"S63267A","83401","10000",1,0,0,0,0
"S63267D","V5889","10000",1,0,0,0,0
"S63267S","9056","10000",1,0,0,0,0
"S63268A","83401","10000",1,0,0,0,0
"S63268D","V5889","10000",1,0,0,0,0
"S63268S","9056","10000",1,0,0,0,0
"S63269A","83401","10000",1,0,0,0,0
"S63269D","V5889","10000",1,0,0,0,0
"S63269S","9056","10000",1,0,0,0,0
"S63270A","83402","10000",1,0,0,0,0
"S63270D","V5889","10000",1,0,0,0,0
"S63270S","9056","10000",1,0,0,0,0
"S63271A","83402","10000",1,0,0,0,0
"S63271D","V5889","10000",1,0,0,0,0
"S63271S","9056","10000",1,0,0,0,0
"S63272A","83402","10000",1,0,0,0,0
"S63272D","V5889","10000",1,0,0,0,0
"S63272S","9056","10000",1,0,0,0,0
"S63273A","83402","10000",1,0,0,0,0
"S63273D","V5889","10000",1,0,0,0,0
"S63273S","9056","10000",1,0,0,0,0
"S63274A","83402","10000",1,0,0,0,0
"S63274D","V5889","10000",1,0,0,0,0
"S63274S","9056","10000",1,0,0,0,0
"S63275A","83402","10000",1,0,0,0,0
"S63275D","V5889","10000",1,0,0,0,0
"S63275S","9056","10000",1,0,0,0,0
"S63276A","83402","10000",1,0,0,0,0
"S63276D","V5889","10000",1,0,0,0,0
"S63276S","9056","10000",1,0,0,0,0
"S63277A","83402","10000",1,0,0,0,0
"S63277D","V5889","10000",1,0,0,0,0
"S63277S","9056","10000",1,0,0,0,0
"S63278A","83402","10000",1,0,0,0,0
"S63278D","V5889","10000",1,0,0,0,0
"S63278S","9056","10000",1,0,0,0,0
"S63279A","83402","10000",1,0,0,0,0
"S63279D","V5889","10000",1,0,0,0,0
"S63279S","9056","10000",1,0,0,0,0
"S63280A","83402","10000",1,0,0,0,0
"S63280D","V5889","10000",1,0,0,0,0
"S63280S","9056","10000",1,0,0,0,0
"S63281A","83402","10000",1,0,0,0,0
"S63281D","V5889","10000",1,0,0,0,0
"S63281S","9056","10000",1,0,0,0,0
"S63282A","83402","10000",1,0,0,0,0
"S63282D","V5889","10000",1,0,0,0,0
"S63282S","9056","10000",1,0,0,0,0
"S63283A","83402","10000",1,0,0,0,0
"S63283D","V5889","10000",1,0,0,0,0
"S63283S","9056","10000",1,0,0,0,0
"S63284A","83402","10000",1,0,0,0,0
"S63284D","V5889","10000",1,0,0,0,0
"S63284S","9056","10000",1,0,0,0,0
"S63285A","83402","10000",1,0,0,0,0
"S63285D","V5889","10000",1,0,0,0,0
"S63285S","9056","10000",1,0,0,0,0
"S63286A","83402","10000",1,0,0,0,0
"S63286D","V5889","10000",1,0,0,0,0
"S63286S","9056","10000",1,0,0,0,0
"S63287A","83402","10000",1,0,0,0,0
"S63287D","V5889","10000",1,0,0,0,0
"S63287S","9056","10000",1,0,0,0,0
"S63288A","83402","10000",1,0,0,0,0
"S63288D","V5889","10000",1,0,0,0,0
"S63288S","9056","10000",1,0,0,0,0
"S63289A","83402","10000",1,0,0,0,0
"S63289D","V5889","10000",1,0,0,0,0
"S63289S","9056","10000",1,0,0,0,0
"S63290A","83402","10000",1,0,0,0,0
"S63290D","V5889","10000",1,0,0,0,0
"S63290S","9056","10000",1,0,0,0,0
"S63291A","83402","10000",1,0,0,0,0
"S63291D","V5889","10000",1,0,0,0,0
"S63291S","9056","10000",1,0,0,0,0
"S63292A","83402","10000",1,0,0,0,0
"S63292D","V5889","10000",1,0,0,0,0
"S63292S","9056","10000",1,0,0,0,0
"S63293A","83402","10000",1,0,0,0,0
"S63293D","V5889","10000",1,0,0,0,0
"S63293S","9056","10000",1,0,0,0,0
"S63294A","83402","10000",1,0,0,0,0
"S63294D","V5889","10000",1,0,0,0,0
"S63294S","9056","10000",1,0,0,0,0
"S63295A","83402","10000",1,0,0,0,0
"S63295D","V5889","10000",1,0,0,0,0
"S63295S","9056","10000",1,0,0,0,0
"S63296A","83402","10000",1,0,0,0,0
"S63296D","V5889","10000",1,0,0,0,0
"S63296S","9056","10000",1,0,0,0,0
"S63297A","83402","10000",1,0,0,0,0
"S63297D","V5889","10000",1,0,0,0,0
"S63297S","9056","10000",1,0,0,0,0
"S63298A","83402","10000",1,0,0,0,0
"S63298D","V5889","10000",1,0,0,0,0
"S63298S","9056","10000",1,0,0,0,0
"S63299A","83402","10000",1,0,0,0,0
"S63299D","V5889","10000",1,0,0,0,0
"S63299S","9056","10000",1,0,0,0,0
"S63301A","84209","10000",1,0,0,0,0
"S63301D","V5889","10000",1,0,0,0,0
"S63301S","9057","10000",1,0,0,0,0
"S63302A","84209","10000",1,0,0,0,0
"S63302D","V5889","10000",1,0,0,0,0
"S63302S","9057","10000",1,0,0,0,0
"S63309A","84209","10000",1,0,0,0,0
"S63309D","V5889","10000",1,0,0,0,0
"S63309S","9057","10000",1,0,0,0,0
"S63311A","84209","10000",1,0,0,0,0
"S63311D","V5889","10000",1,0,0,0,0
"S63311S","9057","10000",1,0,0,0,0
"S63312A","84209","10000",1,0,0,0,0
"S63312D","V5889","10000",1,0,0,0,0
"S63312S","9057","10000",1,0,0,0,0
"S63319A","84209","10000",1,0,0,0,0
"S63319D","V5889","10000",1,0,0,0,0
"S63319S","9057","10000",1,0,0,0,0
"S63321A","84202","10000",1,0,0,0,0
"S63321D","V5889","10000",1,0,0,0,0
"S63321S","9057","10000",1,0,0,0,0
"S63322A","84202","10000",1,0,0,0,0
"S63322D","V5889","10000",1,0,0,0,0
"S63322S","9057","10000",1,0,0,0,0
"S63329A","84202","10000",1,0,0,0,0
"S63329D","V5889","10000",1,0,0,0,0
"S63329S","9057","10000",1,0,0,0,0
"S63331A","84209","10000",1,0,0,0,0
"S63331D","V5889","10000",1,0,0,0,0
"S63331S","9057","10000",1,0,0,0,0
"S63332A","84209","10000",1,0,0,0,0
"S63332D","V5889","10000",1,0,0,0,0
"S63332S","9057","10000",1,0,0,0,0
"S63339A","84209","10000",1,0,0,0,0
"S63339D","V5889","10000",1,0,0,0,0
"S63339S","9057","10000",1,0,0,0,0
"S63391A","84209","10000",1,0,0,0,0
"S63391D","V5889","10000",1,0,0,0,0
"S63391S","9057","10000",1,0,0,0,0
"S63392A","84209","10000",1,0,0,0,0
"S63392D","V5889","10000",1,0,0,0,0
"S63392S","9057","10000",1,0,0,0,0
"S63399A","84209","10000",1,0,0,0,0
"S63399D","V5889","10000",1,0,0,0,0
"S63399S","9057","10000",1,0,0,0,0
"S63400A","84219","10000",1,0,0,0,0
"S63400D","V5889","10000",1,0,0,0,0
"S63400S","9057","10000",1,0,0,0,0
"S63401A","84219","10000",1,0,0,0,0
"S63401D","V5889","10000",1,0,0,0,0
"S63401S","9057","10000",1,0,0,0,0
"S63402A","84219","10000",1,0,0,0,0
"S63402D","V5889","10000",1,0,0,0,0
"S63402S","9057","10000",1,0,0,0,0
"S63403A","84219","10000",1,0,0,0,0
"S63403D","V5889","10000",1,0,0,0,0
"S63403S","9057","10000",1,0,0,0,0
"S63404A","84219","10000",1,0,0,0,0
"S63404D","V5889","10000",1,0,0,0,0
"S63404S","9057","10000",1,0,0,0,0
"S63405A","84219","10000",1,0,0,0,0
"S63405D","V5889","10000",1,0,0,0,0
"S63405S","9057","10000",1,0,0,0,0
"S63406A","84219","10000",1,0,0,0,0
"S63406D","V5889","10000",1,0,0,0,0
"S63406S","9057","10000",1,0,0,0,0
"S63407A","84219","10000",1,0,0,0,0
"S63407D","V5889","10000",1,0,0,0,0
"S63407S","9057","10000",1,0,0,0,0
"S63408A","84219","10000",1,0,0,0,0
"S63408D","V5889","10000",1,0,0,0,0
"S63408S","9057","10000",1,0,0,0,0
"S63409A","84219","10000",1,0,0,0,0
"S63409D","V5889","10000",1,0,0,0,0
"S63409S","9057","10000",1,0,0,0,0
"S63410A","84219","10000",1,0,0,0,0
"S63410D","V5889","10000",1,0,0,0,0
"S63410S","9057","10000",1,0,0,0,0
"S63411A","84219","10000",1,0,0,0,0
"S63411D","V5889","10000",1,0,0,0,0
"S63411S","9057","10000",1,0,0,0,0
"S63412A","84219","10000",1,0,0,0,0
"S63412D","V5889","10000",1,0,0,0,0
"S63412S","9057","10000",1,0,0,0,0
"S63413A","84219","10000",1,0,0,0,0
"S63413D","V5889","10000",1,0,0,0,0
"S63413S","9057","10000",1,0,0,0,0
"S63414A","84219","10000",1,0,0,0,0
"S63414D","V5889","10000",1,0,0,0,0
"S63414S","9057","10000",1,0,0,0,0
"S63415A","84219","10000",1,0,0,0,0
"S63415D","V5889","10000",1,0,0,0,0
"S63415S","9057","10000",1,0,0,0,0
"S63416A","84219","10000",1,0,0,0,0
"S63416D","V5889","10000",1,0,0,0,0
"S63416S","9057","10000",1,0,0,0,0
"S63417A","84219","10000",1,0,0,0,0
"S63417D","V5889","10000",1,0,0,0,0
"S63417S","9057","10000",1,0,0,0,0
"S63418A","84219","10000",1,0,0,0,0
"S63418D","V5889","10000",1,0,0,0,0
"S63418S","9057","10000",1,0,0,0,0
"S63419A","84219","10000",1,0,0,0,0
"S63419D","V5889","10000",1,0,0,0,0
"S63419S","9057","10000",1,0,0,0,0
"S63420A","84219","10000",1,0,0,0,0
"S63420D","V5889","10000",1,0,0,0,0
"S63420S","9057","10000",1,0,0,0,0
"S63421A","84219","10000",1,0,0,0,0
"S63421D","V5889","10000",1,0,0,0,0
"S63421S","9057","10000",1,0,0,0,0
"S63422A","84219","10000",1,0,0,0,0
"S63422D","V5889","10000",1,0,0,0,0
"S63422S","9057","10000",1,0,0,0,0
"S63423A","84219","10000",1,0,0,0,0
"S63423D","V5889","10000",1,0,0,0,0
"S63423S","9057","10000",1,0,0,0,0
"S63424A","84219","10000",1,0,0,0,0
"S63424D","V5889","10000",1,0,0,0,0
"S63424S","9057","10000",1,0,0,0,0
"S63425A","84219","10000",1,0,0,0,0
"S63425D","V5889","10000",1,0,0,0,0
"S63425S","9057","10000",1,0,0,0,0
"S63426A","84219","10000",1,0,0,0,0
"S63426D","V5889","10000",1,0,0,0,0
"S63426S","9057","10000",1,0,0,0,0
"S63427A","84219","10000",1,0,0,0,0
"S63427D","V5889","10000",1,0,0,0,0
"S63427S","9057","10000",1,0,0,0,0
"S63428A","84219","10000",1,0,0,0,0
"S63428D","V5889","10000",1,0,0,0,0
"S63428S","9057","10000",1,0,0,0,0
"S63429A","84219","10000",1,0,0,0,0
"S63429D","V5889","10000",1,0,0,0,0
"S63429S","9057","10000",1,0,0,0,0
"S63430A","84219","10000",1,0,0,0,0
"S63430D","V5889","10000",1,0,0,0,0
"S63430S","9057","10000",1,0,0,0,0
"S63431A","84219","10000",1,0,0,0,0
"S63431D","V5889","10000",1,0,0,0,0
"S63431S","9057","10000",1,0,0,0,0
"S63432A","84219","10000",1,0,0,0,0
"S63432D","V5889","10000",1,0,0,0,0
"S63432S","9057","10000",1,0,0,0,0
"S63433A","84219","10000",1,0,0,0,0
"S63433D","V5889","10000",1,0,0,0,0
"S63433S","9057","10000",1,0,0,0,0
"S63434A","84219","10000",1,0,0,0,0
"S63434D","V5889","10000",1,0,0,0,0
"S63434S","9057","10000",1,0,0,0,0
"S63435A","84219","10000",1,0,0,0,0
"S63435D","V5889","10000",1,0,0,0,0
"S63435S","9057","10000",1,0,0,0,0
"S63436A","84219","10000",1,0,0,0,0
"S63436D","V5889","10000",1,0,0,0,0
"S63436S","9057","10000",1,0,0,0,0
"S63437A","84219","10000",1,0,0,0,0
"S63437D","V5889","10000",1,0,0,0,0
"S63437S","9057","10000",1,0,0,0,0
"S63438A","84219","10000",1,0,0,0,0
"S63438D","V5889","10000",1,0,0,0,0
"S63438S","9057","10000",1,0,0,0,0
"S63439A","84219","10000",1,0,0,0,0
"S63439D","V5889","10000",1,0,0,0,0
"S63439S","9057","10000",1,0,0,0,0
"S63490A","84219","10000",1,0,0,0,0
"S63490D","V5889","10000",1,0,0,0,0
"S63490S","9057","10000",1,0,0,0,0
"S63491A","84219","10000",1,0,0,0,0
"S63491D","V5889","10000",1,0,0,0,0
"S63491S","9057","10000",1,0,0,0,0
"S63492A","84219","10000",1,0,0,0,0
"S63492D","V5889","10000",1,0,0,0,0
"S63492S","9057","10000",1,0,0,0,0
"S63493A","84219","10000",1,0,0,0,0
"S63493D","V5889","10000",1,0,0,0,0
"S63493S","9057","10000",1,0,0,0,0
"S63494A","84219","10000",1,0,0,0,0
"S63494D","V5889","10000",1,0,0,0,0
"S63494S","9057","10000",1,0,0,0,0
"S63495A","84219","10000",1,0,0,0,0
"S63495D","V5889","10000",1,0,0,0,0
"S63495S","9057","10000",1,0,0,0,0
"S63496A","84219","10000",1,0,0,0,0
"S63496D","V5889","10000",1,0,0,0,0
"S63496S","9057","10000",1,0,0,0,0
"S63497A","84219","10000",1,0,0,0,0
"S63497D","V5889","10000",1,0,0,0,0
"S63497S","9057","10000",1,0,0,0,0
"S63498A","84219","10000",1,0,0,0,0
"S63498D","V5889","10000",1,0,0,0,0
"S63498S","9057","10000",1,0,0,0,0
"S63499A","84219","10000",1,0,0,0,0
"S63499D","V5889","10000",1,0,0,0,0
"S63499S","9057","10000",1,0,0,0,0
"S63501A","84200","10000",1,0,0,0,0
"S63501D","V5889","10000",1,0,0,0,0
"S63501S","9057","10000",1,0,0,0,0
"S63502A","84200","10000",1,0,0,0,0
"S63502D","V5889","10000",1,0,0,0,0
"S63502S","9057","10000",1,0,0,0,0
"S63509A","84200","10000",1,0,0,0,0
"S63509D","V5889","10000",1,0,0,0,0
"S63509S","9057","10000",1,0,0,0,0
"S63511A","84201","10000",1,0,0,0,0
"S63511D","V5889","10000",1,0,0,0,0
"S63511S","9057","10000",1,0,0,0,0
"S63512A","84201","10000",1,0,0,0,0
"S63512D","V5889","10000",1,0,0,0,0
"S63512S","9057","10000",1,0,0,0,0
"S63519A","84201","10000",1,0,0,0,0
"S63519D","V5889","10000",1,0,0,0,0
"S63519S","9057","10000",1,0,0,0,0
"S63521A","84202","10000",1,0,0,0,0
"S63521D","V5889","10000",1,0,0,0,0
"S63521S","9057","10000",1,0,0,0,0
"S63522A","84202","10000",1,0,0,0,0
"S63522D","V5889","10000",1,0,0,0,0
"S63522S","9057","10000",1,0,0,0,0
"S63529A","84202","10000",1,0,0,0,0
"S63529D","V5889","10000",1,0,0,0,0
"S63529S","9057","10000",1,0,0,0,0
"S63591A","84209","10000",1,0,0,0,0
"S63591D","V5889","10000",1,0,0,0,0
"S63591S","9057","10000",1,0,0,0,0
"S63592A","84209","10000",1,0,0,0,0
"S63592D","V5889","10000",1,0,0,0,0
"S63592S","9057","10000",1,0,0,0,0
"S63599A","84209","10000",1,0,0,0,0
"S63599D","V5889","10000",1,0,0,0,0
"S63599S","9057","10000",1,0,0,0,0
"S63601A","84219","10000",1,0,0,0,0
"S63601D","V5889","10000",1,0,0,0,0
"S63601S","9057","10000",1,0,0,0,0
"S63602A","84219","10000",1,0,0,0,0
"S63602D","V5889","10000",1,0,0,0,0
"S63602S","9057","10000",1,0,0,0,0
"S63609A","84219","10000",1,0,0,0,0
"S63609D","V5889","10000",1,0,0,0,0
"S63609S","9057","10000",1,0,0,0,0
"S63610A","84219","10000",1,0,0,0,0
"S63610D","V5889","10000",1,0,0,0,0
"S63610S","9057","10000",1,0,0,0,0
"S63611A","84219","10000",1,0,0,0,0
"S63611D","V5889","10000",1,0,0,0,0
"S63611S","9057","10000",1,0,0,0,0
"S63612A","84219","10000",1,0,0,0,0
"S63612D","V5889","10000",1,0,0,0,0
"S63612S","9057","10000",1,0,0,0,0
"S63613A","84219","10000",1,0,0,0,0
"S63613D","V5889","10000",1,0,0,0,0
"S63613S","9057","10000",1,0,0,0,0
"S63614A","84219","10000",1,0,0,0,0
"S63614D","V5889","10000",1,0,0,0,0
"S63614S","9057","10000",1,0,0,0,0
"S63615A","84219","10000",1,0,0,0,0
"S63615D","V5889","10000",1,0,0,0,0
"S63615S","9057","10000",1,0,0,0,0
"S63616A","84219","10000",1,0,0,0,0
"S63616D","V5889","10000",1,0,0,0,0
"S63616S","9057","10000",1,0,0,0,0
"S63617A","84219","10000",1,0,0,0,0
"S63617D","V5889","10000",1,0,0,0,0
"S63617S","9057","10000",1,0,0,0,0
"S63618A","84219","10000",1,0,0,0,0
"S63618D","V5889","10000",1,0,0,0,0
"S63618S","9057","10000",1,0,0,0,0
"S63619A","84219","10000",1,0,0,0,0
"S63619D","V5889","10000",1,0,0,0,0
"S63619S","9057","10000",1,0,0,0,0
"S63621A","84213","10000",1,0,0,0,0
"S63621D","V5889","10000",1,0,0,0,0
"S63621S","9057","10000",1,0,0,0,0
"S63622A","84213","10000",1,0,0,0,0
"S63622D","V5889","10000",1,0,0,0,0
"S63622S","9057","10000",1,0,0,0,0
"S63629A","84213","10000",1,0,0,0,0
"S63629D","V5889","10000",1,0,0,0,0
"S63629S","9057","10000",1,0,0,0,0
"S63630A","84213","10000",1,0,0,0,0
"S63630D","V5889","10000",1,0,0,0,0
"S63630S","9057","10000",1,0,0,0,0
"S63631A","84213","10000",1,0,0,0,0
"S63631D","V5889","10000",1,0,0,0,0
"S63631S","9057","10000",1,0,0,0,0
"S63632A","84213","10000",1,0,0,0,0
"S63632D","V5889","10000",1,0,0,0,0
"S63632S","9057","10000",1,0,0,0,0
"S63633A","84213","10000",1,0,0,0,0
"S63633D","V5889","10000",1,0,0,0,0
"S63633S","9057","10000",1,0,0,0,0
"S63634A","84213","10000",1,0,0,0,0
"S63634D","V5889","10000",1,0,0,0,0
"S63634S","9057","10000",1,0,0,0,0
"S63635A","84213","10000",1,0,0,0,0
"S63635D","V5889","10000",1,0,0,0,0
"S63635S","9057","10000",1,0,0,0,0
"S63636A","84213","10000",1,0,0,0,0
"S63636D","V5889","10000",1,0,0,0,0
"S63636S","9057","10000",1,0,0,0,0
"S63637A","84213","10000",1,0,0,0,0
"S63637D","V5889","10000",1,0,0,0,0
"S63637S","9057","10000",1,0,0,0,0
"S63638A","84213","10000",1,0,0,0,0
"S63638D","V5889","10000",1,0,0,0,0
"S63638S","9057","10000",1,0,0,0,0
"S63639A","84213","10000",1,0,0,0,0
"S63639D","V5889","10000",1,0,0,0,0
"S63639S","9057","10000",1,0,0,0,0
"S63641A","84212","10000",1,0,0,0,0
"S63641D","V5889","10000",1,0,0,0,0
"S63641S","9057","10000",1,0,0,0,0
"S63642A","84212","10000",1,0,0,0,0
"S63642D","V5889","10000",1,0,0,0,0
"S63642S","9057","10000",1,0,0,0,0
"S63649A","84212","10000",1,0,0,0,0
"S63649D","V5889","10000",1,0,0,0,0
"S63649S","9057","10000",1,0,0,0,0
"S63650A","84212","10000",1,0,0,0,0
"S63650D","V5889","10000",1,0,0,0,0
"S63650S","9057","10000",1,0,0,0,0
"S63651A","84212","10000",1,0,0,0,0
"S63651D","V5889","10000",1,0,0,0,0
"S63651S","9057","10000",1,0,0,0,0
"S63652A","84212","10000",1,0,0,0,0
"S63652D","V5889","10000",1,0,0,0,0
"S63652S","9057","10000",1,0,0,0,0
"S63653A","84212","10000",1,0,0,0,0
"S63653D","V5889","10000",1,0,0,0,0
"S63653S","9057","10000",1,0,0,0,0
"S63654A","84212","10000",1,0,0,0,0
"S63654D","V5889","10000",1,0,0,0,0
"S63654S","9057","10000",1,0,0,0,0
"S63655A","84212","10000",1,0,0,0,0
"S63655D","V5889","10000",1,0,0,0,0
"S63655S","9057","10000",1,0,0,0,0
"S63656A","84212","10000",1,0,0,0,0
"S63656D","V5889","10000",1,0,0,0,0
"S63656S","9057","10000",1,0,0,0,0
"S63657A","84212","10000",1,0,0,0,0
"S63657D","V5889","10000",1,0,0,0,0
"S63657S","9057","10000",1,0,0,0,0
"S63658A","84212","10000",1,0,0,0,0
"S63658D","V5889","10000",1,0,0,0,0
"S63658S","9057","10000",1,0,0,0,0
"S63659A","84212","10000",1,0,0,0,0
"S63659D","V5889","10000",1,0,0,0,0
"S63659S","9057","10000",1,0,0,0,0
"S63681A","84219","10000",1,0,0,0,0
"S63681D","V5889","10000",1,0,0,0,0
"S63681S","9057","10000",1,0,0,0,0
"S63682A","84219","10000",1,0,0,0,0
"S63682D","V5889","10000",1,0,0,0,0
"S63682S","9057","10000",1,0,0,0,0
"S63689A","84219","10000",1,0,0,0,0
"S63689D","V5889","10000",1,0,0,0,0
"S63689S","9057","10000",1,0,0,0,0
"S63690A","84219","10000",1,0,0,0,0
"S63690D","V5889","10000",1,0,0,0,0
"S63690S","9057","10000",1,0,0,0,0
"S63691A","84219","10000",1,0,0,0,0
"S63691D","V5889","10000",1,0,0,0,0
"S63691S","9057","10000",1,0,0,0,0
"S63692A","84219","10000",1,0,0,0,0
"S63692D","V5889","10000",1,0,0,0,0
"S63692S","9057","10000",1,0,0,0,0
"S63693A","84219","10000",1,0,0,0,0
"S63693D","V5889","10000",1,0,0,0,0
"S63693S","9057","10000",1,0,0,0,0
"S63694A","84219","10000",1,0,0,0,0
"S63694D","V5889","10000",1,0,0,0,0
"S63694S","9057","10000",1,0,0,0,0
"S63695A","84219","10000",1,0,0,0,0
"S63695D","V5889","10000",1,0,0,0,0
"S63695S","9057","10000",1,0,0,0,0
"S63696A","84219","10000",1,0,0,0,0
"S63696D","V5889","10000",1,0,0,0,0
"S63696S","9057","10000",1,0,0,0,0
"S63697A","84219","10000",1,0,0,0,0
"S63697D","V5889","10000",1,0,0,0,0
"S63697S","9057","10000",1,0,0,0,0
"S63698A","84219","10000",1,0,0,0,0
"S63698D","V5889","10000",1,0,0,0,0
"S63698S","9057","10000",1,0,0,0,0
"S63699A","84219","10000",1,0,0,0,0
"S63699D","V5889","10000",1,0,0,0,0
"S63699S","9057","10000",1,0,0,0,0
"S638X1A","84219","10000",1,0,0,0,0
"S638X1D","V5889","10000",1,0,0,0,0
"S638X1S","9057","10000",1,0,0,0,0
"S638X2A","84219","10000",1,0,0,0,0
"S638X2D","V5889","10000",1,0,0,0,0
"S638X2S","9057","10000",1,0,0,0,0
"S638X9A","84219","10000",1,0,0,0,0
"S638X9D","V5889","10000",1,0,0,0,0
"S638X9S","9057","10000",1,0,0,0,0
"S6390XA","84210","10000",1,0,0,0,0
"S6390XD","V5889","10000",1,0,0,0,0
"S6390XS","9057","10000",1,0,0,0,0
"S6391XA","84210","10000",1,0,0,0,0
"S6391XD","V5889","10000",1,0,0,0,0
"S6391XS","9057","10000",1,0,0,0,0
"S6392XA","84210","10000",1,0,0,0,0
"S6392XD","V5889","10000",1,0,0,0,0
"S6392XS","9057","10000",1,0,0,0,0
"S6400XA","9552","10000",1,0,0,0,0
"S6400XD","V5889","10000",1,0,0,0,0
"S6400XS","9074","10000",1,0,0,0,0
"S6401XA","9552","10000",1,0,0,0,0
"S6401XD","V5889","10000",1,0,0,0,0
"S6401XS","9074","10000",1,0,0,0,0
"S6402XA","9552","10000",1,0,0,0,0
"S6402XD","V5889","10000",1,0,0,0,0
"S6402XS","9074","10000",1,0,0,0,0
"S6410XA","9551","10000",1,0,0,0,0
"S6410XD","V5889","10000",1,0,0,0,0
"S6410XS","9074","10000",1,0,0,0,0
"S6411XA","9551","10000",1,0,0,0,0
"S6411XD","V5889","10000",1,0,0,0,0
"S6411XS","9074","10000",1,0,0,0,0
"S6412XA","9551","10000",1,0,0,0,0
"S6412XD","V5889","10000",1,0,0,0,0
"S6412XS","9074","10000",1,0,0,0,0
"S6420XA","9553","10000",1,0,0,0,0
"S6420XD","V5889","10000",1,0,0,0,0
"S6420XS","9074","10000",1,0,0,0,0
"S6421XA","9553","10000",1,0,0,0,0
"S6421XD","V5889","10000",1,0,0,0,0
"S6421XS","9074","10000",1,0,0,0,0
"S6422XA","9553","10000",1,0,0,0,0
"S6422XD","V5889","10000",1,0,0,0,0
"S6422XS","9074","10000",1,0,0,0,0
"S6430XA","9556","10000",1,0,0,0,0
"S6430XD","V5889","10000",1,0,0,0,0
"S6430XS","9074","10000",1,0,0,0,0
"S6431XA","9556","10000",1,0,0,0,0
"S6431XD","V5889","10000",1,0,0,0,0
"S6431XS","9074","10000",1,0,0,0,0
"S6432XA","9556","10000",1,0,0,0,0
"S6432XD","V5889","10000",1,0,0,0,0
"S6432XS","9074","10000",1,0,0,0,0
"S6440XA","9556","10000",1,0,0,0,0
"S6440XD","V5889","10000",1,0,0,0,0
"S6440XS","9074","10000",1,0,0,0,0
"S64490A","9556","10000",1,0,0,0,0
"S64490D","V5889","10000",1,0,0,0,0
"S64490S","9074","10000",1,0,0,0,0
"S64491A","9556","10000",1,0,0,0,0
"S64491D","V5889","10000",1,0,0,0,0
"S64491S","9074","10000",1,0,0,0,0
"S64492A","9556","10000",1,0,0,0,0
"S64492D","V5889","10000",1,0,0,0,0
"S64492S","9074","10000",1,0,0,0,0
"S64493A","9556","10000",1,0,0,0,0
"S64493D","V5889","10000",1,0,0,0,0
"S64493S","9074","10000",1,0,0,0,0
"S64494A","9556","10000",1,0,0,0,0
"S64494D","V5889","10000",1,0,0,0,0
"S64494S","9074","10000",1,0,0,0,0
"S64495A","9556","10000",1,0,0,0,0
"S64495D","V5889","10000",1,0,0,0,0
"S64495S","9074","10000",1,0,0,0,0
"S64496A","9556","10000",1,0,0,0,0
"S64496D","V5889","10000",1,0,0,0,0
"S64496S","9074","10000",1,0,0,0,0
"S64497A","9556","10000",1,0,0,0,0
"S64497D","V5889","10000",1,0,0,0,0
"S64497S","9074","10000",1,0,0,0,0
"S64498A","9556","10000",1,0,0,0,0
"S64498D","V5889","10000",1,0,0,0,0
"S64498S","9074","10000",1,0,0,0,0
"S648X1A","9557","10000",1,0,0,0,0
"S648X1A","9558","10000",1,0,0,0,0
"S648X1D","V5889","10000",1,0,0,0,0
"S648X1S","9074","10000",1,0,0,0,0
"S648X2A","9557","10000",1,0,0,0,0
"S648X2A","9558","10000",1,0,0,0,0
"S648X2D","V5889","10000",1,0,0,0,0
"S648X2S","9074","10000",1,0,0,0,0
"S648X9A","9557","10000",1,0,0,0,0
"S648X9A","9558","10000",1,0,0,0,0
"S648X9D","V5889","10000",1,0,0,0,0
"S648X9S","9074","10000",1,0,0,0,0
"S6490XA","9559","10000",1,0,0,0,0
"S6490XA","9579","10000",1,0,0,0,0
"S6490XD","V5889","10000",1,0,0,0,0
"S6490XS","9074","10000",1,0,0,0,0
"S6491XA","9559","10000",1,0,0,0,0
"S6491XA","9579","10000",1,0,0,0,0
"S6491XD","V5889","10000",1,0,0,0,0
"S6491XS","9074","10000",1,0,0,0,0
"S6492XA","9559","10000",1,0,0,0,0
"S6492XA","9579","10000",1,0,0,0,0
"S6492XD","V5889","10000",1,0,0,0,0
"S6492XS","9074","10000",1,0,0,0,0
"S65001A","9033","10000",1,0,0,0,0
"S65001D","V5889","10000",1,0,0,0,0
"S65001S","9083","10000",1,0,0,0,0
"S65002A","9033","10000",1,0,0,0,0
"S65002D","V5889","10000",1,0,0,0,0
"S65002S","9083","10000",1,0,0,0,0
"S65009A","9033","10000",1,0,0,0,0
"S65009D","V5889","10000",1,0,0,0,0
"S65009S","9083","10000",1,0,0,0,0
"S65011A","9033","10000",1,0,0,0,0
"S65011D","V5889","10000",1,0,0,0,0
"S65011S","9083","10000",1,0,0,0,0
"S65012A","9033","10000",1,0,0,0,0
"S65012D","V5889","10000",1,0,0,0,0
"S65012S","9083","10000",1,0,0,0,0
"S65019A","9033","10000",1,0,0,0,0
"S65019D","V5889","10000",1,0,0,0,0
"S65019S","9083","10000",1,0,0,0,0
"S65091A","9033","10000",1,0,0,0,0
"S65091D","V5889","10000",1,0,0,0,0
"S65091S","9083","10000",1,0,0,0,0
"S65092A","9033","10000",1,0,0,0,0
"S65092D","V5889","10000",1,0,0,0,0
"S65092S","9083","10000",1,0,0,0,0
"S65099A","9033","10000",1,0,0,0,0
"S65099D","V5889","10000",1,0,0,0,0
"S65099S","9083","10000",1,0,0,0,0
"S65101A","9032","10000",1,0,0,0,0
"S65101D","V5889","10000",1,0,0,0,0
"S65101S","9083","10000",1,0,0,0,0
"S65102A","9032","10000",1,0,0,0,0
"S65102D","V5889","10000",1,0,0,0,0
"S65102S","9083","10000",1,0,0,0,0
"S65109A","9032","10000",1,0,0,0,0
"S65109D","V5889","10000",1,0,0,0,0
"S65109S","9083","10000",1,0,0,0,0
"S65111A","9032","10000",1,0,0,0,0
"S65111D","V5889","10000",1,0,0,0,0
"S65111S","9083","10000",1,0,0,0,0
"S65112A","9032","10000",1,0,0,0,0
"S65112D","V5889","10000",1,0,0,0,0
"S65112S","9083","10000",1,0,0,0,0
"S65119A","9032","10000",1,0,0,0,0
"S65119D","V5889","10000",1,0,0,0,0
"S65119S","9083","10000",1,0,0,0,0
"S65191A","9032","10000",1,0,0,0,0
"S65191D","V5889","10000",1,0,0,0,0
"S65191S","9083","10000",1,0,0,0,0
"S65192A","9032","10000",1,0,0,0,0
"S65192D","V5889","10000",1,0,0,0,0
"S65192S","9083","10000",1,0,0,0,0
"S65199A","9032","10000",1,0,0,0,0
"S65199D","V5889","10000",1,0,0,0,0
"S65199S","9083","10000",1,0,0,0,0
"S65201A","9034","10000",1,0,0,0,0
"S65201D","V5889","10000",1,0,0,0,0
"S65201S","9083","10000",1,0,0,0,0
"S65202A","9034","10000",1,0,0,0,0
"S65202D","V5889","10000",1,0,0,0,0
"S65202S","9083","10000",1,0,0,0,0
"S65209A","9034","10000",1,0,0,0,0
"S65209D","V5889","10000",1,0,0,0,0
"S65209S","9083","10000",1,0,0,0,0
"S65211A","9034","10000",1,0,0,0,0
"S65211D","V5889","10000",1,0,0,0,0
"S65211S","9083","10000",1,0,0,0,0
"S65212A","9034","10000",1,0,0,0,0
"S65212D","V5889","10000",1,0,0,0,0
"S65212S","9083","10000",1,0,0,0,0
"S65219A","9034","10000",1,0,0,0,0
"S65219D","V5889","10000",1,0,0,0,0
"S65219S","9083","10000",1,0,0,0,0
"S65291A","9034","10000",1,0,0,0,0
"S65291D","V5889","10000",1,0,0,0,0
"S65291S","9083","10000",1,0,0,0,0
"S65292A","9034","10000",1,0,0,0,0
"S65292D","V5889","10000",1,0,0,0,0
"S65292S","9083","10000",1,0,0,0,0
"S65299A","9034","10000",1,0,0,0,0
"S65299D","V5889","10000",1,0,0,0,0
"S65299S","9083","10000",1,0,0,0,0
"S65301A","9034","10000",1,0,0,0,0
"S65301D","V5889","10000",1,0,0,0,0
"S65301S","9083","10000",1,0,0,0,0
"S65302A","9034","10000",1,0,0,0,0
"S65302D","V5889","10000",1,0,0,0,0
"S65302S","9083","10000",1,0,0,0,0
"S65309A","9034","10000",1,0,0,0,0
"S65309D","V5889","10000",1,0,0,0,0
"S65309S","9083","10000",1,0,0,0,0
"S65311A","9034","10000",1,0,0,0,0
"S65311D","V5889","10000",1,0,0,0,0
"S65311S","9083","10000",1,0,0,0,0
"S65312A","9034","10000",1,0,0,0,0
"S65312D","V5889","10000",1,0,0,0,0
"S65312S","9083","10000",1,0,0,0,0
"S65319A","9034","10000",1,0,0,0,0
"S65319D","V5889","10000",1,0,0,0,0
"S65319S","9083","10000",1,0,0,0,0
"S65391A","9034","10000",1,0,0,0,0
"S65391D","V5889","10000",1,0,0,0,0
"S65391S","9083","10000",1,0,0,0,0
"S65392A","9034","10000",1,0,0,0,0
"S65392D","V5889","10000",1,0,0,0,0
"S65392S","9083","10000",1,0,0,0,0
"S65399A","9034","10000",1,0,0,0,0
"S65399D","V5889","10000",1,0,0,0,0
"S65399S","9083","10000",1,0,0,0,0
"S65401A","9035","10000",1,0,0,0,0
"S65401D","V5889","10000",1,0,0,0,0
"S65401S","9083","10000",1,0,0,0,0
"S65402A","9035","10000",1,0,0,0,0
"S65402D","V5889","10000",1,0,0,0,0
"S65402S","9083","10000",1,0,0,0,0
"S65409A","9035","10000",1,0,0,0,0
"S65409D","V5889","10000",1,0,0,0,0
"S65409S","9083","10000",1,0,0,0,0
"S65411A","9035","10000",1,0,0,0,0
"S65411D","V5889","10000",1,0,0,0,0
"S65411S","9083","10000",1,0,0,0,0
"S65412A","9035","10000",1,0,0,0,0
"S65412D","V5889","10000",1,0,0,0,0
"S65412S","9083","10000",1,0,0,0,0
"S65419A","9035","10000",1,0,0,0,0
"S65419D","V5889","10000",1,0,0,0,0
"S65419S","9083","10000",1,0,0,0,0
"S65491A","9035","10000",1,0,0,0,0
"S65491D","V5889","10000",1,0,0,0,0
"S65491S","9083","10000",1,0,0,0,0
"S65492A","9035","10000",1,0,0,0,0
"S65492D","V5889","10000",1,0,0,0,0
"S65492S","9083","10000",1,0,0,0,0
"S65499A","9035","10000",1,0,0,0,0
"S65499D","V5889","10000",1,0,0,0,0
"S65499S","9083","10000",1,0,0,0,0
"S65500A","9035","10000",1,0,0,0,0
"S65500D","V5889","10000",1,0,0,0,0
"S65500S","9083","10000",1,0,0,0,0
"S65501A","9035","10000",1,0,0,0,0
"S65501D","V5889","10000",1,0,0,0,0
"S65501S","9083","10000",1,0,0,0,0
"S65502A","9035","10000",1,0,0,0,0
"S65502D","V5889","10000",1,0,0,0,0
"S65502S","9083","10000",1,0,0,0,0
"S65503A","9035","10000",1,0,0,0,0
"S65503D","V5889","10000",1,0,0,0,0
"S65503S","9083","10000",1,0,0,0,0
"S65504A","9035","10000",1,0,0,0,0
"S65504D","V5889","10000",1,0,0,0,0
"S65504S","9083","10000",1,0,0,0,0
"S65505A","9035","10000",1,0,0,0,0
"S65505D","V5889","10000",1,0,0,0,0
"S65505S","9083","10000",1,0,0,0,0
"S65506A","9035","10000",1,0,0,0,0
"S65506D","V5889","10000",1,0,0,0,0
"S65506S","9083","10000",1,0,0,0,0
"S65507A","9035","10000",1,0,0,0,0
"S65507D","V5889","10000",1,0,0,0,0
"S65507S","9083","10000",1,0,0,0,0
"S65508A","9035","10000",1,0,0,0,0
"S65508D","V5889","10000",1,0,0,0,0
"S65508S","9083","10000",1,0,0,0,0
"S65509A","9035","10000",1,0,0,0,0
"S65509D","V5889","10000",1,0,0,0,0
"S65509S","9083","10000",1,0,0,0,0
"S65510A","9035","10000",1,0,0,0,0
"S65510D","V5889","10000",1,0,0,0,0
"S65510S","9083","10000",1,0,0,0,0
"S65511A","9035","10000",1,0,0,0,0
"S65511D","V5889","10000",1,0,0,0,0
"S65511S","9083","10000",1,0,0,0,0
"S65512A","9035","10000",1,0,0,0,0
"S65512D","V5889","10000",1,0,0,0,0
"S65512S","9083","10000",1,0,0,0,0
"S65513A","9035","10000",1,0,0,0,0
"S65513D","V5889","10000",1,0,0,0,0
"S65513S","9083","10000",1,0,0,0,0
"S65514A","9035","10000",1,0,0,0,0
"S65514D","V5889","10000",1,0,0,0,0
"S65514S","9083","10000",1,0,0,0,0
"S65515A","9035","10000",1,0,0,0,0
"S65515D","V5889","10000",1,0,0,0,0
"S65515S","9083","10000",1,0,0,0,0
"S65516A","9035","10000",1,0,0,0,0
"S65516D","V5889","10000",1,0,0,0,0
"S65516S","9083","10000",1,0,0,0,0
"S65517A","9035","10000",1,0,0,0,0
"S65517D","V5889","10000",1,0,0,0,0
"S65517S","9083","10000",1,0,0,0,0
"S65518A","9035","10000",1,0,0,0,0
"S65518D","V5889","10000",1,0,0,0,0
"S65518S","9083","10000",1,0,0,0,0
"S65519A","9035","10000",1,0,0,0,0
"S65519D","V5889","10000",1,0,0,0,0
"S65519S","9083","10000",1,0,0,0,0
"S65590A","9035","10000",1,0,0,0,0
"S65590D","V5889","10000",1,0,0,0,0
"S65590S","9083","10000",1,0,0,0,0
"S65591A","9035","10000",1,0,0,0,0
"S65591D","V5889","10000",1,0,0,0,0
"S65591S","9083","10000",1,0,0,0,0
"S65592A","9035","10000",1,0,0,0,0
"S65592D","V5889","10000",1,0,0,0,0
"S65592S","9083","10000",1,0,0,0,0
"S65593A","9035","10000",1,0,0,0,0
"S65593D","V5889","10000",1,0,0,0,0
"S65593S","9083","10000",1,0,0,0,0
"S65594A","9035","10000",1,0,0,0,0
"S65594D","V5889","10000",1,0,0,0,0
"S65594S","9083","10000",1,0,0,0,0
"S65595A","9035","10000",1,0,0,0,0
"S65595D","V5889","10000",1,0,0,0,0
"S65595S","9083","10000",1,0,0,0,0
"S65596A","9035","10000",1,0,0,0,0
"S65596D","V5889","10000",1,0,0,0,0
"S65596S","9083","10000",1,0,0,0,0
"S65597A","9035","10000",1,0,0,0,0
"S65597D","V5889","10000",1,0,0,0,0
"S65597S","9083","10000",1,0,0,0,0
"S65598A","9035","10000",1,0,0,0,0
"S65598D","V5889","10000",1,0,0,0,0
"S65598S","9083","10000",1,0,0,0,0
"S65599A","9035","10000",1,0,0,0,0
"S65599D","V5889","10000",1,0,0,0,0
"S65599S","9083","10000",1,0,0,0,0
"S65801A","9038","10000",1,0,0,0,0
"S65801D","V5889","10000",1,0,0,0,0
"S65801S","9083","10000",1,0,0,0,0
"S65802A","9038","10000",1,0,0,0,0
"S65802D","V5889","10000",1,0,0,0,0
"S65802S","9083","10000",1,0,0,0,0
"S65809A","9038","10000",1,0,0,0,0
"S65809D","V5889","10000",1,0,0,0,0
"S65809S","9083","10000",1,0,0,0,0
"S65811A","9038","10000",1,0,0,0,0
"S65811D","V5889","10000",1,0,0,0,0
"S65811S","9083","10000",1,0,0,0,0
"S65812A","9038","10000",1,0,0,0,0
"S65812D","V5889","10000",1,0,0,0,0
"S65812S","9083","10000",1,0,0,0,0
"S65819A","9038","10000",1,0,0,0,0
"S65819D","V5889","10000",1,0,0,0,0
"S65819S","9083","10000",1,0,0,0,0
"S65891A","9038","10000",1,0,0,0,0
"S65891D","V5889","10000",1,0,0,0,0
"S65891S","9083","10000",1,0,0,0,0
"S65892A","9038","10000",1,0,0,0,0
"S65892D","V5889","10000",1,0,0,0,0
"S65892S","9083","10000",1,0,0,0,0
"S65899A","9038","10000",1,0,0,0,0
"S65899D","V5889","10000",1,0,0,0,0
"S65899S","9083","10000",1,0,0,0,0
"S65901A","9039","10000",1,0,0,0,0
"S65901D","V5889","10000",1,0,0,0,0
"S65901S","9083","10000",1,0,0,0,0
"S65902A","9039","10000",1,0,0,0,0
"S65902D","V5889","10000",1,0,0,0,0
"S65902S","9083","10000",1,0,0,0,0
"S65909A","9039","10000",1,0,0,0,0
"S65909D","V5889","10000",1,0,0,0,0
"S65909S","9083","10000",1,0,0,0,0
"S65911A","9039","10000",1,0,0,0,0
"S65911D","V5889","10000",1,0,0,0,0
"S65911S","9083","10000",1,0,0,0,0
"S65912A","9039","10000",1,0,0,0,0
"S65912D","V5889","10000",1,0,0,0,0
"S65912S","9083","10000",1,0,0,0,0
"S65919A","9039","10000",1,0,0,0,0
"S65919D","V5889","10000",1,0,0,0,0
"S65919S","9083","10000",1,0,0,0,0
"S65991A","9039","10000",1,0,0,0,0
"S65991D","V5889","10000",1,0,0,0,0
"S65991S","9083","10000",1,0,0,0,0
"S65992A","9039","10000",1,0,0,0,0
"S65992D","V5889","10000",1,0,0,0,0
"S65992S","9083","10000",1,0,0,0,0
"S65999A","9039","10000",1,0,0,0,0
"S65999D","V5889","10000",1,0,0,0,0
"S65999S","9083","10000",1,0,0,0,0
"S66001A","9593","10000",1,0,0,0,0
"S66001A","9594","10000",1,0,0,0,0
"S66001D","V5889","10000",1,0,0,0,0
"S66001S","9089","10000",1,0,0,0,0
"S66002A","9593","10000",1,0,0,0,0
"S66002A","9594","10000",1,0,0,0,0
"S66002D","V5889","10000",1,0,0,0,0
"S66002S","9089","10000",1,0,0,0,0
"S66009A","9593","10000",1,0,0,0,0
"S66009A","9594","10000",1,0,0,0,0
"S66009D","V5889","10000",1,0,0,0,0
"S66009S","9089","10000",1,0,0,0,0
"S66011A","84209","10000",1,0,0,0,0
"S66011A","84219","10000",1,0,0,0,0
"S66011D","V5889","10000",1,0,0,0,0
"S66011S","9057","10000",1,0,0,0,0
"S66012A","84209","10000",1,0,0,0,0
"S66012A","84219","10000",1,0,0,0,0
"S66012D","V5889","10000",1,0,0,0,0
"S66012S","9057","10000",1,0,0,0,0
"S66019A","84209","10000",1,0,0,0,0
"S66019A","84219","10000",1,0,0,0,0
"S66019D","V5889","10000",1,0,0,0,0
"S66019S","9057","10000",1,0,0,0,0
"S66021A","88122","10000",1,0,0,0,0
"S66021A","8822","10000",1,0,0,0,0
"S66021D","V5889","10000",1,0,0,0,0
"S66021S","9061","10000",1,0,0,0,0
"S66022A","88122","10000",1,0,0,0,0
"S66022A","8822","10000",1,0,0,0,0
"S66022D","V5889","10000",1,0,0,0,0
"S66022S","9061","10000",1,0,0,0,0
"S66029A","88122","10000",1,0,0,0,0
"S66029A","8822","10000",1,0,0,0,0
"S66029D","V5889","10000",1,0,0,0,0
"S66029S","9061","10000",1,0,0,0,0
"S66091A","9593","10000",1,0,0,0,0
"S66091D","V5889","10000",1,0,0,0,0
"S66091S","9089","10000",1,0,0,0,0
"S66092A","9593","10000",1,0,0,0,0
"S66092A","9594","10000",1,0,0,0,0
"S66092D","V5889","10000",1,0,0,0,0
"S66092S","9089","10000",1,0,0,0,0
"S66099A","9593","10000",1,0,0,0,0
"S66099A","9594","10000",1,0,0,0,0
"S66099D","V5889","10000",1,0,0,0,0
"S66099S","9089","10000",1,0,0,0,0
"S66100A","9593","10000",1,0,0,0,0
"S66100A","9594","10000",1,0,0,0,0
"S66100D","V5889","10000",1,0,0,0,0
"S66100S","9089","10000",1,0,0,0,0
"S66101A","9593","10000",1,0,0,0,0
"S66101A","9594","10000",1,0,0,0,0
"S66101D","V5889","10000",1,0,0,0,0
"S66101S","9089","10000",1,0,0,0,0
"S66102A","9593","10000",1,0,0,0,0
"S66102A","9594","10000",1,0,0,0,0
"S66102D","V5889","10000",1,0,0,0,0
"S66102S","9089","10000",1,0,0,0,0
"S66103A","9593","10000",1,0,0,0,0
"S66103A","9594","10000",1,0,0,0,0
"S66103D","V5889","10000",1,0,0,0,0
"S66103S","9089","10000",1,0,0,0,0
"S66104A","9593","10000",1,0,0,0,0
"S66104A","9594","10000",1,0,0,0,0
"S66104D","V5889","10000",1,0,0,0,0
"S66104S","9089","10000",1,0,0,0,0
"S66105A","9593","10000",1,0,0,0,0
"S66105A","9594","10000",1,0,0,0,0
"S66105D","V5889","10000",1,0,0,0,0
"S66105S","9089","10000",1,0,0,0,0
"S66106A","9593","10000",1,0,0,0,0
"S66106A","9594","10000",1,0,0,0,0
"S66106D","V5889","10000",1,0,0,0,0
"S66106S","9089","10000",1,0,0,0,0
"S66107A","9593","10000",1,0,0,0,0
"S66107A","9594","10000",1,0,0,0,0
"S66107D","V5889","10000",1,0,0,0,0
"S66107S","9089","10000",1,0,0,0,0
"S66108A","9593","10000",1,0,0,0,0
"S66108A","9594","10000",1,0,0,0,0
"S66108D","V5889","10000",1,0,0,0,0
"S66108S","9089","10000",1,0,0,0,0
"S66109A","9593","10000",1,0,0,0,0
"S66109A","9594","10000",1,0,0,0,0
"S66109D","V5889","10000",1,0,0,0,0
"S66109S","9089","10000",1,0,0,0,0
"S66110A","84209","10000",1,0,0,0,0
"S66110A","84219","10000",1,0,0,0,0
"S66110D","V5889","10000",1,0,0,0,0
"S66110S","9057","10000",1,0,0,0,0
"S66111A","84209","10000",1,0,0,0,0
"S66111A","84219","10000",1,0,0,0,0
"S66111D","V5889","10000",1,0,0,0,0
"S66111S","9057","10000",1,0,0,0,0
"S66112A","84209","10000",1,0,0,0,0
"S66112A","84219","10000",1,0,0,0,0
"S66112D","V5889","10000",1,0,0,0,0
"S66112S","9057","10000",1,0,0,0,0
"S66113A","84209","10000",1,0,0,0,0
"S66113A","84219","10000",1,0,0,0,0
"S66113D","V5889","10000",1,0,0,0,0
"S66113S","9057","10000",1,0,0,0,0
"S66114A","84209","10000",1,0,0,0,0
"S66114A","84219","10000",1,0,0,0,0
"S66114D","V5889","10000",1,0,0,0,0
"S66114S","9057","10000",1,0,0,0,0
"S66115A","84209","10000",1,0,0,0,0
"S66115A","84219","10000",1,0,0,0,0
"S66115D","V5889","10000",1,0,0,0,0
"S66115S","9057","10000",1,0,0,0,0
"S66116A","84209","10000",1,0,0,0,0
"S66116A","84219","10000",1,0,0,0,0
"S66116D","V5889","10000",1,0,0,0,0
"S66116S","9057","10000",1,0,0,0,0
"S66117A","84209","10000",1,0,0,0,0
"S66117A","84219","10000",1,0,0,0,0
"S66117D","V5889","10000",1,0,0,0,0
"S66117S","9057","10000",1,0,0,0,0
"S66118A","84209","10000",1,0,0,0,0
"S66118A","84219","10000",1,0,0,0,0
"S66118D","V5889","10000",1,0,0,0,0
"S66118S","9057","10000",1,0,0,0,0
"S66119A","84209","10000",1,0,0,0,0
"S66119A","84219","10000",1,0,0,0,0
"S66119D","V5889","10000",1,0,0,0,0
"S66119S","9057","10000",1,0,0,0,0
"S66120A","88122","10000",1,0,0,0,0
"S66120A","8822","10000",1,0,0,0,0
"S66120D","V5889","10000",1,0,0,0,0
"S66120S","9061","10000",1,0,0,0,0
"S66121A","88122","10000",1,0,0,0,0
"S66121A","8822","10000",1,0,0,0,0
"S66121D","V5889","10000",1,0,0,0,0
"S66121S","9061","10000",1,0,0,0,0
"S66122A","88122","10000",1,0,0,0,0
"S66122A","8822","10000",1,0,0,0,0
"S66122D","V5889","10000",1,0,0,0,0
"S66122S","9061","10000",1,0,0,0,0
"S66123A","88122","10000",1,0,0,0,0
"S66123A","8822","10000",1,0,0,0,0
"S66123D","V5889","10000",1,0,0,0,0
"S66123S","9061","10000",1,0,0,0,0
"S66124A","88122","10000",1,0,0,0,0
"S66124A","8822","10000",1,0,0,0,0
"S66124D","V5889","10000",1,0,0,0,0
"S66124S","9061","10000",1,0,0,0,0
"S66125A","88122","10000",1,0,0,0,0
"S66125A","8822","10000",1,0,0,0,0
"S66125D","V5889","10000",1,0,0,0,0
"S66125S","9061","10000",1,0,0,0,0
"S66126A","88122","10000",1,0,0,0,0
"S66126A","8822","10000",1,0,0,0,0
"S66126D","V5889","10000",1,0,0,0,0
"S66126S","9061","10000",1,0,0,0,0
"S66127A","88122","10000",1,0,0,0,0
"S66127A","8822","10000",1,0,0,0,0
"S66127D","V5889","10000",1,0,0,0,0
"S66127S","9061","10000",1,0,0,0,0
"S66128A","88122","10000",1,0,0,0,0
"S66128A","8822","10000",1,0,0,0,0
"S66128D","V5889","10000",1,0,0,0,0
"S66128S","9061","10000",1,0,0,0,0
"S66129A","88122","10000",1,0,0,0,0
"S66129A","8822","10000",1,0,0,0,0
"S66129D","V5889","10000",1,0,0,0,0
"S66129S","9061","10000",1,0,0,0,0
"S66190A","9593","10000",1,0,0,0,0
"S66190A","9594","10000",1,0,0,0,0
"S66190D","V5889","10000",1,0,0,0,0
"S66190S","9089","10000",1,0,0,0,0
"S66191A","9593","10000",1,0,0,0,0
"S66191A","9594","10000",1,0,0,0,0
"S66191D","V5889","10000",1,0,0,0,0
"S66191S","9089","10000",1,0,0,0,0
"S66192A","9593","10000",1,0,0,0,0
"S66192A","9594","10000",1,0,0,0,0
"S66192D","V5889","10000",1,0,0,0,0
"S66192S","9089","10000",1,0,0,0,0
"S66193A","9593","10000",1,0,0,0,0
"S66193A","9594","10000",1,0,0,0,0
"S66193D","V5889","10000",1,0,0,0,0
"S66193S","9089","10000",1,0,0,0,0
"S66194A","9593","10000",1,0,0,0,0
"S66194A","9594","10000",1,0,0,0,0
"S66194D","V5889","10000",1,0,0,0,0
"S66194S","9089","10000",1,0,0,0,0
"S66195A","9593","10000",1,0,0,0,0
"S66195A","9594","10000",1,0,0,0,0
"S66195D","V5889","10000",1,0,0,0,0
"S66195S","9089","10000",1,0,0,0,0
"S66196A","9593","10000",1,0,0,0,0
"S66196A","9594","10000",1,0,0,0,0
"S66196D","V5889","10000",1,0,0,0,0
"S66196S","9089","10000",1,0,0,0,0
"S66197A","9593","10000",1,0,0,0,0
"S66197A","9594","10000",1,0,0,0,0
"S66197D","V5889","10000",1,0,0,0,0
"S66197S","9089","10000",1,0,0,0,0
"S66198A","9593","10000",1,0,0,0,0
"S66198A","9594","10000",1,0,0,0,0
"S66198D","V5889","10000",1,0,0,0,0
"S66198S","9089","10000",1,0,0,0,0
"S66199A","9593","10000",1,0,0,0,0
"S66199A","9594","10000",1,0,0,0,0
"S66199D","V5889","10000",1,0,0,0,0
"S66199S","9089","10000",1,0,0,0,0
"S66201A","9593","10000",1,0,0,0,0
"S66201A","9594","10000",1,0,0,0,0
"S66201D","V5889","10000",1,0,0,0,0
"S66201S","9089","10000",1,0,0,0,0
"S66202A","9593","10000",1,0,0,0,0
"S66202A","9594","10000",1,0,0,0,0
"S66202D","V5889","10000",1,0,0,0,0
"S66202S","9089","10000",1,0,0,0,0
"S66209A","9594","10000",1,0,0,0,0
"S66209D","V5889","10000",1,0,0,0,0
"S66209S","9089","10000",1,0,0,0,0
"S66211A","84209","10000",1,0,0,0,0
"S66211A","84219","10000",1,0,0,0,0
"S66211D","V5889","10000",1,0,0,0,0
"S66211S","9057","10000",1,0,0,0,0
"S66212A","84209","10000",1,0,0,0,0
"S66212A","84219","10000",1,0,0,0,0
"S66212D","V5889","10000",1,0,0,0,0
"S66212S","9057","10000",1,0,0,0,0
"S66219A","84209","10000",1,0,0,0,0
"S66219A","84219","10000",1,0,0,0,0
"S66219D","V5889","10000",1,0,0,0,0
"S66219S","9057","10000",1,0,0,0,0
"S66221A","88122","10000",1,0,0,0,0
"S66221A","8822","10000",1,0,0,0,0
"S66221D","V5889","10000",1,0,0,0,0
"S66221S","9061","10000",1,0,0,0,0
"S66222A","88122","10000",1,0,0,0,0
"S66222A","8822","10000",1,0,0,0,0
"S66222D","V5889","10000",1,0,0,0,0
"S66222S","9061","10000",1,0,0,0,0
"S66229A","88122","10000",1,0,0,0,0
"S66229A","8822","10000",1,0,0,0,0
"S66229D","V5889","10000",1,0,0,0,0
"S66229S","9061","10000",1,0,0,0,0
"S66291A","9593","10000",1,0,0,0,0
"S66291A","9594","10000",1,0,0,0,0
"S66291D","V5889","10000",1,0,0,0,0
"S66291S","9089","10000",1,0,0,0,0
"S66292A","9593","10000",1,0,0,0,0
"S66292A","9594","10000",1,0,0,0,0
"S66292D","V5889","10000",1,0,0,0,0
"S66292S","9089","10000",1,0,0,0,0
"S66299A","9593","10000",1,0,0,0,0
"S66299A","9594","10000",1,0,0,0,0
"S66299D","V5889","10000",1,0,0,0,0
"S66299S","9089","10000",1,0,0,0,0
"S66300A","9593","10000",1,0,0,0,0
"S66300A","9594","10000",1,0,0,0,0
"S66300D","V5889","10000",1,0,0,0,0
"S66300S","9089","10000",1,0,0,0,0
"S66301A","9593","10000",1,0,0,0,0
"S66301A","9594","10000",1,0,0,0,0
"S66301D","V5889","10000",1,0,0,0,0
"S66301S","9089","10000",1,0,0,0,0
"S66302A","9593","10000",1,0,0,0,0
"S66302A","9594","10000",1,0,0,0,0
"S66302D","V5889","10000",1,0,0,0,0
"S66302S","9089","10000",1,0,0,0,0
"S66303A","9593","10000",1,0,0,0,0
"S66303A","9594","10000",1,0,0,0,0
"S66303D","V5889","10000",1,0,0,0,0
"S66303S","9089","10000",1,0,0,0,0
"S66304A","9593","10000",1,0,0,0,0
"S66304A","9594","10000",1,0,0,0,0
"S66304D","V5889","10000",1,0,0,0,0
"S66304S","9089","10000",1,0,0,0,0
"S66305A","9593","10000",1,0,0,0,0
"S66305A","9594","10000",1,0,0,0,0
"S66305D","V5889","10000",1,0,0,0,0
"S66305S","9089","10000",1,0,0,0,0
"S66306A","9593","10000",1,0,0,0,0
"S66306A","9594","10000",1,0,0,0,0
"S66306D","V5889","10000",1,0,0,0,0
"S66306S","9089","10000",1,0,0,0,0
"S66307A","9593","10000",1,0,0,0,0
"S66307A","9594","10000",1,0,0,0,0
"S66307D","V5889","10000",1,0,0,0,0
"S66307S","9089","10000",1,0,0,0,0
"S66308A","9593","10000",1,0,0,0,0
"S66308A","9594","10000",1,0,0,0,0
"S66308D","V5889","10000",1,0,0,0,0
"S66308S","9089","10000",1,0,0,0,0
"S66309A","9593","10000",1,0,0,0,0
"S66309A","9594","10000",1,0,0,0,0
"S66309D","V5889","10000",1,0,0,0,0
"S66309S","9089","10000",1,0,0,0,0
"S66310A","84209","10000",1,0,0,0,0
"S66310A","84219","10000",1,0,0,0,0
"S66310D","V5889","10000",1,0,0,0,0
"S66310S","9057","10000",1,0,0,0,0
"S66311A","84209","10000",1,0,0,0,0
"S66311A","84219","10000",1,0,0,0,0
"S66311D","V5889","10000",1,0,0,0,0
"S66311S","9057","10000",1,0,0,0,0
"S66312A","84209","10000",1,0,0,0,0
"S66312A","84219","10000",1,0,0,0,0
"S66312D","V5889","10000",1,0,0,0,0
"S66312S","9057","10000",1,0,0,0,0
"S66313A","84209","10000",1,0,0,0,0
"S66313A","84219","10000",1,0,0,0,0
"S66313D","V5889","10000",1,0,0,0,0
"S66313S","9057","10000",1,0,0,0,0
"S66314A","84209","10000",1,0,0,0,0
"S66314A","84219","10000",1,0,0,0,0
"S66314D","V5889","10000",1,0,0,0,0
"S66314S","9057","10000",1,0,0,0,0
"S66315A","84209","10000",1,0,0,0,0
"S66315A","84219","10000",1,0,0,0,0
"S66315D","V5889","10000",1,0,0,0,0
"S66315S","9057","10000",1,0,0,0,0
"S66316A","84209","10000",1,0,0,0,0
"S66316A","84219","10000",1,0,0,0,0
"S66316D","V5889","10000",1,0,0,0,0
"S66316S","9057","10000",1,0,0,0,0
"S66317A","84209","10000",1,0,0,0,0
"S66317A","84219","10000",1,0,0,0,0
"S66317D","V5889","10000",1,0,0,0,0
"S66317S","9057","10000",1,0,0,0,0
"S66318A","84209","10000",1,0,0,0,0
"S66318A","84219","10000",1,0,0,0,0
"S66318D","V5889","10000",1,0,0,0,0
"S66318S","9057","10000",1,0,0,0,0
"S66319A","84209","10000",1,0,0,0,0
"S66319A","84219","10000",1,0,0,0,0
"S66319D","V5889","10000",1,0,0,0,0
"S66319S","9057","10000",1,0,0,0,0
"S66320A","88122","10000",1,0,0,0,0
"S66320A","8822","10000",1,0,0,0,0
"S66320D","V5889","10000",1,0,0,0,0
"S66320S","9061","10000",1,0,0,0,0
"S66321A","88122","10000",1,0,0,0,0
"S66321A","8822","10000",1,0,0,0,0
"S66321D","V5889","10000",1,0,0,0,0
"S66321S","9061","10000",1,0,0,0,0
"S66322A","88122","10000",1,0,0,0,0
"S66322A","8822","10000",1,0,0,0,0
"S66322D","V5889","10000",1,0,0,0,0
"S66322S","9061","10000",1,0,0,0,0
"S66323A","88122","10000",1,0,0,0,0
"S66323A","8822","10000",1,0,0,0,0
"S66323D","V5889","10000",1,0,0,0,0
"S66323S","9061","10000",1,0,0,0,0
"S66324A","88122","10000",1,0,0,0,0
"S66324A","8822","10000",1,0,0,0,0
"S66324D","V5889","10000",1,0,0,0,0
"S66324S","9061","10000",1,0,0,0,0
"S66325A","88122","10000",1,0,0,0,0
"S66325A","8822","10000",1,0,0,0,0
"S66325D","V5889","10000",1,0,0,0,0
"S66325S","9061","10000",1,0,0,0,0
"S66326A","88122","10000",1,0,0,0,0
"S66326A","8822","10000",1,0,0,0,0
"S66326D","V5889","10000",1,0,0,0,0
"S66326S","9061","10000",1,0,0,0,0
"S66327A","88122","10000",1,0,0,0,0
"S66327A","8822","10000",1,0,0,0,0
"S66327D","V5889","10000",1,0,0,0,0
"S66327S","9061","10000",1,0,0,0,0
"S66328A","88122","10000",1,0,0,0,0
"S66328A","8822","10000",1,0,0,0,0
"S66328D","V5889","10000",1,0,0,0,0
"S66328S","9061","10000",1,0,0,0,0
"S66329A","88122","10000",1,0,0,0,0
"S66329A","8822","10000",1,0,0,0,0
"S66329D","V5889","10000",1,0,0,0,0
"S66329S","9061","10000",1,0,0,0,0
"S66390A","9593","10000",1,0,0,0,0
"S66390A","9594","10000",1,0,0,0,0
"S66390D","V5889","10000",1,0,0,0,0
"S66390S","9089","10000",1,0,0,0,0
"S66391A","9593","10000",1,0,0,0,0
"S66391A","9594","10000",1,0,0,0,0
"S66391D","V5889","10000",1,0,0,0,0
"S66391S","9089","10000",1,0,0,0,0
"S66392A","9593","10000",1,0,0,0,0
"S66392A","9594","10000",1,0,0,0,0
"S66392D","V5889","10000",1,0,0,0,0
"S66392S","9089","10000",1,0,0,0,0
"S66393A","9593","10000",1,0,0,0,0
"S66393A","9594","10000",1,0,0,0,0
"S66393D","V5889","10000",1,0,0,0,0
"S66393S","9089","10000",1,0,0,0,0
"S66394A","9593","10000",1,0,0,0,0
"S66394A","9594","10000",1,0,0,0,0
"S66394D","V5889","10000",1,0,0,0,0
"S66394S","9089","10000",1,0,0,0,0
"S66395A","9593","10000",1,0,0,0,0
"S66395A","9594","10000",1,0,0,0,0
"S66395D","V5889","10000",1,0,0,0,0
"S66395S","9089","10000",1,0,0,0,0
"S66396A","9593","10000",1,0,0,0,0
"S66396A","9594","10000",1,0,0,0,0
"S66396D","V5889","10000",1,0,0,0,0
"S66396S","9089","10000",1,0,0,0,0
"S66397A","9593","10000",1,0,0,0,0
"S66397A","9594","10000",1,0,0,0,0
"S66397D","V5889","10000",1,0,0,0,0
"S66397S","9089","10000",1,0,0,0,0
"S66398A","9593","10000",1,0,0,0,0
"S66398A","9594","10000",1,0,0,0,0
"S66398D","V5889","10000",1,0,0,0,0
"S66398S","9089","10000",1,0,0,0,0
"S66399A","9593","10000",1,0,0,0,0
"S66399A","9594","10000",1,0,0,0,0
"S66399D","V5889","10000",1,0,0,0,0
"S66399S","9089","10000",1,0,0,0,0
"S66401A","9593","10000",1,0,0,0,0
"S66401A","9594","10000",1,0,0,0,0
"S66401D","V5889","10000",1,0,0,0,0
"S66401S","9089","10000",1,0,0,0,0
"S66402A","9593","10000",1,0,0,0,0
"S66402A","9594","10000",1,0,0,0,0
"S66402D","V5889","10000",1,0,0,0,0
"S66402S","9089","10000",1,0,0,0,0
"S66409A","9593","10000",1,0,0,0,0
"S66409A","9594","10000",1,0,0,0,0
"S66409D","V5889","10000",1,0,0,0,0
"S66409S","9089","10000",1,0,0,0,0
"S66411A","84209","10000",1,0,0,0,0
"S66411A","84219","10000",1,0,0,0,0
"S66411D","V5889","10000",1,0,0,0,0
"S66411S","9057","10000",1,0,0,0,0
"S66412A","84209","10000",1,0,0,0,0
"S66412A","84219","10000",1,0,0,0,0
"S66412D","V5889","10000",1,0,0,0,0
"S66412S","9057","10000",1,0,0,0,0
"S66419A","84209","10000",1,0,0,0,0
"S66419A","84219","10000",1,0,0,0,0
"S66419D","V5889","10000",1,0,0,0,0
"S66419S","9057","10000",1,0,0,0,0
"S66421A","88122","10000",1,0,0,0,0
"S66421A","8822","10000",1,0,0,0,0
"S66421D","V5889","10000",1,0,0,0,0
"S66421S","9061","10000",1,0,0,0,0
"S66422A","88122","10000",1,0,0,0,0
"S66422A","8822","10000",1,0,0,0,0
"S66422D","V5889","10000",1,0,0,0,0
"S66422S","9061","10000",1,0,0,0,0
"S66429A","88122","10000",1,0,0,0,0
"S66429A","8822","10000",1,0,0,0,0
"S66429D","V5889","10000",1,0,0,0,0
"S66429S","9061","10000",1,0,0,0,0
"S66491A","9593","10000",1,0,0,0,0
"S66491A","9594","10000",1,0,0,0,0
"S66491D","V5889","10000",1,0,0,0,0
"S66491S","9089","10000",1,0,0,0,0
"S66492A","9593","10000",1,0,0,0,0
"S66492A","9594","10000",1,0,0,0,0
"S66492D","V5889","10000",1,0,0,0,0
"S66492S","9089","10000",1,0,0,0,0
"S66499A","9593","10000",1,0,0,0,0
"S66499A","9594","10000",1,0,0,0,0
"S66499D","V5889","10000",1,0,0,0,0
"S66499S","9089","10000",1,0,0,0,0
"S66500A","9593","10000",1,0,0,0,0
"S66500A","9594","10000",1,0,0,0,0
"S66500D","V5889","10000",1,0,0,0,0
"S66500S","9089","10000",1,0,0,0,0
"S66501A","9593","10000",1,0,0,0,0
"S66501A","9594","10000",1,0,0,0,0
"S66501D","V5889","10000",1,0,0,0,0
"S66501S","9089","10000",1,0,0,0,0
"S66502A","9593","10000",1,0,0,0,0
"S66502A","9594","10000",1,0,0,0,0
"S66502D","V5889","10000",1,0,0,0,0
"S66502S","9089","10000",1,0,0,0,0
"S66503A","9593","10000",1,0,0,0,0
"S66503A","9594","10000",1,0,0,0,0
"S66503D","V5889","10000",1,0,0,0,0
"S66503S","9089","10000",1,0,0,0,0
"S66504A","9593","10000",1,0,0,0,0
"S66504A","9594","10000",1,0,0,0,0
"S66504D","V5889","10000",1,0,0,0,0
"S66504S","9089","10000",1,0,0,0,0
"S66505A","9593","10000",1,0,0,0,0
"S66505A","9594","10000",1,0,0,0,0
"S66505D","V5889","10000",1,0,0,0,0
"S66505S","9089","10000",1,0,0,0,0
"S66506A","9593","10000",1,0,0,0,0
"S66506A","9594","10000",1,0,0,0,0
"S66506D","V5889","10000",1,0,0,0,0
"S66506S","9089","10000",1,0,0,0,0
"S66507A","9593","10000",1,0,0,0,0
"S66507A","9594","10000",1,0,0,0,0
"S66507D","V5889","10000",1,0,0,0,0
"S66507S","9089","10000",1,0,0,0,0
"S66508A","9593","10000",1,0,0,0,0
"S66508A","9594","10000",1,0,0,0,0
"S66508D","V5889","10000",1,0,0,0,0
"S66508S","9089","10000",1,0,0,0,0
"S66509A","9593","10000",1,0,0,0,0
"S66509A","9594","10000",1,0,0,0,0
"S66509D","V5889","10000",1,0,0,0,0
"S66509S","9089","10000",1,0,0,0,0
"S66510A","84209","10000",1,0,0,0,0
"S66510A","84219","10000",1,0,0,0,0
"S66510D","V5889","10000",1,0,0,0,0
"S66510S","9057","10000",1,0,0,0,0
"S66511A","84209","10000",1,0,0,0,0
"S66511A","84219","10000",1,0,0,0,0
"S66511D","V5889","10000",1,0,0,0,0
"S66511S","9057","10000",1,0,0,0,0
"S66512A","84209","10000",1,0,0,0,0
"S66512A","84219","10000",1,0,0,0,0
"S66512D","V5889","10000",1,0,0,0,0
"S66512S","9057","10000",1,0,0,0,0
"S66513A","84209","10000",1,0,0,0,0
"S66513A","84219","10000",1,0,0,0,0
"S66513D","V5889","10000",1,0,0,0,0
"S66513S","9057","10000",1,0,0,0,0
"S66514A","84209","10000",1,0,0,0,0
"S66514A","84219","10000",1,0,0,0,0
"S66514D","V5889","10000",1,0,0,0,0
"S66514S","9057","10000",1,0,0,0,0
"S66515A","84209","10000",1,0,0,0,0
"S66515A","84219","10000",1,0,0,0,0
"S66515D","V5889","10000",1,0,0,0,0
"S66515S","9057","10000",1,0,0,0,0
"S66516A","84209","10000",1,0,0,0,0
"S66516A","84219","10000",1,0,0,0,0
"S66516D","V5889","10000",1,0,0,0,0
"S66516S","9057","10000",1,0,0,0,0
"S66517A","84209","10000",1,0,0,0,0
"S66517A","84219","10000",1,0,0,0,0
"S66517D","V5889","10000",1,0,0,0,0
"S66517S","9057","10000",1,0,0,0,0
"S66518A","84209","10000",1,0,0,0,0
"S66518A","84219","10000",1,0,0,0,0
"S66518D","V5889","10000",1,0,0,0,0
"S66518S","9057","10000",1,0,0,0,0
"S66519A","84209","10000",1,0,0,0,0
"S66519A","84219","10000",1,0,0,0,0
"S66519D","V5889","10000",1,0,0,0,0
"S66519S","9057","10000",1,0,0,0,0
"S66520A","88122","10000",1,0,0,0,0
"S66520A","8822","10000",1,0,0,0,0
"S66520D","V5889","10000",1,0,0,0,0
"S66520S","9061","10000",1,0,0,0,0
"S66521A","88122","10000",1,0,0,0,0
"S66521A","8822","10000",1,0,0,0,0
"S66521D","V5889","10000",1,0,0,0,0
"S66521S","9061","10000",1,0,0,0,0
"S66522A","88122","10000",1,0,0,0,0
"S66522A","8822","10000",1,0,0,0,0
"S66522D","V5889","10000",1,0,0,0,0
"S66522S","9061","10000",1,0,0,0,0
"S66523A","88122","10000",1,0,0,0,0
"S66523A","8822","10000",1,0,0,0,0
"S66523D","V5889","10000",1,0,0,0,0
"S66523S","9061","10000",1,0,0,0,0
"S66524A","88122","10000",1,0,0,0,0
"S66524A","8822","10000",1,0,0,0,0
"S66524D","V5889","10000",1,0,0,0,0
"S66524S","9061","10000",1,0,0,0,0
"S66525A","88122","10000",1,0,0,0,0
"S66525A","8822","10000",1,0,0,0,0
"S66525D","V5889","10000",1,0,0,0,0
"S66525S","9061","10000",1,0,0,0,0
"S66526A","88122","10000",1,0,0,0,0
"S66526A","8822","10000",1,0,0,0,0
"S66526D","V5889","10000",1,0,0,0,0
"S66526S","9061","10000",1,0,0,0,0
"S66527A","88122","10000",1,0,0,0,0
"S66527A","8822","10000",1,0,0,0,0
"S66527D","V5889","10000",1,0,0,0,0
"S66527S","9061","10000",1,0,0,0,0
"S66528A","88122","10000",1,0,0,0,0
"S66528A","8822","10000",1,0,0,0,0
"S66528D","V5889","10000",1,0,0,0,0
"S66528S","9061","10000",1,0,0,0,0
"S66529A","88122","10000",1,0,0,0,0
"S66529A","8822","10000",1,0,0,0,0
"S66529D","V5889","10000",1,0,0,0,0
"S66529S","9061","10000",1,0,0,0,0
"S66590A","9593","10000",1,0,0,0,0
"S66590A","9594","10000",1,0,0,0,0
"S66590D","V5889","10000",1,0,0,0,0
"S66590S","9089","10000",1,0,0,0,0
"S66591A","9593","10000",1,0,0,0,0
"S66591A","9594","10000",1,0,0,0,0
"S66591D","V5889","10000",1,0,0,0,0
"S66591S","9089","10000",1,0,0,0,0
"S66592A","9593","10000",1,0,0,0,0
"S66592A","9594","10000",1,0,0,0,0
"S66592D","V5889","10000",1,0,0,0,0
"S66592S","9089","10000",1,0,0,0,0
"S66593A","9593","10000",1,0,0,0,0
"S66593A","9594","10000",1,0,0,0,0
"S66593D","V5889","10000",1,0,0,0,0
"S66593S","9089","10000",1,0,0,0,0
"S66594A","9593","10000",1,0,0,0,0
"S66594A","9594","10000",1,0,0,0,0
"S66594D","V5889","10000",1,0,0,0,0
"S66594S","9089","10000",1,0,0,0,0
"S66595A","9593","10000",1,0,0,0,0
"S66595A","9594","10000",1,0,0,0,0
"S66595D","V5889","10000",1,0,0,0,0
"S66595S","9089","10000",1,0,0,0,0
"S66596A","9593","10000",1,0,0,0,0
"S66596A","9594","10000",1,0,0,0,0
"S66596D","V5889","10000",1,0,0,0,0
"S66596S","9089","10000",1,0,0,0,0
"S66597A","9593","10000",1,0,0,0,0
"S66597A","9594","10000",1,0,0,0,0
"S66597D","V5889","10000",1,0,0,0,0
"S66597S","9089","10000",1,0,0,0,0
"S66598A","9593","10000",1,0,0,0,0
"S66598A","9594","10000",1,0,0,0,0
"S66598D","V5889","10000",1,0,0,0,0
"S66598S","9089","10000",1,0,0,0,0
"S66599A","9593","10000",1,0,0,0,0
"S66599A","9594","10000",1,0,0,0,0
"S66599D","V5889","10000",1,0,0,0,0
"S66599S","9089","10000",1,0,0,0,0
"S66801A","9593","10000",1,0,0,0,0
"S66801A","9594","10000",1,0,0,0,0
"S66801D","V5889","10000",1,0,0,0,0
"S66801S","9089","10000",1,0,0,0,0
"S66802A","9593","10000",1,0,0,0,0
"S66802A","9594","10000",1,0,0,0,0
"S66802D","V5889","10000",1,0,0,0,0
"S66802S","9089","10000",1,0,0,0,0
"S66809A","9593","10000",1,0,0,0,0
"S66809A","9594","10000",1,0,0,0,0
"S66809D","V5889","10000",1,0,0,0,0
"S66809S","9089","10000",1,0,0,0,0
"S66811A","84209","10000",1,0,0,0,0
"S66811A","84219","10000",1,0,0,0,0
"S66811D","V5889","10000",1,0,0,0,0
"S66811S","9057","10000",1,0,0,0,0
"S66812A","84209","10000",1,0,0,0,0
"S66812A","84219","10000",1,0,0,0,0
"S66812D","V5889","10000",1,0,0,0,0
"S66812S","9057","10000",1,0,0,0,0
"S66819A","84209","10000",1,0,0,0,0
"S66819A","84219","10000",1,0,0,0,0
"S66819D","V5889","10000",1,0,0,0,0
"S66819S","9057","10000",1,0,0,0,0
"S66821A","88122","10000",1,0,0,0,0
"S66821A","8822","10000",1,0,0,0,0
"S66821D","V5889","10000",1,0,0,0,0
"S66821S","9061","10000",1,0,0,0,0
"S66822A","88122","10000",1,0,0,0,0
"S66822A","8822","10000",1,0,0,0,0
"S66822D","V5889","10000",1,0,0,0,0
"S66822S","9061","10000",1,0,0,0,0
"S66829A","88122","10000",1,0,0,0,0
"S66829A","8822","10000",1,0,0,0,0
"S66829D","V5889","10000",1,0,0,0,0
"S66829S","9061","10000",1,0,0,0,0
"S66891A","9593","10000",1,0,0,0,0
"S66891A","9594","10000",1,0,0,0,0
"S66891D","V5889","10000",1,0,0,0,0
"S66891S","9089","10000",1,0,0,0,0
"S66892A","9593","10000",1,0,0,0,0
"S66892A","9594","10000",1,0,0,0,0
"S66892D","V5889","10000",1,0,0,0,0
"S66892S","9089","10000",1,0,0,0,0
"S66899A","9593","10000",1,0,0,0,0
"S66899A","9594","10000",1,0,0,0,0
"S66899D","V5889","10000",1,0,0,0,0
"S66899S","9089","10000",1,0,0,0,0
"S66901A","9593","10000",1,0,0,0,0
"S66901A","9594","10000",1,0,0,0,0
"S66901D","V5889","10000",1,0,0,0,0
"S66901S","9089","10000",1,0,0,0,0
"S66902A","9593","10000",1,0,0,0,0
"S66902A","9594","10000",1,0,0,0,0
"S66902D","V5889","10000",1,0,0,0,0
"S66902S","9089","10000",1,0,0,0,0
"S66909A","9593","10000",1,0,0,0,0
"S66909A","9594","10000",1,0,0,0,0
"S66909D","V5889","10000",1,0,0,0,0
"S66909S","9089","10000",1,0,0,0,0
"S66911A","84200","10000",1,0,0,0,0
"S66911A","84210","10000",1,0,0,0,0
"S66911D","V5889","10000",1,0,0,0,0
"S66911S","9057","10000",1,0,0,0,0
"S66912A","84200","10000",1,0,0,0,0
"S66912A","84210","10000",1,0,0,0,0
"S66912D","V5889","10000",1,0,0,0,0
"S66912S","9057","10000",1,0,0,0,0
"S66919A","84200","10000",1,0,0,0,0
"S66919A","84210","10000",1,0,0,0,0
"S66919D","V5889","10000",1,0,0,0,0
"S66919S","9057","10000",1,0,0,0,0
"S66921A","88122","10000",1,0,0,0,0
"S66921A","8822","10000",1,0,0,0,0
"S66921D","V5889","10000",1,0,0,0,0
"S66921S","9061","10000",1,0,0,0,0
"S66922A","88122","10000",1,0,0,0,0
"S66922A","8822","10000",1,0,0,0,0
"S66922D","V5889","10000",1,0,0,0,0
"S66922S","9061","10000",1,0,0,0,0
"S66929A","88122","10000",1,0,0,0,0
"S66929A","8822","10000",1,0,0,0,0
"S66929D","V5889","10000",1,0,0,0,0
"S66929S","9061","10000",1,0,0,0,0
"S66991A","9593","10000",1,0,0,0,0
"S66991A","9594","10000",1,0,0,0,0
"S66991D","V5889","10000",1,0,0,0,0
"S66991S","9089","10000",1,0,0,0,0
"S66992A","9593","10000",1,0,0,0,0
"S66992A","9594","10000",1,0,0,0,0
"S66992D","V5889","10000",1,0,0,0,0
"S66992S","9089","10000",1,0,0,0,0
"S66999A","9593","10000",1,0,0,0,0
"S66999A","9594","10000",1,0,0,0,0
"S66999D","V5889","10000",1,0,0,0,0
"S66999S","9089","10000",1,0,0,0,0
"S6700XA","9273","10000",1,0,0,0,0
"S6700XD","V5889","10000",1,0,0,0,0
"S6700XS","9064","10000",1,0,0,0,0
"S6701XA","9273","10000",1,0,0,0,0
"S6701XD","V5889","10000",1,0,0,0,0
"S6701XS","9064","10000",1,0,0,0,0
"S6702XA","9273","10000",1,0,0,0,0
"S6702XD","V5889","10000",1,0,0,0,0
"S6702XS","9064","10000",1,0,0,0,0
"S6710XA","9273","10000",1,0,0,0,0
"S6710XD","V5889","10000",1,0,0,0,0
"S6710XS","9064","10000",1,0,0,0,0
"S67190A","9273","10000",1,0,0,0,0
"S67190D","V5889","10000",1,0,0,0,0
"S67190S","9064","10000",1,0,0,0,0
"S67191A","9273","10000",1,0,0,0,0
"S67191D","V5889","10000",1,0,0,0,0
"S67191S","9064","10000",1,0,0,0,0
"S67192A","9273","10000",1,0,0,0,0
"S67192D","V5889","10000",1,0,0,0,0
"S67192S","9064","10000",1,0,0,0,0
"S67193A","9273","10000",1,0,0,0,0
"S67193D","V5889","10000",1,0,0,0,0
"S67193S","9064","10000",1,0,0,0,0
"S67194A","9273","10000",1,0,0,0,0
"S67194D","V5889","10000",1,0,0,0,0
"S67194S","9064","10000",1,0,0,0,0
"S67195A","9273","10000",1,0,0,0,0
"S67195D","V5889","10000",1,0,0,0,0
"S67195S","9064","10000",1,0,0,0,0
"S67196A","9273","10000",1,0,0,0,0
"S67196D","V5889","10000",1,0,0,0,0
"S67196S","9064","10000",1,0,0,0,0
"S67197A","9273","10000",1,0,0,0,0
"S67197D","V5889","10000",1,0,0,0,0
"S67197S","9064","10000",1,0,0,0,0
"S67198A","9273","10000",1,0,0,0,0
"S67198D","V5889","10000",1,0,0,0,0
"S67198S","9064","10000",1,0,0,0,0
"S6720XA","92720","10000",1,0,0,0,0
"S6720XD","V5889","10000",1,0,0,0,0
"S6720XS","9064","10000",1,0,0,0,0
"S6721XA","92720","10000",1,0,0,0,0
"S6721XD","V5889","10000",1,0,0,0,0
"S6721XS","9064","10000",1,0,0,0,0
"S6722XA","92720","10000",1,0,0,0,0
"S6722XD","V5889","10000",1,0,0,0,0
"S6722XS","9064","10000",1,0,0,0,0
"S6730XA","92721","10000",1,0,0,0,0
"S6730XD","V5889","10000",1,0,0,0,0
"S6730XS","9064","10000",1,0,0,0,0
"S6731XA","92721","10000",1,0,0,0,0
"S6731XD","V5889","10000",1,0,0,0,0
"S6731XS","9064","10000",1,0,0,0,0
"S6732XA","92721","10000",1,0,0,0,0
"S6732XD","V5889","10000",1,0,0,0,0
"S6732XS","9064","10000",1,0,0,0,0
"S6740XA","92721","10000",1,0,0,0,0
"S6740XD","V5889","10000",1,0,0,0,0
"S6740XS","9064","10000",1,0,0,0,0
"S6741XA","92721","10000",1,0,0,0,0
"S6741XD","V5889","10000",1,0,0,0,0
"S6741XS","9064","10000",1,0,0,0,0
"S6742XA","92721","10000",1,0,0,0,0
"S6742XD","V5889","10000",1,0,0,0,0
"S6742XS","9064","10000",1,0,0,0,0
"S6790XA","92721","10000",1,0,0,0,0
"S6790XD","V5889","10000",1,0,0,0,0
"S6790XS","9064","10000",1,0,0,0,0
"S6791XA","92721","10000",1,0,0,0,0
"S6791XD","V5889","10000",1,0,0,0,0
"S6791XS","9064","10000",1,0,0,0,0
"S6792XA","92721","10000",1,0,0,0,0
"S6792XD","V5889","10000",1,0,0,0,0
"S6792XS","9064","10000",1,0,0,0,0
"S68011A","8850","10000",1,0,0,0,0
"S68011D","V5889","10000",1,0,0,0,0
"S68011S","9059","10000",1,0,0,0,0
"S68012A","8850","10000",1,0,0,0,0
"S68012D","V5889","10000",1,0,0,0,0
"S68012S","9059","10000",1,0,0,0,0
"S68019A","8850","10000",1,0,0,0,0
"S68019D","V5889","10000",1,0,0,0,0
"S68019S","9059","10000",1,0,0,0,0
"S68021A","8850","10000",1,0,0,0,0
"S68021D","V5889","10000",1,0,0,0,0
"S68021S","9059","10000",1,0,0,0,0
"S68022A","8850","10000",1,0,0,0,0
"S68022D","V5889","10000",1,0,0,0,0
"S68022S","9059","10000",1,0,0,0,0
"S68029A","8850","10000",1,0,0,0,0
"S68029D","V5889","10000",1,0,0,0,0
"S68029S","9059","10000",1,0,0,0,0
"S68110A","8860","10000",1,0,0,0,0
"S68110D","V5889","10000",1,0,0,0,0
"S68110S","9059","10000",1,0,0,0,0
"S68111A","8860","10000",1,0,0,0,0
"S68111D","V5889","10000",1,0,0,0,0
"S68111S","9059","10000",1,0,0,0,0
"S68112A","8860","10000",1,0,0,0,0
"S68112D","V5889","10000",1,0,0,0,0
"S68112S","9059","10000",1,0,0,0,0
"S68113A","8860","10000",1,0,0,0,0
"S68113D","V5889","10000",1,0,0,0,0
"S68113S","9059","10000",1,0,0,0,0
"S68114A","8860","10000",1,0,0,0,0
"S68114D","V5889","10000",1,0,0,0,0
"S68114S","9059","10000",1,0,0,0,0
"S68115A","8860","10000",1,0,0,0,0
"S68115D","V5889","10000",1,0,0,0,0
"S68115S","9059","10000",1,0,0,0,0
"S68116A","8860","10000",1,0,0,0,0
"S68116D","V5889","10000",1,0,0,0,0
"S68116S","9059","10000",1,0,0,0,0
"S68117A","8860","10000",1,0,0,0,0
"S68117D","V5889","10000",1,0,0,0,0
"S68117S","9059","10000",1,0,0,0,0
"S68118A","8860","10000",1,0,0,0,0
"S68118D","V5889","10000",1,0,0,0,0
"S68118S","9059","10000",1,0,0,0,0
"S68119A","8860","10000",1,0,0,0,0
"S68119D","V5889","10000",1,0,0,0,0
"S68119S","9059","10000",1,0,0,0,0
"S68120A","8860","10000",1,0,0,0,0
"S68120D","V5889","10000",1,0,0,0,0
"S68120S","9059","10000",1,0,0,0,0
"S68121A","8860","10000",1,0,0,0,0
"S68121D","V5889","10000",1,0,0,0,0
"S68121S","9059","10000",1,0,0,0,0
"S68122A","8860","10000",1,0,0,0,0
"S68122D","V5889","10000",1,0,0,0,0
"S68122S","9059","10000",1,0,0,0,0
"S68123A","8860","10000",1,0,0,0,0
"S68123D","V5889","10000",1,0,0,0,0
"S68123S","9059","10000",1,0,0,0,0
"S68124A","8860","10000",1,0,0,0,0
"S68124D","V5889","10000",1,0,0,0,0
"S68124S","9059","10000",1,0,0,0,0
"S68125A","8860","10000",1,0,0,0,0
"S68125D","V5889","10000",1,0,0,0,0
"S68125S","9059","10000",1,0,0,0,0
"S68126A","8860","10000",1,0,0,0,0
"S68126D","V5889","10000",1,0,0,0,0
"S68126S","9059","10000",1,0,0,0,0
"S68127A","8860","10000",1,0,0,0,0
"S68127D","V5889","10000",1,0,0,0,0
"S68127S","9059","10000",1,0,0,0,0
"S68128A","8860","10000",1,0,0,0,0
"S68128D","V5889","10000",1,0,0,0,0
"S68128S","9059","10000",1,0,0,0,0
"S68129A","8860","10000",1,0,0,0,0
"S68129D","V5889","10000",1,0,0,0,0
"S68129S","9059","10000",1,0,0,0,0
"S68411A","8870","10000",1,0,0,0,0
"S68411D","V5889","10000",1,0,0,0,0
"S68411S","9059","10000",1,0,0,0,0
"S68412A","8870","10000",1,0,0,0,0
"S68412D","V5889","10000",1,0,0,0,0
"S68412S","9059","10000",1,0,0,0,0
"S68419A","8870","10000",1,0,0,0,0
"S68419D","V5889","10000",1,0,0,0,0
"S68419S","9059","10000",1,0,0,0,0
"S68421A","8870","10000",1,0,0,0,0
"S68421D","V5889","10000",1,0,0,0,0
"S68421S","9059","10000",1,0,0,0,0
"S68422A","8870","10000",1,0,0,0,0
"S68422D","V5889","10000",1,0,0,0,0
"S68422S","9059","10000",1,0,0,0,0
"S68429A","8870","10000",1,0,0,0,0
"S68429D","V5889","10000",1,0,0,0,0
"S68429S","9059","10000",1,0,0,0,0
"S68511A","8850","10000",1,0,0,0,0
"S68511D","V5889","10000",1,0,0,0,0
"S68511S","9059","10000",1,0,0,0,0
"S68512A","8850","10000",1,0,0,0,0
"S68512D","V5889","10000",1,0,0,0,0
"S68512S","9059","10000",1,0,0,0,0
"S68519A","8850","10000",1,0,0,0,0
"S68519D","V5889","10000",1,0,0,0,0
"S68519S","9059","10000",1,0,0,0,0
"S68521A","8850","10000",1,0,0,0,0
"S68521D","V5889","10000",1,0,0,0,0
"S68521S","9059","10000",1,0,0,0,0
"S68522A","8850","10000",1,0,0,0,0
"S68522D","V5889","10000",1,0,0,0,0
"S68522S","9059","10000",1,0,0,0,0
"S68529A","8850","10000",1,0,0,0,0
"S68529D","V5889","10000",1,0,0,0,0
"S68529S","9059","10000",1,0,0,0,0
"S68610A","8860","10000",1,0,0,0,0
"S68610D","V5889","10000",1,0,0,0,0
"S68610S","9059","10000",1,0,0,0,0
"S68611A","8860","10000",1,0,0,0,0
"S68611D","V5889","10000",1,0,0,0,0
"S68611S","9059","10000",1,0,0,0,0
"S68612A","8860","10000",1,0,0,0,0
"S68612D","V5889","10000",1,0,0,0,0
"S68612S","9059","10000",1,0,0,0,0
"S68613A","8860","10000",1,0,0,0,0
"S68613D","V5889","10000",1,0,0,0,0
"S68613S","9059","10000",1,0,0,0,0
"S68614A","8860","10000",1,0,0,0,0
"S68614D","V5889","10000",1,0,0,0,0
"S68614S","9059","10000",1,0,0,0,0
"S68615A","8860","10000",1,0,0,0,0
"S68615D","V5889","10000",1,0,0,0,0
"S68615S","9059","10000",1,0,0,0,0
"S68616A","8860","10000",1,0,0,0,0
"S68616D","V5889","10000",1,0,0,0,0
"S68616S","9059","10000",1,0,0,0,0
"S68617A","8860","10000",1,0,0,0,0
"S68617D","V5889","10000",1,0,0,0,0
"S68617S","9059","10000",1,0,0,0,0
"S68618A","8860","10000",1,0,0,0,0
"S68618D","V5889","10000",1,0,0,0,0
"S68618S","9059","10000",1,0,0,0,0
"S68619A","8860","10000",1,0,0,0,0
"S68619D","V5889","10000",1,0,0,0,0
"S68619S","9059","10000",1,0,0,0,0
"S68620A","8860","10000",1,0,0,0,0
"S68620D","V5889","10000",1,0,0,0,0
"S68620S","9059","10000",1,0,0,0,0
"S68621A","8860","10000",1,0,0,0,0
"S68621D","V5889","10000",1,0,0,0,0
"S68621S","9059","10000",1,0,0,0,0
"S68622A","8860","10000",1,0,0,0,0
"S68622D","V5889","10000",1,0,0,0,0
"S68622S","9059","10000",1,0,0,0,0
"S68623A","8860","10000",1,0,0,0,0
"S68623D","V5889","10000",1,0,0,0,0
"S68623S","9059","10000",1,0,0,0,0
"S68624A","8860","10000",1,0,0,0,0
"S68624D","V5889","10000",1,0,0,0,0
"S68624S","9059","10000",1,0,0,0,0
"S68625A","8860","10000",1,0,0,0,0
"S68625D","V5889","10000",1,0,0,0,0
"S68625S","9059","10000",1,0,0,0,0
"S68626A","8860","10000",1,0,0,0,0
"S68626D","V5889","10000",1,0,0,0,0
"S68626S","9059","10000",1,0,0,0,0
"S68627A","8860","10000",1,0,0,0,0
"S68627D","V5889","10000",1,0,0,0,0
"S68627S","9059","10000",1,0,0,0,0
"S68628A","8860","10000",1,0,0,0,0
"S68628D","V5889","10000",1,0,0,0,0
"S68628S","9059","10000",1,0,0,0,0
"S68629A","8860","10000",1,0,0,0,0
"S68629D","V5889","10000",1,0,0,0,0
"S68629S","9059","10000",1,0,0,0,0
"S68711A","8870","10000",1,0,0,0,0
"S68711D","V5889","10000",1,0,0,0,0
"S68711S","9059","10000",1,0,0,0,0
"S68712A","8870","10000",1,0,0,0,0
"S68712D","V5889","10000",1,0,0,0,0
"S68712S","9059","10000",1,0,0,0,0
"S68719A","8870","10000",1,0,0,0,0
"S68719D","V5889","10000",1,0,0,0,0
"S68719S","9059","10000",1,0,0,0,0
"S68721A","8870","10000",1,0,0,0,0
"S68721D","V5889","10000",1,0,0,0,0
"S68721S","9059","10000",1,0,0,0,0
"S68722A","8870","10000",1,0,0,0,0
"S68722D","V5889","10000",1,0,0,0,0
"S68722S","9059","10000",1,0,0,0,0
"S68729A","8870","10000",1,0,0,0,0
"S68729D","V5889","10000",1,0,0,0,0
"S68729S","9059","10000",1,0,0,0,0
"S6980XA","9593","10000",1,0,0,0,0
"S6980XA","9594","10000",1,0,0,0,0
"S6980XA","9595","10000",1,0,0,0,0
"S6980XD","V5889","10000",1,0,0,0,0
"S6980XS","9089","10000",1,0,0,0,0
"S6981XA","9593","10000",1,0,0,0,0
"S6981XA","9594","10000",1,0,0,0,0
"S6981XA","9595","10000",1,0,0,0,0
"S6981XD","V5889","10000",1,0,0,0,0
"S6981XS","9089","10000",1,0,0,0,0
"S6982XA","9593","10000",1,0,0,0,0
"S6982XA","9594","10000",1,0,0,0,0
"S6982XA","9595","10000",1,0,0,0,0
"S6982XD","V5889","10000",1,0,0,0,0
"S6982XS","9089","10000",1,0,0,0,0
"S6990XA","9593","10000",1,0,0,0,0
"S6990XA","9594","10000",1,0,0,0,0
"S6990XA","9595","10000",1,0,0,0,0
"S6990XD","V5889","10000",1,0,0,0,0
"S6990XS","9089","10000",1,0,0,0,0
"S6991XA","9593","10000",1,0,0,0,0
"S6991XA","9594","10000",1,0,0,0,0
"S6991XA","9595","10000",1,0,0,0,0
"S6991XD","V5889","10000",1,0,0,0,0
"S6991XS","9089","10000",1,0,0,0,0
"S6992XA","9593","10000",1,0,0,0,0
"S6992XA","9594","10000",1,0,0,0,0
"S6992XA","9595","10000",1,0,0,0,0
"S6992XD","V5889","10000",1,0,0,0,0
"S6992XS","9089","10000",1,0,0,0,0
"S7000XA","92401","10000",1,0,0,0,0
"S7000XD","V5889","10000",1,0,0,0,0
"S7000XS","9063","10000",1,0,0,0,0
"S7001XA","92401","10000",1,0,0,0,0
"S7001XD","V5889","10000",1,0,0,0,0
"S7001XS","9063","10000",1,0,0,0,0
"S7002XA","92401","10000",1,0,0,0,0
"S7002XD","V5889","10000",1,0,0,0,0
"S7002XS","9063","10000",1,0,0,0,0
"S7010XA","92400","10000",1,0,0,0,0
"S7010XA","9244","10000",1,0,0,0,0
"S7010XA","9245","10000",1,0,0,0,0
"S7010XA","9248","10000",1,0,0,0,0
"S7010XD","V5889","10000",1,0,0,0,0
"S7010XS","9063","10000",1,0,0,0,0
"S7011XA","92400","10000",1,0,0,0,0
"S7011XD","V5889","10000",1,0,0,0,0
"S7011XS","9063","10000",1,0,0,0,0
"S7012XA","92400","10000",1,0,0,0,0
"S7012XD","V5889","10000",1,0,0,0,0
"S7012XS","9063","10000",1,0,0,0,0
"S70211A","9160","10000",1,0,0,0,0
"S70211D","V5889","10000",1,0,0,0,0
"S70211S","9062","10000",1,0,0,0,0
"S70212A","9160","10000",1,0,0,0,0
"S70212D","V5889","10000",1,0,0,0,0
"S70212S","9062","10000",1,0,0,0,0
"S70219A","9160","10000",1,0,0,0,0
"S70219D","V5889","10000",1,0,0,0,0
"S70219S","9062","10000",1,0,0,0,0
"S70221A","9162","10000",1,0,0,0,0
"S70221D","V5889","10000",1,0,0,0,0
"S70221S","9062","10000",1,0,0,0,0
"S70222A","9162","10000",1,0,0,0,0
"S70222D","V5889","10000",1,0,0,0,0
"S70222S","9062","10000",1,0,0,0,0
"S70229A","9162","10000",1,0,0,0,0
"S70229D","V5889","10000",1,0,0,0,0
"S70229S","9062","10000",1,0,0,0,0
"S70241A","9168","10000",1,0,0,0,0
"S70241D","V5889","10000",1,0,0,0,0
"S70241S","9062","10000",1,0,0,0,0
"S70242A","9168","10000",1,0,0,0,0
"S70242D","V5889","10000",1,0,0,0,0
"S70242S","9062","10000",1,0,0,0,0
"S70249A","9168","10000",1,0,0,0,0
"S70249D","V5889","10000",1,0,0,0,0
"S70249S","9062","10000",1,0,0,0,0
"S70251A","9166","10000",1,0,0,0,0
"S70251D","V5889","10000",1,0,0,0,0
"S70251S","9062","10000",1,0,0,0,0
"S70252A","9166","10000",1,0,0,0,0
"S70252D","V5889","10000",1,0,0,0,0
"S70252S","9062","10000",1,0,0,0,0
"S70259A","9166","10000",1,0,0,0,0
"S70259D","V5889","10000",1,0,0,0,0
"S70259S","9062","10000",1,0,0,0,0
"S70261A","9164","10000",1,0,0,0,0
"S70261D","V5889","10000",1,0,0,0,0
"S70261S","9062","10000",1,0,0,0,0
"S70262A","9164","10000",1,0,0,0,0
"S70262D","V5889","10000",1,0,0,0,0
"S70262S","9062","10000",1,0,0,0,0
"S70269A","9164","10000",1,0,0,0,0
"S70269D","V5889","10000",1,0,0,0,0
"S70269S","9062","10000",1,0,0,0,0
"S70271A","9168","10000",1,0,0,0,0
"S70271D","V5889","10000",1,0,0,0,0
"S70271S","9062","10000",1,0,0,0,0
"S70272A","9168","10000",1,0,0,0,0
"S70272D","V5889","10000",1,0,0,0,0
"S70272S","9062","10000",1,0,0,0,0
"S70279A","9168","10000",1,0,0,0,0
"S70279D","V5889","10000",1,0,0,0,0
"S70279S","9062","10000",1,0,0,0,0
"S70311A","9160","10000",1,0,0,0,0
"S70311D","V5889","10000",1,0,0,0,0
"S70311S","9062","10000",1,0,0,0,0
"S70312A","9160","10000",1,0,0,0,0
"S70312D","V5889","10000",1,0,0,0,0
"S70312S","9062","10000",1,0,0,0,0
"S70319A","9160","10000",1,0,0,0,0
"S70319D","V5889","10000",1,0,0,0,0
"S70319S","9062","10000",1,0,0,0,0
"S70321A","9162","10000",1,0,0,0,0
"S70321D","V5889","10000",1,0,0,0,0
"S70321S","9062","10000",1,0,0,0,0
"S70322A","9162","10000",1,0,0,0,0
"S70322D","V5889","10000",1,0,0,0,0
"S70322S","9062","10000",1,0,0,0,0
"S70329A","9162","10000",1,0,0,0,0
"S70329D","V5889","10000",1,0,0,0,0
"S70329S","9062","10000",1,0,0,0,0
"S70341A","9168","10000",1,0,0,0,0
"S70341D","V5889","10000",1,0,0,0,0
"S70341S","9062","10000",1,0,0,0,0
"S70342A","9168","10000",1,0,0,0,0
"S70342D","V5889","10000",1,0,0,0,0
"S70342S","9062","10000",1,0,0,0,0
"S70349A","9168","10000",1,0,0,0,0
"S70349D","V5889","10000",1,0,0,0,0
"S70349S","9062","10000",1,0,0,0,0
"S70351A","9166","10000",1,0,0,0,0
"S70351D","V5889","10000",1,0,0,0,0
"S70351S","9062","10000",1,0,0,0,0
"S70352A","9166","10000",1,0,0,0,0
"S70352D","V5889","10000",1,0,0,0,0
"S70352S","9062","10000",1,0,0,0,0
"S70359A","9166","10000",1,0,0,0,0
"S70359D","V5889","10000",1,0,0,0,0
"S70359S","9062","10000",1,0,0,0,0
"S70361A","9164","10000",1,0,0,0,0
"S70361D","V5889","10000",1,0,0,0,0
"S70361S","9062","10000",1,0,0,0,0
"S70362A","9164","10000",1,0,0,0,0
"S70362D","V5889","10000",1,0,0,0,0
"S70362S","9062","10000",1,0,0,0,0
"S70369A","9164","10000",1,0,0,0,0
"S70369D","V5889","10000",1,0,0,0,0
"S70369S","9062","10000",1,0,0,0,0
"S70371A","9168","10000",1,0,0,0,0
"S70371D","V5889","10000",1,0,0,0,0
"S70371S","9062","10000",1,0,0,0,0
"S70372A","9168","10000",1,0,0,0,0
"S70372D","V5889","10000",1,0,0,0,0
"S70372S","9062","10000",1,0,0,0,0
"S70379A","9168","10000",1,0,0,0,0
"S70379D","V5889","10000",1,0,0,0,0
"S70379S","9062","10000",1,0,0,0,0
"S70911A","9168","10000",1,0,0,0,0
"S70911D","V5889","10000",1,0,0,0,0
"S70911S","9062","10000",1,0,0,0,0
"S70912A","9168","10000",1,0,0,0,0
"S70912D","V5889","10000",1,0,0,0,0
"S70912S","9062","10000",1,0,0,0,0
"S70919A","9168","10000",1,0,0,0,0
"S70919D","V5889","10000",1,0,0,0,0
"S70919S","9062","10000",1,0,0,0,0
"S70921A","9168","10000",1,0,0,0,0
"S70921D","V5889","10000",1,0,0,0,0
"S70921S","9062","10000",1,0,0,0,0
"S70922A","9168","10000",1,0,0,0,0
"S70922D","V5889","10000",1,0,0,0,0
"S70922S","9062","10000",1,0,0,0,0
"S70929A","9168","10000",1,0,0,0,0
"S70929D","V5889","10000",1,0,0,0,0
"S70929S","9062","10000",1,0,0,0,0
"S71001A","8900","10000",1,0,0,0,0
"S71001D","V5889","10000",1,0,0,0,0
"S71001S","9061","10000",1,0,0,0,0
"S71002A","8900","10000",1,0,0,0,0
"S71002D","V5889","10000",1,0,0,0,0
"S71002S","9061","10000",1,0,0,0,0
"S71009A","8900","10000",1,0,0,0,0
"S71009D","V5889","10000",1,0,0,0,0
"S71009S","9061","10000",1,0,0,0,0
"S71011A","8900","10000",1,0,0,0,0
"S71011D","V5889","10000",1,0,0,0,0
"S71011S","9061","10000",1,0,0,0,0
"S71012A","8900","10000",1,0,0,0,0
"S71012D","V5889","10000",1,0,0,0,0
"S71012S","9061","10000",1,0,0,0,0
"S71019A","8900","10000",1,0,0,0,0
"S71019D","V5889","10000",1,0,0,0,0
"S71019S","9061","10000",1,0,0,0,0
"S71021A","8901","10000",1,0,0,0,0
"S71021D","V5889","10000",1,0,0,0,0
"S71021S","9061","10000",1,0,0,0,0
"S71022A","8901","10000",1,0,0,0,0
"S71022D","V5889","10000",1,0,0,0,0
"S71022S","9061","10000",1,0,0,0,0
"S71029A","8901","10000",1,0,0,0,0
"S71029A","8941","10000",1,0,0,0,0
"S71029D","V5889","10000",1,0,0,0,0
"S71029S","9061","10000",1,0,0,0,0
"S71031A","8900","10000",1,0,0,0,0
"S71031D","V5889","10000",1,0,0,0,0
"S71031S","9061","10000",1,0,0,0,0
"S71032A","8900","10000",1,0,0,0,0
"S71032D","V5889","10000",1,0,0,0,0
"S71032S","9061","10000",1,0,0,0,0
"S71039A","8900","10000",1,0,0,0,0
"S71039D","V5889","10000",1,0,0,0,0
"S71039S","9061","10000",1,0,0,0,0
"S71041A","8901","10000",1,0,0,0,0
"S71041D","V5889","10000",1,0,0,0,0
"S71041S","9061","10000",1,0,0,0,0
"S71042A","8901","10000",1,0,0,0,0
"S71042D","V5889","10000",1,0,0,0,0
"S71042S","9061","10000",1,0,0,0,0
"S71049A","8901","10000",1,0,0,0,0
"S71049D","V5889","10000",1,0,0,0,0
"S71049S","9061","10000",1,0,0,0,0
"S71051A","8900","10000",1,0,0,0,0
"S71051D","V5889","10000",1,0,0,0,0
"S71051S","9061","10000",1,0,0,0,0
"S71052A","8900","10000",1,0,0,0,0
"S71052D","V5889","10000",1,0,0,0,0
"S71052S","9061","10000",1,0,0,0,0
"S71059A","8900","10000",1,0,0,0,0
"S71059D","V5889","10000",1,0,0,0,0
"S71059S","9061","10000",1,0,0,0,0
"S71101A","8900","10000",1,0,0,0,0
"S71101D","V5889","10000",1,0,0,0,0
"S71101S","9061","10000",1,0,0,0,0
"S71102A","8900","10000",1,0,0,0,0
"S71102D","V5889","10000",1,0,0,0,0
"S71102S","9061","10000",1,0,0,0,0
"S71109A","8900","10000",1,0,0,0,0
"S71109D","V5889","10000",1,0,0,0,0
"S71109S","9061","10000",1,0,0,0,0
"S71111A","8900","10000",1,0,0,0,0
"S71111D","V5889","10000",1,0,0,0,0
"S71111S","9061","10000",1,0,0,0,0
"S71112A","8900","10000",1,0,0,0,0
"S71112D","V5889","10000",1,0,0,0,0
"S71112S","9061","10000",1,0,0,0,0
"S71119A","8900","10000",1,0,0,0,0
"S71119D","V5889","10000",1,0,0,0,0
"S71119S","9061","10000",1,0,0,0,0
"S71121A","8901","10000",1,0,0,0,0
"S71121D","V5889","10000",1,0,0,0,0
"S71121S","9061","10000",1,0,0,0,0
"S71122A","8901","10000",1,0,0,0,0
"S71122D","V5889","10000",1,0,0,0,0
"S71122S","9061","10000",1,0,0,0,0
"S71129A","8901","10000",1,0,0,0,0
"S71129D","V5889","10000",1,0,0,0,0
"S71129S","9061","10000",1,0,0,0,0
"S71131A","8900","10000",1,0,0,0,0
"S71131D","V5889","10000",1,0,0,0,0
"S71131S","9061","10000",1,0,0,0,0
"S71132A","8900","10000",1,0,0,0,0
"S71132D","V5889","10000",1,0,0,0,0
"S71132S","9061","10000",1,0,0,0,0
"S71139A","8900","10000",1,0,0,0,0
"S71139D","V5889","10000",1,0,0,0,0
"S71139S","9061","10000",1,0,0,0,0
"S71141A","8901","10000",1,0,0,0,0
"S71141D","V5889","10000",1,0,0,0,0
"S71141S","9061","10000",1,0,0,0,0
"S71142A","8901","10000",1,0,0,0,0
"S71142D","V5889","10000",1,0,0,0,0
"S71142S","9061","10000",1,0,0,0,0
"S71149A","8901","10000",1,0,0,0,0
"S71149D","V5889","10000",1,0,0,0,0
"S71149S","9061","10000",1,0,0,0,0
"S71151A","8900","10000",1,0,0,0,0
"S71151D","V5889","10000",1,0,0,0,0
"S71151S","9061","10000",1,0,0,0,0
"S71152A","8900","10000",1,0,0,0,0
"S71152D","V5889","10000",1,0,0,0,0
"S71152S","9061","10000",1,0,0,0,0
"S71159A","8900","10000",1,0,0,0,0
"S71159D","V5889","10000",1,0,0,0,0
"S71159S","9061","10000",1,0,0,0,0
"S72001A","8208","10000",1,0,0,0,0
"S72001B","8209","10000",1,0,0,0,0
"S72001C","8209","10000",1,0,0,0,0
"S72001D","V5413","10000",1,0,0,0,0
"S72001E","V5413","10000",1,0,0,0,0
"S72001F","V5413","10000",1,0,0,0,0
"S72001G","V5413","10000",1,0,0,0,0
"S72001H","V5413","10000",1,0,0,0,0
"S72001J","V5413","10000",1,0,0,0,0
"S72001K","73382","10000",1,0,0,0,0
"S72001M","73382","10000",1,0,0,0,0
"S72001N","73382","10000",1,0,0,0,0
"S72001P","73381","10000",1,0,0,0,0
"S72001Q","73381","10000",1,0,0,0,0
"S72001R","73381","10000",1,0,0,0,0
"S72001S","9053","10000",1,0,0,0,0
"S72002A","8208","10000",1,0,0,0,0
"S72002B","8209","10000",1,0,0,0,0
"S72002C","8209","10000",1,0,0,0,0
"S72002D","V5413","10000",1,0,0,0,0
"S72002E","V5413","10000",1,0,0,0,0
"S72002F","V5413","10000",1,0,0,0,0
"S72002G","V5413","10000",1,0,0,0,0
"S72002H","V5413","10000",1,0,0,0,0
"S72002J","V5413","10000",1,0,0,0,0
"S72002K","73382","10000",1,0,0,0,0
"S72002M","73382","10000",1,0,0,0,0
"S72002N","73382","10000",1,0,0,0,0
"S72002P","73381","10000",1,0,0,0,0
"S72002Q","73381","10000",1,0,0,0,0
"S72002R","73381","10000",1,0,0,0,0
"S72002S","9053","10000",1,0,0,0,0
"S72009A","8208","10000",1,0,0,0,0
"S72009B","8209","10000",1,0,0,0,0
"S72009C","8209","10000",1,0,0,0,0
"S72009D","V5413","10000",1,0,0,0,0
"S72009E","V5413","10000",1,0,0,0,0
"S72009F","V5413","10000",1,0,0,0,0
"S72009G","V5413","10000",1,0,0,0,0
"S72009H","V5413","10000",1,0,0,0,0
"S72009J","V5413","10000",1,0,0,0,0
"S72009K","73382","10000",1,0,0,0,0
"S72009M","73382","10000",1,0,0,0,0
"S72009N","73382","10000",1,0,0,0,0
"S72009P","73381","10000",1,0,0,0,0
"S72009Q","73381","10000",1,0,0,0,0
"S72009R","73381","10000",1,0,0,0,0
"S72009S","9053","10000",1,0,0,0,0
"S72011A","82000","10000",1,0,0,0,0
"S72011B","82010","10000",1,0,0,0,0
"S72011C","82010","10000",1,0,0,0,0
"S72011D","V5413","10000",1,0,0,0,0
"S72011E","V5413","10000",1,0,0,0,0
"S72011F","V5413","10000",1,0,0,0,0
"S72011G","V5413","10000",1,0,0,0,0
"S72011H","V5413","10000",1,0,0,0,0
"S72011J","V5413","10000",1,0,0,0,0
"S72011K","73382","10000",1,0,0,0,0
"S72011M","73382","10000",1,0,0,0,0
"S72011N","73382","10000",1,0,0,0,0
"S72011P","73381","10000",1,0,0,0,0
"S72011Q","73381","10000",1,0,0,0,0
"S72011R","73381","10000",1,0,0,0,0
"S72011S","9053","10000",1,0,0,0,0
"S72012A","82000","10000",1,0,0,0,0
"S72012B","82010","10000",1,0,0,0,0
"S72012C","82010","10000",1,0,0,0,0
"S72012D","V5413","10000",1,0,0,0,0
"S72012E","V5413","10000",1,0,0,0,0
"S72012F","V5413","10000",1,0,0,0,0
"S72012G","V5413","10000",1,0,0,0,0
"S72012H","V5413","10000",1,0,0,0,0
"S72012J","V5413","10000",1,0,0,0,0
"S72012K","73382","10000",1,0,0,0,0
"S72012M","73382","10000",1,0,0,0,0
"S72012N","73382","10000",1,0,0,0,0
"S72012P","73381","10000",1,0,0,0,0
"S72012Q","73381","10000",1,0,0,0,0
"S72012R","73381","10000",1,0,0,0,0
"S72012S","9053","10000",1,0,0,0,0
"S72019A","82000","10000",1,0,0,0,0
"S72019B","82010","10000",1,0,0,0,0
"S72019C","82010","10000",1,0,0,0,0
"S72019D","V5413","10000",1,0,0,0,0
"S72019E","V5413","10000",1,0,0,0,0
"S72019F","V5413","10000",1,0,0,0,0
"S72019G","V5413","10000",1,0,0,0,0
"S72019H","V5413","10000",1,0,0,0,0
"S72019J","V5413","10000",1,0,0,0,0
"S72019K","73382","10000",1,0,0,0,0
"S72019M","73382","10000",1,0,0,0,0
"S72019N","73382","10000",1,0,0,0,0
"S72019P","73381","10000",1,0,0,0,0
"S72019Q","73381","10000",1,0,0,0,0
"S72019R","73381","10000",1,0,0,0,0
"S72019S","9053","10000",1,0,0,0,0
"S72021A","82001","10000",1,0,0,0,0
"S72021B","82011","10000",1,0,0,0,0
"S72021C","82011","10000",1,0,0,0,0
"S72021D","V5413","10000",1,0,0,0,0
"S72021E","V5413","10000",1,0,0,0,0
"S72021F","V5413","10000",1,0,0,0,0
"S72021G","V5413","10000",1,0,0,0,0
"S72021H","V5413","10000",1,0,0,0,0
"S72021J","V5413","10000",1,0,0,0,0
"S72021K","73382","10000",1,0,0,0,0
"S72021M","73382","10000",1,0,0,0,0
"S72021N","73382","10000",1,0,0,0,0
"S72021P","73381","10000",1,0,0,0,0
"S72021Q","73381","10000",1,0,0,0,0
"S72021R","73381","10000",1,0,0,0,0
"S72021S","9053","10000",1,0,0,0,0
"S72022A","82001","10000",1,0,0,0,0
"S72022B","82011","10000",1,0,0,0,0
"S72022C","82011","10000",1,0,0,0,0
"S72022D","V5413","10000",1,0,0,0,0
"S72022E","V5413","10000",1,0,0,0,0
"S72022F","V5413","10000",1,0,0,0,0
"S72022G","V5413","10000",1,0,0,0,0
"S72022H","V5413","10000",1,0,0,0,0
"S72022J","V5413","10000",1,0,0,0,0
"S72022K","73382","10000",1,0,0,0,0
"S72022M","73382","10000",1,0,0,0,0
"S72022N","73382","10000",1,0,0,0,0
"S72022P","73381","10000",1,0,0,0,0
"S72022Q","73381","10000",1,0,0,0,0
"S72022R","73381","10000",1,0,0,0,0
"S72022S","9053","10000",1,0,0,0,0
"S72023A","82001","10000",1,0,0,0,0
"S72023B","82011","10000",1,0,0,0,0
"S72023C","82011","10000",1,0,0,0,0
"S72023D","V5413","10000",1,0,0,0,0
"S72023E","V5413","10000",1,0,0,0,0
"S72023F","V5413","10000",1,0,0,0,0
"S72023G","V5413","10000",1,0,0,0,0
"S72023H","V5413","10000",1,0,0,0,0
"S72023J","V5413","10000",1,0,0,0,0
"S72023K","73382","10000",1,0,0,0,0
"S72023M","73382","10000",1,0,0,0,0
"S72023N","73382","10000",1,0,0,0,0
"S72023P","73381","10000",1,0,0,0,0
"S72023Q","73381","10000",1,0,0,0,0
"S72023R","73381","10000",1,0,0,0,0
"S72023S","9053","10000",1,0,0,0,0
"S72024A","82001","10000",1,0,0,0,0
"S72024B","82011","10000",1,0,0,0,0
"S72024C","82011","10000",1,0,0,0,0
"S72024D","V5413","10000",1,0,0,0,0
"S72024E","V5413","10000",1,0,0,0,0
"S72024F","V5413","10000",1,0,0,0,0
"S72024G","V5413","10000",1,0,0,0,0
"S72024H","V5413","10000",1,0,0,0,0
"S72024J","V5413","10000",1,0,0,0,0
"S72024K","73382","10000",1,0,0,0,0
"S72024M","73382","10000",1,0,0,0,0
"S72024N","73382","10000",1,0,0,0,0
"S72024P","73381","10000",1,0,0,0,0
"S72024Q","73381","10000",1,0,0,0,0
"S72024R","73381","10000",1,0,0,0,0
"S72024S","9053","10000",1,0,0,0,0
"S72025A","82001","10000",1,0,0,0,0
"S72025B","82011","10000",1,0,0,0,0
"S72025C","82011","10000",1,0,0,0,0
"S72025D","V5413","10000",1,0,0,0,0
"S72025E","V5413","10000",1,0,0,0,0
"S72025F","V5413","10000",1,0,0,0,0
"S72025G","V5413","10000",1,0,0,0,0
"S72025H","V5413","10000",1,0,0,0,0
"S72025J","V5413","10000",1,0,0,0,0
"S72025K","73382","10000",1,0,0,0,0
"S72025M","73382","10000",1,0,0,0,0
"S72025N","73382","10000",1,0,0,0,0
"S72025P","73381","10000",1,0,0,0,0
"S72025Q","73381","10000",1,0,0,0,0
"S72025R","73381","10000",1,0,0,0,0
"S72025S","9053","10000",1,0,0,0,0
"S72026A","82001","10000",1,0,0,0,0
"S72026B","82011","10000",1,0,0,0,0
"S72026C","82011","10000",1,0,0,0,0
"S72026D","V5413","10000",1,0,0,0,0
"S72026E","V5413","10000",1,0,0,0,0
"S72026F","V5413","10000",1,0,0,0,0
"S72026G","V5413","10000",1,0,0,0,0
"S72026H","V5413","10000",1,0,0,0,0
"S72026J","V5413","10000",1,0,0,0,0
"S72026K","73382","10000",1,0,0,0,0
"S72026M","73382","10000",1,0,0,0,0
"S72026N","73382","10000",1,0,0,0,0
"S72026P","73381","10000",1,0,0,0,0
"S72026Q","73381","10000",1,0,0,0,0
"S72026R","73381","10000",1,0,0,0,0
"S72026S","9053","10000",1,0,0,0,0
"S72031A","82002","10000",1,0,0,0,0
"S72031B","82012","10000",1,0,0,0,0
"S72031C","82012","10000",1,0,0,0,0
"S72031D","V5413","10000",1,0,0,0,0
"S72031E","V5413","10000",1,0,0,0,0
"S72031F","V5413","10000",1,0,0,0,0
"S72031G","V5413","10000",1,0,0,0,0
"S72031H","V5413","10000",1,0,0,0,0
"S72031J","V5413","10000",1,0,0,0,0
"S72031K","73382","10000",1,0,0,0,0
"S72031M","73382","10000",1,0,0,0,0
"S72031N","73382","10000",1,0,0,0,0
"S72031P","73381","10000",1,0,0,0,0
"S72031Q","73381","10000",1,0,0,0,0
"S72031R","73381","10000",1,0,0,0,0
"S72031S","9053","10000",1,0,0,0,0
"S72032A","82002","10000",1,0,0,0,0
"S72032B","82012","10000",1,0,0,0,0
"S72032C","82012","10000",1,0,0,0,0
"S72032D","V5413","10000",1,0,0,0,0
"S72032E","V5413","10000",1,0,0,0,0
"S72032F","V5413","10000",1,0,0,0,0
"S72032G","V5413","10000",1,0,0,0,0
"S72032H","V5413","10000",1,0,0,0,0
"S72032J","V5413","10000",1,0,0,0,0
"S72032K","73382","10000",1,0,0,0,0
"S72032M","73382","10000",1,0,0,0,0
"S72032N","73382","10000",1,0,0,0,0
"S72032P","73381","10000",1,0,0,0,0
"S72032Q","73381","10000",1,0,0,0,0
"S72032R","73381","10000",1,0,0,0,0
"S72032S","9053","10000",1,0,0,0,0
"S72033A","82002","10000",1,0,0,0,0
"S72033B","82012","10000",1,0,0,0,0
"S72033C","82012","10000",1,0,0,0,0
"S72033D","V5413","10000",1,0,0,0,0
"S72033E","V5413","10000",1,0,0,0,0
"S72033F","V5413","10000",1,0,0,0,0
"S72033G","V5413","10000",1,0,0,0,0
"S72033H","V5413","10000",1,0,0,0,0
"S72033J","V5413","10000",1,0,0,0,0
"S72033K","73382","10000",1,0,0,0,0
"S72033M","73382","10000",1,0,0,0,0
"S72033N","73382","10000",1,0,0,0,0
"S72033P","73381","10000",1,0,0,0,0
"S72033Q","73381","10000",1,0,0,0,0
"S72033R","73381","10000",1,0,0,0,0
"S72033S","9053","10000",1,0,0,0,0
"S72034A","82002","10000",1,0,0,0,0
"S72034B","82012","10000",1,0,0,0,0
"S72034C","82012","10000",1,0,0,0,0
"S72034D","V5413","10000",1,0,0,0,0
"S72034E","V5413","10000",1,0,0,0,0
"S72034F","V5413","10000",1,0,0,0,0
"S72034G","V5413","10000",1,0,0,0,0
"S72034H","V5413","10000",1,0,0,0,0
"S72034J","V5413","10000",1,0,0,0,0
"S72034K","73382","10000",1,0,0,0,0
"S72034M","73382","10000",1,0,0,0,0
"S72034N","73382","10000",1,0,0,0,0
"S72034P","73381","10000",1,0,0,0,0
"S72034Q","73381","10000",1,0,0,0,0
"S72034R","73381","10000",1,0,0,0,0
"S72034S","9053","10000",1,0,0,0,0
"S72035A","82002","10000",1,0,0,0,0
"S72035B","82012","10000",1,0,0,0,0
"S72035C","82012","10000",1,0,0,0,0
"S72035D","V5413","10000",1,0,0,0,0
"S72035E","V5413","10000",1,0,0,0,0
"S72035F","V5413","10000",1,0,0,0,0
"S72035G","V5413","10000",1,0,0,0,0
"S72035H","V5413","10000",1,0,0,0,0
"S72035J","V5413","10000",1,0,0,0,0
"S72035K","73382","10000",1,0,0,0,0
"S72035M","73382","10000",1,0,0,0,0
"S72035N","73382","10000",1,0,0,0,0
"S72035P","73381","10000",1,0,0,0,0
"S72035Q","73381","10000",1,0,0,0,0
"S72035R","73381","10000",1,0,0,0,0
"S72035S","9053","10000",1,0,0,0,0
"S72036A","82002","10000",1,0,0,0,0
"S72036B","82012","10000",1,0,0,0,0
"S72036C","82012","10000",1,0,0,0,0
"S72036D","V5413","10000",1,0,0,0,0
"S72036E","V5413","10000",1,0,0,0,0
"S72036F","V5413","10000",1,0,0,0,0
"S72036G","V5413","10000",1,0,0,0,0
"S72036H","V5413","10000",1,0,0,0,0
"S72036J","V5413","10000",1,0,0,0,0
"S72036K","73382","10000",1,0,0,0,0
"S72036M","73382","10000",1,0,0,0,0
"S72036N","73382","10000",1,0,0,0,0
"S72036P","73381","10000",1,0,0,0,0
"S72036Q","73381","10000",1,0,0,0,0
"S72036R","73381","10000",1,0,0,0,0
"S72036S","9053","10000",1,0,0,0,0
"S72041A","82003","10000",1,0,0,0,0
"S72041B","82013","10000",1,0,0,0,0
"S72041C","82013","10000",1,0,0,0,0
"S72041D","V5413","10000",1,0,0,0,0
"S72041E","V5413","10000",1,0,0,0,0
"S72041F","V5413","10000",1,0,0,0,0
"S72041G","V5413","10000",1,0,0,0,0
"S72041H","V5413","10000",1,0,0,0,0
"S72041J","V5413","10000",1,0,0,0,0
"S72041K","73382","10000",1,0,0,0,0
"S72041M","73382","10000",1,0,0,0,0
"S72041N","73382","10000",1,0,0,0,0
"S72041P","73381","10000",1,0,0,0,0
"S72041Q","73381","10000",1,0,0,0,0
"S72041R","73381","10000",1,0,0,0,0
"S72041S","9053","10000",1,0,0,0,0
"S72042A","82003","10000",1,0,0,0,0
"S72042B","82013","10000",1,0,0,0,0
"S72042C","82013","10000",1,0,0,0,0
"S72042D","V5413","10000",1,0,0,0,0
"S72042E","V5413","10000",1,0,0,0,0
"S72042F","V5413","10000",1,0,0,0,0
"S72042G","V5413","10000",1,0,0,0,0
"S72042H","V5413","10000",1,0,0,0,0
"S72042J","V5413","10000",1,0,0,0,0
"S72042K","73382","10000",1,0,0,0,0
"S72042M","73382","10000",1,0,0,0,0
"S72042N","73382","10000",1,0,0,0,0
"S72042P","73381","10000",1,0,0,0,0
"S72042Q","73381","10000",1,0,0,0,0
"S72042R","73381","10000",1,0,0,0,0
"S72042S","9053","10000",1,0,0,0,0
"S72043A","82003","10000",1,0,0,0,0
"S72043B","82013","10000",1,0,0,0,0
"S72043C","82013","10000",1,0,0,0,0
"S72043D","V5413","10000",1,0,0,0,0
"S72043E","V5413","10000",1,0,0,0,0
"S72043F","V5413","10000",1,0,0,0,0
"S72043G","V5413","10000",1,0,0,0,0
"S72043H","V5413","10000",1,0,0,0,0
"S72043J","V5413","10000",1,0,0,0,0
"S72043K","73382","10000",1,0,0,0,0
"S72043M","73382","10000",1,0,0,0,0
"S72043N","73382","10000",1,0,0,0,0
"S72043P","73381","10000",1,0,0,0,0
"S72043Q","73381","10000",1,0,0,0,0
"S72043R","73381","10000",1,0,0,0,0
"S72043S","9053","10000",1,0,0,0,0
"S72044A","82003","10000",1,0,0,0,0
"S72044B","82013","10000",1,0,0,0,0
"S72044C","82013","10000",1,0,0,0,0
"S72044D","V5413","10000",1,0,0,0,0
"S72044E","V5413","10000",1,0,0,0,0
"S72044F","V5413","10000",1,0,0,0,0
"S72044G","V5413","10000",1,0,0,0,0
"S72044H","V5413","10000",1,0,0,0,0
"S72044J","V5413","10000",1,0,0,0,0
"S72044K","73382","10000",1,0,0,0,0
"S72044M","73382","10000",1,0,0,0,0
"S72044N","73382","10000",1,0,0,0,0
"S72044P","73381","10000",1,0,0,0,0
"S72044Q","73381","10000",1,0,0,0,0
"S72044R","73381","10000",1,0,0,0,0
"S72044S","9053","10000",1,0,0,0,0
"S72045A","82003","10000",1,0,0,0,0
"S72045B","82013","10000",1,0,0,0,0
"S72045C","82013","10000",1,0,0,0,0
"S72045D","V5413","10000",1,0,0,0,0
"S72045E","V5413","10000",1,0,0,0,0
"S72045F","V5413","10000",1,0,0,0,0
"S72045G","V5413","10000",1,0,0,0,0
"S72045H","V5413","10000",1,0,0,0,0
"S72045J","V5413","10000",1,0,0,0,0
"S72045K","73382","10000",1,0,0,0,0
"S72045M","73382","10000",1,0,0,0,0
"S72045N","73382","10000",1,0,0,0,0
"S72045P","73381","10000",1,0,0,0,0
"S72045Q","73381","10000",1,0,0,0,0
"S72045R","73381","10000",1,0,0,0,0
"S72045S","9053","10000",1,0,0,0,0
"S72046A","82003","10000",1,0,0,0,0
"S72046B","82013","10000",1,0,0,0,0
"S72046C","82013","10000",1,0,0,0,0
"S72046D","V5413","10000",1,0,0,0,0
"S72046E","V5413","10000",1,0,0,0,0
"S72046F","V5413","10000",1,0,0,0,0
"S72046G","V5413","10000",1,0,0,0,0
"S72046H","V5413","10000",1,0,0,0,0
"S72046J","V5413","10000",1,0,0,0,0
"S72046K","73382","10000",1,0,0,0,0
"S72046M","73382","10000",1,0,0,0,0
"S72046N","73382","10000",1,0,0,0,0
"S72046P","73381","10000",1,0,0,0,0
"S72046Q","73381","10000",1,0,0,0,0
"S72046R","73381","10000",1,0,0,0,0
"S72046S","9053","10000",1,0,0,0,0
"S72051A","82009","10000",1,0,0,0,0
"S72051B","82019","10000",1,0,0,0,0
"S72051C","82019","10000",1,0,0,0,0
"S72051D","V5413","10000",1,0,0,0,0
"S72051E","V5413","10000",1,0,0,0,0
"S72051F","V5413","10000",1,0,0,0,0
"S72051G","V5413","10000",1,0,0,0,0
"S72051H","V5413","10000",1,0,0,0,0
"S72051J","V5413","10000",1,0,0,0,0
"S72051K","73382","10000",1,0,0,0,0
"S72051M","73382","10000",1,0,0,0,0
"S72051N","73382","10000",1,0,0,0,0
"S72051P","73381","10000",1,0,0,0,0
"S72051Q","73381","10000",1,0,0,0,0
"S72051R","73381","10000",1,0,0,0,0
"S72051S","9053","10000",1,0,0,0,0
"S72052A","82009","10000",1,0,0,0,0
"S72052B","82019","10000",1,0,0,0,0
"S72052C","82019","10000",1,0,0,0,0
"S72052D","V5413","10000",1,0,0,0,0
"S72052E","V5413","10000",1,0,0,0,0
"S72052F","V5413","10000",1,0,0,0,0
"S72052G","V5413","10000",1,0,0,0,0
"S72052H","V5413","10000",1,0,0,0,0
"S72052J","V5413","10000",1,0,0,0,0
"S72052K","73382","10000",1,0,0,0,0
"S72052M","73382","10000",1,0,0,0,0
"S72052N","73382","10000",1,0,0,0,0
"S72052P","73381","10000",1,0,0,0,0
"S72052Q","73381","10000",1,0,0,0,0
"S72052R","73381","10000",1,0,0,0,0
"S72052S","9053","10000",1,0,0,0,0
"S72059A","82009","10000",1,0,0,0,0
"S72059B","82019","10000",1,0,0,0,0
"S72059C","82019","10000",1,0,0,0,0
"S72059D","V5413","10000",1,0,0,0,0
"S72059E","V5413","10000",1,0,0,0,0
"S72059F","V5413","10000",1,0,0,0,0
"S72059G","V5413","10000",1,0,0,0,0
"S72059H","V5413","10000",1,0,0,0,0
"S72059J","V5413","10000",1,0,0,0,0
"S72059K","73382","10000",1,0,0,0,0
"S72059M","73382","10000",1,0,0,0,0
"S72059N","73382","10000",1,0,0,0,0
"S72059P","73381","10000",1,0,0,0,0
"S72059Q","73381","10000",1,0,0,0,0
"S72059R","73381","10000",1,0,0,0,0
"S72059S","9053","10000",1,0,0,0,0
"S72061A","82009","10000",1,0,0,0,0
"S72061B","82019","10000",1,0,0,0,0
"S72061C","82019","10000",1,0,0,0,0
"S72061D","V5413","10000",1,0,0,0,0
"S72061E","V5413","10000",1,0,0,0,0
"S72061F","V5413","10000",1,0,0,0,0
"S72061G","V5413","10000",1,0,0,0,0
"S72061H","V5413","10000",1,0,0,0,0
"S72061J","V5413","10000",1,0,0,0,0
"S72061K","73382","10000",1,0,0,0,0
"S72061M","73382","10000",1,0,0,0,0
"S72061N","73382","10000",1,0,0,0,0
"S72061P","73381","10000",1,0,0,0,0
"S72061Q","73381","10000",1,0,0,0,0
"S72061R","73381","10000",1,0,0,0,0
"S72061S","9053","10000",1,0,0,0,0
"S72062A","82009","10000",1,0,0,0,0
"S72062B","82019","10000",1,0,0,0,0
"S72062C","82019","10000",1,0,0,0,0
"S72062D","V5413","10000",1,0,0,0,0
"S72062E","V5413","10000",1,0,0,0,0
"S72062F","V5413","10000",1,0,0,0,0
"S72062G","V5413","10000",1,0,0,0,0
"S72062H","V5413","10000",1,0,0,0,0
"S72062J","V5413","10000",1,0,0,0,0
"S72062K","73382","10000",1,0,0,0,0
"S72062M","73382","10000",1,0,0,0,0
"S72062N","73382","10000",1,0,0,0,0
"S72062P","73381","10000",1,0,0,0,0
"S72062Q","73381","10000",1,0,0,0,0
"S72062R","73381","10000",1,0,0,0,0
"S72062S","9053","10000",1,0,0,0,0
"S72063A","82009","10000",1,0,0,0,0
"S72063B","82019","10000",1,0,0,0,0
"S72063C","82019","10000",1,0,0,0,0
"S72063D","V5413","10000",1,0,0,0,0
"S72063E","V5413","10000",1,0,0,0,0
"S72063F","V5413","10000",1,0,0,0,0
"S72063G","V5413","10000",1,0,0,0,0
"S72063H","V5413","10000",1,0,0,0,0
"S72063J","V5413","10000",1,0,0,0,0
"S72063K","73382","10000",1,0,0,0,0
"S72063M","73382","10000",1,0,0,0,0
"S72063N","73382","10000",1,0,0,0,0
"S72063P","73381","10000",1,0,0,0,0
"S72063Q","73381","10000",1,0,0,0,0
"S72063R","73381","10000",1,0,0,0,0
"S72063S","9053","10000",1,0,0,0,0
"S72064A","82009","10000",1,0,0,0,0
"S72064B","82019","10000",1,0,0,0,0
"S72064C","82019","10000",1,0,0,0,0
"S72064D","V5413","10000",1,0,0,0,0
"S72064E","V5413","10000",1,0,0,0,0
"S72064F","V5413","10000",1,0,0,0,0
"S72064G","V5413","10000",1,0,0,0,0
"S72064H","V5413","10000",1,0,0,0,0
"S72064J","V5413","10000",1,0,0,0,0
"S72064K","73382","10000",1,0,0,0,0
"S72064M","73382","10000",1,0,0,0,0
"S72064N","73382","10000",1,0,0,0,0
"S72064P","73381","10000",1,0,0,0,0
"S72064Q","73381","10000",1,0,0,0,0
"S72064R","73381","10000",1,0,0,0,0
"S72064S","9053","10000",1,0,0,0,0
"S72065A","82009","10000",1,0,0,0,0
"S72065B","82019","10000",1,0,0,0,0
"S72065C","82019","10000",1,0,0,0,0
"S72065D","V5413","10000",1,0,0,0,0
"S72065E","V5413","10000",1,0,0,0,0
"S72065F","V5413","10000",1,0,0,0,0
"S72065G","V5413","10000",1,0,0,0,0
"S72065H","V5413","10000",1,0,0,0,0
"S72065J","V5413","10000",1,0,0,0,0
"S72065K","73382","10000",1,0,0,0,0
"S72065M","73382","10000",1,0,0,0,0
"S72065N","73382","10000",1,0,0,0,0
"S72065P","73381","10000",1,0,0,0,0
"S72065Q","73381","10000",1,0,0,0,0
"S72065R","73381","10000",1,0,0,0,0
"S72065S","9053","10000",1,0,0,0,0
"S72066A","82009","10000",1,0,0,0,0
"S72066B","82019","10000",1,0,0,0,0
"S72066C","82019","10000",1,0,0,0,0
"S72066D","V5413","10000",1,0,0,0,0
"S72066E","V5413","10000",1,0,0,0,0
"S72066F","V5413","10000",1,0,0,0,0
"S72066G","V5413","10000",1,0,0,0,0
"S72066H","V5413","10000",1,0,0,0,0
"S72066J","V5413","10000",1,0,0,0,0
"S72066K","73382","10000",1,0,0,0,0
"S72066M","73382","10000",1,0,0,0,0
"S72066N","73382","10000",1,0,0,0,0
"S72066P","73381","10000",1,0,0,0,0
"S72066Q","73381","10000",1,0,0,0,0
"S72066R","73381","10000",1,0,0,0,0
"S72066S","9053","10000",1,0,0,0,0
"S72091A","82009","10000",1,0,0,0,0
"S72091B","82019","10000",1,0,0,0,0
"S72091C","82019","10000",1,0,0,0,0
"S72091D","V5413","10000",1,0,0,0,0
"S72091E","V5413","10000",1,0,0,0,0
"S72091F","V5413","10000",1,0,0,0,0
"S72091G","V5413","10000",1,0,0,0,0
"S72091H","V5413","10000",1,0,0,0,0
"S72091J","V5413","10000",1,0,0,0,0
"S72091K","73382","10000",1,0,0,0,0
"S72091M","73382","10000",1,0,0,0,0
"S72091N","73382","10000",1,0,0,0,0
"S72091P","73381","10000",1,0,0,0,0
"S72091Q","73381","10000",1,0,0,0,0
"S72091R","73381","10000",1,0,0,0,0
"S72091S","9053","10000",1,0,0,0,0
"S72092A","82009","10000",1,0,0,0,0
"S72092B","82019","10000",1,0,0,0,0
"S72092C","82019","10000",1,0,0,0,0
"S72092D","V5413","10000",1,0,0,0,0
"S72092E","V5413","10000",1,0,0,0,0
"S72092F","V5413","10000",1,0,0,0,0
"S72092G","V5413","10000",1,0,0,0,0
"S72092H","V5413","10000",1,0,0,0,0
"S72092J","V5413","10000",1,0,0,0,0
"S72092K","73382","10000",1,0,0,0,0
"S72092M","73382","10000",1,0,0,0,0
"S72092N","73382","10000",1,0,0,0,0
"S72092P","73381","10000",1,0,0,0,0
"S72092Q","73381","10000",1,0,0,0,0
"S72092R","73381","10000",1,0,0,0,0
"S72092S","9053","10000",1,0,0,0,0
"S72099A","82009","10000",1,0,0,0,0
"S72099B","82019","10000",1,0,0,0,0
"S72099C","82019","10000",1,0,0,0,0
"S72099D","V5413","10000",1,0,0,0,0
"S72099E","V5413","10000",1,0,0,0,0
"S72099F","V5413","10000",1,0,0,0,0
"S72099G","V5413","10000",1,0,0,0,0
"S72099H","V5413","10000",1,0,0,0,0
"S72099J","V5413","10000",1,0,0,0,0
"S72099K","73382","10000",1,0,0,0,0
"S72099M","73382","10000",1,0,0,0,0
"S72099N","73382","10000",1,0,0,0,0
"S72099P","73381","10000",1,0,0,0,0
"S72099Q","73381","10000",1,0,0,0,0
"S72099R","73381","10000",1,0,0,0,0
"S72099S","9053","10000",1,0,0,0,0
"S72101A","82020","10000",1,0,0,0,0
"S72101B","82030","10000",1,0,0,0,0
"S72101C","82030","10000",1,0,0,0,0
"S72101D","V5413","10000",1,0,0,0,0
"S72101E","V5413","10000",1,0,0,0,0
"S72101F","V5413","10000",1,0,0,0,0
"S72101G","V5413","10000",1,0,0,0,0
"S72101H","V5413","10000",1,0,0,0,0
"S72101J","V5413","10000",1,0,0,0,0
"S72101K","73382","10000",1,0,0,0,0
"S72101M","73382","10000",1,0,0,0,0
"S72101N","73382","10000",1,0,0,0,0
"S72101P","73381","10000",1,0,0,0,0
"S72101Q","73381","10000",1,0,0,0,0
"S72101R","73381","10000",1,0,0,0,0
"S72101S","9053","10000",1,0,0,0,0
"S72102A","82020","10000",1,0,0,0,0
"S72102B","82030","10000",1,0,0,0,0
"S72102C","82030","10000",1,0,0,0,0
"S72102D","V5413","10000",1,0,0,0,0
"S72102E","V5413","10000",1,0,0,0,0
"S72102F","V5413","10000",1,0,0,0,0
"S72102G","V5413","10000",1,0,0,0,0
"S72102H","V5413","10000",1,0,0,0,0
"S72102J","V5413","10000",1,0,0,0,0
"S72102K","73382","10000",1,0,0,0,0
"S72102M","73382","10000",1,0,0,0,0
"S72102N","73382","10000",1,0,0,0,0
"S72102P","73381","10000",1,0,0,0,0
"S72102Q","73381","10000",1,0,0,0,0
"S72102R","73381","10000",1,0,0,0,0
"S72102S","9053","10000",1,0,0,0,0
"S72109A","82020","10000",1,0,0,0,0
"S72109B","82030","10000",1,0,0,0,0
"S72109C","82030","10000",1,0,0,0,0
"S72109D","V5413","10000",1,0,0,0,0
"S72109E","V5413","10000",1,0,0,0,0
"S72109F","V5413","10000",1,0,0,0,0
"S72109G","V5413","10000",1,0,0,0,0
"S72109H","V5413","10000",1,0,0,0,0
"S72109J","V5413","10000",1,0,0,0,0
"S72109K","73382","10000",1,0,0,0,0
"S72109M","73382","10000",1,0,0,0,0
"S72109N","73382","10000",1,0,0,0,0
"S72109P","73381","10000",1,0,0,0,0
"S72109Q","73381","10000",1,0,0,0,0
"S72109R","73381","10000",1,0,0,0,0
"S72109S","9053","10000",1,0,0,0,0
"S72111A","82020","10000",1,0,0,0,0
"S72111B","82030","10000",1,0,0,0,0
"S72111C","82030","10000",1,0,0,0,0
"S72111D","V5413","10000",1,0,0,0,0
"S72111E","V5413","10000",1,0,0,0,0
"S72111F","V5413","10000",1,0,0,0,0
"S72111G","V5413","10000",1,0,0,0,0
"S72111H","V5413","10000",1,0,0,0,0
"S72111J","V5413","10000",1,0,0,0,0
"S72111K","73382","10000",1,0,0,0,0
"S72111M","73382","10000",1,0,0,0,0
"S72111N","73382","10000",1,0,0,0,0
"S72111P","73381","10000",1,0,0,0,0
"S72111Q","73381","10000",1,0,0,0,0
"S72111R","73381","10000",1,0,0,0,0
"S72111S","9053","10000",1,0,0,0,0
"S72112A","82020","10000",1,0,0,0,0
"S72112B","82030","10000",1,0,0,0,0
"S72112C","82030","10000",1,0,0,0,0
"S72112D","V5413","10000",1,0,0,0,0
"S72112E","V5413","10000",1,0,0,0,0
"S72112F","V5413","10000",1,0,0,0,0
"S72112G","V5413","10000",1,0,0,0,0
"S72112H","V5413","10000",1,0,0,0,0
"S72112J","V5413","10000",1,0,0,0,0
"S72112K","73382","10000",1,0,0,0,0
"S72112M","73382","10000",1,0,0,0,0
"S72112N","73382","10000",1,0,0,0,0
"S72112P","73381","10000",1,0,0,0,0
"S72112Q","73381","10000",1,0,0,0,0
"S72112R","73381","10000",1,0,0,0,0
"S72112S","9053","10000",1,0,0,0,0
"S72113A","82020","10000",1,0,0,0,0
"S72113B","82030","10000",1,0,0,0,0
"S72113C","82030","10000",1,0,0,0,0
"S72113D","V5413","10000",1,0,0,0,0
"S72113E","V5413","10000",1,0,0,0,0
"S72113F","V5413","10000",1,0,0,0,0
"S72113G","V5413","10000",1,0,0,0,0
"S72113H","V5413","10000",1,0,0,0,0
"S72113J","V5413","10000",1,0,0,0,0
"S72113K","73382","10000",1,0,0,0,0
"S72113M","73382","10000",1,0,0,0,0
"S72113N","73382","10000",1,0,0,0,0
"S72113P","73381","10000",1,0,0,0,0
"S72113Q","73381","10000",1,0,0,0,0
"S72113R","73381","10000",1,0,0,0,0
"S72113S","9053","10000",1,0,0,0,0
"S72114A","82020","10000",1,0,0,0,0
"S72114B","82030","10000",1,0,0,0,0
"S72114C","82030","10000",1,0,0,0,0
"S72114D","V5413","10000",1,0,0,0,0
"S72114E","V5413","10000",1,0,0,0,0
"S72114F","V5413","10000",1,0,0,0,0
"S72114G","V5413","10000",1,0,0,0,0
"S72114H","V5413","10000",1,0,0,0,0
"S72114J","V5413","10000",1,0,0,0,0
"S72114K","73382","10000",1,0,0,0,0
"S72114M","73382","10000",1,0,0,0,0
"S72114N","73382","10000",1,0,0,0,0
"S72114P","73381","10000",1,0,0,0,0
"S72114Q","73381","10000",1,0,0,0,0
"S72114R","73381","10000",1,0,0,0,0
"S72114S","9053","10000",1,0,0,0,0
"S72115A","82020","10000",1,0,0,0,0
"S72115B","82030","10000",1,0,0,0,0
"S72115C","82030","10000",1,0,0,0,0
"S72115D","V5413","10000",1,0,0,0,0
"S72115E","V5413","10000",1,0,0,0,0
"S72115F","V5413","10000",1,0,0,0,0
"S72115G","V5413","10000",1,0,0,0,0
"S72115H","V5413","10000",1,0,0,0,0
"S72115J","V5413","10000",1,0,0,0,0
"S72115K","73382","10000",1,0,0,0,0
"S72115M","73382","10000",1,0,0,0,0
"S72115N","73382","10000",1,0,0,0,0
"S72115P","73381","10000",1,0,0,0,0
"S72115Q","73381","10000",1,0,0,0,0
"S72115R","73381","10000",1,0,0,0,0
"S72115S","9053","10000",1,0,0,0,0
"S72116A","82020","10000",1,0,0,0,0
"S72116B","82030","10000",1,0,0,0,0
"S72116C","82030","10000",1,0,0,0,0
"S72116D","V5413","10000",1,0,0,0,0
"S72116E","V5413","10000",1,0,0,0,0
"S72116F","V5413","10000",1,0,0,0,0
"S72116G","V5413","10000",1,0,0,0,0
"S72116H","V5413","10000",1,0,0,0,0
"S72116J","V5413","10000",1,0,0,0,0
"S72116K","73382","10000",1,0,0,0,0
"S72116M","73382","10000",1,0,0,0,0
"S72116N","73382","10000",1,0,0,0,0
"S72116P","73381","10000",1,0,0,0,0
"S72116Q","73381","10000",1,0,0,0,0
"S72116R","73381","10000",1,0,0,0,0
"S72116S","9053","10000",1,0,0,0,0
"S72121A","82020","10000",1,0,0,0,0
"S72121B","82030","10000",1,0,0,0,0
"S72121C","82030","10000",1,0,0,0,0
"S72121D","V5413","10000",1,0,0,0,0
"S72121E","V5413","10000",1,0,0,0,0
"S72121F","V5413","10000",1,0,0,0,0
"S72121G","V5413","10000",1,0,0,0,0
"S72121H","V5413","10000",1,0,0,0,0
"S72121J","V5413","10000",1,0,0,0,0
"S72121K","73382","10000",1,0,0,0,0
"S72121M","73382","10000",1,0,0,0,0
"S72121N","73382","10000",1,0,0,0,0
"S72121P","73381","10000",1,0,0,0,0
"S72121Q","73381","10000",1,0,0,0,0
"S72121R","73381","10000",1,0,0,0,0
"S72121S","9053","10000",1,0,0,0,0
"S72122A","82020","10000",1,0,0,0,0
"S72122B","82030","10000",1,0,0,0,0
"S72122C","82030","10000",1,0,0,0,0
"S72122D","V5413","10000",1,0,0,0,0
"S72122E","V5413","10000",1,0,0,0,0
"S72122F","V5413","10000",1,0,0,0,0
"S72122G","V5413","10000",1,0,0,0,0
"S72122H","V5413","10000",1,0,0,0,0
"S72122J","V5413","10000",1,0,0,0,0
"S72122K","73382","10000",1,0,0,0,0
"S72122M","73382","10000",1,0,0,0,0
"S72122N","73382","10000",1,0,0,0,0
"S72122P","73381","10000",1,0,0,0,0
"S72122Q","73381","10000",1,0,0,0,0
"S72122R","73381","10000",1,0,0,0,0
"S72122S","9053","10000",1,0,0,0,0
"S72123A","82020","10000",1,0,0,0,0
"S72123B","82030","10000",1,0,0,0,0
"S72123C","82030","10000",1,0,0,0,0
"S72123D","V5413","10000",1,0,0,0,0
"S72123E","V5413","10000",1,0,0,0,0
"S72123F","V5413","10000",1,0,0,0,0
"S72123G","V5413","10000",1,0,0,0,0
"S72123H","V5413","10000",1,0,0,0,0
"S72123J","V5413","10000",1,0,0,0,0
"S72123K","73382","10000",1,0,0,0,0
"S72123M","73382","10000",1,0,0,0,0
"S72123N","73382","10000",1,0,0,0,0
"S72123P","73381","10000",1,0,0,0,0
"S72123Q","73381","10000",1,0,0,0,0
"S72123R","73381","10000",1,0,0,0,0
"S72123S","9053","10000",1,0,0,0,0
"S72124A","82020","10000",1,0,0,0,0
"S72124B","82030","10000",1,0,0,0,0
"S72124C","82030","10000",1,0,0,0,0
"S72124D","V5413","10000",1,0,0,0,0
"S72124E","V5413","10000",1,0,0,0,0
"S72124F","V5413","10000",1,0,0,0,0
"S72124G","V5413","10000",1,0,0,0,0
"S72124H","V5413","10000",1,0,0,0,0
"S72124J","V5413","10000",1,0,0,0,0
"S72124K","73382","10000",1,0,0,0,0
"S72124M","73382","10000",1,0,0,0,0
"S72124N","73382","10000",1,0,0,0,0
"S72124P","73381","10000",1,0,0,0,0
"S72124Q","73381","10000",1,0,0,0,0
"S72124R","73381","10000",1,0,0,0,0
"S72124S","9053","10000",1,0,0,0,0
"S72125A","82020","10000",1,0,0,0,0
"S72125B","82030","10000",1,0,0,0,0
"S72125C","82030","10000",1,0,0,0,0
"S72125D","V5413","10000",1,0,0,0,0
"S72125E","V5413","10000",1,0,0,0,0
"S72125F","V5413","10000",1,0,0,0,0
"S72125G","V5413","10000",1,0,0,0,0
"S72125H","V5413","10000",1,0,0,0,0
"S72125J","V5413","10000",1,0,0,0,0
"S72125K","73382","10000",1,0,0,0,0
"S72125M","73382","10000",1,0,0,0,0
"S72125N","73382","10000",1,0,0,0,0
"S72125P","73381","10000",1,0,0,0,0
"S72125Q","73381","10000",1,0,0,0,0
"S72125R","73381","10000",1,0,0,0,0
"S72125S","9053","10000",1,0,0,0,0
"S72126A","82020","10000",1,0,0,0,0
"S72126B","82030","10000",1,0,0,0,0
"S72126C","82030","10000",1,0,0,0,0
"S72126D","V5413","10000",1,0,0,0,0
"S72126E","V5413","10000",1,0,0,0,0
"S72126F","V5413","10000",1,0,0,0,0
"S72126G","V5413","10000",1,0,0,0,0
"S72126H","V5413","10000",1,0,0,0,0
"S72126J","V5413","10000",1,0,0,0,0
"S72126K","73382","10000",1,0,0,0,0
"S72126M","73382","10000",1,0,0,0,0
"S72126N","73382","10000",1,0,0,0,0
"S72126P","73381","10000",1,0,0,0,0
"S72126Q","73381","10000",1,0,0,0,0
"S72126R","73381","10000",1,0,0,0,0
"S72126S","9053","10000",1,0,0,0,0
"S72131A","82020","10000",1,0,0,0,0
"S72131B","82030","10000",1,0,0,0,0
"S72131C","82030","10000",1,0,0,0,0
"S72131D","V5413","10000",1,0,0,0,0
"S72131E","V5413","10000",1,0,0,0,0
"S72131F","V5413","10000",1,0,0,0,0
"S72131G","V5413","10000",1,0,0,0,0
"S72131H","V5413","10000",1,0,0,0,0
"S72131J","V5413","10000",1,0,0,0,0
"S72131K","73382","10000",1,0,0,0,0
"S72131M","73382","10000",1,0,0,0,0
"S72131N","73382","10000",1,0,0,0,0
"S72131P","73381","10000",1,0,0,0,0
"S72131Q","73381","10000",1,0,0,0,0
"S72131R","73381","10000",1,0,0,0,0
"S72131S","9053","10000",1,0,0,0,0
"S72132A","82020","10000",1,0,0,0,0
"S72132B","82030","10000",1,0,0,0,0
"S72132C","82030","10000",1,0,0,0,0
"S72132D","V5413","10000",1,0,0,0,0
"S72132E","V5413","10000",1,0,0,0,0
"S72132F","V5413","10000",1,0,0,0,0
"S72132G","V5413","10000",1,0,0,0,0
"S72132H","V5413","10000",1,0,0,0,0
"S72132J","V5413","10000",1,0,0,0,0
"S72132K","73382","10000",1,0,0,0,0
"S72132M","73382","10000",1,0,0,0,0
"S72132N","73382","10000",1,0,0,0,0
"S72132P","73381","10000",1,0,0,0,0
"S72132Q","73381","10000",1,0,0,0,0
"S72132R","73381","10000",1,0,0,0,0
"S72132S","9053","10000",1,0,0,0,0
"S72133A","82020","10000",1,0,0,0,0
"S72133B","82030","10000",1,0,0,0,0
"S72133C","82030","10000",1,0,0,0,0
"S72133D","V5413","10000",1,0,0,0,0
"S72133E","V5413","10000",1,0,0,0,0
"S72133F","V5413","10000",1,0,0,0,0
"S72133G","V5413","10000",1,0,0,0,0
"S72133H","V5413","10000",1,0,0,0,0
"S72133J","V5413","10000",1,0,0,0,0
"S72133K","73382","10000",1,0,0,0,0
"S72133M","73382","10000",1,0,0,0,0
"S72133N","73382","10000",1,0,0,0,0
"S72133P","73381","10000",1,0,0,0,0
"S72133Q","73381","10000",1,0,0,0,0
"S72133R","73381","10000",1,0,0,0,0
"S72133S","9053","10000",1,0,0,0,0
"S72134A","82020","10000",1,0,0,0,0
"S72134B","82030","10000",1,0,0,0,0
"S72134C","82030","10000",1,0,0,0,0
"S72134D","V5413","10000",1,0,0,0,0
"S72134E","V5413","10000",1,0,0,0,0
"S72134F","V5413","10000",1,0,0,0,0
"S72134G","V5413","10000",1,0,0,0,0
"S72134H","V5413","10000",1,0,0,0,0
"S72134J","V5413","10000",1,0,0,0,0
"S72134K","73382","10000",1,0,0,0,0
"S72134M","73382","10000",1,0,0,0,0
"S72134N","73382","10000",1,0,0,0,0
"S72134P","73381","10000",1,0,0,0,0
"S72134Q","73381","10000",1,0,0,0,0
"S72134R","73381","10000",1,0,0,0,0
"S72134S","9053","10000",1,0,0,0,0
"S72135A","82020","10000",1,0,0,0,0
"S72135B","82030","10000",1,0,0,0,0
"S72135C","82030","10000",1,0,0,0,0
"S72135D","V5413","10000",1,0,0,0,0
"S72135E","V5413","10000",1,0,0,0,0
"S72135F","V5413","10000",1,0,0,0,0
"S72135G","V5413","10000",1,0,0,0,0
"S72135H","V5413","10000",1,0,0,0,0
"S72135J","V5413","10000",1,0,0,0,0
"S72135K","73382","10000",1,0,0,0,0
"S72135M","73382","10000",1,0,0,0,0
"S72135N","73382","10000",1,0,0,0,0
"S72135P","73381","10000",1,0,0,0,0
"S72135Q","73381","10000",1,0,0,0,0
"S72135R","73381","10000",1,0,0,0,0
"S72135S","9053","10000",1,0,0,0,0
"S72136A","82020","10000",1,0,0,0,0
"S72136B","82030","10000",1,0,0,0,0
"S72136C","82030","10000",1,0,0,0,0
"S72136D","V5413","10000",1,0,0,0,0
"S72136E","V5413","10000",1,0,0,0,0
"S72136F","V5413","10000",1,0,0,0,0
"S72136G","V5413","10000",1,0,0,0,0
"S72136H","V5413","10000",1,0,0,0,0
"S72136J","V5413","10000",1,0,0,0,0
"S72136K","73382","10000",1,0,0,0,0
"S72136M","73382","10000",1,0,0,0,0
"S72136N","73382","10000",1,0,0,0,0
"S72136P","73381","10000",1,0,0,0,0
"S72136Q","73381","10000",1,0,0,0,0
"S72136R","73381","10000",1,0,0,0,0
"S72136S","9053","10000",1,0,0,0,0
"S72141A","82021","10000",1,0,0,0,0
"S72141B","82031","10000",1,0,0,0,0
"S72141C","82031","10000",1,0,0,0,0
"S72141D","V5413","10000",1,0,0,0,0
"S72141E","V5413","10000",1,0,0,0,0
"S72141F","V5413","10000",1,0,0,0,0
"S72141G","V5413","10000",1,0,0,0,0
"S72141H","V5413","10000",1,0,0,0,0
"S72141J","V5413","10000",1,0,0,0,0
"S72141K","73382","10000",1,0,0,0,0
"S72141M","73382","10000",1,0,0,0,0
"S72141N","73382","10000",1,0,0,0,0
"S72141P","73381","10000",1,0,0,0,0
"S72141Q","73381","10000",1,0,0,0,0
"S72141R","73381","10000",1,0,0,0,0
"S72141S","9053","10000",1,0,0,0,0
"S72142A","82021","10000",1,0,0,0,0
"S72142B","82031","10000",1,0,0,0,0
"S72142C","82031","10000",1,0,0,0,0
"S72142D","V5413","10000",1,0,0,0,0
"S72142E","V5413","10000",1,0,0,0,0
"S72142F","V5413","10000",1,0,0,0,0
"S72142G","V5413","10000",1,0,0,0,0
"S72142H","V5413","10000",1,0,0,0,0
"S72142J","V5413","10000",1,0,0,0,0
"S72142K","73382","10000",1,0,0,0,0
"S72142M","73382","10000",1,0,0,0,0
"S72142N","73382","10000",1,0,0,0,0
"S72142P","73381","10000",1,0,0,0,0
"S72142Q","73381","10000",1,0,0,0,0
"S72142R","73381","10000",1,0,0,0,0
"S72142S","9053","10000",1,0,0,0,0
"S72143A","82021","10000",1,0,0,0,0
"S72143B","82031","10000",1,0,0,0,0
"S72143C","82031","10000",1,0,0,0,0
"S72143D","V5413","10000",1,0,0,0,0
"S72143E","V5413","10000",1,0,0,0,0
"S72143F","V5413","10000",1,0,0,0,0
"S72143G","V5413","10000",1,0,0,0,0
"S72143H","V5413","10000",1,0,0,0,0
"S72143J","V5413","10000",1,0,0,0,0
"S72143K","73382","10000",1,0,0,0,0
"S72143M","73382","10000",1,0,0,0,0
"S72143N","73382","10000",1,0,0,0,0
"S72143P","73381","10000",1,0,0,0,0
"S72143Q","73381","10000",1,0,0,0,0
"S72143R","73381","10000",1,0,0,0,0
"S72143S","9053","10000",1,0,0,0,0
"S72144A","82021","10000",1,0,0,0,0
"S72144B","82031","10000",1,0,0,0,0
"S72144C","82031","10000",1,0,0,0,0
"S72144D","V5413","10000",1,0,0,0,0
"S72144E","V5413","10000",1,0,0,0,0
"S72144F","V5413","10000",1,0,0,0,0
"S72144G","V5413","10000",1,0,0,0,0
"S72144H","V5413","10000",1,0,0,0,0
"S72144J","V5413","10000",1,0,0,0,0
"S72144K","73382","10000",1,0,0,0,0
"S72144M","73382","10000",1,0,0,0,0
"S72144N","73382","10000",1,0,0,0,0
"S72144P","73381","10000",1,0,0,0,0
"S72144Q","73381","10000",1,0,0,0,0
"S72144R","73381","10000",1,0,0,0,0
"S72144S","9053","10000",1,0,0,0,0
"S72145A","82021","10000",1,0,0,0,0
"S72145B","82031","10000",1,0,0,0,0
"S72145C","82031","10000",1,0,0,0,0
"S72145D","V5413","10000",1,0,0,0,0
"S72145E","V5413","10000",1,0,0,0,0
"S72145F","V5413","10000",1,0,0,0,0
"S72145G","V5413","10000",1,0,0,0,0
"S72145H","V5413","10000",1,0,0,0,0
"S72145J","V5413","10000",1,0,0,0,0
"S72145K","73382","10000",1,0,0,0,0
"S72145M","73382","10000",1,0,0,0,0
"S72145N","73382","10000",1,0,0,0,0
"S72145P","73381","10000",1,0,0,0,0
"S72145Q","73381","10000",1,0,0,0,0
"S72145R","73381","10000",1,0,0,0,0
"S72145S","9053","10000",1,0,0,0,0
"S72146A","82021","10000",1,0,0,0,0
"S72146B","82031","10000",1,0,0,0,0
"S72146C","82031","10000",1,0,0,0,0
"S72146D","V5413","10000",1,0,0,0,0
"S72146E","V5413","10000",1,0,0,0,0
"S72146F","V5413","10000",1,0,0,0,0
"S72146G","V5413","10000",1,0,0,0,0
"S72146H","V5413","10000",1,0,0,0,0
"S72146J","V5413","10000",1,0,0,0,0
"S72146K","73382","10000",1,0,0,0,0
"S72146M","73382","10000",1,0,0,0,0
"S72146N","73382","10000",1,0,0,0,0
"S72146P","73381","10000",1,0,0,0,0
"S72146Q","73381","10000",1,0,0,0,0
"S72146R","73381","10000",1,0,0,0,0
"S72146S","9053","10000",1,0,0,0,0
"S7221XA","82022","10000",1,0,0,0,0
"S7221XB","82032","10000",1,0,0,0,0
"S7221XC","82032","10000",1,0,0,0,0
"S7221XD","V5415","10000",1,0,0,0,0
"S7221XE","V5415","10000",1,0,0,0,0
"S7221XF","V5415","10000",1,0,0,0,0
"S7221XG","V5415","10000",1,0,0,0,0
"S7221XH","V5415","10000",1,0,0,0,0
"S7221XJ","V5415","10000",1,0,0,0,0
"S7221XK","73382","10000",1,0,0,0,0
"S7221XM","73382","10000",1,0,0,0,0
"S7221XN","73382","10000",1,0,0,0,0
"S7221XP","73381","10000",1,0,0,0,0
"S7221XQ","73381","10000",1,0,0,0,0
"S7221XR","73381","10000",1,0,0,0,0
"S7221XS","9053","10000",1,0,0,0,0
"S7222XA","82022","10000",1,0,0,0,0
"S7222XB","82032","10000",1,0,0,0,0
"S7222XC","82032","10000",1,0,0,0,0
"S7222XD","V5415","10000",1,0,0,0,0
"S7222XE","V5415","10000",1,0,0,0,0
"S7222XF","V5415","10000",1,0,0,0,0
"S7222XG","V5415","10000",1,0,0,0,0
"S7222XH","V5415","10000",1,0,0,0,0
"S7222XJ","V5415","10000",1,0,0,0,0
"S7222XK","73382","10000",1,0,0,0,0
"S7222XM","73382","10000",1,0,0,0,0
"S7222XN","73382","10000",1,0,0,0,0
"S7222XP","73381","10000",1,0,0,0,0
"S7222XQ","73381","10000",1,0,0,0,0
"S7222XR","73381","10000",1,0,0,0,0
"S7222XS","9053","10000",1,0,0,0,0
"S7223XA","82022","10000",1,0,0,0,0
"S7223XB","82032","10000",1,0,0,0,0
"S7223XC","82032","10000",1,0,0,0,0
"S7223XD","V5415","10000",1,0,0,0,0
"S7223XE","V5415","10000",1,0,0,0,0
"S7223XF","V5415","10000",1,0,0,0,0
"S7223XG","V5415","10000",1,0,0,0,0
"S7223XH","V5415","10000",1,0,0,0,0
"S7223XJ","V5415","10000",1,0,0,0,0
"S7223XK","73382","10000",1,0,0,0,0
"S7223XM","73382","10000",1,0,0,0,0
"S7223XN","73382","10000",1,0,0,0,0
"S7223XP","73381","10000",1,0,0,0,0
"S7223XQ","73381","10000",1,0,0,0,0
"S7223XR","73381","10000",1,0,0,0,0
"S7223XS","9053","10000",1,0,0,0,0
"S7224XA","82022","10000",1,0,0,0,0
"S7224XB","82032","10000",1,0,0,0,0
"S7224XC","82032","10000",1,0,0,0,0
"S7224XD","V5415","10000",1,0,0,0,0
"S7224XE","V5415","10000",1,0,0,0,0
"S7224XF","V5415","10000",1,0,0,0,0
"S7224XG","V5415","10000",1,0,0,0,0
"S7224XH","V5415","10000",1,0,0,0,0
"S7224XJ","V5415","10000",1,0,0,0,0
"S7224XK","73382","10000",1,0,0,0,0
"S7224XM","73382","10000",1,0,0,0,0
"S7224XN","73382","10000",1,0,0,0,0
"S7224XP","73381","10000",1,0,0,0,0
"S7224XQ","73381","10000",1,0,0,0,0
"S7224XR","73381","10000",1,0,0,0,0
"S7224XS","9053","10000",1,0,0,0,0
"S7225XA","82022","10000",1,0,0,0,0
"S7225XB","82032","10000",1,0,0,0,0
"S7225XC","82032","10000",1,0,0,0,0
"S7225XD","V5415","10000",1,0,0,0,0
"S7225XE","V5415","10000",1,0,0,0,0
"S7225XF","V5415","10000",1,0,0,0,0
"S7225XG","V5415","10000",1,0,0,0,0
"S7225XH","V5415","10000",1,0,0,0,0
"S7225XJ","V5415","10000",1,0,0,0,0
"S7225XK","73382","10000",1,0,0,0,0
"S7225XM","73382","10000",1,0,0,0,0
"S7225XN","73382","10000",1,0,0,0,0
"S7225XP","73381","10000",1,0,0,0,0
"S7225XQ","73381","10000",1,0,0,0,0
"S7225XR","73381","10000",1,0,0,0,0
"S7225XS","9053","10000",1,0,0,0,0
"S7226XA","82022","10000",1,0,0,0,0
"S7226XB","82032","10000",1,0,0,0,0
"S7226XC","82032","10000",1,0,0,0,0
"S7226XD","V5415","10000",1,0,0,0,0
"S7226XE","V5415","10000",1,0,0,0,0
"S7226XF","V5415","10000",1,0,0,0,0
"S7226XG","V5415","10000",1,0,0,0,0
"S7226XH","V5415","10000",1,0,0,0,0
"S7226XJ","V5415","10000",1,0,0,0,0
"S7226XK","73382","10000",1,0,0,0,0
"S7226XM","73382","10000",1,0,0,0,0
"S7226XN","73382","10000",1,0,0,0,0
"S7226XP","73381","10000",1,0,0,0,0
"S7226XQ","73381","10000",1,0,0,0,0
"S7226XR","73381","10000",1,0,0,0,0
"S7226XS","9053","10000",1,0,0,0,0
"S72301A","82101","10000",1,0,0,0,0
"S72301B","82111","10000",1,0,0,0,0
"S72301C","82111","10000",1,0,0,0,0
"S72301D","V5415","10000",1,0,0,0,0
"S72301E","V5415","10000",1,0,0,0,0
"S72301F","V5415","10000",1,0,0,0,0
"S72301G","V5415","10000",1,0,0,0,0
"S72301H","V5415","10000",1,0,0,0,0
"S72301J","V5415","10000",1,0,0,0,0
"S72301K","73382","10000",1,0,0,0,0
"S72301M","73382","10000",1,0,0,0,0
"S72301N","73382","10000",1,0,0,0,0
"S72301P","73381","10000",1,0,0,0,0
"S72301Q","73381","10000",1,0,0,0,0
"S72301R","73381","10000",1,0,0,0,0
"S72301S","9054","10000",1,0,0,0,0
"S72302A","82101","10000",1,0,0,0,0
"S72302B","82111","10000",1,0,0,0,0
"S72302C","82111","10000",1,0,0,0,0
"S72302D","V5415","10000",1,0,0,0,0
"S72302E","V5415","10000",1,0,0,0,0
"S72302F","V5415","10000",1,0,0,0,0
"S72302G","V5415","10000",1,0,0,0,0
"S72302H","V5415","10000",1,0,0,0,0
"S72302J","V5415","10000",1,0,0,0,0
"S72302K","73382","10000",1,0,0,0,0
"S72302M","73382","10000",1,0,0,0,0
"S72302N","73382","10000",1,0,0,0,0
"S72302P","73381","10000",1,0,0,0,0
"S72302Q","73381","10000",1,0,0,0,0
"S72302R","73381","10000",1,0,0,0,0
"S72302S","9054","10000",1,0,0,0,0
"S72309A","82101","10000",1,0,0,0,0
"S72309B","82111","10000",1,0,0,0,0
"S72309C","82111","10000",1,0,0,0,0
"S72309D","V5415","10000",1,0,0,0,0
"S72309E","V5415","10000",1,0,0,0,0
"S72309F","V5415","10000",1,0,0,0,0
"S72309G","V5415","10000",1,0,0,0,0
"S72309H","V5415","10000",1,0,0,0,0
"S72309J","V5415","10000",1,0,0,0,0
"S72309K","73382","10000",1,0,0,0,0
"S72309M","73382","10000",1,0,0,0,0
"S72309N","73382","10000",1,0,0,0,0
"S72309P","73381","10000",1,0,0,0,0
"S72309Q","73381","10000",1,0,0,0,0
"S72309R","73381","10000",1,0,0,0,0
"S72309S","9054","10000",1,0,0,0,0
"S72321A","82101","10000",1,0,0,0,0
"S72321B","82111","10000",1,0,0,0,0
"S72321C","82111","10000",1,0,0,0,0
"S72321D","V5415","10000",1,0,0,0,0
"S72321E","V5415","10000",1,0,0,0,0
"S72321F","V5415","10000",1,0,0,0,0
"S72321G","V5415","10000",1,0,0,0,0
"S72321H","V5415","10000",1,0,0,0,0
"S72321J","V5415","10000",1,0,0,0,0
"S72321K","73382","10000",1,0,0,0,0
"S72321M","73382","10000",1,0,0,0,0
"S72321N","73382","10000",1,0,0,0,0
"S72321P","73381","10000",1,0,0,0,0
"S72321Q","73381","10000",1,0,0,0,0
"S72321R","73381","10000",1,0,0,0,0
"S72321S","9054","10000",1,0,0,0,0
"S72322A","82101","10000",1,0,0,0,0
"S72322B","82111","10000",1,0,0,0,0
"S72322C","82111","10000",1,0,0,0,0
"S72322D","V5415","10000",1,0,0,0,0
"S72322E","V5415","10000",1,0,0,0,0
"S72322F","V5415","10000",1,0,0,0,0
"S72322G","V5415","10000",1,0,0,0,0
"S72322H","V5415","10000",1,0,0,0,0
"S72322J","V5415","10000",1,0,0,0,0
"S72322K","73382","10000",1,0,0,0,0
"S72322M","73382","10000",1,0,0,0,0
"S72322N","73382","10000",1,0,0,0,0
"S72322P","73381","10000",1,0,0,0,0
"S72322Q","73381","10000",1,0,0,0,0
"S72322R","73381","10000",1,0,0,0,0
"S72322S","9054","10000",1,0,0,0,0
"S72323A","82101","10000",1,0,0,0,0
"S72323B","82111","10000",1,0,0,0,0
"S72323C","82111","10000",1,0,0,0,0
"S72323D","V5415","10000",1,0,0,0,0
"S72323E","V5415","10000",1,0,0,0,0
"S72323F","V5415","10000",1,0,0,0,0
"S72323G","V5415","10000",1,0,0,0,0
"S72323H","V5415","10000",1,0,0,0,0
"S72323J","V5415","10000",1,0,0,0,0
"S72323K","73382","10000",1,0,0,0,0
"S72323M","73382","10000",1,0,0,0,0
"S72323N","73382","10000",1,0,0,0,0
"S72323P","73381","10000",1,0,0,0,0
"S72323Q","73381","10000",1,0,0,0,0
"S72323R","73381","10000",1,0,0,0,0
"S72323S","9054","10000",1,0,0,0,0
"S72324A","82101","10000",1,0,0,0,0
"S72324B","82111","10000",1,0,0,0,0
"S72324C","82111","10000",1,0,0,0,0
"S72324D","V5415","10000",1,0,0,0,0
"S72324E","V5415","10000",1,0,0,0,0
"S72324F","V5415","10000",1,0,0,0,0
"S72324G","V5415","10000",1,0,0,0,0
"S72324H","V5415","10000",1,0,0,0,0
"S72324J","V5415","10000",1,0,0,0,0
"S72324K","73382","10000",1,0,0,0,0
"S72324M","73382","10000",1,0,0,0,0
"S72324N","73382","10000",1,0,0,0,0
"S72324P","73381","10000",1,0,0,0,0
"S72324Q","73381","10000",1,0,0,0,0
"S72324R","73381","10000",1,0,0,0,0
"S72324S","9054","10000",1,0,0,0,0
"S72325A","82101","10000",1,0,0,0,0
"S72325B","82111","10000",1,0,0,0,0
"S72325C","82111","10000",1,0,0,0,0
"S72325D","V5415","10000",1,0,0,0,0
"S72325E","V5415","10000",1,0,0,0,0
"S72325F","V5415","10000",1,0,0,0,0
"S72325G","V5415","10000",1,0,0,0,0
"S72325H","V5415","10000",1,0,0,0,0
"S72325J","V5415","10000",1,0,0,0,0
"S72325K","73382","10000",1,0,0,0,0
"S72325M","73382","10000",1,0,0,0,0
"S72325N","73382","10000",1,0,0,0,0
"S72325P","73381","10000",1,0,0,0,0
"S72325Q","73381","10000",1,0,0,0,0
"S72325R","73381","10000",1,0,0,0,0
"S72325S","9054","10000",1,0,0,0,0
"S72326A","82101","10000",1,0,0,0,0
"S72326B","82111","10000",1,0,0,0,0
"S72326C","82111","10000",1,0,0,0,0
"S72326D","V5415","10000",1,0,0,0,0
"S72326E","V5415","10000",1,0,0,0,0
"S72326F","V5415","10000",1,0,0,0,0
"S72326G","V5415","10000",1,0,0,0,0
"S72326H","V5415","10000",1,0,0,0,0
"S72326J","V5415","10000",1,0,0,0,0
"S72326K","73382","10000",1,0,0,0,0
"S72326M","73382","10000",1,0,0,0,0
"S72326N","73382","10000",1,0,0,0,0
"S72326P","73381","10000",1,0,0,0,0
"S72326Q","73381","10000",1,0,0,0,0
"S72326R","73381","10000",1,0,0,0,0
"S72326S","9054","10000",1,0,0,0,0
"S72331A","82101","10000",1,0,0,0,0
"S72331B","82111","10000",1,0,0,0,0
"S72331C","82111","10000",1,0,0,0,0
"S72331D","V5415","10000",1,0,0,0,0
"S72331E","V5415","10000",1,0,0,0,0
"S72331F","V5415","10000",1,0,0,0,0
"S72331G","V5415","10000",1,0,0,0,0
"S72331H","V5415","10000",1,0,0,0,0
"S72331J","V5415","10000",1,0,0,0,0
"S72331K","73382","10000",1,0,0,0,0
"S72331M","73382","10000",1,0,0,0,0
"S72331N","73382","10000",1,0,0,0,0
"S72331P","73381","10000",1,0,0,0,0
"S72331Q","73381","10000",1,0,0,0,0
"S72331R","73381","10000",1,0,0,0,0
"S72331S","9054","10000",1,0,0,0,0
"S72332A","82101","10000",1,0,0,0,0
"S72332B","82111","10000",1,0,0,0,0
"S72332C","82111","10000",1,0,0,0,0
"S72332D","V5415","10000",1,0,0,0,0
"S72332E","V5415","10000",1,0,0,0,0
"S72332F","V5415","10000",1,0,0,0,0
"S72332G","V5415","10000",1,0,0,0,0
"S72332H","V5415","10000",1,0,0,0,0
"S72332J","V5415","10000",1,0,0,0,0
"S72332K","73382","10000",1,0,0,0,0
"S72332M","73382","10000",1,0,0,0,0
"S72332N","73382","10000",1,0,0,0,0
"S72332P","73381","10000",1,0,0,0,0
"S72332Q","73381","10000",1,0,0,0,0
"S72332R","73381","10000",1,0,0,0,0
"S72332S","9054","10000",1,0,0,0,0
"S72333A","82101","10000",1,0,0,0,0
"S72333B","82111","10000",1,0,0,0,0
"S72333C","82111","10000",1,0,0,0,0
"S72333D","V5415","10000",1,0,0,0,0
"S72333E","V5415","10000",1,0,0,0,0
"S72333F","V5415","10000",1,0,0,0,0
"S72333G","V5415","10000",1,0,0,0,0
"S72333H","V5415","10000",1,0,0,0,0
"S72333J","V5415","10000",1,0,0,0,0
"S72333K","73382","10000",1,0,0,0,0
"S72333M","73382","10000",1,0,0,0,0
"S72333N","73382","10000",1,0,0,0,0
"S72333P","73381","10000",1,0,0,0,0
"S72333Q","73381","10000",1,0,0,0,0
"S72333R","73381","10000",1,0,0,0,0
"S72333S","9054","10000",1,0,0,0,0
"S72334A","82101","10000",1,0,0,0,0
"S72334B","82111","10000",1,0,0,0,0
"S72334C","82111","10000",1,0,0,0,0
"S72334D","V5415","10000",1,0,0,0,0
"S72334E","V5415","10000",1,0,0,0,0
"S72334F","V5415","10000",1,0,0,0,0
"S72334G","V5415","10000",1,0,0,0,0
"S72334H","V5415","10000",1,0,0,0,0
"S72334J","V5415","10000",1,0,0,0,0
"S72334K","73382","10000",1,0,0,0,0
"S72334M","73382","10000",1,0,0,0,0
"S72334N","73382","10000",1,0,0,0,0
"S72334P","73381","10000",1,0,0,0,0
"S72334Q","73381","10000",1,0,0,0,0
"S72334R","73381","10000",1,0,0,0,0
"S72334S","9054","10000",1,0,0,0,0
"S72335A","82101","10000",1,0,0,0,0
"S72335B","82111","10000",1,0,0,0,0
"S72335C","82111","10000",1,0,0,0,0
"S72335D","V5415","10000",1,0,0,0,0
"S72335E","V5415","10000",1,0,0,0,0
"S72335F","V5415","10000",1,0,0,0,0
"S72335G","V5415","10000",1,0,0,0,0
"S72335H","V5415","10000",1,0,0,0,0
"S72335J","V5415","10000",1,0,0,0,0
"S72335K","73382","10000",1,0,0,0,0
"S72335M","73382","10000",1,0,0,0,0
"S72335N","73382","10000",1,0,0,0,0
"S72335P","73381","10000",1,0,0,0,0
"S72335Q","73381","10000",1,0,0,0,0
"S72335R","73381","10000",1,0,0,0,0
"S72335S","9054","10000",1,0,0,0,0
"S72336A","82101","10000",1,0,0,0,0
"S72336B","82111","10000",1,0,0,0,0
"S72336C","82111","10000",1,0,0,0,0
"S72336D","V5415","10000",1,0,0,0,0
"S72336E","V5415","10000",1,0,0,0,0
"S72336F","V5415","10000",1,0,0,0,0
"S72336G","V5415","10000",1,0,0,0,0
"S72336H","V5415","10000",1,0,0,0,0
"S72336J","V5415","10000",1,0,0,0,0
"S72336K","73382","10000",1,0,0,0,0
"S72336M","73382","10000",1,0,0,0,0
"S72336N","73382","10000",1,0,0,0,0
"S72336P","73381","10000",1,0,0,0,0
"S72336Q","73381","10000",1,0,0,0,0
"S72336R","73381","10000",1,0,0,0,0
"S72336S","9054","10000",1,0,0,0,0
"S72341A","82101","10000",1,0,0,0,0
"S72341B","82111","10000",1,0,0,0,0
"S72341C","82111","10000",1,0,0,0,0
"S72341D","V5415","10000",1,0,0,0,0
"S72341E","V5415","10000",1,0,0,0,0
"S72341F","V5415","10000",1,0,0,0,0
"S72341G","V5415","10000",1,0,0,0,0
"S72341H","V5415","10000",1,0,0,0,0
"S72341J","V5415","10000",1,0,0,0,0
"S72341K","73382","10000",1,0,0,0,0
"S72341M","73382","10000",1,0,0,0,0
"S72341N","73382","10000",1,0,0,0,0
"S72341P","73381","10000",1,0,0,0,0
"S72341Q","73381","10000",1,0,0,0,0
"S72341R","73381","10000",1,0,0,0,0
"S72341S","9054","10000",1,0,0,0,0
"S72342A","82101","10000",1,0,0,0,0
"S72342B","82111","10000",1,0,0,0,0
"S72342C","82111","10000",1,0,0,0,0
"S72342D","V5415","10000",1,0,0,0,0
"S72342E","V5415","10000",1,0,0,0,0
"S72342F","V5415","10000",1,0,0,0,0
"S72342G","V5415","10000",1,0,0,0,0
"S72342H","V5415","10000",1,0,0,0,0
"S72342J","V5415","10000",1,0,0,0,0
"S72342K","73382","10000",1,0,0,0,0
"S72342M","73382","10000",1,0,0,0,0
"S72342N","73382","10000",1,0,0,0,0
"S72342P","73381","10000",1,0,0,0,0
"S72342Q","73381","10000",1,0,0,0,0
"S72342R","73381","10000",1,0,0,0,0
"S72342S","9054","10000",1,0,0,0,0
"S72343A","82101","10000",1,0,0,0,0
"S72343B","82111","10000",1,0,0,0,0
"S72343C","82111","10000",1,0,0,0,0
"S72343D","V5415","10000",1,0,0,0,0
"S72343E","V5415","10000",1,0,0,0,0
"S72343F","V5415","10000",1,0,0,0,0
"S72343G","V5415","10000",1,0,0,0,0
"S72343H","V5415","10000",1,0,0,0,0
"S72343J","V5415","10000",1,0,0,0,0
"S72343K","73382","10000",1,0,0,0,0
"S72343M","73382","10000",1,0,0,0,0
"S72343N","73382","10000",1,0,0,0,0
"S72343P","73381","10000",1,0,0,0,0
"S72343Q","73381","10000",1,0,0,0,0
"S72343R","73381","10000",1,0,0,0,0
"S72343S","9054","10000",1,0,0,0,0
"S72344A","82101","10000",1,0,0,0,0
"S72344B","82111","10000",1,0,0,0,0
"S72344C","82111","10000",1,0,0,0,0
"S72344D","V5415","10000",1,0,0,0,0
"S72344E","V5415","10000",1,0,0,0,0
"S72344F","V5415","10000",1,0,0,0,0
"S72344G","V5415","10000",1,0,0,0,0
"S72344H","V5415","10000",1,0,0,0,0
"S72344J","V5415","10000",1,0,0,0,0
"S72344K","73382","10000",1,0,0,0,0
"S72344M","73382","10000",1,0,0,0,0
"S72344N","73382","10000",1,0,0,0,0
"S72344P","73381","10000",1,0,0,0,0
"S72344Q","73381","10000",1,0,0,0,0
"S72344R","73381","10000",1,0,0,0,0
"S72344S","9054","10000",1,0,0,0,0
"S72345A","82101","10000",1,0,0,0,0
"S72345B","82111","10000",1,0,0,0,0
"S72345C","82111","10000",1,0,0,0,0
"S72345D","V5415","10000",1,0,0,0,0
"S72345E","V5415","10000",1,0,0,0,0
"S72345F","V5415","10000",1,0,0,0,0
"S72345G","V5415","10000",1,0,0,0,0
"S72345H","V5415","10000",1,0,0,0,0
"S72345J","V5415","10000",1,0,0,0,0
"S72345K","73382","10000",1,0,0,0,0
"S72345M","73382","10000",1,0,0,0,0
"S72345N","73382","10000",1,0,0,0,0
"S72345P","73381","10000",1,0,0,0,0
"S72345Q","73381","10000",1,0,0,0,0
"S72345R","73381","10000",1,0,0,0,0
"S72345S","9054","10000",1,0,0,0,0
"S72346A","82101","10000",1,0,0,0,0
"S72346B","82111","10000",1,0,0,0,0
"S72346C","82111","10000",1,0,0,0,0
"S72346D","V5415","10000",1,0,0,0,0
"S72346E","V5415","10000",1,0,0,0,0
"S72346F","V5415","10000",1,0,0,0,0
"S72346G","V5415","10000",1,0,0,0,0
"S72346H","V5415","10000",1,0,0,0,0
"S72346J","V5415","10000",1,0,0,0,0
"S72346K","73382","10000",1,0,0,0,0
"S72346M","73382","10000",1,0,0,0,0
"S72346N","73382","10000",1,0,0,0,0
"S72346P","73381","10000",1,0,0,0,0
"S72346Q","73381","10000",1,0,0,0,0
"S72346R","73381","10000",1,0,0,0,0
"S72346S","9054","10000",1,0,0,0,0
"S72351A","82101","10000",1,0,0,0,0
"S72351B","82111","10000",1,0,0,0,0
"S72351C","82111","10000",1,0,0,0,0
"S72351D","V5415","10000",1,0,0,0,0
"S72351E","V5415","10000",1,0,0,0,0
"S72351F","V5415","10000",1,0,0,0,0
"S72351G","V5415","10000",1,0,0,0,0
"S72351H","V5415","10000",1,0,0,0,0
"S72351J","V5415","10000",1,0,0,0,0
"S72351K","73382","10000",1,0,0,0,0
"S72351M","73382","10000",1,0,0,0,0
"S72351N","73382","10000",1,0,0,0,0
"S72351P","73381","10000",1,0,0,0,0
"S72351Q","73381","10000",1,0,0,0,0
"S72351R","73381","10000",1,0,0,0,0
"S72351S","9054","10000",1,0,0,0,0
"S72352A","82101","10000",1,0,0,0,0
"S72352B","82111","10000",1,0,0,0,0
"S72352C","82111","10000",1,0,0,0,0
"S72352D","V5415","10000",1,0,0,0,0
"S72352E","V5415","10000",1,0,0,0,0
"S72352F","V5415","10000",1,0,0,0,0
"S72352G","V5415","10000",1,0,0,0,0
"S72352H","V5415","10000",1,0,0,0,0
"S72352J","V5415","10000",1,0,0,0,0
"S72352K","73382","10000",1,0,0,0,0
"S72352M","73382","10000",1,0,0,0,0
"S72352N","73382","10000",1,0,0,0,0
"S72352P","73381","10000",1,0,0,0,0
"S72352Q","73381","10000",1,0,0,0,0
"S72352R","73381","10000",1,0,0,0,0
"S72352S","9054","10000",1,0,0,0,0
"S72353A","82101","10000",1,0,0,0,0
"S72353B","82111","10000",1,0,0,0,0
"S72353C","82111","10000",1,0,0,0,0
"S72353D","V5415","10000",1,0,0,0,0
"S72353E","V5415","10000",1,0,0,0,0
"S72353F","V5415","10000",1,0,0,0,0
"S72353G","V5415","10000",1,0,0,0,0
"S72353H","V5415","10000",1,0,0,0,0
"S72353J","V5415","10000",1,0,0,0,0
"S72353K","73382","10000",1,0,0,0,0
"S72353M","73382","10000",1,0,0,0,0
"S72353N","73382","10000",1,0,0,0,0
"S72353P","73381","10000",1,0,0,0,0
"S72353Q","73381","10000",1,0,0,0,0
"S72353R","73381","10000",1,0,0,0,0
"S72353S","9054","10000",1,0,0,0,0
"S72354A","82101","10000",1,0,0,0,0
"S72354B","82111","10000",1,0,0,0,0
"S72354C","82111","10000",1,0,0,0,0
"S72354D","V5415","10000",1,0,0,0,0
"S72354E","V5415","10000",1,0,0,0,0
"S72354F","V5415","10000",1,0,0,0,0
"S72354G","V5415","10000",1,0,0,0,0
"S72354H","V5415","10000",1,0,0,0,0
"S72354J","V5415","10000",1,0,0,0,0
"S72354K","73382","10000",1,0,0,0,0
"S72354M","73382","10000",1,0,0,0,0
"S72354N","73382","10000",1,0,0,0,0
"S72354P","73381","10000",1,0,0,0,0
"S72354Q","73381","10000",1,0,0,0,0
"S72354R","73381","10000",1,0,0,0,0
"S72354S","9054","10000",1,0,0,0,0
"S72355A","82101","10000",1,0,0,0,0
"S72355B","82111","10000",1,0,0,0,0
"S72355C","82111","10000",1,0,0,0,0
"S72355D","V5415","10000",1,0,0,0,0
"S72355E","V5415","10000",1,0,0,0,0
"S72355F","V5415","10000",1,0,0,0,0
"S72355G","V5415","10000",1,0,0,0,0
"S72355H","V5415","10000",1,0,0,0,0
"S72355J","V5415","10000",1,0,0,0,0
"S72355K","73382","10000",1,0,0,0,0
"S72355M","73382","10000",1,0,0,0,0
"S72355N","73382","10000",1,0,0,0,0
"S72355P","73381","10000",1,0,0,0,0
"S72355Q","73381","10000",1,0,0,0,0
"S72355R","73381","10000",1,0,0,0,0
"S72355S","9054","10000",1,0,0,0,0
"S72356A","82101","10000",1,0,0,0,0
"S72356B","82111","10000",1,0,0,0,0
"S72356C","82111","10000",1,0,0,0,0
"S72356D","V5415","10000",1,0,0,0,0
"S72356E","V5415","10000",1,0,0,0,0
"S72356F","V5415","10000",1,0,0,0,0
"S72356G","V5415","10000",1,0,0,0,0
"S72356H","V5415","10000",1,0,0,0,0
"S72356J","V5415","10000",1,0,0,0,0
"S72356K","73382","10000",1,0,0,0,0
"S72356M","73382","10000",1,0,0,0,0
"S72356N","73382","10000",1,0,0,0,0
"S72356P","73381","10000",1,0,0,0,0
"S72356Q","73381","10000",1,0,0,0,0
"S72356R","73381","10000",1,0,0,0,0
"S72356S","9054","10000",1,0,0,0,0
"S72361A","82101","10000",1,0,0,0,0
"S72361B","82111","10000",1,0,0,0,0
"S72361C","82111","10000",1,0,0,0,0
"S72361D","V5415","10000",1,0,0,0,0
"S72361E","V5415","10000",1,0,0,0,0
"S72361F","V5415","10000",1,0,0,0,0
"S72361G","V5415","10000",1,0,0,0,0
"S72361H","V5415","10000",1,0,0,0,0
"S72361J","V5415","10000",1,0,0,0,0
"S72361K","73382","10000",1,0,0,0,0
"S72361M","73382","10000",1,0,0,0,0
"S72361N","73382","10000",1,0,0,0,0
"S72361P","73381","10000",1,0,0,0,0
"S72361Q","73381","10000",1,0,0,0,0
"S72361R","73381","10000",1,0,0,0,0
"S72361S","9054","10000",1,0,0,0,0
"S72362A","82101","10000",1,0,0,0,0
"S72362B","82111","10000",1,0,0,0,0
"S72362C","82111","10000",1,0,0,0,0
"S72362D","V5415","10000",1,0,0,0,0
"S72362E","V5415","10000",1,0,0,0,0
"S72362F","V5415","10000",1,0,0,0,0
"S72362G","V5415","10000",1,0,0,0,0
"S72362H","V5415","10000",1,0,0,0,0
"S72362J","V5415","10000",1,0,0,0,0
"S72362K","73382","10000",1,0,0,0,0
"S72362M","73382","10000",1,0,0,0,0
"S72362N","73382","10000",1,0,0,0,0
"S72362P","73381","10000",1,0,0,0,0
"S72362Q","73381","10000",1,0,0,0,0
"S72362R","73381","10000",1,0,0,0,0
"S72362S","9054","10000",1,0,0,0,0
"S72363A","82101","10000",1,0,0,0,0
"S72363B","82111","10000",1,0,0,0,0
"S72363C","82111","10000",1,0,0,0,0
"S72363D","V5415","10000",1,0,0,0,0
"S72363E","V5415","10000",1,0,0,0,0
"S72363F","V5415","10000",1,0,0,0,0
"S72363G","V5415","10000",1,0,0,0,0
"S72363H","V5415","10000",1,0,0,0,0
"S72363J","V5415","10000",1,0,0,0,0
"S72363K","73382","10000",1,0,0,0,0
"S72363M","73382","10000",1,0,0,0,0
"S72363N","73382","10000",1,0,0,0,0
"S72363P","73381","10000",1,0,0,0,0
"S72363Q","73381","10000",1,0,0,0,0
"S72363R","73381","10000",1,0,0,0,0
"S72363S","9054","10000",1,0,0,0,0
"S72364A","82101","10000",1,0,0,0,0
"S72364B","82111","10000",1,0,0,0,0
"S72364C","82111","10000",1,0,0,0,0
"S72364D","V5415","10000",1,0,0,0,0
"S72364E","V5415","10000",1,0,0,0,0
"S72364F","V5415","10000",1,0,0,0,0
"S72364G","V5415","10000",1,0,0,0,0
"S72364H","V5415","10000",1,0,0,0,0
"S72364J","V5415","10000",1,0,0,0,0
"S72364K","73382","10000",1,0,0,0,0
"S72364M","73382","10000",1,0,0,0,0
"S72364N","73382","10000",1,0,0,0,0
"S72364P","73381","10000",1,0,0,0,0
"S72364Q","73381","10000",1,0,0,0,0
"S72364R","73381","10000",1,0,0,0,0
"S72364S","9054","10000",1,0,0,0,0
"S72365A","82101","10000",1,0,0,0,0
"S72365B","82111","10000",1,0,0,0,0
"S72365C","82111","10000",1,0,0,0,0
"S72365D","V5415","10000",1,0,0,0,0
"S72365E","V5415","10000",1,0,0,0,0
"S72365F","V5415","10000",1,0,0,0,0
"S72365G","V5415","10000",1,0,0,0,0
"S72365H","V5415","10000",1,0,0,0,0
"S72365J","V5415","10000",1,0,0,0,0
"S72365K","73382","10000",1,0,0,0,0
"S72365M","73382","10000",1,0,0,0,0
"S72365N","73382","10000",1,0,0,0,0
"S72365P","73381","10000",1,0,0,0,0
"S72365Q","73381","10000",1,0,0,0,0
"S72365R","73381","10000",1,0,0,0,0
"S72365S","9054","10000",1,0,0,0,0
"S72366A","82101","10000",1,0,0,0,0
"S72366B","82111","10000",1,0,0,0,0
"S72366C","82111","10000",1,0,0,0,0
"S72366D","V5415","10000",1,0,0,0,0
"S72366E","V5415","10000",1,0,0,0,0
"S72366F","V5415","10000",1,0,0,0,0
"S72366G","V5415","10000",1,0,0,0,0
"S72366H","V5415","10000",1,0,0,0,0
"S72366J","V5415","10000",1,0,0,0,0
"S72366K","73382","10000",1,0,0,0,0
"S72366M","73382","10000",1,0,0,0,0
"S72366N","73382","10000",1,0,0,0,0
"S72366P","73381","10000",1,0,0,0,0
"S72366Q","73381","10000",1,0,0,0,0
"S72366R","73381","10000",1,0,0,0,0
"S72366S","9054","10000",1,0,0,0,0
"S72391A","82101","10000",1,0,0,0,0
"S72391B","82111","10000",1,0,0,0,0
"S72391C","82111","10000",1,0,0,0,0
"S72391D","V5415","10000",1,0,0,0,0
"S72391E","V5415","10000",1,0,0,0,0
"S72391F","V5415","10000",1,0,0,0,0
"S72391G","V5415","10000",1,0,0,0,0
"S72391H","V5415","10000",1,0,0,0,0
"S72391J","V5415","10000",1,0,0,0,0
"S72391K","73382","10000",1,0,0,0,0
"S72391M","73382","10000",1,0,0,0,0
"S72391N","73382","10000",1,0,0,0,0
"S72391P","73381","10000",1,0,0,0,0
"S72391Q","73381","10000",1,0,0,0,0
"S72391R","73381","10000",1,0,0,0,0
"S72391S","9054","10000",1,0,0,0,0
"S72392A","82101","10000",1,0,0,0,0
"S72392B","82111","10000",1,0,0,0,0
"S72392C","82111","10000",1,0,0,0,0
"S72392D","V5415","10000",1,0,0,0,0
"S72392E","V5415","10000",1,0,0,0,0
"S72392F","V5415","10000",1,0,0,0,0
"S72392G","V5415","10000",1,0,0,0,0
"S72392H","V5415","10000",1,0,0,0,0
"S72392J","V5415","10000",1,0,0,0,0
"S72392K","73382","10000",1,0,0,0,0
"S72392M","73382","10000",1,0,0,0,0
"S72392N","73382","10000",1,0,0,0,0
"S72392P","73381","10000",1,0,0,0,0
"S72392Q","73381","10000",1,0,0,0,0
"S72392R","73381","10000",1,0,0,0,0
"S72392S","9054","10000",1,0,0,0,0
"S72399A","82101","10000",1,0,0,0,0
"S72399B","82111","10000",1,0,0,0,0
"S72399C","82111","10000",1,0,0,0,0
"S72399D","V5415","10000",1,0,0,0,0
"S72399E","V5415","10000",1,0,0,0,0
"S72399F","V5415","10000",1,0,0,0,0
"S72399G","V5415","10000",1,0,0,0,0
"S72399H","V5415","10000",1,0,0,0,0
"S72399J","V5415","10000",1,0,0,0,0
"S72399K","73382","10000",1,0,0,0,0
"S72399M","73382","10000",1,0,0,0,0
"S72399N","73382","10000",1,0,0,0,0
"S72399P","73381","10000",1,0,0,0,0
"S72399Q","73381","10000",1,0,0,0,0
"S72399R","73381","10000",1,0,0,0,0
"S72399S","9054","10000",1,0,0,0,0
"S72401A","82120","10000",1,0,0,0,0
"S72401B","82130","10000",1,0,0,0,0
"S72401C","82130","10000",1,0,0,0,0
"S72401D","V5415","10000",1,0,0,0,0
"S72401E","V5415","10000",1,0,0,0,0
"S72401F","V5415","10000",1,0,0,0,0
"S72401G","V5415","10000",1,0,0,0,0
"S72401H","V5415","10000",1,0,0,0,0
"S72401J","V5415","10000",1,0,0,0,0
"S72401K","73382","10000",1,0,0,0,0
"S72401M","73382","10000",1,0,0,0,0
"S72401N","73382","10000",1,0,0,0,0
"S72401P","73381","10000",1,0,0,0,0
"S72401Q","73381","10000",1,0,0,0,0
"S72401R","73381","10000",1,0,0,0,0
"S72401S","9054","10000",1,0,0,0,0
"S72402A","82120","10000",1,0,0,0,0
"S72402B","82130","10000",1,0,0,0,0
"S72402C","82130","10000",1,0,0,0,0
"S72402D","V5415","10000",1,0,0,0,0
"S72402E","V5415","10000",1,0,0,0,0
"S72402F","V5415","10000",1,0,0,0,0
"S72402G","V5415","10000",1,0,0,0,0
"S72402H","V5415","10000",1,0,0,0,0
"S72402J","V5415","10000",1,0,0,0,0
"S72402K","73382","10000",1,0,0,0,0
"S72402M","73382","10000",1,0,0,0,0
"S72402N","73382","10000",1,0,0,0,0
"S72402P","73381","10000",1,0,0,0,0
"S72402Q","73381","10000",1,0,0,0,0
"S72402R","73381","10000",1,0,0,0,0
"S72402S","9054","10000",1,0,0,0,0
"S72409A","82120","10000",1,0,0,0,0
"S72409B","82130","10000",1,0,0,0,0
"S72409C","82130","10000",1,0,0,0,0
"S72409D","V5415","10000",1,0,0,0,0
"S72409E","V5415","10000",1,0,0,0,0
"S72409F","V5415","10000",1,0,0,0,0
"S72409G","V5415","10000",1,0,0,0,0
"S72409H","V5415","10000",1,0,0,0,0
"S72409J","V5415","10000",1,0,0,0,0
"S72409K","73382","10000",1,0,0,0,0
"S72409M","73382","10000",1,0,0,0,0
"S72409N","73382","10000",1,0,0,0,0
"S72409P","73381","10000",1,0,0,0,0
"S72409Q","73381","10000",1,0,0,0,0
"S72409R","73381","10000",1,0,0,0,0
"S72409S","9054","10000",1,0,0,0,0
"S72411A","82121","10000",1,0,0,0,0
"S72411B","82131","10000",1,0,0,0,0
"S72411C","82131","10000",1,0,0,0,0
"S72411D","V5415","10000",1,0,0,0,0
"S72411E","V5415","10000",1,0,0,0,0
"S72411F","V5415","10000",1,0,0,0,0
"S72411G","V5415","10000",1,0,0,0,0
"S72411H","V5415","10000",1,0,0,0,0
"S72411J","V5415","10000",1,0,0,0,0
"S72411K","73382","10000",1,0,0,0,0
"S72411M","73382","10000",1,0,0,0,0
"S72411N","73382","10000",1,0,0,0,0
"S72411P","73381","10000",1,0,0,0,0
"S72411Q","73381","10000",1,0,0,0,0
"S72411R","73381","10000",1,0,0,0,0
"S72411S","9054","10000",1,0,0,0,0
"S72412A","82121","10000",1,0,0,0,0
"S72412B","82131","10000",1,0,0,0,0
"S72412C","82131","10000",1,0,0,0,0
"S72412D","V5415","10000",1,0,0,0,0
"S72412E","V5415","10000",1,0,0,0,0
"S72412F","V5415","10000",1,0,0,0,0
"S72412G","V5415","10000",1,0,0,0,0
"S72412H","V5415","10000",1,0,0,0,0
"S72412J","V5415","10000",1,0,0,0,0
"S72412K","73382","10000",1,0,0,0,0
"S72412M","73382","10000",1,0,0,0,0
"S72412N","73382","10000",1,0,0,0,0
"S72412P","73381","10000",1,0,0,0,0
"S72412Q","73381","10000",1,0,0,0,0
"S72412R","73381","10000",1,0,0,0,0
"S72412S","9054","10000",1,0,0,0,0
"S72413A","82121","10000",1,0,0,0,0
"S72413B","82131","10000",1,0,0,0,0
"S72413C","82131","10000",1,0,0,0,0
"S72413D","V5415","10000",1,0,0,0,0
"S72413E","V5415","10000",1,0,0,0,0
"S72413F","V5415","10000",1,0,0,0,0
"S72413G","V5415","10000",1,0,0,0,0
"S72413H","V5415","10000",1,0,0,0,0
"S72413J","V5415","10000",1,0,0,0,0
"S72413K","73382","10000",1,0,0,0,0
"S72413M","73382","10000",1,0,0,0,0
"S72413N","73382","10000",1,0,0,0,0
"S72413P","73381","10000",1,0,0,0,0
"S72413Q","73381","10000",1,0,0,0,0
"S72413R","73381","10000",1,0,0,0,0
"S72413S","9054","10000",1,0,0,0,0
"S72414A","82121","10000",1,0,0,0,0
"S72414B","82131","10000",1,0,0,0,0
"S72414C","82131","10000",1,0,0,0,0
"S72414D","V5415","10000",1,0,0,0,0
"S72414E","V5415","10000",1,0,0,0,0
"S72414F","V5415","10000",1,0,0,0,0
"S72414G","V5415","10000",1,0,0,0,0
"S72414H","V5415","10000",1,0,0,0,0
"S72414J","V5415","10000",1,0,0,0,0
"S72414K","73382","10000",1,0,0,0,0
"S72414M","73382","10000",1,0,0,0,0
"S72414N","73382","10000",1,0,0,0,0
"S72414P","73381","10000",1,0,0,0,0
"S72414Q","73381","10000",1,0,0,0,0
"S72414R","73381","10000",1,0,0,0,0
"S72414S","9054","10000",1,0,0,0,0
"S72415A","82121","10000",1,0,0,0,0
"S72415B","82131","10000",1,0,0,0,0
"S72415C","82131","10000",1,0,0,0,0
"S72415D","V5415","10000",1,0,0,0,0
"S72415E","V5415","10000",1,0,0,0,0
"S72415F","V5415","10000",1,0,0,0,0
"S72415G","V5415","10000",1,0,0,0,0
"S72415H","V5415","10000",1,0,0,0,0
"S72415J","V5415","10000",1,0,0,0,0
"S72415K","73382","10000",1,0,0,0,0
"S72415M","73382","10000",1,0,0,0,0
"S72415N","73382","10000",1,0,0,0,0
"S72415P","73381","10000",1,0,0,0,0
"S72415Q","73381","10000",1,0,0,0,0
"S72415R","73381","10000",1,0,0,0,0
"S72415S","9054","10000",1,0,0,0,0
"S72416A","82121","10000",1,0,0,0,0
"S72416B","82131","10000",1,0,0,0,0
"S72416C","82131","10000",1,0,0,0,0
"S72416D","V5415","10000",1,0,0,0,0
"S72416E","V5415","10000",1,0,0,0,0
"S72416F","V5415","10000",1,0,0,0,0
"S72416G","V5415","10000",1,0,0,0,0
"S72416H","V5415","10000",1,0,0,0,0
"S72416J","V5415","10000",1,0,0,0,0
"S72416K","73382","10000",1,0,0,0,0
"S72416M","73382","10000",1,0,0,0,0
"S72416N","73382","10000",1,0,0,0,0
"S72416P","73381","10000",1,0,0,0,0
"S72416Q","73381","10000",1,0,0,0,0
"S72416R","73381","10000",1,0,0,0,0
"S72416S","9054","10000",1,0,0,0,0
"S72421A","82121","10000",1,0,0,0,0
"S72421B","82131","10000",1,0,0,0,0
"S72421C","82131","10000",1,0,0,0,0
"S72421D","V5415","10000",1,0,0,0,0
"S72421E","V5415","10000",1,0,0,0,0
"S72421F","V5415","10000",1,0,0,0,0
"S72421G","V5415","10000",1,0,0,0,0
"S72421H","V5415","10000",1,0,0,0,0
"S72421J","V5415","10000",1,0,0,0,0
"S72421K","73382","10000",1,0,0,0,0
"S72421M","73382","10000",1,0,0,0,0
"S72421N","73382","10000",1,0,0,0,0
"S72421P","73381","10000",1,0,0,0,0
"S72421Q","73381","10000",1,0,0,0,0
"S72421R","73381","10000",1,0,0,0,0
"S72421S","9054","10000",1,0,0,0,0
"S72422A","82121","10000",1,0,0,0,0
"S72422B","82131","10000",1,0,0,0,0
"S72422C","82131","10000",1,0,0,0,0
"S72422D","V5415","10000",1,0,0,0,0
"S72422E","V5415","10000",1,0,0,0,0
"S72422F","V5415","10000",1,0,0,0,0
"S72422G","V5415","10000",1,0,0,0,0
"S72422H","V5415","10000",1,0,0,0,0
"S72422J","V5415","10000",1,0,0,0,0
"S72422K","73382","10000",1,0,0,0,0
"S72422M","73382","10000",1,0,0,0,0
"S72422N","73382","10000",1,0,0,0,0
"S72422P","73381","10000",1,0,0,0,0
"S72422Q","73381","10000",1,0,0,0,0
"S72422R","73381","10000",1,0,0,0,0
"S72422S","9054","10000",1,0,0,0,0
"S72423A","82121","10000",1,0,0,0,0
"S72423B","82131","10000",1,0,0,0,0
"S72423C","82131","10000",1,0,0,0,0
"S72423D","V5415","10000",1,0,0,0,0
"S72423E","V5415","10000",1,0,0,0,0
"S72423F","V5415","10000",1,0,0,0,0
"S72423G","V5415","10000",1,0,0,0,0
"S72423H","V5415","10000",1,0,0,0,0
"S72423J","V5415","10000",1,0,0,0,0
"S72423K","73382","10000",1,0,0,0,0
"S72423M","73382","10000",1,0,0,0,0
"S72423N","73382","10000",1,0,0,0,0
"S72423P","73381","10000",1,0,0,0,0
"S72423Q","73381","10000",1,0,0,0,0
"S72423R","73381","10000",1,0,0,0,0
"S72423S","9054","10000",1,0,0,0,0
"S72424A","82121","10000",1,0,0,0,0
"S72424B","82131","10000",1,0,0,0,0
"S72424C","82131","10000",1,0,0,0,0
"S72424D","V5415","10000",1,0,0,0,0
"S72424E","V5415","10000",1,0,0,0,0
"S72424F","V5415","10000",1,0,0,0,0
"S72424G","V5415","10000",1,0,0,0,0
"S72424H","V5415","10000",1,0,0,0,0
"S72424J","V5415","10000",1,0,0,0,0
"S72424K","73382","10000",1,0,0,0,0
"S72424M","73382","10000",1,0,0,0,0
"S72424N","73382","10000",1,0,0,0,0
"S72424P","73381","10000",1,0,0,0,0
"S72424Q","73381","10000",1,0,0,0,0
"S72424R","73381","10000",1,0,0,0,0
"S72424S","9054","10000",1,0,0,0,0
"S72425A","82121","10000",1,0,0,0,0
"S72425B","82131","10000",1,0,0,0,0
"S72425C","82131","10000",1,0,0,0,0
"S72425D","V5415","10000",1,0,0,0,0
"S72425E","V5415","10000",1,0,0,0,0
"S72425F","V5415","10000",1,0,0,0,0
"S72425G","V5415","10000",1,0,0,0,0
"S72425H","V5415","10000",1,0,0,0,0
"S72425J","V5415","10000",1,0,0,0,0
"S72425K","73382","10000",1,0,0,0,0
"S72425M","73382","10000",1,0,0,0,0
"S72425N","73382","10000",1,0,0,0,0
"S72425P","73381","10000",1,0,0,0,0
"S72425Q","73381","10000",1,0,0,0,0
"S72425R","73381","10000",1,0,0,0,0
"S72425S","9054","10000",1,0,0,0,0
"S72426A","82121","10000",1,0,0,0,0
"S72426B","82131","10000",1,0,0,0,0
"S72426C","82131","10000",1,0,0,0,0
"S72426D","V5415","10000",1,0,0,0,0
"S72426E","V5415","10000",1,0,0,0,0
"S72426F","V5415","10000",1,0,0,0,0
"S72426G","V5415","10000",1,0,0,0,0
"S72426H","V5415","10000",1,0,0,0,0
"S72426J","V5415","10000",1,0,0,0,0
"S72426K","73382","10000",1,0,0,0,0
"S72426M","73382","10000",1,0,0,0,0
"S72426N","73382","10000",1,0,0,0,0
"S72426P","73381","10000",1,0,0,0,0
"S72426Q","73381","10000",1,0,0,0,0
"S72426R","73381","10000",1,0,0,0,0
"S72426S","9054","10000",1,0,0,0,0
"S72431A","82121","10000",1,0,0,0,0
"S72431B","82131","10000",1,0,0,0,0
"S72431C","82131","10000",1,0,0,0,0
"S72431D","V5415","10000",1,0,0,0,0
"S72431E","V5415","10000",1,0,0,0,0
"S72431F","V5415","10000",1,0,0,0,0
"S72431G","V5415","10000",1,0,0,0,0
"S72431H","V5415","10000",1,0,0,0,0
"S72431J","V5415","10000",1,0,0,0,0
"S72431K","73382","10000",1,0,0,0,0
"S72431M","73382","10000",1,0,0,0,0
"S72431N","73382","10000",1,0,0,0,0
"S72431P","73381","10000",1,0,0,0,0
"S72431Q","73381","10000",1,0,0,0,0
"S72431R","73381","10000",1,0,0,0,0
"S72431S","9054","10000",1,0,0,0,0
"S72432A","82121","10000",1,0,0,0,0
"S72432B","82131","10000",1,0,0,0,0
"S72432C","82131","10000",1,0,0,0,0
"S72432D","V5415","10000",1,0,0,0,0
"S72432E","V5415","10000",1,0,0,0,0
"S72432F","V5415","10000",1,0,0,0,0
"S72432G","V5415","10000",1,0,0,0,0
"S72432H","V5415","10000",1,0,0,0,0
"S72432J","V5415","10000",1,0,0,0,0
"S72432K","73382","10000",1,0,0,0,0
"S72432M","73382","10000",1,0,0,0,0
"S72432N","73382","10000",1,0,0,0,0
"S72432P","73381","10000",1,0,0,0,0
"S72432Q","73381","10000",1,0,0,0,0
"S72432R","73381","10000",1,0,0,0,0
"S72432S","9054","10000",1,0,0,0,0
"S72433A","82121","10000",1,0,0,0,0
"S72433B","82131","10000",1,0,0,0,0
"S72433C","82131","10000",1,0,0,0,0
"S72433D","V5415","10000",1,0,0,0,0
"S72433E","V5415","10000",1,0,0,0,0
"S72433F","V5415","10000",1,0,0,0,0
"S72433G","V5415","10000",1,0,0,0,0
"S72433H","V5415","10000",1,0,0,0,0
"S72433J","V5415","10000",1,0,0,0,0
"S72433K","73382","10000",1,0,0,0,0
"S72433M","73382","10000",1,0,0,0,0
"S72433N","73382","10000",1,0,0,0,0
"S72433P","73381","10000",1,0,0,0,0
"S72433Q","73381","10000",1,0,0,0,0
"S72433R","73381","10000",1,0,0,0,0
"S72433S","9054","10000",1,0,0,0,0
"S72434A","82121","10000",1,0,0,0,0
"S72434B","82131","10000",1,0,0,0,0
"S72434C","82131","10000",1,0,0,0,0
"S72434D","V5415","10000",1,0,0,0,0
"S72434E","V5415","10000",1,0,0,0,0
"S72434F","V5415","10000",1,0,0,0,0
"S72434G","V5415","10000",1,0,0,0,0
"S72434H","V5415","10000",1,0,0,0,0
"S72434J","V5415","10000",1,0,0,0,0
"S72434K","73382","10000",1,0,0,0,0
"S72434M","73382","10000",1,0,0,0,0
"S72434N","73382","10000",1,0,0,0,0
"S72434P","73381","10000",1,0,0,0,0
"S72434Q","73381","10000",1,0,0,0,0
"S72434R","73381","10000",1,0,0,0,0
"S72434S","9054","10000",1,0,0,0,0
"S72435A","82121","10000",1,0,0,0,0
"S72435B","82131","10000",1,0,0,0,0
"S72435C","82131","10000",1,0,0,0,0
"S72435D","V5415","10000",1,0,0,0,0
"S72435E","V5415","10000",1,0,0,0,0
"S72435F","V5415","10000",1,0,0,0,0
"S72435G","V5415","10000",1,0,0,0,0
"S72435H","V5415","10000",1,0,0,0,0
"S72435J","V5415","10000",1,0,0,0,0
"S72435K","73382","10000",1,0,0,0,0
"S72435M","73382","10000",1,0,0,0,0
"S72435N","73382","10000",1,0,0,0,0
"S72435P","73381","10000",1,0,0,0,0
"S72435Q","73381","10000",1,0,0,0,0
"S72435R","73381","10000",1,0,0,0,0
"S72435S","9054","10000",1,0,0,0,0
"S72436A","82121","10000",1,0,0,0,0
"S72436B","82131","10000",1,0,0,0,0
"S72436C","82131","10000",1,0,0,0,0
"S72436D","V5415","10000",1,0,0,0,0
"S72436E","V5415","10000",1,0,0,0,0
"S72436F","V5415","10000",1,0,0,0,0
"S72436G","V5415","10000",1,0,0,0,0
"S72436H","V5415","10000",1,0,0,0,0
"S72436J","V5415","10000",1,0,0,0,0
"S72436K","73382","10000",1,0,0,0,0
"S72436M","73382","10000",1,0,0,0,0
"S72436N","73382","10000",1,0,0,0,0
"S72436P","73381","10000",1,0,0,0,0
"S72436Q","73381","10000",1,0,0,0,0
"S72436R","73381","10000",1,0,0,0,0
"S72436S","9054","10000",1,0,0,0,0
"S72441A","82122","10000",1,0,0,0,0
"S72441B","82132","10000",1,0,0,0,0
"S72441C","82132","10000",1,0,0,0,0
"S72441D","V5415","10000",1,0,0,0,0
"S72441E","V5415","10000",1,0,0,0,0
"S72441F","V5415","10000",1,0,0,0,0
"S72441G","V5415","10000",1,0,0,0,0
"S72441H","V5415","10000",1,0,0,0,0
"S72441J","V5415","10000",1,0,0,0,0
"S72441K","73382","10000",1,0,0,0,0
"S72441M","73382","10000",1,0,0,0,0
"S72441N","73382","10000",1,0,0,0,0
"S72441P","73381","10000",1,0,0,0,0
"S72441Q","73381","10000",1,0,0,0,0
"S72441R","73381","10000",1,0,0,0,0
"S72441S","9054","10000",1,0,0,0,0
"S72442A","82122","10000",1,0,0,0,0
"S72442B","82132","10000",1,0,0,0,0
"S72442C","82132","10000",1,0,0,0,0
"S72442D","V5415","10000",1,0,0,0,0
"S72442E","V5415","10000",1,0,0,0,0
"S72442F","V5415","10000",1,0,0,0,0
"S72442G","V5415","10000",1,0,0,0,0
"S72442H","V5415","10000",1,0,0,0,0
"S72442J","V5415","10000",1,0,0,0,0
"S72442K","73382","10000",1,0,0,0,0
"S72442M","73382","10000",1,0,0,0,0
"S72442N","73382","10000",1,0,0,0,0
"S72442P","73381","10000",1,0,0,0,0
"S72442Q","73381","10000",1,0,0,0,0
"S72442R","73381","10000",1,0,0,0,0
"S72442S","9054","10000",1,0,0,0,0
"S72443A","82122","10000",1,0,0,0,0
"S72443B","82132","10000",1,0,0,0,0
"S72443C","82132","10000",1,0,0,0,0
"S72443D","V5415","10000",1,0,0,0,0
"S72443E","V5415","10000",1,0,0,0,0
"S72443F","V5415","10000",1,0,0,0,0
"S72443G","V5415","10000",1,0,0,0,0
"S72443H","V5415","10000",1,0,0,0,0
"S72443J","V5415","10000",1,0,0,0,0
"S72443K","73382","10000",1,0,0,0,0
"S72443M","73382","10000",1,0,0,0,0
"S72443N","73382","10000",1,0,0,0,0
"S72443P","73381","10000",1,0,0,0,0
"S72443Q","73381","10000",1,0,0,0,0
"S72443R","73381","10000",1,0,0,0,0
"S72443S","9054","10000",1,0,0,0,0
"S72444A","82122","10000",1,0,0,0,0
"S72444B","82132","10000",1,0,0,0,0
"S72444C","82132","10000",1,0,0,0,0
"S72444D","V5415","10000",1,0,0,0,0
"S72444E","V5415","10000",1,0,0,0,0
"S72444F","V5415","10000",1,0,0,0,0
"S72444G","V5415","10000",1,0,0,0,0
"S72444H","V5415","10000",1,0,0,0,0
"S72444J","V5415","10000",1,0,0,0,0
"S72444K","73382","10000",1,0,0,0,0
"S72444M","73382","10000",1,0,0,0,0
"S72444N","73382","10000",1,0,0,0,0
"S72444P","73381","10000",1,0,0,0,0
"S72444Q","73381","10000",1,0,0,0,0
"S72444R","73381","10000",1,0,0,0,0
"S72444S","9054","10000",1,0,0,0,0
"S72445A","82122","10000",1,0,0,0,0
"S72445B","82132","10000",1,0,0,0,0
"S72445C","82132","10000",1,0,0,0,0
"S72445D","V5415","10000",1,0,0,0,0
"S72445E","V5415","10000",1,0,0,0,0
"S72445F","V5415","10000",1,0,0,0,0
"S72445G","V5415","10000",1,0,0,0,0
"S72445H","V5415","10000",1,0,0,0,0
"S72445J","V5415","10000",1,0,0,0,0
"S72445K","73382","10000",1,0,0,0,0
"S72445M","73382","10000",1,0,0,0,0
"S72445N","73382","10000",1,0,0,0,0
"S72445P","73381","10000",1,0,0,0,0
"S72445Q","73381","10000",1,0,0,0,0
"S72445R","73381","10000",1,0,0,0,0
"S72445S","9054","10000",1,0,0,0,0
"S72446A","82122","10000",1,0,0,0,0
"S72446B","82132","10000",1,0,0,0,0
"S72446C","82132","10000",1,0,0,0,0
"S72446D","V5415","10000",1,0,0,0,0
"S72446E","V5415","10000",1,0,0,0,0
"S72446F","V5415","10000",1,0,0,0,0
"S72446G","V5415","10000",1,0,0,0,0
"S72446H","V5415","10000",1,0,0,0,0
"S72446J","V5415","10000",1,0,0,0,0
"S72446K","73382","10000",1,0,0,0,0
"S72446M","73382","10000",1,0,0,0,0
"S72446N","73382","10000",1,0,0,0,0
"S72446P","73381","10000",1,0,0,0,0
"S72446Q","73381","10000",1,0,0,0,0
"S72446R","73381","10000",1,0,0,0,0
"S72446S","9054","10000",1,0,0,0,0
"S72451A","82123","10000",1,0,0,0,0
"S72451B","82133","10000",1,0,0,0,0
"S72451C","82133","10000",1,0,0,0,0
"S72451D","V5415","10000",1,0,0,0,0
"S72451E","V5415","10000",1,0,0,0,0
"S72451F","V5415","10000",1,0,0,0,0
"S72451G","V5415","10000",1,0,0,0,0
"S72451H","V5415","10000",1,0,0,0,0
"S72451J","V5415","10000",1,0,0,0,0
"S72451K","73382","10000",1,0,0,0,0
"S72451M","73382","10000",1,0,0,0,0
"S72451N","73382","10000",1,0,0,0,0
"S72451P","73381","10000",1,0,0,0,0
"S72451Q","73381","10000",1,0,0,0,0
"S72451R","73381","10000",1,0,0,0,0
"S72451S","9054","10000",1,0,0,0,0
"S72452A","82123","10000",1,0,0,0,0
"S72452B","82133","10000",1,0,0,0,0
"S72452C","82133","10000",1,0,0,0,0
"S72452D","V5415","10000",1,0,0,0,0
"S72452E","V5415","10000",1,0,0,0,0
"S72452F","V5415","10000",1,0,0,0,0
"S72452G","V5415","10000",1,0,0,0,0
"S72452H","V5415","10000",1,0,0,0,0
"S72452J","V5415","10000",1,0,0,0,0
"S72452K","73382","10000",1,0,0,0,0
"S72452M","73382","10000",1,0,0,0,0
"S72452N","73382","10000",1,0,0,0,0
"S72452P","73381","10000",1,0,0,0,0
"S72452Q","73381","10000",1,0,0,0,0
"S72452R","73381","10000",1,0,0,0,0
"S72452S","9054","10000",1,0,0,0,0
"S72453A","82123","10000",1,0,0,0,0
"S72453B","82133","10000",1,0,0,0,0
"S72453C","82133","10000",1,0,0,0,0
"S72453D","V5415","10000",1,0,0,0,0
"S72453E","V5415","10000",1,0,0,0,0
"S72453F","V5415","10000",1,0,0,0,0
"S72453G","V5415","10000",1,0,0,0,0
"S72453H","V5415","10000",1,0,0,0,0
"S72453J","V5415","10000",1,0,0,0,0
"S72453K","73382","10000",1,0,0,0,0
"S72453M","73382","10000",1,0,0,0,0
"S72453N","73382","10000",1,0,0,0,0
"S72453P","73381","10000",1,0,0,0,0
"S72453Q","73381","10000",1,0,0,0,0
"S72453R","73381","10000",1,0,0,0,0
"S72453S","9054","10000",1,0,0,0,0
"S72454A","82123","10000",1,0,0,0,0
"S72454B","82133","10000",1,0,0,0,0
"S72454C","82133","10000",1,0,0,0,0
"S72454D","V5415","10000",1,0,0,0,0
"S72454E","V5415","10000",1,0,0,0,0
"S72454F","V5415","10000",1,0,0,0,0
"S72454G","V5415","10000",1,0,0,0,0
"S72454H","V5415","10000",1,0,0,0,0
"S72454J","V5415","10000",1,0,0,0,0
"S72454K","73382","10000",1,0,0,0,0
"S72454M","73382","10000",1,0,0,0,0
"S72454N","73382","10000",1,0,0,0,0
"S72454P","73381","10000",1,0,0,0,0
"S72454Q","73381","10000",1,0,0,0,0
"S72454R","73381","10000",1,0,0,0,0
"S72454S","9054","10000",1,0,0,0,0
"S72455A","82123","10000",1,0,0,0,0
"S72455B","82133","10000",1,0,0,0,0
"S72455C","82133","10000",1,0,0,0,0
"S72455D","V5415","10000",1,0,0,0,0
"S72455E","V5415","10000",1,0,0,0,0
"S72455F","V5415","10000",1,0,0,0,0
"S72455G","V5415","10000",1,0,0,0,0
"S72455H","V5415","10000",1,0,0,0,0
"S72455J","V5415","10000",1,0,0,0,0
"S72455K","73382","10000",1,0,0,0,0
"S72455M","73382","10000",1,0,0,0,0
"S72455N","73382","10000",1,0,0,0,0
"S72455P","73381","10000",1,0,0,0,0
"S72455Q","73381","10000",1,0,0,0,0
"S72455R","73381","10000",1,0,0,0,0
"S72455S","9054","10000",1,0,0,0,0
"S72456A","82123","10000",1,0,0,0,0
"S72456B","82133","10000",1,0,0,0,0
"S72456C","82133","10000",1,0,0,0,0
"S72456D","V5415","10000",1,0,0,0,0
"S72456E","V5415","10000",1,0,0,0,0
"S72456F","V5415","10000",1,0,0,0,0
"S72456G","V5415","10000",1,0,0,0,0
"S72456H","V5415","10000",1,0,0,0,0
"S72456J","V5415","10000",1,0,0,0,0
"S72456K","73382","10000",1,0,0,0,0
"S72456M","73382","10000",1,0,0,0,0
"S72456N","73382","10000",1,0,0,0,0
"S72456P","73381","10000",1,0,0,0,0
"S72456Q","73381","10000",1,0,0,0,0
"S72456R","73381","10000",1,0,0,0,0
"S72456S","9054","10000",1,0,0,0,0
"S72461A","82123","10000",1,0,0,0,0
"S72461B","82133","10000",1,0,0,0,0
"S72461C","82133","10000",1,0,0,0,0
"S72461D","V5415","10000",1,0,0,0,0
"S72461E","V5415","10000",1,0,0,0,0
"S72461F","V5415","10000",1,0,0,0,0
"S72461G","V5415","10000",1,0,0,0,0
"S72461H","V5415","10000",1,0,0,0,0
"S72461J","V5415","10000",1,0,0,0,0
"S72461K","73382","10000",1,0,0,0,0
"S72461M","73382","10000",1,0,0,0,0
"S72461N","73382","10000",1,0,0,0,0
"S72461P","73381","10000",1,0,0,0,0
"S72461Q","73381","10000",1,0,0,0,0
"S72461R","73381","10000",1,0,0,0,0
"S72461S","9054","10000",1,0,0,0,0
"S72462A","82123","10000",1,0,0,0,0
"S72462B","82133","10000",1,0,0,0,0
"S72462C","82133","10000",1,0,0,0,0
"S72462D","V5415","10000",1,0,0,0,0
"S72462E","V5415","10000",1,0,0,0,0
"S72462F","V5415","10000",1,0,0,0,0
"S72462G","V5415","10000",1,0,0,0,0
"S72462H","V5415","10000",1,0,0,0,0
"S72462J","V5415","10000",1,0,0,0,0
"S72462K","73382","10000",1,0,0,0,0
"S72462M","73382","10000",1,0,0,0,0
"S72462N","73382","10000",1,0,0,0,0
"S72462P","73381","10000",1,0,0,0,0
"S72462Q","73381","10000",1,0,0,0,0
"S72462R","73381","10000",1,0,0,0,0
"S72462S","9054","10000",1,0,0,0,0
"S72463A","82123","10000",1,0,0,0,0
"S72463B","82133","10000",1,0,0,0,0
"S72463C","82133","10000",1,0,0,0,0
"S72463D","V5415","10000",1,0,0,0,0
"S72463E","V5415","10000",1,0,0,0,0
"S72463F","V5415","10000",1,0,0,0,0
"S72463G","V5415","10000",1,0,0,0,0
"S72463H","V5415","10000",1,0,0,0,0
"S72463J","V5415","10000",1,0,0,0,0
"S72463K","73382","10000",1,0,0,0,0
"S72463M","73382","10000",1,0,0,0,0
"S72463N","73382","10000",1,0,0,0,0
"S72463P","73381","10000",1,0,0,0,0
"S72463Q","73381","10000",1,0,0,0,0
"S72463R","73381","10000",1,0,0,0,0
"S72463S","9054","10000",1,0,0,0,0
"S72464A","82123","10000",1,0,0,0,0
"S72464B","82133","10000",1,0,0,0,0
"S72464C","82133","10000",1,0,0,0,0
"S72464D","V5415","10000",1,0,0,0,0
"S72464E","V5415","10000",1,0,0,0,0
"S72464F","V5415","10000",1,0,0,0,0
"S72464G","V5415","10000",1,0,0,0,0
"S72464H","V5415","10000",1,0,0,0,0
"S72464J","V5415","10000",1,0,0,0,0
"S72464K","73382","10000",1,0,0,0,0
"S72464M","73382","10000",1,0,0,0,0
"S72464N","73382","10000",1,0,0,0,0
"S72464P","73381","10000",1,0,0,0,0
"S72464Q","73381","10000",1,0,0,0,0
"S72464R","73381","10000",1,0,0,0,0
"S72464S","9054","10000",1,0,0,0,0
"S72465A","82123","10000",1,0,0,0,0
"S72465B","82133","10000",1,0,0,0,0
"S72465C","82133","10000",1,0,0,0,0
"S72465D","V5415","10000",1,0,0,0,0
"S72465E","V5415","10000",1,0,0,0,0
"S72465F","V5415","10000",1,0,0,0,0
"S72465G","V5415","10000",1,0,0,0,0
"S72465H","V5415","10000",1,0,0,0,0
"S72465J","V5415","10000",1,0,0,0,0
"S72465K","73382","10000",1,0,0,0,0
"S72465M","73382","10000",1,0,0,0,0
"S72465N","73382","10000",1,0,0,0,0
"S72465P","73381","10000",1,0,0,0,0
"S72465Q","73381","10000",1,0,0,0,0
"S72465R","73381","10000",1,0,0,0,0
"S72465S","9054","10000",1,0,0,0,0
"S72466A","82123","10000",1,0,0,0,0
"S72466B","82133","10000",1,0,0,0,0
"S72466C","82133","10000",1,0,0,0,0
"S72466D","V5415","10000",1,0,0,0,0
"S72466E","V5415","10000",1,0,0,0,0
"S72466F","V5415","10000",1,0,0,0,0
"S72466G","V5415","10000",1,0,0,0,0
"S72466H","V5415","10000",1,0,0,0,0
"S72466J","V5415","10000",1,0,0,0,0
"S72466K","73382","10000",1,0,0,0,0
"S72466M","73382","10000",1,0,0,0,0
"S72466N","73382","10000",1,0,0,0,0
"S72466P","73381","10000",1,0,0,0,0
"S72466Q","73381","10000",1,0,0,0,0
"S72466R","73381","10000",1,0,0,0,0
"S72466S","9054","10000",1,0,0,0,0
"S72471A","82129","10000",1,0,0,0,0
"S72471D","V5415","10000",1,0,0,0,0
"S72471G","V5415","10000",1,0,0,0,0
"S72471K","73382","10000",1,0,0,0,0
"S72471P","73381","10000",1,0,0,0,0
"S72471S","9054","10000",1,0,0,0,0
"S72472A","82129","10000",1,0,0,0,0
"S72472D","V5415","10000",1,0,0,0,0
"S72472G","V5415","10000",1,0,0,0,0
"S72472K","73382","10000",1,0,0,0,0
"S72472P","73381","10000",1,0,0,0,0
"S72472S","9054","10000",1,0,0,0,0
"S72479A","82129","10000",1,0,0,0,0
"S72479D","V5415","10000",1,0,0,0,0
"S72479G","V5415","10000",1,0,0,0,0
"S72479K","73382","10000",1,0,0,0,0
"S72479P","73381","10000",1,0,0,0,0
"S72479S","9054","10000",1,0,0,0,0
"S72491A","82129","10000",1,0,0,0,0
"S72491B","82139","10000",1,0,0,0,0
"S72491C","82139","10000",1,0,0,0,0
"S72491D","V5415","10000",1,0,0,0,0
"S72491E","V5415","10000",1,0,0,0,0
"S72491F","V5415","10000",1,0,0,0,0
"S72491G","V5415","10000",1,0,0,0,0
"S72491H","V5415","10000",1,0,0,0,0
"S72491J","V5415","10000",1,0,0,0,0
"S72491K","73382","10000",1,0,0,0,0
"S72491M","73382","10000",1,0,0,0,0
"S72491N","73382","10000",1,0,0,0,0
"S72491P","73381","10000",1,0,0,0,0
"S72491Q","73381","10000",1,0,0,0,0
"S72491R","73381","10000",1,0,0,0,0
"S72491S","9054","10000",1,0,0,0,0
"S72492A","82129","10000",1,0,0,0,0
"S72492B","82139","10000",1,0,0,0,0
"S72492C","82139","10000",1,0,0,0,0
"S72492D","V5415","10000",1,0,0,0,0
"S72492E","V5415","10000",1,0,0,0,0
"S72492F","V5415","10000",1,0,0,0,0
"S72492G","V5415","10000",1,0,0,0,0
"S72492H","V5415","10000",1,0,0,0,0
"S72492J","V5415","10000",1,0,0,0,0
"S72492K","73382","10000",1,0,0,0,0
"S72492M","73382","10000",1,0,0,0,0
"S72492N","73382","10000",1,0,0,0,0
"S72492P","73381","10000",1,0,0,0,0
"S72492Q","73381","10000",1,0,0,0,0
"S72492R","73381","10000",1,0,0,0,0
"S72492S","9054","10000",1,0,0,0,0
"S72499A","82129","10000",1,0,0,0,0
"S72499B","82139","10000",1,0,0,0,0
"S72499C","82139","10000",1,0,0,0,0
"S72499D","V5415","10000",1,0,0,0,0
"S72499E","V5415","10000",1,0,0,0,0
"S72499F","V5415","10000",1,0,0,0,0
"S72499G","V5415","10000",1,0,0,0,0
"S72499H","V5415","10000",1,0,0,0,0
"S72499J","V5415","10000",1,0,0,0,0
"S72499K","73382","10000",1,0,0,0,0
"S72499M","73382","10000",1,0,0,0,0
"S72499N","73382","10000",1,0,0,0,0
"S72499P","73381","10000",1,0,0,0,0
"S72499Q","73381","10000",1,0,0,0,0
"S72499R","73381","10000",1,0,0,0,0
"S72499S","9054","10000",1,0,0,0,0
"S728X1A","82100","10000",1,0,0,0,0
"S728X1B","82110","10000",1,0,0,0,0
"S728X1C","82110","10000",1,0,0,0,0
"S728X1D","V5415","10000",1,0,0,0,0
"S728X1E","V5415","10000",1,0,0,0,0
"S728X1F","V5415","10000",1,0,0,0,0
"S728X1G","V5415","10000",1,0,0,0,0
"S728X1H","V5415","10000",1,0,0,0,0
"S728X1J","V5415","10000",1,0,0,0,0
"S728X1K","73382","10000",1,0,0,0,0
"S728X1M","73382","10000",1,0,0,0,0
"S728X1N","73382","10000",1,0,0,0,0
"S728X1P","73381","10000",1,0,0,0,0
"S728X1Q","73381","10000",1,0,0,0,0
"S728X1R","73381","10000",1,0,0,0,0
"S728X1S","9054","10000",1,0,0,0,0
"S728X2A","82100","10000",1,0,0,0,0
"S728X2B","82110","10000",1,0,0,0,0
"S728X2C","82110","10000",1,0,0,0,0
"S728X2D","V5415","10000",1,0,0,0,0
"S728X2E","V5415","10000",1,0,0,0,0
"S728X2F","V5415","10000",1,0,0,0,0
"S728X2G","V5415","10000",1,0,0,0,0
"S728X2H","V5415","10000",1,0,0,0,0
"S728X2J","V5415","10000",1,0,0,0,0
"S728X2K","73382","10000",1,0,0,0,0
"S728X2M","73382","10000",1,0,0,0,0
"S728X2N","73382","10000",1,0,0,0,0
"S728X2P","73381","10000",1,0,0,0,0
"S728X2Q","73381","10000",1,0,0,0,0
"S728X2R","73381","10000",1,0,0,0,0
"S728X2S","9054","10000",1,0,0,0,0
"S728X9A","82100","10000",1,0,0,0,0
"S728X9B","82110","10000",1,0,0,0,0
"S728X9C","82110","10000",1,0,0,0,0
"S728X9D","V5415","10000",1,0,0,0,0
"S728X9E","V5415","10000",1,0,0,0,0
"S728X9F","V5415","10000",1,0,0,0,0
"S728X9G","V5415","10000",1,0,0,0,0
"S728X9H","V5415","10000",1,0,0,0,0
"S728X9J","V5415","10000",1,0,0,0,0
"S728X9K","73382","10000",1,0,0,0,0
"S728X9M","73382","10000",1,0,0,0,0
"S728X9N","73382","10000",1,0,0,0,0
"S728X9P","73381","10000",1,0,0,0,0
"S728X9Q","73381","10000",1,0,0,0,0
"S728X9R","73381","10000",1,0,0,0,0
"S728X9S","9054","10000",1,0,0,0,0
"S7290XA","82100","10000",1,0,0,0,0
"S7290XB","82110","10000",1,0,0,0,0
"S7290XC","82110","10000",1,0,0,0,0
"S7290XD","V5415","10000",1,0,0,0,0
"S7290XE","V5415","10000",1,0,0,0,0
"S7290XF","V5415","10000",1,0,0,0,0
"S7290XG","V5415","10000",1,0,0,0,0
"S7290XH","V5415","10000",1,0,0,0,0
"S7290XJ","V5415","10000",1,0,0,0,0
"S7290XK","73382","10000",1,0,0,0,0
"S7290XM","73382","10000",1,0,0,0,0
"S7290XN","73382","10000",1,0,0,0,0
"S7290XP","73381","10000",1,0,0,0,0
"S7290XQ","73381","10000",1,0,0,0,0
"S7290XR","73381","10000",1,0,0,0,0
"S7290XS","9054","10000",1,0,0,0,0
"S7291XA","82100","10000",1,0,0,0,0
"S7291XB","82110","10000",1,0,0,0,0
"S7291XC","82110","10000",1,0,0,0,0
"S7291XD","V5415","10000",1,0,0,0,0
"S7291XE","V5415","10000",1,0,0,0,0
"S7291XF","V5415","10000",1,0,0,0,0
"S7291XG","V5415","10000",1,0,0,0,0
"S7291XH","V5415","10000",1,0,0,0,0
"S7291XJ","V5415","10000",1,0,0,0,0
"S7291XK","73382","10000",1,0,0,0,0
"S7291XM","73382","10000",1,0,0,0,0
"S7291XN","73382","10000",1,0,0,0,0
"S7291XP","73381","10000",1,0,0,0,0
"S7291XQ","73381","10000",1,0,0,0,0
"S7291XR","73381","10000",1,0,0,0,0
"S7291XS","9054","10000",1,0,0,0,0
"S7292XA","82100","10000",1,0,0,0,0
"S7292XB","82110","10000",1,0,0,0,0
"S7292XC","82110","10000",1,0,0,0,0
"S7292XD","V5415","10000",1,0,0,0,0
"S7292XE","V5415","10000",1,0,0,0,0
"S7292XF","V5415","10000",1,0,0,0,0
"S7292XG","V5415","10000",1,0,0,0,0
"S7292XH","V5415","10000",1,0,0,0,0
"S7292XJ","V5415","10000",1,0,0,0,0
"S7292XK","73382","10000",1,0,0,0,0
"S7292XM","73382","10000",1,0,0,0,0
"S7292XN","73382","10000",1,0,0,0,0
"S7292XP","73381","10000",1,0,0,0,0
"S7292XQ","73381","10000",1,0,0,0,0
"S7292XR","73381","10000",1,0,0,0,0
"S7292XS","9054","10000",1,0,0,0,0
"S73001A","83500","10000",1,0,0,0,0
"S73001D","V5889","10000",1,0,0,0,0
"S73001S","9056","10000",1,0,0,0,0
"S73002A","83500","10000",1,0,0,0,0
"S73002D","V5889","10000",1,0,0,0,0
"S73002S","9056","10000",1,0,0,0,0
"S73003A","83500","10000",1,0,0,0,0
"S73003D","V5889","10000",1,0,0,0,0
"S73003S","9056","10000",1,0,0,0,0
"S73004A","83500","10000",1,0,0,0,0
"S73004D","V5889","10000",1,0,0,0,0
"S73004S","9056","10000",1,0,0,0,0
"S73005A","83500","10000",1,0,0,0,0
"S73005D","V5889","10000",1,0,0,0,0
"S73005S","9056","10000",1,0,0,0,0
"S73006A","83500","10000",1,0,0,0,0
"S73006D","V5889","10000",1,0,0,0,0
"S73006S","9056","10000",1,0,0,0,0
"S73011A","83501","10000",1,0,0,0,0
"S73011D","V5889","10000",1,0,0,0,0
"S73011S","9056","10000",1,0,0,0,0
"S73012A","83501","10000",1,0,0,0,0
"S73012D","V5889","10000",1,0,0,0,0
"S73012S","9056","10000",1,0,0,0,0
"S73013A","83501","10000",1,0,0,0,0
"S73013D","V5889","10000",1,0,0,0,0
"S73013S","9056","10000",1,0,0,0,0
"S73014A","83501","10000",1,0,0,0,0
"S73014D","V5889","10000",1,0,0,0,0
"S73014S","9056","10000",1,0,0,0,0
"S73015A","83501","10000",1,0,0,0,0
"S73015D","V5889","10000",1,0,0,0,0
"S73015S","9056","10000",1,0,0,0,0
"S73016A","83501","10000",1,0,0,0,0
"S73016D","V5889","10000",1,0,0,0,0
"S73016S","9056","10000",1,0,0,0,0
"S73021A","83502","10000",1,0,0,0,0
"S73021D","V5889","10000",1,0,0,0,0
"S73021S","9056","10000",1,0,0,0,0
"S73022A","83502","10000",1,0,0,0,0
"S73022D","V5889","10000",1,0,0,0,0
"S73022S","9056","10000",1,0,0,0,0
"S73023A","83502","10000",1,0,0,0,0
"S73023D","V5889","10000",1,0,0,0,0
"S73023S","9056","10000",1,0,0,0,0
"S73024A","83502","10000",1,0,0,0,0
"S73024D","V5889","10000",1,0,0,0,0
"S73024S","9056","10000",1,0,0,0,0
"S73025A","83502","10000",1,0,0,0,0
"S73025D","V5889","10000",1,0,0,0,0
"S73025S","9056","10000",1,0,0,0,0
"S73026A","83502","10000",1,0,0,0,0
"S73026D","V5889","10000",1,0,0,0,0
"S73026S","9056","10000",1,0,0,0,0
"S73031A","83503","10000",1,0,0,0,0
"S73031D","V5889","10000",1,0,0,0,0
"S73031S","9056","10000",1,0,0,0,0
"S73032A","83503","10000",1,0,0,0,0
"S73032D","V5889","10000",1,0,0,0,0
"S73032S","9056","10000",1,0,0,0,0
"S73033A","83503","10000",1,0,0,0,0
"S73033D","V5889","10000",1,0,0,0,0
"S73033S","9056","10000",1,0,0,0,0
"S73034A","83503","10000",1,0,0,0,0
"S73034D","V5889","10000",1,0,0,0,0
"S73034S","9056","10000",1,0,0,0,0
"S73035A","83503","10000",1,0,0,0,0
"S73035D","V5889","10000",1,0,0,0,0
"S73035S","9056","10000",1,0,0,0,0
"S73036A","83503","10000",1,0,0,0,0
"S73036D","V5889","10000",1,0,0,0,0
"S73036S","9056","10000",1,0,0,0,0
"S73041A","83500","10000",1,0,0,0,0
"S73041D","V5889","10000",1,0,0,0,0
"S73041S","9056","10000",1,0,0,0,0
"S73042A","83500","10000",1,0,0,0,0
"S73042D","V5889","10000",1,0,0,0,0
"S73042S","9056","10000",1,0,0,0,0
"S73043A","83500","10000",1,0,0,0,0
"S73043D","V5889","10000",1,0,0,0,0
"S73043S","9056","10000",1,0,0,0,0
"S73044A","83500","10000",1,0,0,0,0
"S73044D","V5889","10000",1,0,0,0,0
"S73044S","9056","10000",1,0,0,0,0
"S73045A","83500","10000",1,0,0,0,0
"S73045D","V5889","10000",1,0,0,0,0
"S73045S","9056","10000",1,0,0,0,0
"S73046A","83500","10000",1,0,0,0,0
"S73046D","V5889","10000",1,0,0,0,0
"S73046S","9056","10000",1,0,0,0,0
"S73101A","8439","10000",1,0,0,0,0
"S73101D","V5889","10000",1,0,0,0,0
"S73101S","9057","10000",1,0,0,0,0
"S73102A","8439","10000",1,0,0,0,0
"S73102D","V5889","10000",1,0,0,0,0
"S73102S","9057","10000",1,0,0,0,0
"S73109A","8439","10000",1,0,0,0,0
"S73109D","V5889","10000",1,0,0,0,0
"S73109S","9057","10000",1,0,0,0,0
"S73111A","8430","10000",1,0,0,0,0
"S73111D","V5889","10000",1,0,0,0,0
"S73111S","9057","10000",1,0,0,0,0
"S73112A","8430","10000",1,0,0,0,0
"S73112D","V5889","10000",1,0,0,0,0
"S73112S","9057","10000",1,0,0,0,0
"S73119A","8430","10000",1,0,0,0,0
"S73119D","V5889","10000",1,0,0,0,0
"S73119S","9057","10000",1,0,0,0,0
"S73121A","8431","10000",1,0,0,0,0
"S73121D","V5889","10000",1,0,0,0,0
"S73121S","9057","10000",1,0,0,0,0
"S73122A","8431","10000",1,0,0,0,0
"S73122D","V5889","10000",1,0,0,0,0
"S73122S","9057","10000",1,0,0,0,0
"S73129A","8431","10000",1,0,0,0,0
"S73129D","V5889","10000",1,0,0,0,0
"S73129S","9057","10000",1,0,0,0,0
"S73191A","8438","10000",1,0,0,0,0
"S73191D","V5889","10000",1,0,0,0,0
"S73191S","9057","10000",1,0,0,0,0
"S73192A","8438","10000",1,0,0,0,0
"S73192D","V5889","10000",1,0,0,0,0
"S73192S","9057","10000",1,0,0,0,0
"S73199A","8438","10000",1,0,0,0,0
"S73199D","V5889","10000",1,0,0,0,0
"S73199S","9057","10000",1,0,0,0,0
"S7400XA","9560","10000",1,0,0,0,0
"S7400XD","V5889","10000",1,0,0,0,0
"S7400XS","9075","10000",1,0,0,0,0
"S7401XA","9560","10000",1,0,0,0,0
"S7401XD","V5889","10000",1,0,0,0,0
"S7401XS","9075","10000",1,0,0,0,0
"S7402XA","9560","10000",1,0,0,0,0
"S7402XD","V5889","10000",1,0,0,0,0
"S7402XS","9075","10000",1,0,0,0,0
"S7410XA","9561","10000",1,0,0,0,0
"S7410XD","V5889","10000",1,0,0,0,0
"S7410XS","9075","10000",1,0,0,0,0
"S7411XA","9561","10000",1,0,0,0,0
"S7411XD","V5889","10000",1,0,0,0,0
"S7411XS","9075","10000",1,0,0,0,0
"S7412XA","9561","10000",1,0,0,0,0
"S7412XD","V5889","10000",1,0,0,0,0
"S7412XS","9075","10000",1,0,0,0,0
"S7420XA","9564","10000",1,0,0,0,0
"S7420XD","V5889","10000",1,0,0,0,0
"S7420XS","9075","10000",1,0,0,0,0
"S7421XA","9564","10000",1,0,0,0,0
"S7421XD","V5889","10000",1,0,0,0,0
"S7421XS","9075","10000",1,0,0,0,0
"S7422XA","9564","10000",1,0,0,0,0
"S7422XD","V5889","10000",1,0,0,0,0
"S7422XS","9075","10000",1,0,0,0,0
"S748X1A","9565","10000",1,0,0,0,0
"S748X1A","9568","10000",1,0,0,0,0
"S748X1D","V5889","10000",1,0,0,0,0
"S748X1S","9075","10000",1,0,0,0,0
"S748X2A","9565","10000",1,0,0,0,0
"S748X2A","9568","10000",1,0,0,0,0
"S748X2D","V5889","10000",1,0,0,0,0
"S748X2S","9075","10000",1,0,0,0,0
"S748X9A","9565","10000",1,0,0,0,0
"S748X9A","9568","10000",1,0,0,0,0
"S748X9D","V5889","10000",1,0,0,0,0
"S748X9S","9075","10000",1,0,0,0,0
"S7490XA","9569","10000",1,0,0,0,0
"S7490XA","9579","10000",1,0,0,0,0
"S7490XD","V5889","10000",1,0,0,0,0
"S7490XS","9075","10000",1,0,0,0,0
"S7491XA","9569","10000",1,0,0,0,0
"S7491XA","9579","10000",1,0,0,0,0
"S7491XD","V5889","10000",1,0,0,0,0
"S7491XS","9075","10000",1,0,0,0,0
"S7492XA","9569","10000",1,0,0,0,0
"S7492XA","9579","10000",1,0,0,0,0
"S7492XD","V5889","10000",1,0,0,0,0
"S7492XS","9075","10000",1,0,0,0,0
"S75001A","9040","10000",1,0,0,0,0
"S75001A","9041","10000",1,0,0,0,0
"S75001D","V5889","10000",1,0,0,0,0
"S75001S","9083","10000",1,0,0,0,0
"S75002A","9040","10000",1,0,0,0,0
"S75002A","9041","10000",1,0,0,0,0
"S75002D","V5889","10000",1,0,0,0,0
"S75002S","9083","10000",1,0,0,0,0
"S75009A","9040","10000",1,0,0,0,0
"S75009A","9041","10000",1,0,0,0,0
"S75009D","V5889","10000",1,0,0,0,0
"S75009S","9083","10000",1,0,0,0,0
"S75011A","9040","10000",1,0,0,0,0
"S75011A","9041","10000",1,0,0,0,0
"S75011D","V5889","10000",1,0,0,0,0
"S75011S","9083","10000",1,0,0,0,0
"S75012A","9040","10000",1,0,0,0,0
"S75012A","9041","10000",1,0,0,0,0
"S75012D","V5889","10000",1,0,0,0,0
"S75012S","9083","10000",1,0,0,0,0
"S75019A","9040","10000",1,0,0,0,0
"S75019A","9041","10000",1,0,0,0,0
"S75019D","V5889","10000",1,0,0,0,0
"S75019S","9083","10000",1,0,0,0,0
"S75021A","9040","10000",1,0,0,0,0
"S75021A","9041","10000",1,0,0,0,0
"S75021D","V5889","10000",1,0,0,0,0
"S75021S","9083","10000",1,0,0,0,0
"S75022A","9040","10000",1,0,0,0,0
"S75022A","9041","10000",1,0,0,0,0
"S75022D","V5889","10000",1,0,0,0,0
"S75022S","9083","10000",1,0,0,0,0
"S75029A","9040","10000",1,0,0,0,0
"S75029A","9041","10000",1,0,0,0,0
"S75029D","V5889","10000",1,0,0,0,0
"S75029S","9083","10000",1,0,0,0,0
"S75091A","9040","10000",1,0,0,0,0
"S75091A","9041","10000",1,0,0,0,0
"S75091D","V5889","10000",1,0,0,0,0
"S75091S","9083","10000",1,0,0,0,0
"S75092A","9040","10000",1,0,0,0,0
"S75092A","9041","10000",1,0,0,0,0
"S75092D","V5889","10000",1,0,0,0,0
"S75092S","9083","10000",1,0,0,0,0
"S75099A","9040","10000",1,0,0,0,0
"S75099A","9041","10000",1,0,0,0,0
"S75099D","V5889","10000",1,0,0,0,0
"S75099S","9083","10000",1,0,0,0,0
"S75101A","9042","10000",1,0,0,0,0
"S75101D","V5889","10000",1,0,0,0,0
"S75101S","9083","10000",1,0,0,0,0
"S75102A","9042","10000",1,0,0,0,0
"S75102D","V5889","10000",1,0,0,0,0
"S75102S","9083","10000",1,0,0,0,0
"S75109A","9042","10000",1,0,0,0,0
"S75109D","V5889","10000",1,0,0,0,0
"S75109S","9083","10000",1,0,0,0,0
"S75111A","9042","10000",1,0,0,0,0
"S75111D","V5889","10000",1,0,0,0,0
"S75111S","9083","10000",1,0,0,0,0
"S75112A","9042","10000",1,0,0,0,0
"S75112D","V5889","10000",1,0,0,0,0
"S75112S","9083","10000",1,0,0,0,0
"S75119A","9042","10000",1,0,0,0,0
"S75119D","V5889","10000",1,0,0,0,0
"S75119S","9083","10000",1,0,0,0,0
"S75121A","9042","10000",1,0,0,0,0
"S75121D","V5889","10000",1,0,0,0,0
"S75121S","9083","10000",1,0,0,0,0
"S75122A","9042","10000",1,0,0,0,0
"S75122D","V5889","10000",1,0,0,0,0
"S75122S","9083","10000",1,0,0,0,0
"S75129A","9042","10000",1,0,0,0,0
"S75129D","V5889","10000",1,0,0,0,0
"S75129S","9083","10000",1,0,0,0,0
"S75191A","9042","10000",1,0,0,0,0
"S75191D","V5889","10000",1,0,0,0,0
"S75191S","9083","10000",1,0,0,0,0
"S75192A","9042","10000",1,0,0,0,0
"S75192D","V5889","10000",1,0,0,0,0
"S75192S","9083","10000",1,0,0,0,0
"S75199A","9042","10000",1,0,0,0,0
"S75199D","V5889","10000",1,0,0,0,0
"S75199S","9083","10000",1,0,0,0,0
"S75201A","9043","10000",1,0,0,0,0
"S75201D","V5889","10000",1,0,0,0,0
"S75201S","9083","10000",1,0,0,0,0
"S75202A","9043","10000",1,0,0,0,0
"S75202D","V5889","10000",1,0,0,0,0
"S75202S","9083","10000",1,0,0,0,0
"S75209A","9043","10000",1,0,0,0,0
"S75209D","V5889","10000",1,0,0,0,0
"S75209S","9083","10000",1,0,0,0,0
"S75211A","9043","10000",1,0,0,0,0
"S75211D","V5889","10000",1,0,0,0,0
"S75211S","9083","10000",1,0,0,0,0
"S75212A","9043","10000",1,0,0,0,0
"S75212D","V5889","10000",1,0,0,0,0
"S75212S","9083","10000",1,0,0,0,0
"S75219A","9043","10000",1,0,0,0,0
"S75219D","V5889","10000",1,0,0,0,0
"S75219S","9083","10000",1,0,0,0,0
"S75221A","9043","10000",1,0,0,0,0
"S75221D","V5889","10000",1,0,0,0,0
"S75221S","9083","10000",1,0,0,0,0
"S75222A","9043","10000",1,0,0,0,0
"S75222D","V5889","10000",1,0,0,0,0
"S75222S","9083","10000",1,0,0,0,0
"S75229A","9043","10000",1,0,0,0,0
"S75229D","V5889","10000",1,0,0,0,0
"S75229S","9083","10000",1,0,0,0,0
"S75291A","9043","10000",1,0,0,0,0
"S75291D","V5889","10000",1,0,0,0,0
"S75291S","9083","10000",1,0,0,0,0
"S75292A","9043","10000",1,0,0,0,0
"S75292D","V5889","10000",1,0,0,0,0
"S75292S","9083","10000",1,0,0,0,0
"S75299A","9043","10000",1,0,0,0,0
"S75299D","V5889","10000",1,0,0,0,0
"S75299S","9083","10000",1,0,0,0,0
"S75801A","9047","10000",1,0,0,0,0
"S75801D","V5889","10000",1,0,0,0,0
"S75801S","9083","10000",1,0,0,0,0
"S75802A","9047","10000",1,0,0,0,0
"S75802D","V5889","10000",1,0,0,0,0
"S75802S","9083","10000",1,0,0,0,0
"S75809A","9047","10000",1,0,0,0,0
"S75809D","V5889","10000",1,0,0,0,0
"S75809S","9083","10000",1,0,0,0,0
"S75811A","9047","10000",1,0,0,0,0
"S75811D","V5889","10000",1,0,0,0,0
"S75811S","9083","10000",1,0,0,0,0
"S75812A","9047","10000",1,0,0,0,0
"S75812D","V5889","10000",1,0,0,0,0
"S75812S","9083","10000",1,0,0,0,0
"S75819A","9047","10000",1,0,0,0,0
"S75819D","V5889","10000",1,0,0,0,0
"S75819S","9083","10000",1,0,0,0,0
"S75891A","9047","10000",1,0,0,0,0
"S75891D","V5889","10000",1,0,0,0,0
"S75891S","9083","10000",1,0,0,0,0
"S75892A","9047","10000",1,0,0,0,0
"S75892D","V5889","10000",1,0,0,0,0
"S75892S","9083","10000",1,0,0,0,0
"S75899A","9047","10000",1,0,0,0,0
"S75899D","V5889","10000",1,0,0,0,0
"S75899S","9083","10000",1,0,0,0,0
"S75901A","9048","10000",1,0,0,0,0
"S75901D","V5889","10000",1,0,0,0,0
"S75901S","9083","10000",1,0,0,0,0
"S75902A","9048","10000",1,0,0,0,0
"S75902D","V5889","10000",1,0,0,0,0
"S75902S","9083","10000",1,0,0,0,0
"S75909A","9048","10000",1,0,0,0,0
"S75909D","V5889","10000",1,0,0,0,0
"S75909S","9083","10000",1,0,0,0,0
"S75911A","9048","10000",1,0,0,0,0
"S75911D","V5889","10000",1,0,0,0,0
"S75911S","9083","10000",1,0,0,0,0
"S75912A","9048","10000",1,0,0,0,0
"S75912D","V5889","10000",1,0,0,0,0
"S75912S","9083","10000",1,0,0,0,0
"S75919A","9048","10000",1,0,0,0,0
"S75919D","V5889","10000",1,0,0,0,0
"S75919S","9083","10000",1,0,0,0,0
"S75991A","9048","10000",1,0,0,0,0
"S75991D","V5889","10000",1,0,0,0,0
"S75991S","9083","10000",1,0,0,0,0
"S75992A","9048","10000",1,0,0,0,0
"S75992D","V5889","10000",1,0,0,0,0
"S75992S","9083","10000",1,0,0,0,0
"S75999A","9048","10000",1,0,0,0,0
"S75999D","V5889","10000",1,0,0,0,0
"S75999S","9083","10000",1,0,0,0,0
"S76001A","9596","10000",1,0,0,0,0
"S76001D","V5889","10000",1,0,0,0,0
"S76001S","9089","10000",1,0,0,0,0
"S76002A","9596","10000",1,0,0,0,0
"S76002D","V5889","10000",1,0,0,0,0
"S76002S","9089","10000",1,0,0,0,0
"S76009A","9596","10000",1,0,0,0,0
"S76009D","V5889","10000",1,0,0,0,0
"S76009S","9089","10000",1,0,0,0,0
"S76011A","8438","10000",1,0,0,0,0
"S76011D","V5889","10000",1,0,0,0,0
"S76011S","9057","10000",1,0,0,0,0
"S76012A","8438","10000",1,0,0,0,0
"S76012D","V5889","10000",1,0,0,0,0
"S76012S","9057","10000",1,0,0,0,0
"S76019A","8438","10000",1,0,0,0,0
"S76019D","V5889","10000",1,0,0,0,0
"S76019S","9057","10000",1,0,0,0,0
"S76021A","8902","10000",1,0,0,0,0
"S76021D","V5889","10000",1,0,0,0,0
"S76021S","9061","10000",1,0,0,0,0
"S76022A","8902","10000",1,0,0,0,0
"S76022D","V5889","10000",1,0,0,0,0
"S76022S","9061","10000",1,0,0,0,0
"S76029A","8902","10000",1,0,0,0,0
"S76029D","V5889","10000",1,0,0,0,0
"S76029S","9061","10000",1,0,0,0,0
"S76091A","9596","10000",1,0,0,0,0
"S76091D","V5889","10000",1,0,0,0,0
"S76091S","9089","10000",1,0,0,0,0
"S76092A","9596","10000",1,0,0,0,0
"S76092D","V5889","10000",1,0,0,0,0
"S76092S","9089","10000",1,0,0,0,0
"S76099A","9596","10000",1,0,0,0,0
"S76099D","V5889","10000",1,0,0,0,0
"S76099S","9089","10000",1,0,0,0,0
"S76101A","9596","10000",1,0,0,0,0
"S76101D","V5889","10000",1,0,0,0,0
"S76101S","9089","10000",1,0,0,0,0
"S76102A","9596","10000",1,0,0,0,0
"S76102D","V5889","10000",1,0,0,0,0
"S76102S","9089","10000",1,0,0,0,0
"S76109A","9596","10000",1,0,0,0,0
"S76109D","V5889","10000",1,0,0,0,0
"S76109S","9089","10000",1,0,0,0,0
"S76111A","8438","10000",1,0,0,0,0
"S76111D","V5889","10000",1,0,0,0,0
"S76111S","9057","10000",1,0,0,0,0
"S76112A","8438","10000",1,0,0,0,0
"S76112D","V5889","10000",1,0,0,0,0
"S76112S","9057","10000",1,0,0,0,0
"S76119A","8438","10000",1,0,0,0,0
"S76119D","V5889","10000",1,0,0,0,0
"S76119S","9057","10000",1,0,0,0,0
"S76121A","8902","10000",1,0,0,0,0
"S76121D","V5889","10000",1,0,0,0,0
"S76121S","9061","10000",1,0,0,0,0
"S76122A","8902","10000",1,0,0,0,0
"S76122D","V5889","10000",1,0,0,0,0
"S76122S","9061","10000",1,0,0,0,0
"S76129A","8902","10000",1,0,0,0,0
"S76129D","V5889","10000",1,0,0,0,0
"S76129S","9061","10000",1,0,0,0,0
"S76191A","9596","10000",1,0,0,0,0
"S76191D","V5889","10000",1,0,0,0,0
"S76191S","9089","10000",1,0,0,0,0
"S76192A","9596","10000",1,0,0,0,0
"S76192D","V5889","10000",1,0,0,0,0
"S76192S","9089","10000",1,0,0,0,0
"S76199A","9596","10000",1,0,0,0,0
"S76199D","V5889","10000",1,0,0,0,0
"S76199S","9089","10000",1,0,0,0,0
"S76201A","9596","10000",1,0,0,0,0
"S76201D","V5889","10000",1,0,0,0,0
"S76201S","9089","10000",1,0,0,0,0
"S76202A","9596","10000",1,0,0,0,0
"S76202D","V5889","10000",1,0,0,0,0
"S76202S","9089","10000",1,0,0,0,0
"S76209A","9596","10000",1,0,0,0,0
"S76209D","V5889","10000",1,0,0,0,0
"S76209S","9089","10000",1,0,0,0,0
"S76211A","8438","10000",1,0,0,0,0
"S76211D","V5889","10000",1,0,0,0,0
"S76211S","9057","10000",1,0,0,0,0
"S76212A","8438","10000",1,0,0,0,0
"S76212D","V5889","10000",1,0,0,0,0
"S76212S","9057","10000",1,0,0,0,0
"S76219A","8438","10000",1,0,0,0,0
"S76219D","V5889","10000",1,0,0,0,0
"S76219S","9057","10000",1,0,0,0,0
"S76221A","8902","10000",1,0,0,0,0
"S76221D","V5889","10000",1,0,0,0,0
"S76221S","9061","10000",1,0,0,0,0
"S76222A","8902","10000",1,0,0,0,0
"S76222D","V5889","10000",1,0,0,0,0
"S76222S","9061","10000",1,0,0,0,0
"S76229A","8902","10000",1,0,0,0,0
"S76229D","V5889","10000",1,0,0,0,0
"S76229S","9061","10000",1,0,0,0,0
"S76291A","9596","10000",1,0,0,0,0
"S76291D","V5889","10000",1,0,0,0,0
"S76291S","9089","10000",1,0,0,0,0
"S76292A","9596","10000",1,0,0,0,0
"S76292D","V5889","10000",1,0,0,0,0
"S76292S","9089","10000",1,0,0,0,0
"S76299A","9596","10000",1,0,0,0,0
"S76299D","V5889","10000",1,0,0,0,0
"S76299S","9089","10000",1,0,0,0,0
"S76301A","9596","10000",1,0,0,0,0
"S76301D","V5889","10000",1,0,0,0,0
"S76301S","9089","10000",1,0,0,0,0
"S76302A","9596","10000",1,0,0,0,0
"S76302D","V5889","10000",1,0,0,0,0
"S76302S","9089","10000",1,0,0,0,0
"S76309A","9596","10000",1,0,0,0,0
"S76309D","V5889","10000",1,0,0,0,0
"S76309S","9089","10000",1,0,0,0,0
"S76311A","8438","10000",1,0,0,0,0
"S76311D","V5889","10000",1,0,0,0,0
"S76311S","9057","10000",1,0,0,0,0
"S76312A","8438","10000",1,0,0,0,0
"S76312D","V5889","10000",1,0,0,0,0
"S76312S","9057","10000",1,0,0,0,0
"S76319A","8438","10000",1,0,0,0,0
"S76319D","V5889","10000",1,0,0,0,0
"S76319S","9057","10000",1,0,0,0,0
"S76321A","8902","10000",1,0,0,0,0
"S76321D","V5889","10000",1,0,0,0,0
"S76321S","9061","10000",1,0,0,0,0
"S76322A","8902","10000",1,0,0,0,0
"S76322D","V5889","10000",1,0,0,0,0
"S76322S","9061","10000",1,0,0,0,0
"S76329A","8902","10000",1,0,0,0,0
"S76329D","V5889","10000",1,0,0,0,0
"S76329S","9061","10000",1,0,0,0,0
"S76391A","9596","10000",1,0,0,0,0
"S76391D","V5889","10000",1,0,0,0,0
"S76391S","9089","10000",1,0,0,0,0
"S76392A","9596","10000",1,0,0,0,0
"S76392D","V5889","10000",1,0,0,0,0
"S76392S","9089","10000",1,0,0,0,0
"S76399A","9596","10000",1,0,0,0,0
"S76399D","V5889","10000",1,0,0,0,0
"S76399S","9089","10000",1,0,0,0,0
"S76801A","9596","10000",1,0,0,0,0
"S76801D","V5889","10000",1,0,0,0,0
"S76801S","9089","10000",1,0,0,0,0
"S76802A","9596","10000",1,0,0,0,0
"S76802D","V5889","10000",1,0,0,0,0
"S76802S","9089","10000",1,0,0,0,0
"S76809A","9596","10000",1,0,0,0,0
"S76809D","V5889","10000",1,0,0,0,0
"S76809S","9089","10000",1,0,0,0,0
"S76811A","8438","10000",1,0,0,0,0
"S76811D","V5889","10000",1,0,0,0,0
"S76811S","9057","10000",1,0,0,0,0
"S76812A","8438","10000",1,0,0,0,0
"S76812D","V5889","10000",1,0,0,0,0
"S76812S","9057","10000",1,0,0,0,0
"S76819A","8438","10000",1,0,0,0,0
"S76819D","V5889","10000",1,0,0,0,0
"S76819S","9057","10000",1,0,0,0,0
"S76821A","8902","10000",1,0,0,0,0
"S76821D","V5889","10000",1,0,0,0,0
"S76821S","9061","10000",1,0,0,0,0
"S76822A","8902","10000",1,0,0,0,0
"S76822D","V5889","10000",1,0,0,0,0
"S76822S","9061","10000",1,0,0,0,0
"S76829A","8902","10000",1,0,0,0,0
"S76829D","V5889","10000",1,0,0,0,0
"S76829S","9061","10000",1,0,0,0,0
"S76891A","9596","10000",1,0,0,0,0
"S76891D","V5889","10000",1,0,0,0,0
"S76891S","9089","10000",1,0,0,0,0
"S76892A","9596","10000",1,0,0,0,0
"S76892D","V5889","10000",1,0,0,0,0
"S76892S","9089","10000",1,0,0,0,0
"S76899A","9596","10000",1,0,0,0,0
"S76899D","V5889","10000",1,0,0,0,0
"S76899S","9089","10000",1,0,0,0,0
"S76901A","9596","10000",1,0,0,0,0
"S76901D","V5889","10000",1,0,0,0,0
"S76901S","9089","10000",1,0,0,0,0
"S76902A","9596","10000",1,0,0,0,0
"S76902D","V5889","10000",1,0,0,0,0
"S76902S","9089","10000",1,0,0,0,0
"S76909A","9596","10000",1,0,0,0,0
"S76909D","V5889","10000",1,0,0,0,0
"S76909S","9089","10000",1,0,0,0,0
"S76911A","8439","10000",1,0,0,0,0
"S76911D","V5889","10000",1,0,0,0,0
"S76911S","9057","10000",1,0,0,0,0
"S76912A","8439","10000",1,0,0,0,0
"S76912D","V5889","10000",1,0,0,0,0
"S76912S","9057","10000",1,0,0,0,0
"S76919A","8439","10000",1,0,0,0,0
"S76919D","V5889","10000",1,0,0,0,0
"S76919S","9057","10000",1,0,0,0,0
"S76921A","8902","10000",1,0,0,0,0
"S76921D","V5889","10000",1,0,0,0,0
"S76921S","9061","10000",1,0,0,0,0
"S76922A","8902","10000",1,0,0,0,0
"S76922D","V5889","10000",1,0,0,0,0
"S76922S","9061","10000",1,0,0,0,0
"S76929A","8902","10000",1,0,0,0,0
"S76929D","V5889","10000",1,0,0,0,0
"S76929S","9061","10000",1,0,0,0,0
"S76991A","9596","10000",1,0,0,0,0
"S76991D","V5889","10000",1,0,0,0,0
"S76991S","9089","10000",1,0,0,0,0
"S76992A","9596","10000",1,0,0,0,0
"S76992D","V5889","10000",1,0,0,0,0
"S76992S","9089","10000",1,0,0,0,0
"S76999A","9596","10000",1,0,0,0,0
"S76999D","V5889","10000",1,0,0,0,0
"S76999S","9089","10000",1,0,0,0,0
"S7700XA","92801","10000",1,0,0,0,0
"S7700XD","V5889","10000",1,0,0,0,0
"S7700XS","9064","10000",1,0,0,0,0
"S7701XA","92801","10000",1,0,0,0,0
"S7701XD","V5889","10000",1,0,0,0,0
"S7701XS","9064","10000",1,0,0,0,0
"S7702XA","92801","10000",1,0,0,0,0
"S7702XD","V5889","10000",1,0,0,0,0
"S7702XS","9064","10000",1,0,0,0,0
"S7710XA","92800","10000",1,0,0,0,0
"S7710XD","V5889","10000",1,0,0,0,0
"S7710XS","9064","10000",1,0,0,0,0
"S7711XA","92800","10000",1,0,0,0,0
"S7711XD","V5889","10000",1,0,0,0,0
"S7711XS","9064","10000",1,0,0,0,0
"S7712XA","92800","10000",1,0,0,0,0
"S7712XD","V5889","10000",1,0,0,0,0
"S7712XS","9064","10000",1,0,0,0,0
"S7720XA","9288","10000",1,0,0,0,0
"S7720XA","9289","10000",1,0,0,0,0
"S7720XA","9290","10000",1,0,0,0,0
"S7720XA","9299","10000",1,0,0,0,0
"S7720XD","V5889","10000",1,0,0,0,0
"S7720XS","9064","10000",1,0,0,0,0
"S7721XA","9288","10000",1,0,0,0,0
"S7721XD","V5889","10000",1,0,0,0,0
"S7721XS","9064","10000",1,0,0,0,0
"S7722XA","9288","10000",1,0,0,0,0
"S7722XD","V5889","10000",1,0,0,0,0
"S7722XS","9064","10000",1,0,0,0,0
"S78011A","8972","10000",1,0,0,0,0
"S78011D","V5889","10000",1,0,0,0,0
"S78011S","9059","10000",1,0,0,0,0
"S78012A","8972","10000",1,0,0,0,0
"S78012D","V5889","10000",1,0,0,0,0
"S78012S","9059","10000",1,0,0,0,0
"S78019A","8972","10000",1,0,0,0,0
"S78019D","V5889","10000",1,0,0,0,0
"S78019S","9059","10000",1,0,0,0,0
"S78021A","8972","10000",1,0,0,0,0
"S78021D","V5889","10000",1,0,0,0,0
"S78021S","9059","10000",1,0,0,0,0
"S78022A","8972","10000",1,0,0,0,0
"S78022D","V5889","10000",1,0,0,0,0
"S78022S","9059","10000",1,0,0,0,0
"S78029A","8972","10000",1,0,0,0,0
"S78029D","V5889","10000",1,0,0,0,0
"S78029S","9059","10000",1,0,0,0,0
"S78111A","8972","10000",1,0,0,0,0
"S78111D","V5889","10000",1,0,0,0,0
"S78111S","9059","10000",1,0,0,0,0
"S78112A","8972","10000",1,0,0,0,0
"S78112D","V5889","10000",1,0,0,0,0
"S78112S","9059","10000",1,0,0,0,0
"S78119A","8972","10000",1,0,0,0,0
"S78119D","V5889","10000",1,0,0,0,0
"S78119S","9059","10000",1,0,0,0,0
"S78121A","8972","10000",1,0,0,0,0
"S78121D","V5889","10000",1,0,0,0,0
"S78121S","9059","10000",1,0,0,0,0
"S78122A","8972","10000",1,0,0,0,0
"S78122D","V5889","10000",1,0,0,0,0
"S78122S","9059","10000",1,0,0,0,0
"S78129A","8972","10000",1,0,0,0,0
"S78129D","V5889","10000",1,0,0,0,0
"S78129S","9059","10000",1,0,0,0,0
"S78911A","8974","10000",1,0,0,0,0
"S78911D","V5889","10000",1,0,0,0,0
"S78911S","9059","10000",1,0,0,0,0
"S78912A","8974","10000",1,0,0,0,0
"S78912D","V5889","10000",1,0,0,0,0
"S78912S","9059","10000",1,0,0,0,0
"S78919A","8972","10000",1,0,0,0,0
"S78919D","V5889","10000",1,0,0,0,0
"S78919S","9059","10000",1,0,0,0,0
"S78921A","8974","10000",1,0,0,0,0
"S78921D","V5889","10000",1,0,0,0,0
"S78921S","9059","10000",1,0,0,0,0
"S78922A","8974","10000",1,0,0,0,0
"S78922D","V5889","10000",1,0,0,0,0
"S78922S","9059","10000",1,0,0,0,0
"S78929A","8972","10000",1,0,0,0,0
"S78929D","V5889","10000",1,0,0,0,0
"S78929S","9059","10000",1,0,0,0,0
"S79001A","82001","10000",1,0,0,0,0
"S79001D","V5415","10000",1,0,0,0,0
"S79001G","V5415","10000",1,0,0,0,0
"S79001K","73382","10000",1,0,0,0,0
"S79001P","73381","10000",1,0,0,0,0
"S79001S","9054","10000",1,0,0,0,0
"S79002A","82001","10000",1,0,0,0,0
"S79002D","V5415","10000",1,0,0,0,0
"S79002G","V5415","10000",1,0,0,0,0
"S79002K","73382","10000",1,0,0,0,0
"S79002P","73381","10000",1,0,0,0,0
"S79002S","9054","10000",1,0,0,0,0
"S79009A","82001","10000",1,0,0,0,0
"S79009D","V5415","10000",1,0,0,0,0
"S79009G","V5415","10000",1,0,0,0,0
"S79009K","73382","10000",1,0,0,0,0
"S79009P","73381","10000",1,0,0,0,0
"S79009S","9054","10000",1,0,0,0,0
"S79011A","82001","10000",1,0,0,0,0
"S79011D","V5415","10000",1,0,0,0,0
"S79011G","V5415","10000",1,0,0,0,0
"S79011K","73382","10000",1,0,0,0,0
"S79011P","73381","10000",1,0,0,0,0
"S79011S","9054","10000",1,0,0,0,0
"S79012A","82001","10000",1,0,0,0,0
"S79012D","V5415","10000",1,0,0,0,0
"S79012G","V5415","10000",1,0,0,0,0
"S79012K","73382","10000",1,0,0,0,0
"S79012P","73381","10000",1,0,0,0,0
"S79012S","9054","10000",1,0,0,0,0
"S79019A","82001","10000",1,0,0,0,0
"S79019D","V5415","10000",1,0,0,0,0
"S79019G","V5415","10000",1,0,0,0,0
"S79019K","73382","10000",1,0,0,0,0
"S79019P","73381","10000",1,0,0,0,0
"S79019S","9054","10000",1,0,0,0,0
"S79091A","82001","10000",1,0,0,0,0
"S79091D","V5415","10000",1,0,0,0,0
"S79091G","V5415","10000",1,0,0,0,0
"S79091K","73382","10000",1,0,0,0,0
"S79091P","73381","10000",1,0,0,0,0
"S79091S","9054","10000",1,0,0,0,0
"S79092A","82001","10000",1,0,0,0,0
"S79092D","V5415","10000",1,0,0,0,0
"S79092G","V5415","10000",1,0,0,0,0
"S79092K","73382","10000",1,0,0,0,0
"S79092P","73381","10000",1,0,0,0,0
"S79092S","9054","10000",1,0,0,0,0
"S79099A","82001","10000",1,0,0,0,0
"S79099D","V5415","10000",1,0,0,0,0
"S79099G","V5415","10000",1,0,0,0,0
"S79099K","73382","10000",1,0,0,0,0
"S79099P","73381","10000",1,0,0,0,0
"S79099S","9054","10000",1,0,0,0,0
"S79101A","82122","10000",1,0,0,0,0
"S79101D","V5415","10000",1,0,0,0,0
"S79101G","V5415","10000",1,0,0,0,0
"S79101K","73382","10000",1,0,0,0,0
"S79101P","73381","10000",1,0,0,0,0
"S79101S","9054","10000",1,0,0,0,0
"S79102A","82122","10000",1,0,0,0,0
"S79102D","V5415","10000",1,0,0,0,0
"S79102G","V5415","10000",1,0,0,0,0
"S79102K","73382","10000",1,0,0,0,0
"S79102P","73381","10000",1,0,0,0,0
"S79102S","9054","10000",1,0,0,0,0
"S79109A","82122","10000",1,0,0,0,0
"S79109D","V5415","10000",1,0,0,0,0
"S79109G","V5415","10000",1,0,0,0,0
"S79109K","73382","10000",1,0,0,0,0
"S79109P","73381","10000",1,0,0,0,0
"S79109S","9054","10000",1,0,0,0,0
"S79111A","82122","10000",1,0,0,0,0
"S79111D","V5415","10000",1,0,0,0,0
"S79111G","V5415","10000",1,0,0,0,0
"S79111K","73382","10000",1,0,0,0,0
"S79111P","73381","10000",1,0,0,0,0
"S79111S","9054","10000",1,0,0,0,0
"S79112A","82122","10000",1,0,0,0,0
"S79112D","V5415","10000",1,0,0,0,0
"S79112G","V5415","10000",1,0,0,0,0
"S79112K","73382","10000",1,0,0,0,0
"S79112P","73381","10000",1,0,0,0,0
"S79112S","9054","10000",1,0,0,0,0
"S79119A","82122","10000",1,0,0,0,0
"S79119D","V5415","10000",1,0,0,0,0
"S79119G","V5415","10000",1,0,0,0,0
"S79119K","73382","10000",1,0,0,0,0
"S79119P","73381","10000",1,0,0,0,0
"S79119S","9054","10000",1,0,0,0,0
"S79121A","82122","10000",1,0,0,0,0
"S79121D","V5415","10000",1,0,0,0,0
"S79121G","V5415","10000",1,0,0,0,0
"S79121K","73382","10000",1,0,0,0,0
"S79121P","73381","10000",1,0,0,0,0
"S79121S","9054","10000",1,0,0,0,0
"S79122A","82122","10000",1,0,0,0,0
"S79122D","V5415","10000",1,0,0,0,0
"S79122G","V5415","10000",1,0,0,0,0
"S79122K","73382","10000",1,0,0,0,0
"S79122P","73381","10000",1,0,0,0,0
"S79122S","9054","10000",1,0,0,0,0
"S79129A","82122","10000",1,0,0,0,0
"S79129D","V5415","10000",1,0,0,0,0
"S79129G","V5415","10000",1,0,0,0,0
"S79129K","73382","10000",1,0,0,0,0
"S79129P","73381","10000",1,0,0,0,0
"S79129S","9054","10000",1,0,0,0,0
"S79131A","82122","10000",1,0,0,0,0
"S79131D","V5415","10000",1,0,0,0,0
"S79131G","V5415","10000",1,0,0,0,0
"S79131K","73382","10000",1,0,0,0,0
"S79131P","73381","10000",1,0,0,0,0
"S79131S","9054","10000",1,0,0,0,0
"S79132A","82122","10000",1,0,0,0,0
"S79132D","V5415","10000",1,0,0,0,0
"S79132G","V5415","10000",1,0,0,0,0
"S79132K","73382","10000",1,0,0,0,0
"S79132P","73381","10000",1,0,0,0,0
"S79132S","9054","10000",1,0,0,0,0
"S79139A","82122","10000",1,0,0,0,0
"S79139D","V5415","10000",1,0,0,0,0
"S79139G","V5415","10000",1,0,0,0,0
"S79139K","73382","10000",1,0,0,0,0
"S79139P","73381","10000",1,0,0,0,0
"S79139S","9054","10000",1,0,0,0,0
"S79141A","82122","10000",1,0,0,0,0
"S79141D","V5415","10000",1,0,0,0,0
"S79141G","V5415","10000",1,0,0,0,0
"S79141K","73382","10000",1,0,0,0,0
"S79141P","73381","10000",1,0,0,0,0
"S79141S","9054","10000",1,0,0,0,0
"S79142A","82122","10000",1,0,0,0,0
"S79142D","V5415","10000",1,0,0,0,0
"S79142G","V5415","10000",1,0,0,0,0
"S79142K","73382","10000",1,0,0,0,0
"S79142P","73381","10000",1,0,0,0,0
"S79142S","9054","10000",1,0,0,0,0
"S79149A","82122","10000",1,0,0,0,0
"S79149D","V5415","10000",1,0,0,0,0
"S79149G","V5415","10000",1,0,0,0,0
"S79149K","73382","10000",1,0,0,0,0
"S79149P","73381","10000",1,0,0,0,0
"S79149S","9054","10000",1,0,0,0,0
"S79191A","82122","10000",1,0,0,0,0
"S79191D","V5415","10000",1,0,0,0,0
"S79191G","V5415","10000",1,0,0,0,0
"S79191K","73382","10000",1,0,0,0,0
"S79191P","73381","10000",1,0,0,0,0
"S79191S","9054","10000",1,0,0,0,0
"S79192A","82122","10000",1,0,0,0,0
"S79192D","V5415","10000",1,0,0,0,0
"S79192G","V5415","10000",1,0,0,0,0
"S79192K","73382","10000",1,0,0,0,0
"S79192P","73381","10000",1,0,0,0,0
"S79192S","9054","10000",1,0,0,0,0
"S79199A","82122","10000",1,0,0,0,0
"S79199D","V5415","10000",1,0,0,0,0
"S79199G","V5415","10000",1,0,0,0,0
"S79199K","73382","10000",1,0,0,0,0
"S79199P","73381","10000",1,0,0,0,0
"S79199S","9054","10000",1,0,0,0,0
"S79811A","9596","10000",1,0,0,0,0
"S79811D","V5889","10000",1,0,0,0,0
"S79811S","9089","10000",1,0,0,0,0
"S79812A","9596","10000",1,0,0,0,0
"S79812D","V5889","10000",1,0,0,0,0
"S79812S","9089","10000",1,0,0,0,0
"S79819A","9596","10000",1,0,0,0,0
"S79819D","V5889","10000",1,0,0,0,0
"S79819S","9089","10000",1,0,0,0,0
"S79821A","9596","10000",1,0,0,0,0
"S79821D","V5889","10000",1,0,0,0,0
"S79821S","9089","10000",1,0,0,0,0
"S79822A","9596","10000",1,0,0,0,0
"S79822D","V5889","10000",1,0,0,0,0
"S79822S","9089","10000",1,0,0,0,0
"S79829A","9596","10000",1,0,0,0,0
"S79829D","V5889","10000",1,0,0,0,0
"S79829S","9089","10000",1,0,0,0,0
"S79911A","9596","10000",1,0,0,0,0
"S79911D","V5889","10000",1,0,0,0,0
"S79911S","9089","10000",1,0,0,0,0
"S79912A","9596","10000",1,0,0,0,0
"S79912D","V5889","10000",1,0,0,0,0
"S79912S","9089","10000",1,0,0,0,0
"S79919A","9596","10000",1,0,0,0,0
"S79919D","V5889","10000",1,0,0,0,0
"S79919S","9089","10000",1,0,0,0,0
"S79921A","9596","10000",1,0,0,0,0
"S79921D","V5889","10000",1,0,0,0,0
"S79921S","9089","10000",1,0,0,0,0
"S79922A","9596","10000",1,0,0,0,0
"S79922D","V5889","10000",1,0,0,0,0
"S79922S","9089","10000",1,0,0,0,0
"S79929A","9596","10000",1,0,0,0,0
"S79929D","V5889","10000",1,0,0,0,0
"S79929S","9089","10000",1,0,0,0,0
"S8000XA","92411","10000",1,0,0,0,0
"S8000XD","V5889","10000",1,0,0,0,0
"S8000XS","9063","10000",1,0,0,0,0
"S8001XA","92411","10000",1,0,0,0,0
"S8001XD","V5889","10000",1,0,0,0,0
"S8001XS","9063","10000",1,0,0,0,0
"S8002XA","92411","10000",1,0,0,0,0
"S8002XD","V5889","10000",1,0,0,0,0
"S8002XS","9063","10000",1,0,0,0,0
"S8010XA","92410","10000",1,0,0,0,0
"S8010XD","V5889","10000",1,0,0,0,0
"S8010XS","9063","10000",1,0,0,0,0
"S8011XA","92410","10000",1,0,0,0,0
"S8011XD","V5889","10000",1,0,0,0,0
"S8011XS","9063","10000",1,0,0,0,0
"S8012XA","92410","10000",1,0,0,0,0
"S8012XD","V5889","10000",1,0,0,0,0
"S8012XS","9063","10000",1,0,0,0,0
"S80211A","9160","10000",1,0,0,0,0
"S80211D","V5889","10000",1,0,0,0,0
"S80211S","9062","10000",1,0,0,0,0
"S80212A","9160","10000",1,0,0,0,0
"S80212D","V5889","10000",1,0,0,0,0
"S80212S","9062","10000",1,0,0,0,0
"S80219A","9160","10000",1,0,0,0,0
"S80219D","V5889","10000",1,0,0,0,0
"S80219S","9062","10000",1,0,0,0,0
"S80221A","9162","10000",1,0,0,0,0
"S80221D","V5889","10000",1,0,0,0,0
"S80221S","9062","10000",1,0,0,0,0
"S80222A","9162","10000",1,0,0,0,0
"S80222D","V5889","10000",1,0,0,0,0
"S80222S","9062","10000",1,0,0,0,0
"S80229A","9162","10000",1,0,0,0,0
"S80229D","V5889","10000",1,0,0,0,0
"S80229S","9062","10000",1,0,0,0,0
"S80241A","9168","10000",1,0,0,0,0
"S80241D","V5889","10000",1,0,0,0,0
"S80241S","9062","10000",1,0,0,0,0
"S80242A","9168","10000",1,0,0,0,0
"S80242D","V5889","10000",1,0,0,0,0
"S80242S","9062","10000",1,0,0,0,0
"S80249A","9168","10000",1,0,0,0,0
"S80249D","V5889","10000",1,0,0,0,0
"S80249S","9062","10000",1,0,0,0,0
"S80251A","9166","10000",1,0,0,0,0
"S80251D","V5889","10000",1,0,0,0,0
"S80251S","9062","10000",1,0,0,0,0
"S80252A","9166","10000",1,0,0,0,0
"S80252D","V5889","10000",1,0,0,0,0
"S80252S","9062","10000",1,0,0,0,0
"S80259A","9166","10000",1,0,0,0,0
"S80259D","V5889","10000",1,0,0,0,0
"S80259S","9062","10000",1,0,0,0,0
"S80261A","9164","10000",1,0,0,0,0
"S80261D","V5889","10000",1,0,0,0,0
"S80261S","9062","10000",1,0,0,0,0
"S80262A","9164","10000",1,0,0,0,0
"S80262D","V5889","10000",1,0,0,0,0
"S80262S","9062","10000",1,0,0,0,0
"S80269A","9164","10000",1,0,0,0,0
"S80269D","V5889","10000",1,0,0,0,0
"S80269S","9062","10000",1,0,0,0,0
"S80271A","9168","10000",1,0,0,0,0
"S80271D","V5889","10000",1,0,0,0,0
"S80271S","9062","10000",1,0,0,0,0
"S80272A","9168","10000",1,0,0,0,0
"S80272D","V5889","10000",1,0,0,0,0
"S80272S","9062","10000",1,0,0,0,0
"S80279A","9168","10000",1,0,0,0,0
"S80279D","V5889","10000",1,0,0,0,0
"S80279S","9062","10000",1,0,0,0,0
"S80811A","9160","10000",1,0,0,0,0
"S80811D","V5889","10000",1,0,0,0,0
"S80811S","9062","10000",1,0,0,0,0
"S80812A","9160","10000",1,0,0,0,0
"S80812D","V5889","10000",1,0,0,0,0
"S80812S","9062","10000",1,0,0,0,0
"S80819A","9160","10000",1,0,0,0,0
"S80819D","V5889","10000",1,0,0,0,0
"S80819S","9062","10000",1,0,0,0,0
"S80821A","9162","10000",1,0,0,0,0
"S80821D","V5889","10000",1,0,0,0,0
"S80821S","9062","10000",1,0,0,0,0
"S80822A","9162","10000",1,0,0,0,0
"S80822D","V5889","10000",1,0,0,0,0
"S80822S","9062","10000",1,0,0,0,0
"S80829A","9162","10000",1,0,0,0,0
"S80829D","V5889","10000",1,0,0,0,0
"S80829S","9062","10000",1,0,0,0,0
"S80841A","9168","10000",1,0,0,0,0
"S80841D","V5889","10000",1,0,0,0,0
"S80841S","9062","10000",1,0,0,0,0
"S80842A","9168","10000",1,0,0,0,0
"S80842D","V5889","10000",1,0,0,0,0
"S80842S","9062","10000",1,0,0,0,0
"S80849A","9168","10000",1,0,0,0,0
"S80849D","V5889","10000",1,0,0,0,0
"S80849S","9062","10000",1,0,0,0,0
"S80851A","9166","10000",1,0,0,0,0
"S80851D","V5889","10000",1,0,0,0,0
"S80851S","9062","10000",1,0,0,0,0
"S80852A","9166","10000",1,0,0,0,0
"S80852D","V5889","10000",1,0,0,0,0
"S80852S","9062","10000",1,0,0,0,0
"S80859A","9166","10000",1,0,0,0,0
"S80859D","V5889","10000",1,0,0,0,0
"S80859S","9062","10000",1,0,0,0,0
"S80861A","9164","10000",1,0,0,0,0
"S80861D","V5889","10000",1,0,0,0,0
"S80861S","9062","10000",1,0,0,0,0
"S80862A","9164","10000",1,0,0,0,0
"S80862D","V5889","10000",1,0,0,0,0
"S80862S","9062","10000",1,0,0,0,0
"S80869A","9164","10000",1,0,0,0,0
"S80869D","V5889","10000",1,0,0,0,0
"S80869S","9062","10000",1,0,0,0,0
"S80871A","9168","10000",1,0,0,0,0
"S80871D","V5889","10000",1,0,0,0,0
"S80871S","9062","10000",1,0,0,0,0
"S80872A","9168","10000",1,0,0,0,0
"S80872D","V5889","10000",1,0,0,0,0
"S80872S","9062","10000",1,0,0,0,0
"S80879A","9168","10000",1,0,0,0,0
"S80879D","V5889","10000",1,0,0,0,0
"S80879S","9062","10000",1,0,0,0,0
"S80911A","9168","10000",1,0,0,0,0
"S80911D","V5889","10000",1,0,0,0,0
"S80911S","9062","10000",1,0,0,0,0
"S80912A","9168","10000",1,0,0,0,0
"S80912D","V5889","10000",1,0,0,0,0
"S80912S","9062","10000",1,0,0,0,0
"S80919A","9168","10000",1,0,0,0,0
"S80919D","V5889","10000",1,0,0,0,0
"S80919S","9062","10000",1,0,0,0,0
"S80921A","9168","10000",1,0,0,0,0
"S80921D","V5889","10000",1,0,0,0,0
"S80921S","9062","10000",1,0,0,0,0
"S80922A","9168","10000",1,0,0,0,0
"S80922D","V5889","10000",1,0,0,0,0
"S80922S","9062","10000",1,0,0,0,0
"S80929A","9168","10000",1,0,0,0,0
"S80929D","V5889","10000",1,0,0,0,0
"S80929S","9062","10000",1,0,0,0,0
"S81001A","8910","10000",1,0,0,0,0
"S81001D","V5889","10000",1,0,0,0,0
"S81001S","9061","10000",1,0,0,0,0
"S81002A","8910","10000",1,0,0,0,0
"S81002D","V5889","10000",1,0,0,0,0
"S81002S","9061","10000",1,0,0,0,0
"S81009A","8910","10000",1,0,0,0,0
"S81009D","V5889","10000",1,0,0,0,0
"S81009S","9061","10000",1,0,0,0,0
"S81011A","8910","10000",1,0,0,0,0
"S81011D","V5889","10000",1,0,0,0,0
"S81011S","9061","10000",1,0,0,0,0
"S81012A","8910","10000",1,0,0,0,0
"S81012D","V5889","10000",1,0,0,0,0
"S81012S","9061","10000",1,0,0,0,0
"S81019A","8910","10000",1,0,0,0,0
"S81019D","V5889","10000",1,0,0,0,0
"S81019S","9061","10000",1,0,0,0,0
"S81021A","8911","10000",1,0,0,0,0
"S81021D","V5889","10000",1,0,0,0,0
"S81021S","9061","10000",1,0,0,0,0
"S81022A","8911","10000",1,0,0,0,0
"S81022D","V5889","10000",1,0,0,0,0
"S81022S","9061","10000",1,0,0,0,0
"S81029A","8911","10000",1,0,0,0,0
"S81029D","V5889","10000",1,0,0,0,0
"S81029S","9061","10000",1,0,0,0,0
"S81031A","8910","10000",1,0,0,0,0
"S81031D","V5889","10000",1,0,0,0,0
"S81031S","9061","10000",1,0,0,0,0
"S81032A","8910","10000",1,0,0,0,0
"S81032D","V5889","10000",1,0,0,0,0
"S81032S","9061","10000",1,0,0,0,0
"S81039A","8910","10000",1,0,0,0,0
"S81039D","V5889","10000",1,0,0,0,0
"S81039S","9061","10000",1,0,0,0,0
"S81041A","8911","10000",1,0,0,0,0
"S81041D","V5889","10000",1,0,0,0,0
"S81041S","9061","10000",1,0,0,0,0
"S81042A","8911","10000",1,0,0,0,0
"S81042D","V5889","10000",1,0,0,0,0
"S81042S","9061","10000",1,0,0,0,0
"S81049A","8911","10000",1,0,0,0,0
"S81049D","V5889","10000",1,0,0,0,0
"S81049S","9061","10000",1,0,0,0,0
"S81051A","8910","10000",1,0,0,0,0
"S81051D","V5889","10000",1,0,0,0,0
"S81051S","9061","10000",1,0,0,0,0
"S81052A","8910","10000",1,0,0,0,0
"S81052D","V5889","10000",1,0,0,0,0
"S81052S","9061","10000",1,0,0,0,0
"S81059A","8910","10000",1,0,0,0,0
"S81059D","V5889","10000",1,0,0,0,0
"S81059S","9061","10000",1,0,0,0,0
"S81801A","8910","10000",1,0,0,0,0
"S81801D","V5889","10000",1,0,0,0,0
"S81801S","9061","10000",1,0,0,0,0
"S81802A","8910","10000",1,0,0,0,0
"S81802D","V5889","10000",1,0,0,0,0
"S81802S","9061","10000",1,0,0,0,0
"S81809A","8910","10000",1,0,0,0,0
"S81809D","V5889","10000",1,0,0,0,0
"S81809S","9061","10000",1,0,0,0,0
"S81811A","8910","10000",1,0,0,0,0
"S81811D","V5889","10000",1,0,0,0,0
"S81811S","9061","10000",1,0,0,0,0
"S81812A","8910","10000",1,0,0,0,0
"S81812D","V5889","10000",1,0,0,0,0
"S81812S","9061","10000",1,0,0,0,0
"S81819A","8910","10000",1,0,0,0,0
"S81819D","V5889","10000",1,0,0,0,0
"S81819S","9061","10000",1,0,0,0,0
"S81821A","8911","10000",1,0,0,0,0
"S81821D","V5889","10000",1,0,0,0,0
"S81821S","9061","10000",1,0,0,0,0
"S81822A","8911","10000",1,0,0,0,0
"S81822D","V5889","10000",1,0,0,0,0
"S81822S","9061","10000",1,0,0,0,0
"S81829A","8911","10000",1,0,0,0,0
"S81829D","V5889","10000",1,0,0,0,0
"S81829S","9061","10000",1,0,0,0,0
"S81831A","8910","10000",1,0,0,0,0
"S81831D","V5889","10000",1,0,0,0,0
"S81831S","9061","10000",1,0,0,0,0
"S81832A","8910","10000",1,0,0,0,0
"S81832D","V5889","10000",1,0,0,0,0
"S81832S","9061","10000",1,0,0,0,0
"S81839A","8910","10000",1,0,0,0,0
"S81839D","V5889","10000",1,0,0,0,0
"S81839S","9061","10000",1,0,0,0,0
"S81841A","8911","10000",1,0,0,0,0
"S81841D","V5889","10000",1,0,0,0,0
"S81841S","9061","10000",1,0,0,0,0
"S81842A","8911","10000",1,0,0,0,0
"S81842D","V5889","10000",1,0,0,0,0
"S81842S","9061","10000",1,0,0,0,0
"S81849A","8911","10000",1,0,0,0,0
"S81849D","V5889","10000",1,0,0,0,0
"S81849S","9061","10000",1,0,0,0,0
"S81851A","8910","10000",1,0,0,0,0
"S81851D","V5889","10000",1,0,0,0,0
"S81851S","9061","10000",1,0,0,0,0
"S81852A","8910","10000",1,0,0,0,0
"S81852D","V5889","10000",1,0,0,0,0
"S81852S","9061","10000",1,0,0,0,0
"S81859A","8910","10000",1,0,0,0,0
"S81859D","V5889","10000",1,0,0,0,0
"S81859S","9061","10000",1,0,0,0,0
"S82001A","8220","10000",1,0,0,0,0
"S82001B","8221","10000",1,0,0,0,0
"S82001C","8221","10000",1,0,0,0,0
"S82001D","V5416","10000",1,0,0,0,0
"S82001E","V5416","10000",1,0,0,0,0
"S82001F","V5416","10000",1,0,0,0,0
"S82001G","V5416","10000",1,0,0,0,0
"S82001H","V5416","10000",1,0,0,0,0
"S82001J","V5416","10000",1,0,0,0,0
"S82001K","73382","10000",1,0,0,0,0
"S82001M","73382","10000",1,0,0,0,0
"S82001N","73382","10000",1,0,0,0,0
"S82001P","73381","10000",1,0,0,0,0
"S82001Q","73381","10000",1,0,0,0,0
"S82001R","73381","10000",1,0,0,0,0
"S82001S","9054","10000",1,0,0,0,0
"S82002A","8220","10000",1,0,0,0,0
"S82002B","8221","10000",1,0,0,0,0
"S82002C","8221","10000",1,0,0,0,0
"S82002D","V5416","10000",1,0,0,0,0
"S82002E","V5416","10000",1,0,0,0,0
"S82002F","V5416","10000",1,0,0,0,0
"S82002G","V5416","10000",1,0,0,0,0
"S82002H","V5416","10000",1,0,0,0,0
"S82002J","V5416","10000",1,0,0,0,0
"S82002K","73382","10000",1,0,0,0,0
"S82002M","73382","10000",1,0,0,0,0
"S82002N","73382","10000",1,0,0,0,0
"S82002P","73381","10000",1,0,0,0,0
"S82002Q","73381","10000",1,0,0,0,0
"S82002R","73381","10000",1,0,0,0,0
"S82002S","9054","10000",1,0,0,0,0
"S82009A","8220","10000",1,0,0,0,0
"S82009B","8221","10000",1,0,0,0,0
"S82009C","8221","10000",1,0,0,0,0
"S82009D","V5416","10000",1,0,0,0,0
"S82009E","V5416","10000",1,0,0,0,0
"S82009F","V5416","10000",1,0,0,0,0
"S82009G","V5416","10000",1,0,0,0,0
"S82009H","V5416","10000",1,0,0,0,0
"S82009J","V5416","10000",1,0,0,0,0
"S82009K","73382","10000",1,0,0,0,0
"S82009M","73382","10000",1,0,0,0,0
"S82009N","73382","10000",1,0,0,0,0
"S82009P","73381","10000",1,0,0,0,0
"S82009Q","73381","10000",1,0,0,0,0
"S82009R","73381","10000",1,0,0,0,0
"S82009S","9054","10000",1,0,0,0,0
"S82011A","8220","10000",1,0,0,0,0
"S82011B","8221","10000",1,0,0,0,0
"S82011C","8221","10000",1,0,0,0,0
"S82011D","V5416","10000",1,0,0,0,0
"S82011E","V5416","10000",1,0,0,0,0
"S82011F","V5416","10000",1,0,0,0,0
"S82011G","V5416","10000",1,0,0,0,0
"S82011H","V5416","10000",1,0,0,0,0
"S82011J","V5416","10000",1,0,0,0,0
"S82011K","73382","10000",1,0,0,0,0
"S82011M","73382","10000",1,0,0,0,0
"S82011N","73382","10000",1,0,0,0,0
"S82011P","73381","10000",1,0,0,0,0
"S82011Q","73381","10000",1,0,0,0,0
"S82011R","73381","10000",1,0,0,0,0
"S82011S","9054","10000",1,0,0,0,0
"S82012A","8220","10000",1,0,0,0,0
"S82012B","8221","10000",1,0,0,0,0
"S82012C","8221","10000",1,0,0,0,0
"S82012D","V5416","10000",1,0,0,0,0
"S82012E","V5416","10000",1,0,0,0,0
"S82012F","V5416","10000",1,0,0,0,0
"S82012G","V5416","10000",1,0,0,0,0
"S82012H","V5416","10000",1,0,0,0,0
"S82012J","V5416","10000",1,0,0,0,0
"S82012K","73382","10000",1,0,0,0,0
"S82012M","73382","10000",1,0,0,0,0
"S82012N","73382","10000",1,0,0,0,0
"S82012P","73381","10000",1,0,0,0,0
"S82012Q","73381","10000",1,0,0,0,0
"S82012R","73381","10000",1,0,0,0,0
"S82012S","9054","10000",1,0,0,0,0
"S82013A","8220","10000",1,0,0,0,0
"S82013B","8221","10000",1,0,0,0,0
"S82013C","8221","10000",1,0,0,0,0
"S82013D","V5416","10000",1,0,0,0,0
"S82013E","V5416","10000",1,0,0,0,0
"S82013F","V5416","10000",1,0,0,0,0
"S82013G","V5416","10000",1,0,0,0,0
"S82013H","V5416","10000",1,0,0,0,0
"S82013J","V5416","10000",1,0,0,0,0
"S82013K","73382","10000",1,0,0,0,0
"S82013M","73382","10000",1,0,0,0,0
"S82013N","73382","10000",1,0,0,0,0
"S82013P","73381","10000",1,0,0,0,0
"S82013Q","73381","10000",1,0,0,0,0
"S82013R","73381","10000",1,0,0,0,0
"S82013S","9054","10000",1,0,0,0,0
"S82014A","8220","10000",1,0,0,0,0
"S82014B","8221","10000",1,0,0,0,0
"S82014C","8221","10000",1,0,0,0,0
"S82014D","V5416","10000",1,0,0,0,0
"S82014E","V5416","10000",1,0,0,0,0
"S82014F","V5416","10000",1,0,0,0,0
"S82014G","V5416","10000",1,0,0,0,0
"S82014H","V5416","10000",1,0,0,0,0
"S82014J","V5416","10000",1,0,0,0,0
"S82014K","73382","10000",1,0,0,0,0
"S82014M","73382","10000",1,0,0,0,0
"S82014N","73382","10000",1,0,0,0,0
"S82014P","73381","10000",1,0,0,0,0
"S82014Q","73381","10000",1,0,0,0,0
"S82014R","73381","10000",1,0,0,0,0
"S82014S","9054","10000",1,0,0,0,0
"S82015A","8220","10000",1,0,0,0,0
"S82015B","8221","10000",1,0,0,0,0
"S82015C","8221","10000",1,0,0,0,0
"S82015D","V5416","10000",1,0,0,0,0
"S82015E","V5416","10000",1,0,0,0,0
"S82015F","V5416","10000",1,0,0,0,0
"S82015G","V5416","10000",1,0,0,0,0
"S82015H","V5416","10000",1,0,0,0,0
"S82015J","V5416","10000",1,0,0,0,0
"S82015K","73382","10000",1,0,0,0,0
"S82015M","73382","10000",1,0,0,0,0
"S82015N","73382","10000",1,0,0,0,0
"S82015P","73381","10000",1,0,0,0,0
"S82015Q","73381","10000",1,0,0,0,0
"S82015R","73381","10000",1,0,0,0,0
"S82015S","9054","10000",1,0,0,0,0
"S82016A","8220","10000",1,0,0,0,0
"S82016B","8221","10000",1,0,0,0,0
"S82016C","8221","10000",1,0,0,0,0
"S82016D","V5416","10000",1,0,0,0,0
"S82016E","V5416","10000",1,0,0,0,0
"S82016F","V5416","10000",1,0,0,0,0
"S82016G","V5416","10000",1,0,0,0,0
"S82016H","V5416","10000",1,0,0,0,0
"S82016J","V5416","10000",1,0,0,0,0
"S82016K","73382","10000",1,0,0,0,0
"S82016M","73382","10000",1,0,0,0,0
"S82016N","73382","10000",1,0,0,0,0
"S82016P","73381","10000",1,0,0,0,0
"S82016Q","73381","10000",1,0,0,0,0
"S82016R","73381","10000",1,0,0,0,0
"S82016S","9054","10000",1,0,0,0,0
"S82021A","8220","10000",1,0,0,0,0
"S82021B","8221","10000",1,0,0,0,0
"S82021C","8221","10000",1,0,0,0,0
"S82021D","V5416","10000",1,0,0,0,0
"S82021E","V5416","10000",1,0,0,0,0
"S82021F","V5416","10000",1,0,0,0,0
"S82021G","V5416","10000",1,0,0,0,0
"S82021H","V5416","10000",1,0,0,0,0
"S82021J","V5416","10000",1,0,0,0,0
"S82021K","73382","10000",1,0,0,0,0
"S82021M","73382","10000",1,0,0,0,0
"S82021N","73382","10000",1,0,0,0,0
"S82021P","73381","10000",1,0,0,0,0
"S82021Q","73381","10000",1,0,0,0,0
"S82021R","73381","10000",1,0,0,0,0
"S82021S","9054","10000",1,0,0,0,0
"S82022A","8220","10000",1,0,0,0,0
"S82022B","8221","10000",1,0,0,0,0
"S82022C","8221","10000",1,0,0,0,0
"S82022D","V5416","10000",1,0,0,0,0
"S82022E","V5416","10000",1,0,0,0,0
"S82022F","V5416","10000",1,0,0,0,0
"S82022G","V5416","10000",1,0,0,0,0
"S82022H","V5416","10000",1,0,0,0,0
"S82022J","V5416","10000",1,0,0,0,0
"S82022K","73382","10000",1,0,0,0,0
"S82022M","73382","10000",1,0,0,0,0
"S82022N","73382","10000",1,0,0,0,0
"S82022P","73381","10000",1,0,0,0,0
"S82022Q","73381","10000",1,0,0,0,0
"S82022R","73381","10000",1,0,0,0,0
"S82022S","9054","10000",1,0,0,0,0
"S82023A","8220","10000",1,0,0,0,0
"S82023B","8221","10000",1,0,0,0,0
"S82023C","8221","10000",1,0,0,0,0
"S82023D","V5416","10000",1,0,0,0,0
"S82023E","V5416","10000",1,0,0,0,0
"S82023F","V5416","10000",1,0,0,0,0
"S82023G","V5416","10000",1,0,0,0,0
"S82023H","V5416","10000",1,0,0,0,0
"S82023J","V5416","10000",1,0,0,0,0
"S82023K","73382","10000",1,0,0,0,0
"S82023M","73382","10000",1,0,0,0,0
"S82023N","73382","10000",1,0,0,0,0
"S82023P","73381","10000",1,0,0,0,0
"S82023Q","73381","10000",1,0,0,0,0
"S82023R","73381","10000",1,0,0,0,0
"S82023S","9054","10000",1,0,0,0,0
"S82024A","8220","10000",1,0,0,0,0
"S82024B","8221","10000",1,0,0,0,0
"S82024C","8221","10000",1,0,0,0,0
"S82024D","V5416","10000",1,0,0,0,0
"S82024E","V5416","10000",1,0,0,0,0
"S82024F","V5416","10000",1,0,0,0,0
"S82024G","V5416","10000",1,0,0,0,0
"S82024H","V5416","10000",1,0,0,0,0
"S82024J","V5416","10000",1,0,0,0,0
"S82024K","73382","10000",1,0,0,0,0
"S82024M","73382","10000",1,0,0,0,0
"S82024N","73382","10000",1,0,0,0,0
"S82024P","73381","10000",1,0,0,0,0
"S82024Q","73381","10000",1,0,0,0,0
"S82024R","73381","10000",1,0,0,0,0
"S82024S","9054","10000",1,0,0,0,0
"S82025A","8220","10000",1,0,0,0,0
"S82025B","8221","10000",1,0,0,0,0
"S82025C","8221","10000",1,0,0,0,0
"S82025D","V5416","10000",1,0,0,0,0
"S82025E","V5416","10000",1,0,0,0,0
"S82025F","V5416","10000",1,0,0,0,0
"S82025G","V5416","10000",1,0,0,0,0
"S82025H","V5416","10000",1,0,0,0,0
"S82025J","V5416","10000",1,0,0,0,0
"S82025K","73382","10000",1,0,0,0,0
"S82025M","73382","10000",1,0,0,0,0
"S82025N","73382","10000",1,0,0,0,0
"S82025P","73381","10000",1,0,0,0,0
"S82025Q","73381","10000",1,0,0,0,0
"S82025R","73381","10000",1,0,0,0,0
"S82025S","9054","10000",1,0,0,0,0
"S82026A","8220","10000",1,0,0,0,0
"S82026B","8221","10000",1,0,0,0,0
"S82026C","8221","10000",1,0,0,0,0
"S82026D","V5416","10000",1,0,0,0,0
"S82026E","V5416","10000",1,0,0,0,0
"S82026F","V5416","10000",1,0,0,0,0
"S82026G","V5416","10000",1,0,0,0,0
"S82026H","V5416","10000",1,0,0,0,0
"S82026J","V5416","10000",1,0,0,0,0
"S82026K","73382","10000",1,0,0,0,0
"S82026M","73382","10000",1,0,0,0,0
"S82026N","73382","10000",1,0,0,0,0
"S82026P","73381","10000",1,0,0,0,0
"S82026Q","73381","10000",1,0,0,0,0
"S82026R","73381","10000",1,0,0,0,0
"S82026S","9054","10000",1,0,0,0,0
"S82031A","8220","10000",1,0,0,0,0
"S82031B","8221","10000",1,0,0,0,0
"S82031C","8221","10000",1,0,0,0,0
"S82031D","V5416","10000",1,0,0,0,0
"S82031E","V5416","10000",1,0,0,0,0
"S82031F","V5416","10000",1,0,0,0,0
"S82031G","V5416","10000",1,0,0,0,0
"S82031H","V5416","10000",1,0,0,0,0
"S82031J","V5416","10000",1,0,0,0,0
"S82031K","73382","10000",1,0,0,0,0
"S82031M","73382","10000",1,0,0,0,0
"S82031N","73382","10000",1,0,0,0,0
"S82031P","73381","10000",1,0,0,0,0
"S82031Q","73381","10000",1,0,0,0,0
"S82031R","73381","10000",1,0,0,0,0
"S82031S","9054","10000",1,0,0,0,0
"S82032A","8220","10000",1,0,0,0,0
"S82032B","8221","10000",1,0,0,0,0
"S82032C","8221","10000",1,0,0,0,0
"S82032D","V5416","10000",1,0,0,0,0
"S82032E","V5416","10000",1,0,0,0,0
"S82032F","V5416","10000",1,0,0,0,0
"S82032G","V5416","10000",1,0,0,0,0
"S82032H","V5416","10000",1,0,0,0,0
"S82032J","V5416","10000",1,0,0,0,0
"S82032K","73382","10000",1,0,0,0,0
"S82032M","73382","10000",1,0,0,0,0
"S82032N","73382","10000",1,0,0,0,0
"S82032P","73381","10000",1,0,0,0,0
"S82032Q","73381","10000",1,0,0,0,0
"S82032R","73381","10000",1,0,0,0,0
"S82032S","9054","10000",1,0,0,0,0
"S82033A","8220","10000",1,0,0,0,0
"S82033B","8221","10000",1,0,0,0,0
"S82033C","8221","10000",1,0,0,0,0
"S82033D","V5416","10000",1,0,0,0,0
"S82033E","V5416","10000",1,0,0,0,0
"S82033F","V5416","10000",1,0,0,0,0
"S82033G","V5416","10000",1,0,0,0,0
"S82033H","V5416","10000",1,0,0,0,0
"S82033J","V5416","10000",1,0,0,0,0
"S82033K","73382","10000",1,0,0,0,0
"S82033M","73382","10000",1,0,0,0,0
"S82033N","73382","10000",1,0,0,0,0
"S82033P","73381","10000",1,0,0,0,0
"S82033Q","73381","10000",1,0,0,0,0
"S82033R","73381","10000",1,0,0,0,0
"S82033S","9054","10000",1,0,0,0,0
"S82034A","8220","10000",1,0,0,0,0
"S82034B","8221","10000",1,0,0,0,0
"S82034C","8221","10000",1,0,0,0,0
"S82034D","V5416","10000",1,0,0,0,0
"S82034E","V5416","10000",1,0,0,0,0
"S82034F","V5416","10000",1,0,0,0,0
"S82034G","V5416","10000",1,0,0,0,0
"S82034H","V5416","10000",1,0,0,0,0
"S82034J","V5416","10000",1,0,0,0,0
"S82034K","73382","10000",1,0,0,0,0
"S82034M","73382","10000",1,0,0,0,0
"S82034N","73382","10000",1,0,0,0,0
"S82034P","73381","10000",1,0,0,0,0
"S82034Q","73381","10000",1,0,0,0,0
"S82034R","73381","10000",1,0,0,0,0
"S82034S","9054","10000",1,0,0,0,0
"S82035A","8220","10000",1,0,0,0,0
"S82035B","8221","10000",1,0,0,0,0
"S82035C","8221","10000",1,0,0,0,0
"S82035D","V5416","10000",1,0,0,0,0
"S82035E","V5416","10000",1,0,0,0,0
"S82035F","V5416","10000",1,0,0,0,0
"S82035G","V5416","10000",1,0,0,0,0
"S82035H","V5416","10000",1,0,0,0,0
"S82035J","V5416","10000",1,0,0,0,0
"S82035K","73382","10000",1,0,0,0,0
"S82035M","73382","10000",1,0,0,0,0
"S82035N","73382","10000",1,0,0,0,0
"S82035P","73381","10000",1,0,0,0,0
"S82035Q","73381","10000",1,0,0,0,0
"S82035R","73381","10000",1,0,0,0,0
"S82035S","9054","10000",1,0,0,0,0
"S82036A","8220","10000",1,0,0,0,0
"S82036B","8221","10000",1,0,0,0,0
"S82036C","8221","10000",1,0,0,0,0
"S82036D","V5416","10000",1,0,0,0,0
"S82036E","V5416","10000",1,0,0,0,0
"S82036F","V5416","10000",1,0,0,0,0
"S82036G","V5416","10000",1,0,0,0,0
"S82036H","V5416","10000",1,0,0,0,0
"S82036J","V5416","10000",1,0,0,0,0
"S82036K","73382","10000",1,0,0,0,0
"S82036M","73382","10000",1,0,0,0,0
"S82036N","73382","10000",1,0,0,0,0
"S82036P","73381","10000",1,0,0,0,0
"S82036Q","73381","10000",1,0,0,0,0
"S82036R","73381","10000",1,0,0,0,0
"S82036S","9054","10000",1,0,0,0,0
"S82041A","8220","10000",1,0,0,0,0
"S82041B","8221","10000",1,0,0,0,0
"S82041C","8221","10000",1,0,0,0,0
"S82041D","V5416","10000",1,0,0,0,0
"S82041E","V5416","10000",1,0,0,0,0
"S82041F","V5416","10000",1,0,0,0,0
"S82041G","V5416","10000",1,0,0,0,0
"S82041H","V5416","10000",1,0,0,0,0
"S82041J","V5416","10000",1,0,0,0,0
"S82041K","73382","10000",1,0,0,0,0
"S82041M","73382","10000",1,0,0,0,0
"S82041N","73382","10000",1,0,0,0,0
"S82041P","73381","10000",1,0,0,0,0
"S82041Q","73381","10000",1,0,0,0,0
"S82041R","73381","10000",1,0,0,0,0
"S82041S","9054","10000",1,0,0,0,0
"S82042A","8220","10000",1,0,0,0,0
"S82042B","8221","10000",1,0,0,0,0
"S82042C","8221","10000",1,0,0,0,0
"S82042D","V5416","10000",1,0,0,0,0
"S82042E","V5416","10000",1,0,0,0,0
"S82042F","V5416","10000",1,0,0,0,0
"S82042G","V5416","10000",1,0,0,0,0
"S82042H","V5416","10000",1,0,0,0,0
"S82042J","V5416","10000",1,0,0,0,0
"S82042K","73382","10000",1,0,0,0,0
"S82042M","73382","10000",1,0,0,0,0
"S82042N","73382","10000",1,0,0,0,0
"S82042P","73381","10000",1,0,0,0,0
"S82042Q","73381","10000",1,0,0,0,0
"S82042R","73381","10000",1,0,0,0,0
"S82042S","9054","10000",1,0,0,0,0
"S82043A","8220","10000",1,0,0,0,0
"S82043B","8221","10000",1,0,0,0,0
"S82043C","8221","10000",1,0,0,0,0
"S82043D","V5416","10000",1,0,0,0,0
"S82043E","V5416","10000",1,0,0,0,0
"S82043F","V5416","10000",1,0,0,0,0
"S82043G","V5416","10000",1,0,0,0,0
"S82043H","V5416","10000",1,0,0,0,0
"S82043J","V5416","10000",1,0,0,0,0
"S82043K","73382","10000",1,0,0,0,0
"S82043M","73382","10000",1,0,0,0,0
"S82043N","73382","10000",1,0,0,0,0
"S82043P","73381","10000",1,0,0,0,0
"S82043Q","73381","10000",1,0,0,0,0
"S82043R","73381","10000",1,0,0,0,0
"S82043S","9054","10000",1,0,0,0,0
"S82044A","8220","10000",1,0,0,0,0
"S82044B","8221","10000",1,0,0,0,0
"S82044C","8221","10000",1,0,0,0,0
"S82044D","V5416","10000",1,0,0,0,0
"S82044E","V5416","10000",1,0,0,0,0
"S82044F","V5416","10000",1,0,0,0,0
"S82044G","V5416","10000",1,0,0,0,0
"S82044H","V5416","10000",1,0,0,0,0
"S82044J","V5416","10000",1,0,0,0,0
"S82044K","73382","10000",1,0,0,0,0
"S82044M","73382","10000",1,0,0,0,0
"S82044N","73382","10000",1,0,0,0,0
"S82044P","73381","10000",1,0,0,0,0
"S82044Q","73381","10000",1,0,0,0,0
"S82044R","73381","10000",1,0,0,0,0
"S82044S","9054","10000",1,0,0,0,0
"S82045A","8220","10000",1,0,0,0,0
"S82045B","8221","10000",1,0,0,0,0
"S82045C","8221","10000",1,0,0,0,0
"S82045D","V5416","10000",1,0,0,0,0
"S82045E","V5416","10000",1,0,0,0,0
"S82045F","V5416","10000",1,0,0,0,0
"S82045G","V5416","10000",1,0,0,0,0
"S82045H","V5416","10000",1,0,0,0,0
"S82045J","V5416","10000",1,0,0,0,0
"S82045K","73382","10000",1,0,0,0,0
"S82045M","73382","10000",1,0,0,0,0
"S82045N","73382","10000",1,0,0,0,0
"S82045P","73381","10000",1,0,0,0,0
"S82045Q","73381","10000",1,0,0,0,0
"S82045R","73381","10000",1,0,0,0,0
"S82045S","9054","10000",1,0,0,0,0
"S82046A","8220","10000",1,0,0,0,0
"S82046B","8221","10000",1,0,0,0,0
"S82046C","8221","10000",1,0,0,0,0
"S82046D","V5416","10000",1,0,0,0,0
"S82046E","V5416","10000",1,0,0,0,0
"S82046F","V5416","10000",1,0,0,0,0
"S82046G","V5416","10000",1,0,0,0,0
"S82046H","V5416","10000",1,0,0,0,0
"S82046J","V5416","10000",1,0,0,0,0
"S82046K","73382","10000",1,0,0,0,0
"S82046M","73382","10000",1,0,0,0,0
"S82046N","73382","10000",1,0,0,0,0
"S82046P","73381","10000",1,0,0,0,0
"S82046Q","73381","10000",1,0,0,0,0
"S82046R","73381","10000",1,0,0,0,0
"S82046S","9054","10000",1,0,0,0,0
"S82091A","8220","10000",1,0,0,0,0
"S82091B","8221","10000",1,0,0,0,0
"S82091C","8221","10000",1,0,0,0,0
"S82091D","V5416","10000",1,0,0,0,0
"S82091E","V5416","10000",1,0,0,0,0
"S82091F","V5416","10000",1,0,0,0,0
"S82091G","V5416","10000",1,0,0,0,0
"S82091H","V5416","10000",1,0,0,0,0
"S82091J","V5416","10000",1,0,0,0,0
"S82091K","73382","10000",1,0,0,0,0
"S82091M","73382","10000",1,0,0,0,0
"S82091N","73382","10000",1,0,0,0,0
"S82091P","73381","10000",1,0,0,0,0
"S82091Q","73381","10000",1,0,0,0,0
"S82091R","73381","10000",1,0,0,0,0
"S82091S","9054","10000",1,0,0,0,0
"S82092A","8220","10000",1,0,0,0,0
"S82092B","8221","10000",1,0,0,0,0
"S82092C","8221","10000",1,0,0,0,0
"S82092D","V5416","10000",1,0,0,0,0
"S82092E","V5416","10000",1,0,0,0,0
"S82092F","V5416","10000",1,0,0,0,0
"S82092G","V5416","10000",1,0,0,0,0
"S82092H","V5416","10000",1,0,0,0,0
"S82092J","V5416","10000",1,0,0,0,0
"S82092K","73382","10000",1,0,0,0,0
"S82092M","73382","10000",1,0,0,0,0
"S82092N","73382","10000",1,0,0,0,0
"S82092P","73381","10000",1,0,0,0,0
"S82092Q","73381","10000",1,0,0,0,0
"S82092R","73381","10000",1,0,0,0,0
"S82092S","9054","10000",1,0,0,0,0
"S82099A","8220","10000",1,0,0,0,0
"S82099B","8221","10000",1,0,0,0,0
"S82099C","8221","10000",1,0,0,0,0
"S82099D","V5416","10000",1,0,0,0,0
"S82099E","V5416","10000",1,0,0,0,0
"S82099F","V5416","10000",1,0,0,0,0
"S82099G","V5416","10000",1,0,0,0,0
"S82099H","V5416","10000",1,0,0,0,0
"S82099J","V5416","10000",1,0,0,0,0
"S82099K","73382","10000",1,0,0,0,0
"S82099M","73382","10000",1,0,0,0,0
"S82099N","73382","10000",1,0,0,0,0
"S82099P","73381","10000",1,0,0,0,0
"S82099Q","73381","10000",1,0,0,0,0
"S82099R","73381","10000",1,0,0,0,0
"S82099S","9054","10000",1,0,0,0,0
"S82101A","82300","10000",1,0,0,0,0
"S82101B","82310","10000",1,0,0,0,0
"S82101C","82310","10000",1,0,0,0,0
"S82101D","V5416","10000",1,0,0,0,0
"S82101E","V5416","10000",1,0,0,0,0
"S82101F","V5416","10000",1,0,0,0,0
"S82101G","V5416","10000",1,0,0,0,0
"S82101H","V5416","10000",1,0,0,0,0
"S82101J","V5416","10000",1,0,0,0,0
"S82101K","73382","10000",1,0,0,0,0
"S82101M","73382","10000",1,0,0,0,0
"S82101N","73382","10000",1,0,0,0,0
"S82101P","73381","10000",1,0,0,0,0
"S82101Q","73381","10000",1,0,0,0,0
"S82101R","73381","10000",1,0,0,0,0
"S82101S","9054","10000",1,0,0,0,0
"S82102A","82300","10000",1,0,0,0,0
"S82102B","82310","10000",1,0,0,0,0
"S82102C","82310","10000",1,0,0,0,0
"S82102D","V5416","10000",1,0,0,0,0
"S82102E","V5416","10000",1,0,0,0,0
"S82102F","V5416","10000",1,0,0,0,0
"S82102G","V5416","10000",1,0,0,0,0
"S82102H","V5416","10000",1,0,0,0,0
"S82102J","V5416","10000",1,0,0,0,0
"S82102K","73382","10000",1,0,0,0,0
"S82102M","73382","10000",1,0,0,0,0
"S82102N","73382","10000",1,0,0,0,0
"S82102P","73381","10000",1,0,0,0,0
"S82102Q","73381","10000",1,0,0,0,0
"S82102R","73381","10000",1,0,0,0,0
"S82102S","9054","10000",1,0,0,0,0
"S82109A","82300","10000",1,0,0,0,0
"S82109B","82310","10000",1,0,0,0,0
"S82109C","82310","10000",1,0,0,0,0
"S82109D","V5416","10000",1,0,0,0,0
"S82109E","V5416","10000",1,0,0,0,0
"S82109F","V5416","10000",1,0,0,0,0
"S82109G","V5416","10000",1,0,0,0,0
"S82109H","V5416","10000",1,0,0,0,0
"S82109J","V5416","10000",1,0,0,0,0
"S82109K","73382","10000",1,0,0,0,0
"S82109M","73382","10000",1,0,0,0,0
"S82109N","73382","10000",1,0,0,0,0
"S82109P","73381","10000",1,0,0,0,0
"S82109Q","73381","10000",1,0,0,0,0
"S82109R","73381","10000",1,0,0,0,0
"S82109S","9054","10000",1,0,0,0,0
"S82111A","82300","10000",1,0,0,0,0
"S82111B","82310","10000",1,0,0,0,0
"S82111C","82310","10000",1,0,0,0,0
"S82111D","V5416","10000",1,0,0,0,0
"S82111E","V5416","10000",1,0,0,0,0
"S82111F","V5416","10000",1,0,0,0,0
"S82111G","V5416","10000",1,0,0,0,0
"S82111H","V5416","10000",1,0,0,0,0
"S82111J","V5416","10000",1,0,0,0,0
"S82111K","73382","10000",1,0,0,0,0
"S82111M","73382","10000",1,0,0,0,0
"S82111N","73382","10000",1,0,0,0,0
"S82111P","73381","10000",1,0,0,0,0
"S82111Q","73381","10000",1,0,0,0,0
"S82111R","73381","10000",1,0,0,0,0
"S82111S","9054","10000",1,0,0,0,0
"S82112A","82300","10000",1,0,0,0,0
"S82112B","82310","10000",1,0,0,0,0
"S82112C","82310","10000",1,0,0,0,0
"S82112D","V5416","10000",1,0,0,0,0
"S82112E","V5416","10000",1,0,0,0,0
"S82112F","V5416","10000",1,0,0,0,0
"S82112G","V5416","10000",1,0,0,0,0
"S82112H","V5416","10000",1,0,0,0,0
"S82112J","V5416","10000",1,0,0,0,0
"S82112K","73382","10000",1,0,0,0,0
"S82112M","73382","10000",1,0,0,0,0
"S82112N","73382","10000",1,0,0,0,0
"S82112P","73381","10000",1,0,0,0,0
"S82112Q","73381","10000",1,0,0,0,0
"S82112R","73381","10000",1,0,0,0,0
"S82112S","9054","10000",1,0,0,0,0
"S82113A","82300","10000",1,0,0,0,0
"S82113B","82310","10000",1,0,0,0,0
"S82113C","82310","10000",1,0,0,0,0
"S82113D","V5416","10000",1,0,0,0,0
"S82113E","V5416","10000",1,0,0,0,0
"S82113F","V5416","10000",1,0,0,0,0
"S82113G","V5416","10000",1,0,0,0,0
"S82113H","V5416","10000",1,0,0,0,0
"S82113J","V5416","10000",1,0,0,0,0
"S82113K","73382","10000",1,0,0,0,0
"S82113M","73382","10000",1,0,0,0,0
"S82113N","73382","10000",1,0,0,0,0
"S82113P","73381","10000",1,0,0,0,0
"S82113Q","73381","10000",1,0,0,0,0
"S82113R","73381","10000",1,0,0,0,0
"S82113S","9054","10000",1,0,0,0,0
"S82114A","82300","10000",1,0,0,0,0
"S82114B","82310","10000",1,0,0,0,0
"S82114C","82310","10000",1,0,0,0,0
"S82114D","V5416","10000",1,0,0,0,0
"S82114E","V5416","10000",1,0,0,0,0
"S82114F","V5416","10000",1,0,0,0,0
"S82114G","V5416","10000",1,0,0,0,0
"S82114H","V5416","10000",1,0,0,0,0
"S82114J","V5416","10000",1,0,0,0,0
"S82114K","73382","10000",1,0,0,0,0
"S82114M","73382","10000",1,0,0,0,0
"S82114N","73382","10000",1,0,0,0,0
"S82114P","73381","10000",1,0,0,0,0
"S82114Q","73381","10000",1,0,0,0,0
"S82114R","73381","10000",1,0,0,0,0
"S82114S","9054","10000",1,0,0,0,0
"S82115A","82300","10000",1,0,0,0,0
"S82115B","82310","10000",1,0,0,0,0
"S82115C","82310","10000",1,0,0,0,0
"S82115D","V5416","10000",1,0,0,0,0
"S82115E","V5416","10000",1,0,0,0,0
"S82115F","V5416","10000",1,0,0,0,0
"S82115G","V5416","10000",1,0,0,0,0
"S82115H","V5416","10000",1,0,0,0,0
"S82115J","V5416","10000",1,0,0,0,0
"S82115K","73382","10000",1,0,0,0,0
"S82115M","73382","10000",1,0,0,0,0
"S82115N","73382","10000",1,0,0,0,0
"S82115P","73381","10000",1,0,0,0,0
"S82115Q","73381","10000",1,0,0,0,0
"S82115R","73381","10000",1,0,0,0,0
"S82115S","9054","10000",1,0,0,0,0
"S82116A","82300","10000",1,0,0,0,0
"S82116B","82310","10000",1,0,0,0,0
"S82116C","82310","10000",1,0,0,0,0
"S82116D","V5416","10000",1,0,0,0,0
"S82116E","V5416","10000",1,0,0,0,0
"S82116F","V5416","10000",1,0,0,0,0
"S82116G","V5416","10000",1,0,0,0,0
"S82116H","V5416","10000",1,0,0,0,0
"S82116J","V5416","10000",1,0,0,0,0
"S82116K","73382","10000",1,0,0,0,0
"S82116M","73382","10000",1,0,0,0,0
"S82116N","73382","10000",1,0,0,0,0
"S82116P","73381","10000",1,0,0,0,0
"S82116Q","73381","10000",1,0,0,0,0
"S82116R","73381","10000",1,0,0,0,0
"S82116S","9054","10000",1,0,0,0,0
"S82121A","82300","10000",1,0,0,0,0
"S82121B","82310","10000",1,0,0,0,0
"S82121C","82310","10000",1,0,0,0,0
"S82121D","V5416","10000",1,0,0,0,0
"S82121E","V5416","10000",1,0,0,0,0
"S82121F","V5416","10000",1,0,0,0,0
"S82121G","V5416","10000",1,0,0,0,0
"S82121H","V5416","10000",1,0,0,0,0
"S82121J","V5416","10000",1,0,0,0,0
"S82121K","73382","10000",1,0,0,0,0
"S82121M","73382","10000",1,0,0,0,0
"S82121N","73382","10000",1,0,0,0,0
"S82121P","73381","10000",1,0,0,0,0
"S82121Q","73381","10000",1,0,0,0,0
"S82121R","73381","10000",1,0,0,0,0
"S82121S","9054","10000",1,0,0,0,0
"S82122A","82300","10000",1,0,0,0,0
"S82122B","82310","10000",1,0,0,0,0
"S82122C","82310","10000",1,0,0,0,0
"S82122D","V5416","10000",1,0,0,0,0
"S82122E","V5416","10000",1,0,0,0,0
"S82122F","V5416","10000",1,0,0,0,0
"S82122G","V5416","10000",1,0,0,0,0
"S82122H","V5416","10000",1,0,0,0,0
"S82122J","V5416","10000",1,0,0,0,0
"S82122K","73382","10000",1,0,0,0,0
"S82122M","73382","10000",1,0,0,0,0
"S82122N","73382","10000",1,0,0,0,0
"S82122P","73381","10000",1,0,0,0,0
"S82122Q","73381","10000",1,0,0,0,0
"S82122R","73381","10000",1,0,0,0,0
"S82122S","9054","10000",1,0,0,0,0
"S82123A","82300","10000",1,0,0,0,0
"S82123B","82310","10000",1,0,0,0,0
"S82123C","82310","10000",1,0,0,0,0
"S82123D","V5416","10000",1,0,0,0,0
"S82123E","V5416","10000",1,0,0,0,0
"S82123F","V5416","10000",1,0,0,0,0
"S82123G","V5416","10000",1,0,0,0,0
"S82123H","V5416","10000",1,0,0,0,0
"S82123J","V5416","10000",1,0,0,0,0
"S82123K","73382","10000",1,0,0,0,0
"S82123M","73382","10000",1,0,0,0,0
"S82123N","73382","10000",1,0,0,0,0
"S82123P","73381","10000",1,0,0,0,0
"S82123Q","73381","10000",1,0,0,0,0
"S82123R","73381","10000",1,0,0,0,0
"S82123S","9054","10000",1,0,0,0,0
"S82124A","82300","10000",1,0,0,0,0
"S82124B","82310","10000",1,0,0,0,0
"S82124C","82310","10000",1,0,0,0,0
"S82124D","V5416","10000",1,0,0,0,0
"S82124E","V5416","10000",1,0,0,0,0
"S82124F","V5416","10000",1,0,0,0,0
"S82124G","V5416","10000",1,0,0,0,0
"S82124H","V5416","10000",1,0,0,0,0
"S82124J","V5416","10000",1,0,0,0,0
"S82124K","73382","10000",1,0,0,0,0
"S82124M","73382","10000",1,0,0,0,0
"S82124N","73382","10000",1,0,0,0,0
"S82124P","73381","10000",1,0,0,0,0
"S82124Q","73381","10000",1,0,0,0,0
"S82124R","73381","10000",1,0,0,0,0
"S82124S","9054","10000",1,0,0,0,0
"S82125A","82300","10000",1,0,0,0,0
"S82125B","82310","10000",1,0,0,0,0
"S82125C","82310","10000",1,0,0,0,0
"S82125D","V5416","10000",1,0,0,0,0
"S82125E","V5416","10000",1,0,0,0,0
"S82125F","V5416","10000",1,0,0,0,0
"S82125G","V5416","10000",1,0,0,0,0
"S82125H","V5416","10000",1,0,0,0,0
"S82125J","V5416","10000",1,0,0,0,0
"S82125K","73382","10000",1,0,0,0,0
"S82125M","73382","10000",1,0,0,0,0
"S82125N","73382","10000",1,0,0,0,0
"S82125P","73381","10000",1,0,0,0,0
"S82125Q","73381","10000",1,0,0,0,0
"S82125R","73381","10000",1,0,0,0,0
"S82125S","9054","10000",1,0,0,0,0
"S82126A","82300","10000",1,0,0,0,0
"S82126B","82310","10000",1,0,0,0,0
"S82126C","82310","10000",1,0,0,0,0
"S82126D","V5416","10000",1,0,0,0,0
"S82126E","V5416","10000",1,0,0,0,0
"S82126F","V5416","10000",1,0,0,0,0
"S82126G","V5416","10000",1,0,0,0,0
"S82126H","V5416","10000",1,0,0,0,0
"S82126J","V5416","10000",1,0,0,0,0
"S82126K","73382","10000",1,0,0,0,0
"S82126M","73382","10000",1,0,0,0,0
"S82126N","73382","10000",1,0,0,0,0
"S82126P","73381","10000",1,0,0,0,0
"S82126Q","73381","10000",1,0,0,0,0
"S82126R","73381","10000",1,0,0,0,0
"S82126S","9054","10000",1,0,0,0,0
"S82131A","82300","10000",1,0,0,0,0
"S82131B","82310","10000",1,0,0,0,0
"S82131C","82310","10000",1,0,0,0,0
"S82131D","V5416","10000",1,0,0,0,0
"S82131E","V5416","10000",1,0,0,0,0
"S82131F","V5416","10000",1,0,0,0,0
"S82131G","V5416","10000",1,0,0,0,0
"S82131H","V5416","10000",1,0,0,0,0
"S82131J","V5416","10000",1,0,0,0,0
"S82131K","73382","10000",1,0,0,0,0
"S82131M","73382","10000",1,0,0,0,0
"S82131N","73382","10000",1,0,0,0,0
"S82131P","73381","10000",1,0,0,0,0
"S82131Q","73381","10000",1,0,0,0,0
"S82131R","73381","10000",1,0,0,0,0
"S82131S","9054","10000",1,0,0,0,0
"S82132A","82300","10000",1,0,0,0,0
"S82132B","82310","10000",1,0,0,0,0
"S82132C","82310","10000",1,0,0,0,0
"S82132D","V5416","10000",1,0,0,0,0
"S82132E","V5416","10000",1,0,0,0,0
"S82132F","V5416","10000",1,0,0,0,0
"S82132G","V5416","10000",1,0,0,0,0
"S82132H","V5416","10000",1,0,0,0,0
"S82132J","V5416","10000",1,0,0,0,0
"S82132K","73382","10000",1,0,0,0,0
"S82132M","73382","10000",1,0,0,0,0
"S82132N","73382","10000",1,0,0,0,0
"S82132P","73381","10000",1,0,0,0,0
"S82132Q","73381","10000",1,0,0,0,0
"S82132R","73381","10000",1,0,0,0,0
"S82132S","9054","10000",1,0,0,0,0
"S82133A","82300","10000",1,0,0,0,0
"S82133B","82310","10000",1,0,0,0,0
"S82133C","82310","10000",1,0,0,0,0
"S82133D","V5416","10000",1,0,0,0,0
"S82133E","V5416","10000",1,0,0,0,0
"S82133F","V5416","10000",1,0,0,0,0
"S82133G","V5416","10000",1,0,0,0,0
"S82133H","V5416","10000",1,0,0,0,0
"S82133J","V5416","10000",1,0,0,0,0
"S82133K","73382","10000",1,0,0,0,0
"S82133M","73382","10000",1,0,0,0,0
"S82133N","73382","10000",1,0,0,0,0
"S82133P","73381","10000",1,0,0,0,0
"S82133Q","73381","10000",1,0,0,0,0
"S82133R","73381","10000",1,0,0,0,0
"S82133S","9054","10000",1,0,0,0,0
"S82134A","82300","10000",1,0,0,0,0
"S82134B","82310","10000",1,0,0,0,0
"S82134C","82310","10000",1,0,0,0,0
"S82134D","V5416","10000",1,0,0,0,0
"S82134E","V5416","10000",1,0,0,0,0
"S82134F","V5416","10000",1,0,0,0,0
"S82134G","V5416","10000",1,0,0,0,0
"S82134H","V5416","10000",1,0,0,0,0
"S82134J","V5416","10000",1,0,0,0,0
"S82134K","73382","10000",1,0,0,0,0
"S82134M","73382","10000",1,0,0,0,0
"S82134N","73382","10000",1,0,0,0,0
"S82134P","73381","10000",1,0,0,0,0
"S82134Q","73381","10000",1,0,0,0,0
"S82134R","73381","10000",1,0,0,0,0
"S82134S","9054","10000",1,0,0,0,0
"S82135A","82300","10000",1,0,0,0,0
"S82135B","82310","10000",1,0,0,0,0
"S82135C","82310","10000",1,0,0,0,0
"S82135D","V5416","10000",1,0,0,0,0
"S82135E","V5416","10000",1,0,0,0,0
"S82135F","V5416","10000",1,0,0,0,0
"S82135G","V5416","10000",1,0,0,0,0
"S82135H","V5416","10000",1,0,0,0,0
"S82135J","V5416","10000",1,0,0,0,0
"S82135K","73382","10000",1,0,0,0,0
"S82135M","73382","10000",1,0,0,0,0
"S82135N","73382","10000",1,0,0,0,0
"S82135P","73381","10000",1,0,0,0,0
"S82135Q","73381","10000",1,0,0,0,0
"S82135R","73381","10000",1,0,0,0,0
"S82135S","9054","10000",1,0,0,0,0
"S82136A","82300","10000",1,0,0,0,0
"S82136B","82310","10000",1,0,0,0,0
"S82136C","82310","10000",1,0,0,0,0
"S82136D","V5416","10000",1,0,0,0,0
"S82136E","V5416","10000",1,0,0,0,0
"S82136F","V5416","10000",1,0,0,0,0
"S82136G","V5416","10000",1,0,0,0,0
"S82136H","V5416","10000",1,0,0,0,0
"S82136J","V5416","10000",1,0,0,0,0
"S82136K","73382","10000",1,0,0,0,0
"S82136M","73382","10000",1,0,0,0,0
"S82136N","73382","10000",1,0,0,0,0
"S82136P","73381","10000",1,0,0,0,0
"S82136Q","73381","10000",1,0,0,0,0
"S82136R","73381","10000",1,0,0,0,0
"S82136S","9054","10000",1,0,0,0,0
"S82141A","82300","10000",1,0,0,0,0
"S82141B","82310","10000",1,0,0,0,0
"S82141C","82310","10000",1,0,0,0,0
"S82141D","V5416","10000",1,0,0,0,0
"S82141E","V5416","10000",1,0,0,0,0
"S82141F","V5416","10000",1,0,0,0,0
"S82141G","V5416","10000",1,0,0,0,0
"S82141H","V5416","10000",1,0,0,0,0
"S82141J","V5416","10000",1,0,0,0,0
"S82141K","73382","10000",1,0,0,0,0
"S82141M","73382","10000",1,0,0,0,0
"S82141N","73382","10000",1,0,0,0,0
"S82141P","73381","10000",1,0,0,0,0
"S82141Q","73381","10000",1,0,0,0,0
"S82141R","73381","10000",1,0,0,0,0
"S82141S","9054","10000",1,0,0,0,0
"S82142A","82300","10000",1,0,0,0,0
"S82142B","82310","10000",1,0,0,0,0
"S82142C","82310","10000",1,0,0,0,0
"S82142D","V5416","10000",1,0,0,0,0
"S82142E","V5416","10000",1,0,0,0,0
"S82142F","V5416","10000",1,0,0,0,0
"S82142G","V5416","10000",1,0,0,0,0
"S82142H","V5416","10000",1,0,0,0,0
"S82142J","V5416","10000",1,0,0,0,0
"S82142K","73382","10000",1,0,0,0,0
"S82142M","73382","10000",1,0,0,0,0
"S82142N","73382","10000",1,0,0,0,0
"S82142P","73381","10000",1,0,0,0,0
"S82142Q","73381","10000",1,0,0,0,0
"S82142R","73381","10000",1,0,0,0,0
"S82142S","9054","10000",1,0,0,0,0
"S82143A","82300","10000",1,0,0,0,0
"S82143B","82310","10000",1,0,0,0,0
"S82143C","82310","10000",1,0,0,0,0
"S82143D","V5416","10000",1,0,0,0,0
"S82143E","V5416","10000",1,0,0,0,0
"S82143F","V5416","10000",1,0,0,0,0
"S82143G","V5416","10000",1,0,0,0,0
"S82143H","V5416","10000",1,0,0,0,0
"S82143J","V5416","10000",1,0,0,0,0
"S82143K","73382","10000",1,0,0,0,0
"S82143M","73382","10000",1,0,0,0,0
"S82143N","73382","10000",1,0,0,0,0
"S82143P","73381","10000",1,0,0,0,0
"S82143Q","73381","10000",1,0,0,0,0
"S82143R","73381","10000",1,0,0,0,0
"S82143S","9054","10000",1,0,0,0,0
"S82144A","82300","10000",1,0,0,0,0
"S82144B","82310","10000",1,0,0,0,0
"S82144C","82310","10000",1,0,0,0,0
"S82144D","V5416","10000",1,0,0,0,0
"S82144E","V5416","10000",1,0,0,0,0
"S82144F","V5416","10000",1,0,0,0,0
"S82144G","V5416","10000",1,0,0,0,0
"S82144H","V5416","10000",1,0,0,0,0
"S82144J","V5416","10000",1,0,0,0,0
"S82144K","73382","10000",1,0,0,0,0
"S82144M","73382","10000",1,0,0,0,0
"S82144N","73382","10000",1,0,0,0,0
"S82144P","73381","10000",1,0,0,0,0
"S82144Q","73381","10000",1,0,0,0,0
"S82144R","73381","10000",1,0,0,0,0
"S82144S","9054","10000",1,0,0,0,0
"S82145A","82300","10000",1,0,0,0,0
"S82145B","82310","10000",1,0,0,0,0
"S82145C","82310","10000",1,0,0,0,0
"S82145D","V5416","10000",1,0,0,0,0
"S82145E","V5416","10000",1,0,0,0,0
"S82145F","V5416","10000",1,0,0,0,0
"S82145G","V5416","10000",1,0,0,0,0
"S82145H","V5416","10000",1,0,0,0,0
"S82145J","V5416","10000",1,0,0,0,0
"S82145K","73382","10000",1,0,0,0,0
"S82145M","73382","10000",1,0,0,0,0
"S82145N","73382","10000",1,0,0,0,0
"S82145P","73381","10000",1,0,0,0,0
"S82145Q","73381","10000",1,0,0,0,0
"S82145R","73381","10000",1,0,0,0,0
"S82145S","9054","10000",1,0,0,0,0
"S82146A","82300","10000",1,0,0,0,0
"S82146B","82310","10000",1,0,0,0,0
"S82146C","82310","10000",1,0,0,0,0
"S82146D","V5416","10000",1,0,0,0,0
"S82146E","V5416","10000",1,0,0,0,0
"S82146F","V5416","10000",1,0,0,0,0
"S82146G","V5416","10000",1,0,0,0,0
"S82146H","V5416","10000",1,0,0,0,0
"S82146J","V5416","10000",1,0,0,0,0
"S82146K","73382","10000",1,0,0,0,0
"S82146M","73382","10000",1,0,0,0,0
"S82146N","73382","10000",1,0,0,0,0
"S82146P","73381","10000",1,0,0,0,0
"S82146Q","73381","10000",1,0,0,0,0
"S82146R","73381","10000",1,0,0,0,0
"S82146S","9054","10000",1,0,0,0,0
"S82151A","82300","10000",1,0,0,0,0
"S82151B","82310","10000",1,0,0,0,0
"S82151C","82310","10000",1,0,0,0,0
"S82151D","V5416","10000",1,0,0,0,0
"S82151E","V5416","10000",1,0,0,0,0
"S82151F","V5416","10000",1,0,0,0,0
"S82151G","V5416","10000",1,0,0,0,0
"S82151H","V5416","10000",1,0,0,0,0
"S82151J","V5416","10000",1,0,0,0,0
"S82151K","73382","10000",1,0,0,0,0
"S82151M","73382","10000",1,0,0,0,0
"S82151N","73382","10000",1,0,0,0,0
"S82151P","73381","10000",1,0,0,0,0
"S82151Q","73381","10000",1,0,0,0,0
"S82151R","73381","10000",1,0,0,0,0
"S82151S","9054","10000",1,0,0,0,0
"S82152A","82300","10000",1,0,0,0,0
"S82152B","82310","10000",1,0,0,0,0
"S82152C","82310","10000",1,0,0,0,0
"S82152D","V5416","10000",1,0,0,0,0
"S82152E","V5416","10000",1,0,0,0,0
"S82152F","V5416","10000",1,0,0,0,0
"S82152G","V5416","10000",1,0,0,0,0
"S82152H","V5416","10000",1,0,0,0,0
"S82152J","V5416","10000",1,0,0,0,0
"S82152K","73382","10000",1,0,0,0,0
"S82152M","73382","10000",1,0,0,0,0
"S82152N","73382","10000",1,0,0,0,0
"S82152P","73381","10000",1,0,0,0,0
"S82152Q","73381","10000",1,0,0,0,0
"S82152R","73381","10000",1,0,0,0,0
"S82152S","9054","10000",1,0,0,0,0
"S82153A","82300","10000",1,0,0,0,0
"S82153B","82310","10000",1,0,0,0,0
"S82153C","82310","10000",1,0,0,0,0
"S82153D","V5416","10000",1,0,0,0,0
"S82153E","V5416","10000",1,0,0,0,0
"S82153F","V5416","10000",1,0,0,0,0
"S82153G","V5416","10000",1,0,0,0,0
"S82153H","V5416","10000",1,0,0,0,0
"S82153J","V5416","10000",1,0,0,0,0
"S82153K","73382","10000",1,0,0,0,0
"S82153M","73382","10000",1,0,0,0,0
"S82153N","73382","10000",1,0,0,0,0
"S82153P","73381","10000",1,0,0,0,0
"S82153Q","73381","10000",1,0,0,0,0
"S82153R","73381","10000",1,0,0,0,0
"S82153S","9054","10000",1,0,0,0,0
"S82154A","82300","10000",1,0,0,0,0
"S82154B","82310","10000",1,0,0,0,0
"S82154C","82310","10000",1,0,0,0,0
"S82154D","V5416","10000",1,0,0,0,0
"S82154E","V5416","10000",1,0,0,0,0
"S82154F","V5416","10000",1,0,0,0,0
"S82154G","V5416","10000",1,0,0,0,0
"S82154H","V5416","10000",1,0,0,0,0
"S82154J","V5416","10000",1,0,0,0,0
"S82154K","73382","10000",1,0,0,0,0
"S82154M","73382","10000",1,0,0,0,0
"S82154N","73382","10000",1,0,0,0,0
"S82154P","73381","10000",1,0,0,0,0
"S82154Q","73381","10000",1,0,0,0,0
"S82154R","73381","10000",1,0,0,0,0
"S82154S","9054","10000",1,0,0,0,0
"S82155A","82300","10000",1,0,0,0,0
"S82155B","82310","10000",1,0,0,0,0
"S82155C","82310","10000",1,0,0,0,0
"S82155D","V5416","10000",1,0,0,0,0
"S82155E","V5416","10000",1,0,0,0,0
"S82155F","V5416","10000",1,0,0,0,0
"S82155G","V5416","10000",1,0,0,0,0
"S82155H","V5416","10000",1,0,0,0,0
"S82155J","V5416","10000",1,0,0,0,0
"S82155K","73382","10000",1,0,0,0,0
"S82155M","73382","10000",1,0,0,0,0
"S82155N","73382","10000",1,0,0,0,0
"S82155P","73381","10000",1,0,0,0,0
"S82155Q","73381","10000",1,0,0,0,0
"S82155R","73381","10000",1,0,0,0,0
"S82155S","9054","10000",1,0,0,0,0
"S82156A","82300","10000",1,0,0,0,0
"S82156B","82310","10000",1,0,0,0,0
"S82156C","82310","10000",1,0,0,0,0
"S82156D","V5416","10000",1,0,0,0,0
"S82156E","V5416","10000",1,0,0,0,0
"S82156F","V5416","10000",1,0,0,0,0
"S82156G","V5416","10000",1,0,0,0,0
"S82156H","V5416","10000",1,0,0,0,0
"S82156J","V5416","10000",1,0,0,0,0
"S82156K","73382","10000",1,0,0,0,0
"S82156M","73382","10000",1,0,0,0,0
"S82156N","73382","10000",1,0,0,0,0
"S82156P","73381","10000",1,0,0,0,0
"S82156Q","73381","10000",1,0,0,0,0
"S82156R","73381","10000",1,0,0,0,0
"S82156S","9054","10000",1,0,0,0,0
"S82161A","82340","10000",1,0,0,0,0
"S82161D","V5416","10000",1,0,0,0,0
"S82161G","V5416","10000",1,0,0,0,0
"S82161K","73382","10000",1,0,0,0,0
"S82161P","73381","10000",1,0,0,0,0
"S82161S","9054","10000",1,0,0,0,0
"S82162A","82340","10000",1,0,0,0,0
"S82162D","V5416","10000",1,0,0,0,0
"S82162G","V5416","10000",1,0,0,0,0
"S82162K","73382","10000",1,0,0,0,0
"S82162P","73381","10000",1,0,0,0,0
"S82162S","9054","10000",1,0,0,0,0
"S82169A","82340","10000",1,0,0,0,0
"S82169D","V5416","10000",1,0,0,0,0
"S82169G","V5416","10000",1,0,0,0,0
"S82169K","73382","10000",1,0,0,0,0
"S82169P","73381","10000",1,0,0,0,0
"S82169S","9054","10000",1,0,0,0,0
"S82191A","82300","10000",1,0,0,0,0
"S82191B","82310","10000",1,0,0,0,0
"S82191C","82310","10000",1,0,0,0,0
"S82191D","V5416","10000",1,0,0,0,0
"S82191E","V5416","10000",1,0,0,0,0
"S82191F","V5416","10000",1,0,0,0,0
"S82191G","V5416","10000",1,0,0,0,0
"S82191H","V5416","10000",1,0,0,0,0
"S82191J","V5416","10000",1,0,0,0,0
"S82191K","73382","10000",1,0,0,0,0
"S82191M","73382","10000",1,0,0,0,0
"S82191N","73382","10000",1,0,0,0,0
"S82191P","73381","10000",1,0,0,0,0
"S82191Q","73381","10000",1,0,0,0,0
"S82191R","73381","10000",1,0,0,0,0
"S82191S","9054","10000",1,0,0,0,0
"S82192A","82300","10000",1,0,0,0,0
"S82192B","82310","10000",1,0,0,0,0
"S82192C","82310","10000",1,0,0,0,0
"S82192D","V5416","10000",1,0,0,0,0
"S82192E","V5416","10000",1,0,0,0,0
"S82192F","V5416","10000",1,0,0,0,0
"S82192G","V5416","10000",1,0,0,0,0
"S82192H","V5416","10000",1,0,0,0,0
"S82192J","V5416","10000",1,0,0,0,0
"S82192K","73382","10000",1,0,0,0,0
"S82192M","73382","10000",1,0,0,0,0
"S82192N","73382","10000",1,0,0,0,0
"S82192P","73381","10000",1,0,0,0,0
"S82192Q","73381","10000",1,0,0,0,0
"S82192R","73381","10000",1,0,0,0,0
"S82192S","9054","10000",1,0,0,0,0
"S82199A","82300","10000",1,0,0,0,0
"S82199B","82310","10000",1,0,0,0,0
"S82199C","82310","10000",1,0,0,0,0
"S82199D","V5416","10000",1,0,0,0,0
"S82199E","V5416","10000",1,0,0,0,0
"S82199F","V5416","10000",1,0,0,0,0
"S82199G","V5416","10000",1,0,0,0,0
"S82199H","V5416","10000",1,0,0,0,0
"S82199J","V5416","10000",1,0,0,0,0
"S82199K","73382","10000",1,0,0,0,0
"S82199M","73382","10000",1,0,0,0,0
"S82199N","73382","10000",1,0,0,0,0
"S82199P","73381","10000",1,0,0,0,0
"S82199Q","73381","10000",1,0,0,0,0
"S82199R","73381","10000",1,0,0,0,0
"S82199S","9054","10000",1,0,0,0,0
"S82201A","82320","10000",1,0,0,0,0
"S82201A","82380","10000",1,0,0,0,0
"S82201B","82330","10000",1,0,0,0,0
"S82201B","82390","10000",1,0,0,0,0
"S82201C","82330","10000",1,0,0,0,0
"S82201C","82390","10000",1,0,0,0,0
"S82201D","V5416","10000",1,0,0,0,0
"S82201E","V5416","10000",1,0,0,0,0
"S82201F","V5416","10000",1,0,0,0,0
"S82201G","V5416","10000",1,0,0,0,0
"S82201H","V5416","10000",1,0,0,0,0
"S82201J","V5416","10000",1,0,0,0,0
"S82201K","73382","10000",1,0,0,0,0
"S82201M","73382","10000",1,0,0,0,0
"S82201N","73382","10000",1,0,0,0,0
"S82201P","73381","10000",1,0,0,0,0
"S82201Q","73381","10000",1,0,0,0,0
"S82201R","73381","10000",1,0,0,0,0
"S82201S","9054","10000",1,0,0,0,0
"S82202A","82320","10000",1,0,0,0,0
"S82202A","82380","10000",1,0,0,0,0
"S82202B","82330","10000",1,0,0,0,0
"S82202B","82390","10000",1,0,0,0,0
"S82202C","82330","10000",1,0,0,0,0
"S82202C","82390","10000",1,0,0,0,0
"S82202D","V5416","10000",1,0,0,0,0
"S82202E","V5416","10000",1,0,0,0,0
"S82202F","V5416","10000",1,0,0,0,0
"S82202G","V5416","10000",1,0,0,0,0
"S82202H","V5416","10000",1,0,0,0,0
"S82202J","V5416","10000",1,0,0,0,0
"S82202K","73382","10000",1,0,0,0,0
"S82202M","73382","10000",1,0,0,0,0
"S82202N","73382","10000",1,0,0,0,0
"S82202P","73381","10000",1,0,0,0,0
"S82202Q","73381","10000",1,0,0,0,0
"S82202R","73381","10000",1,0,0,0,0
"S82202S","9054","10000",1,0,0,0,0
"S82209A","82320","10000",1,0,0,0,0
"S82209A","82380","10000",1,0,0,0,0
"S82209B","82330","10000",1,0,0,0,0
"S82209B","82390","10000",1,0,0,0,0
"S82209C","82330","10000",1,0,0,0,0
"S82209C","82390","10000",1,0,0,0,0
"S82209D","V5416","10000",1,0,0,0,0
"S82209E","V5416","10000",1,0,0,0,0
"S82209F","V5416","10000",1,0,0,0,0
"S82209G","V5416","10000",1,0,0,0,0
"S82209H","V5416","10000",1,0,0,0,0
"S82209J","V5416","10000",1,0,0,0,0
"S82209K","73382","10000",1,0,0,0,0
"S82209M","73382","10000",1,0,0,0,0
"S82209N","73382","10000",1,0,0,0,0
"S82209P","73381","10000",1,0,0,0,0
"S82209Q","73381","10000",1,0,0,0,0
"S82209R","73381","10000",1,0,0,0,0
"S82209S","9054","10000",1,0,0,0,0
"S82221A","82320","10000",1,0,0,0,0
"S82221B","82330","10000",1,0,0,0,0
"S82221C","82330","10000",1,0,0,0,0
"S82221D","V5416","10000",1,0,0,0,0
"S82221E","V5416","10000",1,0,0,0,0
"S82221F","V5416","10000",1,0,0,0,0
"S82221G","V5416","10000",1,0,0,0,0
"S82221H","V5416","10000",1,0,0,0,0
"S82221J","V5416","10000",1,0,0,0,0
"S82221K","73382","10000",1,0,0,0,0
"S82221M","73382","10000",1,0,0,0,0
"S82221N","73382","10000",1,0,0,0,0
"S82221P","73381","10000",1,0,0,0,0
"S82221Q","73381","10000",1,0,0,0,0
"S82221R","73381","10000",1,0,0,0,0
"S82221S","9054","10000",1,0,0,0,0
"S82222A","82320","10000",1,0,0,0,0
"S82222B","82330","10000",1,0,0,0,0
"S82222C","82330","10000",1,0,0,0,0
"S82222D","V5416","10000",1,0,0,0,0
"S82222E","V5416","10000",1,0,0,0,0
"S82222F","V5416","10000",1,0,0,0,0
"S82222G","V5416","10000",1,0,0,0,0
"S82222H","V5416","10000",1,0,0,0,0
"S82222J","V5416","10000",1,0,0,0,0
"S82222K","73382","10000",1,0,0,0,0
"S82222M","73382","10000",1,0,0,0,0
"S82222N","73382","10000",1,0,0,0,0
"S82222P","73381","10000",1,0,0,0,0
"S82222Q","73381","10000",1,0,0,0,0
"S82222R","73381","10000",1,0,0,0,0
"S82222S","9054","10000",1,0,0,0,0
"S82223A","82320","10000",1,0,0,0,0
"S82223B","82330","10000",1,0,0,0,0
"S82223C","82330","10000",1,0,0,0,0
"S82223D","V5416","10000",1,0,0,0,0
"S82223E","V5416","10000",1,0,0,0,0
"S82223F","V5416","10000",1,0,0,0,0
"S82223G","V5416","10000",1,0,0,0,0
"S82223H","V5416","10000",1,0,0,0,0
"S82223J","V5416","10000",1,0,0,0,0
"S82223K","73382","10000",1,0,0,0,0
"S82223M","73382","10000",1,0,0,0,0
"S82223N","73382","10000",1,0,0,0,0
"S82223P","73381","10000",1,0,0,0,0
"S82223Q","73381","10000",1,0,0,0,0
"S82223R","73381","10000",1,0,0,0,0
"S82223S","9054","10000",1,0,0,0,0
"S82224A","82320","10000",1,0,0,0,0
"S82224B","82330","10000",1,0,0,0,0
"S82224C","82330","10000",1,0,0,0,0
"S82224D","V5416","10000",1,0,0,0,0
"S82224E","V5416","10000",1,0,0,0,0
"S82224F","V5416","10000",1,0,0,0,0
"S82224G","V5416","10000",1,0,0,0,0
"S82224H","V5416","10000",1,0,0,0,0
"S82224J","V5416","10000",1,0,0,0,0
"S82224K","73382","10000",1,0,0,0,0
"S82224M","73382","10000",1,0,0,0,0
"S82224N","73382","10000",1,0,0,0,0
"S82224P","73381","10000",1,0,0,0,0
"S82224Q","73381","10000",1,0,0,0,0
"S82224R","73381","10000",1,0,0,0,0
"S82224S","9054","10000",1,0,0,0,0
"S82225A","82320","10000",1,0,0,0,0
"S82225B","82330","10000",1,0,0,0,0
"S82225C","82330","10000",1,0,0,0,0
"S82225D","V5416","10000",1,0,0,0,0
"S82225E","V5416","10000",1,0,0,0,0
"S82225F","V5416","10000",1,0,0,0,0
"S82225G","V5416","10000",1,0,0,0,0
"S82225H","V5416","10000",1,0,0,0,0
"S82225J","V5416","10000",1,0,0,0,0
"S82225K","73382","10000",1,0,0,0,0
"S82225M","73382","10000",1,0,0,0,0
"S82225N","73382","10000",1,0,0,0,0
"S82225P","73381","10000",1,0,0,0,0
"S82225Q","73381","10000",1,0,0,0,0
"S82225R","73381","10000",1,0,0,0,0
"S82225S","9054","10000",1,0,0,0,0
"S82226A","82320","10000",1,0,0,0,0
"S82226B","82330","10000",1,0,0,0,0
"S82226C","82330","10000",1,0,0,0,0
"S82226D","V5416","10000",1,0,0,0,0
"S82226E","V5416","10000",1,0,0,0,0
"S82226F","V5416","10000",1,0,0,0,0
"S82226G","V5416","10000",1,0,0,0,0
"S82226H","V5416","10000",1,0,0,0,0
"S82226J","V5416","10000",1,0,0,0,0
"S82226K","73382","10000",1,0,0,0,0
"S82226M","73382","10000",1,0,0,0,0
"S82226N","73382","10000",1,0,0,0,0
"S82226P","73381","10000",1,0,0,0,0
"S82226Q","73381","10000",1,0,0,0,0
"S82226R","73381","10000",1,0,0,0,0
"S82226S","9054","10000",1,0,0,0,0
"S82231A","82320","10000",1,0,0,0,0
"S82231B","82330","10000",1,0,0,0,0
"S82231C","82330","10000",1,0,0,0,0
"S82231D","V5416","10000",1,0,0,0,0
"S82231E","V5416","10000",1,0,0,0,0
"S82231F","V5416","10000",1,0,0,0,0
"S82231G","V5416","10000",1,0,0,0,0
"S82231H","V5416","10000",1,0,0,0,0
"S82231J","V5416","10000",1,0,0,0,0
"S82231K","73382","10000",1,0,0,0,0
"S82231M","73382","10000",1,0,0,0,0
"S82231N","73382","10000",1,0,0,0,0
"S82231P","73381","10000",1,0,0,0,0
"S82231Q","73381","10000",1,0,0,0,0
"S82231R","73381","10000",1,0,0,0,0
"S82231S","9054","10000",1,0,0,0,0
"S82232A","82320","10000",1,0,0,0,0
"S82232B","82330","10000",1,0,0,0,0
"S82232C","82330","10000",1,0,0,0,0
"S82232D","V5416","10000",1,0,0,0,0
"S82232E","V5416","10000",1,0,0,0,0
"S82232F","V5416","10000",1,0,0,0,0
"S82232G","V5416","10000",1,0,0,0,0
"S82232H","V5416","10000",1,0,0,0,0
"S82232J","V5416","10000",1,0,0,0,0
"S82232K","73382","10000",1,0,0,0,0
"S82232M","73382","10000",1,0,0,0,0
"S82232N","73382","10000",1,0,0,0,0
"S82232P","73381","10000",1,0,0,0,0
"S82232Q","73381","10000",1,0,0,0,0
"S82232R","73381","10000",1,0,0,0,0
"S82232S","9054","10000",1,0,0,0,0
"S82233A","82320","10000",1,0,0,0,0
"S82233B","82330","10000",1,0,0,0,0
"S82233C","82330","10000",1,0,0,0,0
"S82233D","V5416","10000",1,0,0,0,0
"S82233E","V5416","10000",1,0,0,0,0
"S82233F","V5416","10000",1,0,0,0,0
"S82233G","V5416","10000",1,0,0,0,0
"S82233H","V5416","10000",1,0,0,0,0
"S82233J","V5416","10000",1,0,0,0,0
"S82233K","73382","10000",1,0,0,0,0
"S82233M","73382","10000",1,0,0,0,0
"S82233N","73382","10000",1,0,0,0,0
"S82233P","73381","10000",1,0,0,0,0
"S82233Q","73381","10000",1,0,0,0,0
"S82233R","73381","10000",1,0,0,0,0
"S82233S","9054","10000",1,0,0,0,0
"S82234A","82320","10000",1,0,0,0,0
"S82234B","82330","10000",1,0,0,0,0
"S82234C","82330","10000",1,0,0,0,0
"S82234D","V5416","10000",1,0,0,0,0
"S82234E","V5416","10000",1,0,0,0,0
"S82234F","V5416","10000",1,0,0,0,0
"S82234G","V5416","10000",1,0,0,0,0
"S82234H","V5416","10000",1,0,0,0,0
"S82234J","V5416","10000",1,0,0,0,0
"S82234K","73382","10000",1,0,0,0,0
"S82234M","73382","10000",1,0,0,0,0
"S82234N","73382","10000",1,0,0,0,0
"S82234P","73381","10000",1,0,0,0,0
"S82234Q","73381","10000",1,0,0,0,0
"S82234R","73381","10000",1,0,0,0,0
"S82234S","9054","10000",1,0,0,0,0
"S82235A","82320","10000",1,0,0,0,0
"S82235B","82330","10000",1,0,0,0,0
"S82235C","82330","10000",1,0,0,0,0
"S82235D","V5416","10000",1,0,0,0,0
"S82235E","V5416","10000",1,0,0,0,0
"S82235F","V5416","10000",1,0,0,0,0
"S82235G","V5416","10000",1,0,0,0,0
"S82235H","V5416","10000",1,0,0,0,0
"S82235J","V5416","10000",1,0,0,0,0
"S82235K","73382","10000",1,0,0,0,0
"S82235M","73382","10000",1,0,0,0,0
"S82235N","73382","10000",1,0,0,0,0
"S82235P","73381","10000",1,0,0,0,0
"S82235Q","73381","10000",1,0,0,0,0
"S82235R","73381","10000",1,0,0,0,0
"S82235S","9054","10000",1,0,0,0,0
"S82236A","82320","10000",1,0,0,0,0
"S82236B","82330","10000",1,0,0,0,0
"S82236C","82330","10000",1,0,0,0,0
"S82236D","V5416","10000",1,0,0,0,0
"S82236E","V5416","10000",1,0,0,0,0
"S82236F","V5416","10000",1,0,0,0,0
"S82236G","V5416","10000",1,0,0,0,0
"S82236H","V5416","10000",1,0,0,0,0
"S82236J","V5416","10000",1,0,0,0,0
"S82236K","73382","10000",1,0,0,0,0
"S82236M","73382","10000",1,0,0,0,0
"S82236N","73382","10000",1,0,0,0,0
"S82236P","73381","10000",1,0,0,0,0
"S82236Q","73381","10000",1,0,0,0,0
"S82236R","73381","10000",1,0,0,0,0
"S82236S","9054","10000",1,0,0,0,0
"S82241A","82320","10000",1,0,0,0,0
"S82241B","82330","10000",1,0,0,0,0
"S82241C","82330","10000",1,0,0,0,0
"S82241D","V5416","10000",1,0,0,0,0
"S82241E","V5416","10000",1,0,0,0,0
"S82241F","V5416","10000",1,0,0,0,0
"S82241G","V5416","10000",1,0,0,0,0
"S82241H","V5416","10000",1,0,0,0,0
"S82241J","V5416","10000",1,0,0,0,0
"S82241K","73382","10000",1,0,0,0,0
"S82241M","73382","10000",1,0,0,0,0
"S82241N","73382","10000",1,0,0,0,0
"S82241P","73381","10000",1,0,0,0,0
"S82241Q","73381","10000",1,0,0,0,0
"S82241R","73381","10000",1,0,0,0,0
"S82241S","9054","10000",1,0,0,0,0
"S82242A","82320","10000",1,0,0,0,0
"S82242B","82330","10000",1,0,0,0,0
"S82242C","82330","10000",1,0,0,0,0
"S82242D","V5416","10000",1,0,0,0,0
"S82242E","V5416","10000",1,0,0,0,0
"S82242F","V5416","10000",1,0,0,0,0
"S82242G","V5416","10000",1,0,0,0,0
"S82242H","V5416","10000",1,0,0,0,0
"S82242J","V5416","10000",1,0,0,0,0
"S82242K","73382","10000",1,0,0,0,0
"S82242M","73382","10000",1,0,0,0,0
"S82242N","73382","10000",1,0,0,0,0
"S82242P","73381","10000",1,0,0,0,0
"S82242Q","73381","10000",1,0,0,0,0
"S82242R","73381","10000",1,0,0,0,0
"S82242S","9054","10000",1,0,0,0,0
"S82243A","82320","10000",1,0,0,0,0
"S82243B","82330","10000",1,0,0,0,0
"S82243C","82330","10000",1,0,0,0,0
"S82243D","V5416","10000",1,0,0,0,0
"S82243E","V5416","10000",1,0,0,0,0
"S82243F","V5416","10000",1,0,0,0,0
"S82243G","V5416","10000",1,0,0,0,0
"S82243H","V5416","10000",1,0,0,0,0
"S82243J","V5416","10000",1,0,0,0,0
"S82243K","73382","10000",1,0,0,0,0
"S82243M","73382","10000",1,0,0,0,0
"S82243N","73382","10000",1,0,0,0,0
"S82243P","73381","10000",1,0,0,0,0
"S82243Q","73381","10000",1,0,0,0,0
"S82243R","73381","10000",1,0,0,0,0
"S82243S","9054","10000",1,0,0,0,0
"S82244A","82320","10000",1,0,0,0,0
"S82244B","82330","10000",1,0,0,0,0
"S82244C","82330","10000",1,0,0,0,0
"S82244D","V5416","10000",1,0,0,0,0
"S82244E","V5416","10000",1,0,0,0,0
"S82244F","V5416","10000",1,0,0,0,0
"S82244G","V5416","10000",1,0,0,0,0
"S82244H","V5416","10000",1,0,0,0,0
"S82244J","V5416","10000",1,0,0,0,0
"S82244K","73382","10000",1,0,0,0,0
"S82244M","73382","10000",1,0,0,0,0
"S82244N","73382","10000",1,0,0,0,0
"S82244P","73381","10000",1,0,0,0,0
"S82244Q","73381","10000",1,0,0,0,0
"S82244R","73381","10000",1,0,0,0,0
"S82244S","9054","10000",1,0,0,0,0
"S82245A","82320","10000",1,0,0,0,0
"S82245B","82330","10000",1,0,0,0,0
"S82245C","82330","10000",1,0,0,0,0
"S82245D","V5416","10000",1,0,0,0,0
"S82245E","V5416","10000",1,0,0,0,0
"S82245F","V5416","10000",1,0,0,0,0
"S82245G","V5416","10000",1,0,0,0,0
"S82245H","V5416","10000",1,0,0,0,0
"S82245J","V5416","10000",1,0,0,0,0
"S82245K","73382","10000",1,0,0,0,0
"S82245M","73382","10000",1,0,0,0,0
"S82245N","73382","10000",1,0,0,0,0
"S82245P","73381","10000",1,0,0,0,0
"S82245Q","73381","10000",1,0,0,0,0
"S82245R","73381","10000",1,0,0,0,0
"S82245S","9054","10000",1,0,0,0,0
"S82246A","82320","10000",1,0,0,0,0
"S82246B","82330","10000",1,0,0,0,0
"S82246C","82330","10000",1,0,0,0,0
"S82246D","V5416","10000",1,0,0,0,0
"S82246E","V5416","10000",1,0,0,0,0
"S82246F","V5416","10000",1,0,0,0,0
"S82246G","V5416","10000",1,0,0,0,0
"S82246H","V5416","10000",1,0,0,0,0
"S82246J","V5416","10000",1,0,0,0,0
"S82246K","73382","10000",1,0,0,0,0
"S82246M","73382","10000",1,0,0,0,0
"S82246N","73382","10000",1,0,0,0,0
"S82246P","73381","10000",1,0,0,0,0
"S82246Q","73381","10000",1,0,0,0,0
"S82246R","73381","10000",1,0,0,0,0
"S82246S","9054","10000",1,0,0,0,0
"S82251A","82320","10000",1,0,0,0,0
"S82251B","82330","10000",1,0,0,0,0
"S82251C","82330","10000",1,0,0,0,0
"S82251D","V5416","10000",1,0,0,0,0
"S82251E","V5416","10000",1,0,0,0,0
"S82251F","V5416","10000",1,0,0,0,0
"S82251G","V5416","10000",1,0,0,0,0
"S82251H","V5416","10000",1,0,0,0,0
"S82251J","V5416","10000",1,0,0,0,0
"S82251K","73382","10000",1,0,0,0,0
"S82251M","73382","10000",1,0,0,0,0
"S82251N","73382","10000",1,0,0,0,0
"S82251P","73381","10000",1,0,0,0,0
"S82251Q","73381","10000",1,0,0,0,0
"S82251R","73381","10000",1,0,0,0,0
"S82251S","9054","10000",1,0,0,0,0
"S82252A","82320","10000",1,0,0,0,0
"S82252B","82330","10000",1,0,0,0,0
"S82252C","82330","10000",1,0,0,0,0
"S82252D","V5416","10000",1,0,0,0,0
"S82252E","V5416","10000",1,0,0,0,0
"S82252F","V5416","10000",1,0,0,0,0
"S82252G","V5416","10000",1,0,0,0,0
"S82252H","V5416","10000",1,0,0,0,0
"S82252J","V5416","10000",1,0,0,0,0
"S82252K","73382","10000",1,0,0,0,0
"S82252M","73382","10000",1,0,0,0,0
"S82252N","73382","10000",1,0,0,0,0
"S82252P","73381","10000",1,0,0,0,0
"S82252Q","73381","10000",1,0,0,0,0
"S82252R","73381","10000",1,0,0,0,0
"S82252S","9054","10000",1,0,0,0,0
"S82253A","82320","10000",1,0,0,0,0
"S82253B","82330","10000",1,0,0,0,0
"S82253C","82330","10000",1,0,0,0,0
"S82253D","V5416","10000",1,0,0,0,0
"S82253E","V5416","10000",1,0,0,0,0
"S82253F","V5416","10000",1,0,0,0,0
"S82253G","V5416","10000",1,0,0,0,0
"S82253H","V5416","10000",1,0,0,0,0
"S82253J","V5416","10000",1,0,0,0,0
"S82253K","73382","10000",1,0,0,0,0
"S82253M","73382","10000",1,0,0,0,0
"S82253N","73382","10000",1,0,0,0,0
"S82253P","73381","10000",1,0,0,0,0
"S82253Q","73381","10000",1,0,0,0,0
"S82253R","73381","10000",1,0,0,0,0
"S82253S","9054","10000",1,0,0,0,0
"S82254A","82320","10000",1,0,0,0,0
"S82254B","82330","10000",1,0,0,0,0
"S82254C","82330","10000",1,0,0,0,0
"S82254D","V5416","10000",1,0,0,0,0
"S82254E","V5416","10000",1,0,0,0,0
"S82254F","V5416","10000",1,0,0,0,0
"S82254G","V5416","10000",1,0,0,0,0
"S82254H","V5416","10000",1,0,0,0,0
"S82254J","V5416","10000",1,0,0,0,0
"S82254K","73382","10000",1,0,0,0,0
"S82254M","73382","10000",1,0,0,0,0
"S82254N","73382","10000",1,0,0,0,0
"S82254P","73381","10000",1,0,0,0,0
"S82254Q","73381","10000",1,0,0,0,0
"S82254R","73381","10000",1,0,0,0,0
"S82254S","9054","10000",1,0,0,0,0
"S82255A","82320","10000",1,0,0,0,0
"S82255B","82330","10000",1,0,0,0,0
"S82255C","82330","10000",1,0,0,0,0
"S82255D","V5416","10000",1,0,0,0,0
"S82255E","V5416","10000",1,0,0,0,0
"S82255F","V5416","10000",1,0,0,0,0
"S82255G","V5416","10000",1,0,0,0,0
"S82255H","V5416","10000",1,0,0,0,0
"S82255J","V5416","10000",1,0,0,0,0
"S82255K","73382","10000",1,0,0,0,0
"S82255M","73382","10000",1,0,0,0,0
"S82255N","73382","10000",1,0,0,0,0
"S82255P","73381","10000",1,0,0,0,0
"S82255Q","73381","10000",1,0,0,0,0
"S82255R","73381","10000",1,0,0,0,0
"S82255S","9054","10000",1,0,0,0,0
"S82256A","82320","10000",1,0,0,0,0
"S82256B","82330","10000",1,0,0,0,0
"S82256C","82330","10000",1,0,0,0,0
"S82256D","V5416","10000",1,0,0,0,0
"S82256E","V5416","10000",1,0,0,0,0
"S82256F","V5416","10000",1,0,0,0,0
"S82256G","V5416","10000",1,0,0,0,0
"S82256H","V5416","10000",1,0,0,0,0
"S82256J","V5416","10000",1,0,0,0,0
"S82256K","73382","10000",1,0,0,0,0
"S82256M","73382","10000",1,0,0,0,0
"S82256N","73382","10000",1,0,0,0,0
"S82256P","73381","10000",1,0,0,0,0
"S82256Q","73381","10000",1,0,0,0,0
"S82256R","73381","10000",1,0,0,0,0
"S82256S","9054","10000",1,0,0,0,0
"S82261A","82320","10000",1,0,0,0,0
"S82261B","82330","10000",1,0,0,0,0
"S82261C","82330","10000",1,0,0,0,0
"S82261D","V5416","10000",1,0,0,0,0
"S82261E","V5416","10000",1,0,0,0,0
"S82261F","V5416","10000",1,0,0,0,0
"S82261G","V5416","10000",1,0,0,0,0
"S82261H","V5416","10000",1,0,0,0,0
"S82261J","V5416","10000",1,0,0,0,0
"S82261K","73382","10000",1,0,0,0,0
"S82261M","73382","10000",1,0,0,0,0
"S82261N","73382","10000",1,0,0,0,0
"S82261P","73381","10000",1,0,0,0,0
"S82261Q","73381","10000",1,0,0,0,0
"S82261R","73381","10000",1,0,0,0,0
"S82261S","9054","10000",1,0,0,0,0
"S82262A","82320","10000",1,0,0,0,0
"S82262B","82330","10000",1,0,0,0,0
"S82262C","82330","10000",1,0,0,0,0
"S82262D","V5416","10000",1,0,0,0,0
"S82262E","V5416","10000",1,0,0,0,0
"S82262F","V5416","10000",1,0,0,0,0
"S82262G","V5416","10000",1,0,0,0,0
"S82262H","V5416","10000",1,0,0,0,0
"S82262J","V5416","10000",1,0,0,0,0
"S82262K","73382","10000",1,0,0,0,0
"S82262M","73382","10000",1,0,0,0,0
"S82262N","73382","10000",1,0,0,0,0
"S82262P","73381","10000",1,0,0,0,0
"S82262Q","73381","10000",1,0,0,0,0
"S82262R","73381","10000",1,0,0,0,0
"S82262S","9054","10000",1,0,0,0,0
"S82263A","82320","10000",1,0,0,0,0
"S82263B","82330","10000",1,0,0,0,0
"S82263C","82330","10000",1,0,0,0,0
"S82263D","V5416","10000",1,0,0,0,0
"S82263E","V5416","10000",1,0,0,0,0
"S82263F","V5416","10000",1,0,0,0,0
"S82263G","V5416","10000",1,0,0,0,0
"S82263H","V5416","10000",1,0,0,0,0
"S82263J","V5416","10000",1,0,0,0,0
"S82263K","73382","10000",1,0,0,0,0
"S82263M","73382","10000",1,0,0,0,0
"S82263N","73382","10000",1,0,0,0,0
"S82263P","73381","10000",1,0,0,0,0
"S82263Q","73381","10000",1,0,0,0,0
"S82263R","73381","10000",1,0,0,0,0
"S82263S","9054","10000",1,0,0,0,0
"S82264A","82320","10000",1,0,0,0,0
"S82264B","82330","10000",1,0,0,0,0
"S82264C","82330","10000",1,0,0,0,0
"S82264D","V5416","10000",1,0,0,0,0
"S82264E","V5416","10000",1,0,0,0,0
"S82264F","V5416","10000",1,0,0,0,0
"S82264G","V5416","10000",1,0,0,0,0
"S82264H","V5416","10000",1,0,0,0,0
"S82264J","V5416","10000",1,0,0,0,0
"S82264K","73382","10000",1,0,0,0,0
"S82264M","73382","10000",1,0,0,0,0
"S82264N","73382","10000",1,0,0,0,0
"S82264P","73381","10000",1,0,0,0,0
"S82264Q","73381","10000",1,0,0,0,0
"S82264R","73381","10000",1,0,0,0,0
"S82264S","9054","10000",1,0,0,0,0
"S82265A","82320","10000",1,0,0,0,0
"S82265B","82330","10000",1,0,0,0,0
"S82265C","82330","10000",1,0,0,0,0
"S82265D","V5416","10000",1,0,0,0,0
"S82265E","V5416","10000",1,0,0,0,0
"S82265F","V5416","10000",1,0,0,0,0
"S82265G","V5416","10000",1,0,0,0,0
"S82265H","V5416","10000",1,0,0,0,0
"S82265J","V5416","10000",1,0,0,0,0
"S82265K","73382","10000",1,0,0,0,0
"S82265M","73382","10000",1,0,0,0,0
"S82265N","73382","10000",1,0,0,0,0
"S82265P","73381","10000",1,0,0,0,0
"S82265Q","73381","10000",1,0,0,0,0
"S82265R","73381","10000",1,0,0,0,0
"S82265S","9054","10000",1,0,0,0,0
"S82266A","82320","10000",1,0,0,0,0
"S82266B","82330","10000",1,0,0,0,0
"S82266C","82330","10000",1,0,0,0,0
"S82266D","V5416","10000",1,0,0,0,0
"S82266E","V5416","10000",1,0,0,0,0
"S82266F","V5416","10000",1,0,0,0,0
"S82266G","V5416","10000",1,0,0,0,0
"S82266H","V5416","10000",1,0,0,0,0
"S82266J","V5416","10000",1,0,0,0,0
"S82266K","73382","10000",1,0,0,0,0
"S82266M","73382","10000",1,0,0,0,0
"S82266N","73382","10000",1,0,0,0,0
"S82266P","73381","10000",1,0,0,0,0
"S82266Q","73381","10000",1,0,0,0,0
"S82266R","73381","10000",1,0,0,0,0
"S82266S","9054","10000",1,0,0,0,0
"S82291A","82320","10000",1,0,0,0,0
"S82291B","82330","10000",1,0,0,0,0
"S82291C","82330","10000",1,0,0,0,0
"S82291D","V5416","10000",1,0,0,0,0
"S82291E","V5416","10000",1,0,0,0,0
"S82291F","V5416","10000",1,0,0,0,0
"S82291G","V5416","10000",1,0,0,0,0
"S82291H","V5416","10000",1,0,0,0,0
"S82291J","V5416","10000",1,0,0,0,0
"S82291K","73382","10000",1,0,0,0,0
"S82291M","73382","10000",1,0,0,0,0
"S82291N","73382","10000",1,0,0,0,0
"S82291P","73381","10000",1,0,0,0,0
"S82291Q","73381","10000",1,0,0,0,0
"S82291R","73381","10000",1,0,0,0,0
"S82291S","9054","10000",1,0,0,0,0
"S82292A","82320","10000",1,0,0,0,0
"S82292B","82330","10000",1,0,0,0,0
"S82292C","82330","10000",1,0,0,0,0
"S82292D","V5416","10000",1,0,0,0,0
"S82292E","V5416","10000",1,0,0,0,0
"S82292F","V5416","10000",1,0,0,0,0
"S82292G","V5416","10000",1,0,0,0,0
"S82292H","V5416","10000",1,0,0,0,0
"S82292J","V5416","10000",1,0,0,0,0
"S82292K","73382","10000",1,0,0,0,0
"S82292M","73382","10000",1,0,0,0,0
"S82292N","73382","10000",1,0,0,0,0
"S82292P","73381","10000",1,0,0,0,0
"S82292Q","73381","10000",1,0,0,0,0
"S82292R","73381","10000",1,0,0,0,0
"S82292S","9054","10000",1,0,0,0,0
"S82299A","82320","10000",1,0,0,0,0
"S82299B","82330","10000",1,0,0,0,0
"S82299C","82330","10000",1,0,0,0,0
"S82299D","V5416","10000",1,0,0,0,0
"S82299E","V5416","10000",1,0,0,0,0
"S82299F","V5416","10000",1,0,0,0,0
"S82299G","V5416","10000",1,0,0,0,0
"S82299H","V5416","10000",1,0,0,0,0
"S82299J","V5416","10000",1,0,0,0,0
"S82299K","73382","10000",1,0,0,0,0
"S82299M","73382","10000",1,0,0,0,0
"S82299N","73382","10000",1,0,0,0,0
"S82299P","73381","10000",1,0,0,0,0
"S82299Q","73381","10000",1,0,0,0,0
"S82299R","73381","10000",1,0,0,0,0
"S82299S","9054","10000",1,0,0,0,0
"S82301A","8248","10000",1,0,0,0,0
"S82301B","8249","10000",1,0,0,0,0
"S82301C","8249","10000",1,0,0,0,0
"S82301D","V5416","10000",1,0,0,0,0
"S82301E","V5416","10000",1,0,0,0,0
"S82301F","V5416","10000",1,0,0,0,0
"S82301G","V5416","10000",1,0,0,0,0
"S82301H","V5416","10000",1,0,0,0,0
"S82301J","V5416","10000",1,0,0,0,0
"S82301K","73382","10000",1,0,0,0,0
"S82301M","73382","10000",1,0,0,0,0
"S82301N","73382","10000",1,0,0,0,0
"S82301P","73381","10000",1,0,0,0,0
"S82301Q","73381","10000",1,0,0,0,0
"S82301R","73381","10000",1,0,0,0,0
"S82301S","9054","10000",1,0,0,0,0
"S82302A","8248","10000",1,0,0,0,0
"S82302B","8249","10000",1,0,0,0,0
"S82302C","8249","10000",1,0,0,0,0
"S82302D","V5416","10000",1,0,0,0,0
"S82302E","V5416","10000",1,0,0,0,0
"S82302F","V5416","10000",1,0,0,0,0
"S82302G","V5416","10000",1,0,0,0,0
"S82302H","V5416","10000",1,0,0,0,0
"S82302J","V5416","10000",1,0,0,0,0
"S82302K","73382","10000",1,0,0,0,0
"S82302M","73382","10000",1,0,0,0,0
"S82302N","73382","10000",1,0,0,0,0
"S82302P","73381","10000",1,0,0,0,0
"S82302Q","73381","10000",1,0,0,0,0
"S82302R","73381","10000",1,0,0,0,0
"S82302S","9054","10000",1,0,0,0,0
"S82309A","8248","10000",1,0,0,0,0
"S82309B","8249","10000",1,0,0,0,0
"S82309C","8249","10000",1,0,0,0,0
"S82309D","V5416","10000",1,0,0,0,0
"S82309E","V5416","10000",1,0,0,0,0
"S82309F","V5416","10000",1,0,0,0,0
"S82309G","V5416","10000",1,0,0,0,0
"S82309H","V5416","10000",1,0,0,0,0
"S82309J","V5416","10000",1,0,0,0,0
"S82309K","73382","10000",1,0,0,0,0
"S82309M","73382","10000",1,0,0,0,0
"S82309N","73382","10000",1,0,0,0,0
"S82309P","73381","10000",1,0,0,0,0
"S82309Q","73381","10000",1,0,0,0,0
"S82309R","73381","10000",1,0,0,0,0
"S82309S","9054","10000",1,0,0,0,0
"S82311A","82340","10000",1,0,0,0,0
"S82311D","V5416","10000",1,0,0,0,0
"S82311G","V5416","10000",1,0,0,0,0
"S82311K","73382","10000",1,0,0,0,0
"S82311P","73381","10000",1,0,0,0,0
"S82311S","9054","10000",1,0,0,0,0
"S82312A","82340","10000",1,0,0,0,0
"S82312D","V5416","10000",1,0,0,0,0
"S82312G","V5416","10000",1,0,0,0,0
"S82312K","73382","10000",1,0,0,0,0
"S82312P","73381","10000",1,0,0,0,0
"S82312S","9054","10000",1,0,0,0,0
"S82319A","82340","10000",1,0,0,0,0
"S82319D","V5416","10000",1,0,0,0,0
"S82319G","V5416","10000",1,0,0,0,0
"S82319K","73382","10000",1,0,0,0,0
"S82319P","73381","10000",1,0,0,0,0
"S82319S","9054","10000",1,0,0,0,0
"S82391A","8248","10000",1,0,0,0,0
"S82391B","8249","10000",1,0,0,0,0
"S82391C","8249","10000",1,0,0,0,0
"S82391D","V5416","10000",1,0,0,0,0
"S82391E","V5416","10000",1,0,0,0,0
"S82391F","V5416","10000",1,0,0,0,0
"S82391G","V5416","10000",1,0,0,0,0
"S82391H","V5416","10000",1,0,0,0,0
"S82391J","V5416","10000",1,0,0,0,0
"S82391K","73382","10000",1,0,0,0,0
"S82391M","73382","10000",1,0,0,0,0
"S82391N","73382","10000",1,0,0,0,0
"S82391P","73381","10000",1,0,0,0,0
"S82391Q","73381","10000",1,0,0,0,0
"S82391R","73381","10000",1,0,0,0,0
"S82391S","9054","10000",1,0,0,0,0
"S82392A","8248","10000",1,0,0,0,0
"S82392B","8249","10000",1,0,0,0,0
"S82392C","8249","10000",1,0,0,0,0
"S82392D","V5416","10000",1,0,0,0,0
"S82392E","V5416","10000",1,0,0,0,0
"S82392F","V5416","10000",1,0,0,0,0
"S82392G","V5416","10000",1,0,0,0,0
"S82392H","V5416","10000",1,0,0,0,0
"S82392J","V5416","10000",1,0,0,0,0
"S82392K","73382","10000",1,0,0,0,0
"S82392M","73382","10000",1,0,0,0,0
"S82392N","73382","10000",1,0,0,0,0
"S82392P","73381","10000",1,0,0,0,0
"S82392Q","73381","10000",1,0,0,0,0
"S82392R","73381","10000",1,0,0,0,0
"S82392S","9054","10000",1,0,0,0,0
"S82399A","8248","10000",1,0,0,0,0
"S82399B","8249","10000",1,0,0,0,0
"S82399C","8249","10000",1,0,0,0,0
"S82399D","V5416","10000",1,0,0,0,0
"S82399E","V5416","10000",1,0,0,0,0
"S82399F","V5416","10000",1,0,0,0,0
"S82399G","V5416","10000",1,0,0,0,0
"S82399H","V5416","10000",1,0,0,0,0
"S82399J","V5416","10000",1,0,0,0,0
"S82399K","73382","10000",1,0,0,0,0
"S82399M","73382","10000",1,0,0,0,0
"S82399N","73382","10000",1,0,0,0,0
"S82399P","73381","10000",1,0,0,0,0
"S82399Q","73381","10000",1,0,0,0,0
"S82399R","73381","10000",1,0,0,0,0
"S82399S","9054","10000",1,0,0,0,0
"S82401A","82321","10000",1,0,0,0,0
"S82401A","82381","10000",1,0,0,0,0
"S82401B","82331","10000",1,0,0,0,0
"S82401B","82391","10000",1,0,0,0,0
"S82401C","82331","10000",1,0,0,0,0
"S82401C","82391","10000",1,0,0,0,0
"S82401D","V5416","10000",1,0,0,0,0
"S82401E","V5416","10000",1,0,0,0,0
"S82401F","V5416","10000",1,0,0,0,0
"S82401G","V5416","10000",1,0,0,0,0
"S82401H","V5416","10000",1,0,0,0,0
"S82401J","V5416","10000",1,0,0,0,0
"S82401K","73382","10000",1,0,0,0,0
"S82401M","73382","10000",1,0,0,0,0
"S82401N","73382","10000",1,0,0,0,0
"S82401P","73381","10000",1,0,0,0,0
"S82401Q","73381","10000",1,0,0,0,0
"S82401R","73381","10000",1,0,0,0,0
"S82401S","9054","10000",1,0,0,0,0
"S82402A","82321","10000",1,0,0,0,0
"S82402A","82381","10000",1,0,0,0,0
"S82402B","82331","10000",1,0,0,0,0
"S82402B","82391","10000",1,0,0,0,0
"S82402C","82331","10000",1,0,0,0,0
"S82402C","82391","10000",1,0,0,0,0
"S82402D","V5416","10000",1,0,0,0,0
"S82402E","V5416","10000",1,0,0,0,0
"S82402F","V5416","10000",1,0,0,0,0
"S82402G","V5416","10000",1,0,0,0,0
"S82402H","V5416","10000",1,0,0,0,0
"S82402J","V5416","10000",1,0,0,0,0
"S82402K","73382","10000",1,0,0,0,0
"S82402M","73382","10000",1,0,0,0,0
"S82402N","73382","10000",1,0,0,0,0
"S82402P","73381","10000",1,0,0,0,0
"S82402Q","73381","10000",1,0,0,0,0
"S82402R","73381","10000",1,0,0,0,0
"S82402S","9054","10000",1,0,0,0,0
"S82409A","82321","10000",1,0,0,0,0
"S82409A","82381","10000",1,0,0,0,0
"S82409B","82331","10000",1,0,0,0,0
"S82409B","82391","10000",1,0,0,0,0
"S82409C","82331","10000",1,0,0,0,0
"S82409C","82391","10000",1,0,0,0,0
"S82409D","V5416","10000",1,0,0,0,0
"S82409E","V5416","10000",1,0,0,0,0
"S82409F","V5416","10000",1,0,0,0,0
"S82409G","V5416","10000",1,0,0,0,0
"S82409H","V5416","10000",1,0,0,0,0
"S82409J","V5416","10000",1,0,0,0,0
"S82409K","73382","10000",1,0,0,0,0
"S82409M","73382","10000",1,0,0,0,0
"S82409N","73382","10000",1,0,0,0,0
"S82409P","73381","10000",1,0,0,0,0
"S82409Q","73381","10000",1,0,0,0,0
"S82409R","73381","10000",1,0,0,0,0
"S82409S","9054","10000",1,0,0,0,0
"S82421A","82321","10000",1,0,0,0,0
"S82421B","82331","10000",1,0,0,0,0
"S82421C","82331","10000",1,0,0,0,0
"S82421D","V5416","10000",1,0,0,0,0
"S82421E","V5416","10000",1,0,0,0,0
"S82421F","V5416","10000",1,0,0,0,0
"S82421G","V5416","10000",1,0,0,0,0
"S82421H","V5416","10000",1,0,0,0,0
"S82421J","V5416","10000",1,0,0,0,0
"S82421K","73382","10000",1,0,0,0,0
"S82421M","73382","10000",1,0,0,0,0
"S82421N","73382","10000",1,0,0,0,0
"S82421P","73381","10000",1,0,0,0,0
"S82421Q","73381","10000",1,0,0,0,0
"S82421R","73381","10000",1,0,0,0,0
"S82421S","9054","10000",1,0,0,0,0
"S82422A","82321","10000",1,0,0,0,0
"S82422B","82331","10000",1,0,0,0,0
"S82422C","82331","10000",1,0,0,0,0
"S82422D","V5416","10000",1,0,0,0,0
"S82422E","V5416","10000",1,0,0,0,0
"S82422F","V5416","10000",1,0,0,0,0
"S82422G","V5416","10000",1,0,0,0,0
"S82422H","V5416","10000",1,0,0,0,0
"S82422J","V5416","10000",1,0,0,0,0
"S82422K","73382","10000",1,0,0,0,0
"S82422M","73382","10000",1,0,0,0,0
"S82422N","73382","10000",1,0,0,0,0
"S82422P","73381","10000",1,0,0,0,0
"S82422Q","73381","10000",1,0,0,0,0
"S82422R","73381","10000",1,0,0,0,0
"S82422S","9054","10000",1,0,0,0,0
"S82423A","82321","10000",1,0,0,0,0
"S82423B","82331","10000",1,0,0,0,0
"S82423C","82331","10000",1,0,0,0,0
"S82423D","V5416","10000",1,0,0,0,0
"S82423E","V5416","10000",1,0,0,0,0
"S82423F","V5416","10000",1,0,0,0,0
"S82423G","V5416","10000",1,0,0,0,0
"S82423H","V5416","10000",1,0,0,0,0
"S82423J","V5416","10000",1,0,0,0,0
"S82423K","73382","10000",1,0,0,0,0
"S82423M","73382","10000",1,0,0,0,0
"S82423N","73382","10000",1,0,0,0,0
"S82423P","73381","10000",1,0,0,0,0
"S82423Q","73381","10000",1,0,0,0,0
"S82423R","73381","10000",1,0,0,0,0
"S82423S","9054","10000",1,0,0,0,0
"S82424A","82321","10000",1,0,0,0,0
"S82424B","82331","10000",1,0,0,0,0
"S82424C","82331","10000",1,0,0,0,0
"S82424D","V5416","10000",1,0,0,0,0
"S82424E","V5416","10000",1,0,0,0,0
"S82424F","V5416","10000",1,0,0,0,0
"S82424G","V5416","10000",1,0,0,0,0
"S82424H","V5416","10000",1,0,0,0,0
"S82424J","V5416","10000",1,0,0,0,0
"S82424K","73382","10000",1,0,0,0,0
"S82424M","73382","10000",1,0,0,0,0
"S82424N","73382","10000",1,0,0,0,0
"S82424P","73381","10000",1,0,0,0,0
"S82424Q","73381","10000",1,0,0,0,0
"S82424R","73381","10000",1,0,0,0,0
"S82424S","9054","10000",1,0,0,0,0
"S82425A","82321","10000",1,0,0,0,0
"S82425B","82331","10000",1,0,0,0,0
"S82425C","82331","10000",1,0,0,0,0
"S82425D","V5416","10000",1,0,0,0,0
"S82425E","V5416","10000",1,0,0,0,0
"S82425F","V5416","10000",1,0,0,0,0
"S82425G","V5416","10000",1,0,0,0,0
"S82425H","V5416","10000",1,0,0,0,0
"S82425J","V5416","10000",1,0,0,0,0
"S82425K","73382","10000",1,0,0,0,0
"S82425M","73382","10000",1,0,0,0,0
"S82425N","73382","10000",1,0,0,0,0
"S82425P","73381","10000",1,0,0,0,0
"S82425Q","73381","10000",1,0,0,0,0
"S82425R","73381","10000",1,0,0,0,0
"S82425S","9054","10000",1,0,0,0,0
"S82426A","82321","10000",1,0,0,0,0
"S82426B","82331","10000",1,0,0,0,0
"S82426C","82331","10000",1,0,0,0,0
"S82426D","V5416","10000",1,0,0,0,0
"S82426E","V5416","10000",1,0,0,0,0
"S82426F","V5416","10000",1,0,0,0,0
"S82426G","V5416","10000",1,0,0,0,0
"S82426H","V5416","10000",1,0,0,0,0
"S82426J","V5416","10000",1,0,0,0,0
"S82426K","73382","10000",1,0,0,0,0
"S82426M","73382","10000",1,0,0,0,0
"S82426N","73382","10000",1,0,0,0,0
"S82426P","73381","10000",1,0,0,0,0
"S82426Q","73381","10000",1,0,0,0,0
"S82426R","73381","10000",1,0,0,0,0
"S82426S","9054","10000",1,0,0,0,0
"S82431A","82321","10000",1,0,0,0,0
"S82431B","82331","10000",1,0,0,0,0
"S82431C","82331","10000",1,0,0,0,0
"S82431D","V5416","10000",1,0,0,0,0
"S82431E","V5416","10000",1,0,0,0,0
"S82431F","V5416","10000",1,0,0,0,0
"S82431G","V5416","10000",1,0,0,0,0
"S82431H","V5416","10000",1,0,0,0,0
"S82431J","V5416","10000",1,0,0,0,0
"S82431K","73382","10000",1,0,0,0,0
"S82431M","73382","10000",1,0,0,0,0
"S82431N","73382","10000",1,0,0,0,0
"S82431P","73381","10000",1,0,0,0,0
"S82431Q","73381","10000",1,0,0,0,0
"S82431R","73381","10000",1,0,0,0,0
"S82431S","9054","10000",1,0,0,0,0
"S82432A","82321","10000",1,0,0,0,0
"S82432B","82331","10000",1,0,0,0,0
"S82432C","82331","10000",1,0,0,0,0
"S82432D","V5416","10000",1,0,0,0,0
"S82432E","V5416","10000",1,0,0,0,0
"S82432F","V5416","10000",1,0,0,0,0
"S82432G","V5416","10000",1,0,0,0,0
"S82432H","V5416","10000",1,0,0,0,0
"S82432J","V5416","10000",1,0,0,0,0
"S82432K","73382","10000",1,0,0,0,0
"S82432M","73382","10000",1,0,0,0,0
"S82432N","73382","10000",1,0,0,0,0
"S82432P","73381","10000",1,0,0,0,0
"S82432Q","73381","10000",1,0,0,0,0
"S82432R","73381","10000",1,0,0,0,0
"S82432S","9054","10000",1,0,0,0,0
"S82433A","82321","10000",1,0,0,0,0
"S82433B","82331","10000",1,0,0,0,0
"S82433C","82331","10000",1,0,0,0,0
"S82433D","V5416","10000",1,0,0,0,0
"S82433E","V5416","10000",1,0,0,0,0
"S82433F","V5416","10000",1,0,0,0,0
"S82433G","V5416","10000",1,0,0,0,0
"S82433H","V5416","10000",1,0,0,0,0
"S82433J","V5416","10000",1,0,0,0,0
"S82433K","73382","10000",1,0,0,0,0
"S82433M","73382","10000",1,0,0,0,0
"S82433N","73382","10000",1,0,0,0,0
"S82433P","73381","10000",1,0,0,0,0
"S82433Q","73381","10000",1,0,0,0,0
"S82433R","73381","10000",1,0,0,0,0
"S82433S","9054","10000",1,0,0,0,0
"S82434A","82321","10000",1,0,0,0,0
"S82434B","82331","10000",1,0,0,0,0
"S82434C","82331","10000",1,0,0,0,0
"S82434D","V5416","10000",1,0,0,0,0
"S82434E","V5416","10000",1,0,0,0,0
"S82434F","V5416","10000",1,0,0,0,0
"S82434G","V5416","10000",1,0,0,0,0
"S82434H","V5416","10000",1,0,0,0,0
"S82434J","V5416","10000",1,0,0,0,0
"S82434K","73382","10000",1,0,0,0,0
"S82434M","73382","10000",1,0,0,0,0
"S82434N","73382","10000",1,0,0,0,0
"S82434P","73381","10000",1,0,0,0,0
"S82434Q","73381","10000",1,0,0,0,0
"S82434R","73381","10000",1,0,0,0,0
"S82434S","9054","10000",1,0,0,0,0
"S82435A","82321","10000",1,0,0,0,0
"S82435B","82331","10000",1,0,0,0,0
"S82435C","82331","10000",1,0,0,0,0
"S82435D","V5416","10000",1,0,0,0,0
"S82435E","V5416","10000",1,0,0,0,0
"S82435F","V5416","10000",1,0,0,0,0
"S82435G","V5416","10000",1,0,0,0,0
"S82435H","V5416","10000",1,0,0,0,0
"S82435J","V5416","10000",1,0,0,0,0
"S82435K","73382","10000",1,0,0,0,0
"S82435M","73382","10000",1,0,0,0,0
"S82435N","73382","10000",1,0,0,0,0
"S82435P","73381","10000",1,0,0,0,0
"S82435Q","73381","10000",1,0,0,0,0
"S82435R","73381","10000",1,0,0,0,0
"S82435S","9054","10000",1,0,0,0,0
"S82436A","82321","10000",1,0,0,0,0
"S82436B","82331","10000",1,0,0,0,0
"S82436C","82331","10000",1,0,0,0,0
"S82436D","V5416","10000",1,0,0,0,0
"S82436E","V5416","10000",1,0,0,0,0
"S82436F","V5416","10000",1,0,0,0,0
"S82436G","V5416","10000",1,0,0,0,0
"S82436H","V5416","10000",1,0,0,0,0
"S82436J","V5416","10000",1,0,0,0,0
"S82436K","73382","10000",1,0,0,0,0
"S82436M","73382","10000",1,0,0,0,0
"S82436N","73382","10000",1,0,0,0,0
"S82436P","73381","10000",1,0,0,0,0
"S82436Q","73381","10000",1,0,0,0,0
"S82436R","73381","10000",1,0,0,0,0
"S82436S","9054","10000",1,0,0,0,0
"S82441A","82321","10000",1,0,0,0,0
"S82441B","82331","10000",1,0,0,0,0
"S82441C","82331","10000",1,0,0,0,0
"S82441D","V5416","10000",1,0,0,0,0
"S82441E","V5416","10000",1,0,0,0,0
"S82441F","V5416","10000",1,0,0,0,0
"S82441G","V5416","10000",1,0,0,0,0
"S82441H","V5416","10000",1,0,0,0,0
"S82441J","V5416","10000",1,0,0,0,0
"S82441K","73382","10000",1,0,0,0,0
"S82441M","73382","10000",1,0,0,0,0
"S82441N","73382","10000",1,0,0,0,0
"S82441P","73381","10000",1,0,0,0,0
"S82441Q","73381","10000",1,0,0,0,0
"S82441R","73381","10000",1,0,0,0,0
"S82441S","9054","10000",1,0,0,0,0
"S82442A","82321","10000",1,0,0,0,0
"S82442B","82331","10000",1,0,0,0,0
"S82442C","82331","10000",1,0,0,0,0
"S82442D","V5416","10000",1,0,0,0,0
"S82442E","V5416","10000",1,0,0,0,0
"S82442F","V5416","10000",1,0,0,0,0
"S82442G","V5416","10000",1,0,0,0,0
"S82442H","V5416","10000",1,0,0,0,0
"S82442J","V5416","10000",1,0,0,0,0
"S82442K","73382","10000",1,0,0,0,0
"S82442M","73382","10000",1,0,0,0,0
"S82442N","73382","10000",1,0,0,0,0
"S82442P","73381","10000",1,0,0,0,0
"S82442Q","73381","10000",1,0,0,0,0
"S82442R","73381","10000",1,0,0,0,0
"S82442S","9054","10000",1,0,0,0,0
"S82443A","82321","10000",1,0,0,0,0
"S82443B","82331","10000",1,0,0,0,0
"S82443C","82331","10000",1,0,0,0,0
"S82443D","V5416","10000",1,0,0,0,0
"S82443E","V5416","10000",1,0,0,0,0
"S82443F","V5416","10000",1,0,0,0,0
"S82443G","V5416","10000",1,0,0,0,0
"S82443H","V5416","10000",1,0,0,0,0
"S82443J","V5416","10000",1,0,0,0,0
"S82443K","73382","10000",1,0,0,0,0
"S82443M","73382","10000",1,0,0,0,0
"S82443N","73382","10000",1,0,0,0,0
"S82443P","73381","10000",1,0,0,0,0
"S82443Q","73381","10000",1,0,0,0,0
"S82443R","73381","10000",1,0,0,0,0
"S82443S","9054","10000",1,0,0,0,0
"S82444A","82321","10000",1,0,0,0,0
"S82444B","82331","10000",1,0,0,0,0
"S82444C","82331","10000",1,0,0,0,0
"S82444D","V5416","10000",1,0,0,0,0
"S82444E","V5416","10000",1,0,0,0,0
"S82444F","V5416","10000",1,0,0,0,0
"S82444G","V5416","10000",1,0,0,0,0
"S82444H","V5416","10000",1,0,0,0,0
"S82444J","V5416","10000",1,0,0,0,0
"S82444K","73382","10000",1,0,0,0,0
"S82444M","73382","10000",1,0,0,0,0
"S82444N","73382","10000",1,0,0,0,0
"S82444P","73381","10000",1,0,0,0,0
"S82444Q","73381","10000",1,0,0,0,0
"S82444R","73381","10000",1,0,0,0,0
"S82444S","9054","10000",1,0,0,0,0
"S82445A","82321","10000",1,0,0,0,0
"S82445B","82331","10000",1,0,0,0,0
"S82445C","82331","10000",1,0,0,0,0
"S82445D","V5416","10000",1,0,0,0,0
"S82445E","V5416","10000",1,0,0,0,0
"S82445F","V5416","10000",1,0,0,0,0
"S82445G","V5416","10000",1,0,0,0,0
"S82445H","V5416","10000",1,0,0,0,0
"S82445J","V5416","10000",1,0,0,0,0
"S82445K","73382","10000",1,0,0,0,0
"S82445M","73382","10000",1,0,0,0,0
"S82445N","73382","10000",1,0,0,0,0
"S82445P","73381","10000",1,0,0,0,0
"S82445Q","73381","10000",1,0,0,0,0
"S82445R","73381","10000",1,0,0,0,0
"S82445S","9054","10000",1,0,0,0,0
"S82446A","82321","10000",1,0,0,0,0
"S82446B","82331","10000",1,0,0,0,0
"S82446C","82331","10000",1,0,0,0,0
"S82446D","V5416","10000",1,0,0,0,0
"S82446E","V5416","10000",1,0,0,0,0
"S82446F","V5416","10000",1,0,0,0,0
"S82446G","V5416","10000",1,0,0,0,0
"S82446H","V5416","10000",1,0,0,0,0
"S82446J","V5416","10000",1,0,0,0,0
"S82446K","73382","10000",1,0,0,0,0
"S82446M","73382","10000",1,0,0,0,0
"S82446N","73382","10000",1,0,0,0,0
"S82446P","73381","10000",1,0,0,0,0
"S82446Q","73381","10000",1,0,0,0,0
"S82446R","73381","10000",1,0,0,0,0
"S82446S","9054","10000",1,0,0,0,0
"S82451A","82321","10000",1,0,0,0,0
"S82451B","82331","10000",1,0,0,0,0
"S82451C","82331","10000",1,0,0,0,0
"S82451D","V5416","10000",1,0,0,0,0
"S82451E","V5416","10000",1,0,0,0,0
"S82451F","V5416","10000",1,0,0,0,0
"S82451G","V5416","10000",1,0,0,0,0
"S82451H","V5416","10000",1,0,0,0,0
"S82451J","V5416","10000",1,0,0,0,0
"S82451K","73382","10000",1,0,0,0,0
"S82451M","73382","10000",1,0,0,0,0
"S82451N","73382","10000",1,0,0,0,0
"S82451P","73381","10000",1,0,0,0,0
"S82451Q","73381","10000",1,0,0,0,0
"S82451R","73381","10000",1,0,0,0,0
"S82451S","9054","10000",1,0,0,0,0
"S82452A","82321","10000",1,0,0,0,0
"S82452B","82331","10000",1,0,0,0,0
"S82452C","82331","10000",1,0,0,0,0
"S82452D","V5416","10000",1,0,0,0,0
"S82452E","V5416","10000",1,0,0,0,0
"S82452F","V5416","10000",1,0,0,0,0
"S82452G","V5416","10000",1,0,0,0,0
"S82452H","V5416","10000",1,0,0,0,0
"S82452J","V5416","10000",1,0,0,0,0
"S82452K","73382","10000",1,0,0,0,0
"S82452M","73382","10000",1,0,0,0,0
"S82452N","73382","10000",1,0,0,0,0
"S82452P","73381","10000",1,0,0,0,0
"S82452Q","73381","10000",1,0,0,0,0
"S82452R","73381","10000",1,0,0,0,0
"S82452S","9054","10000",1,0,0,0,0
"S82453A","82321","10000",1,0,0,0,0
"S82453B","82331","10000",1,0,0,0,0
"S82453C","82331","10000",1,0,0,0,0
"S82453D","V5416","10000",1,0,0,0,0
"S82453E","V5416","10000",1,0,0,0,0
"S82453F","V5416","10000",1,0,0,0,0
"S82453G","V5416","10000",1,0,0,0,0
"S82453H","V5416","10000",1,0,0,0,0
"S82453J","V5416","10000",1,0,0,0,0
"S82453K","73382","10000",1,0,0,0,0
"S82453M","73382","10000",1,0,0,0,0
"S82453N","73382","10000",1,0,0,0,0
"S82453P","73381","10000",1,0,0,0,0
"S82453Q","73381","10000",1,0,0,0,0
"S82453R","73381","10000",1,0,0,0,0
"S82453S","9054","10000",1,0,0,0,0
"S82454A","82321","10000",1,0,0,0,0
"S82454B","82331","10000",1,0,0,0,0
"S82454C","82331","10000",1,0,0,0,0
"S82454D","V5416","10000",1,0,0,0,0
"S82454E","V5416","10000",1,0,0,0,0
"S82454F","V5416","10000",1,0,0,0,0
"S82454G","V5416","10000",1,0,0,0,0
"S82454H","V5416","10000",1,0,0,0,0
"S82454J","V5416","10000",1,0,0,0,0
"S82454K","73382","10000",1,0,0,0,0
"S82454M","73382","10000",1,0,0,0,0
"S82454N","73382","10000",1,0,0,0,0
"S82454P","73381","10000",1,0,0,0,0
"S82454Q","73381","10000",1,0,0,0,0
"S82454R","73381","10000",1,0,0,0,0
"S82454S","9054","10000",1,0,0,0,0
"S82455A","82321","10000",1,0,0,0,0
"S82455B","82331","10000",1,0,0,0,0
"S82455C","82331","10000",1,0,0,0,0
"S82455D","V5416","10000",1,0,0,0,0
"S82455E","V5416","10000",1,0,0,0,0
"S82455F","V5416","10000",1,0,0,0,0
"S82455G","V5416","10000",1,0,0,0,0
"S82455H","V5416","10000",1,0,0,0,0
"S82455J","V5416","10000",1,0,0,0,0
"S82455K","73382","10000",1,0,0,0,0
"S82455M","73382","10000",1,0,0,0,0
"S82455N","73382","10000",1,0,0,0,0
"S82455P","73381","10000",1,0,0,0,0
"S82455Q","73381","10000",1,0,0,0,0
"S82455R","73381","10000",1,0,0,0,0
"S82455S","9054","10000",1,0,0,0,0
"S82456A","82321","10000",1,0,0,0,0
"S82456B","82331","10000",1,0,0,0,0
"S82456C","82331","10000",1,0,0,0,0
"S82456D","V5416","10000",1,0,0,0,0
"S82456E","V5416","10000",1,0,0,0,0
"S82456F","V5416","10000",1,0,0,0,0
"S82456G","V5416","10000",1,0,0,0,0
"S82456H","V5416","10000",1,0,0,0,0
"S82456J","V5416","10000",1,0,0,0,0
"S82456K","73382","10000",1,0,0,0,0
"S82456M","73382","10000",1,0,0,0,0
"S82456N","73382","10000",1,0,0,0,0
"S82456P","73381","10000",1,0,0,0,0
"S82456Q","73381","10000",1,0,0,0,0
"S82456R","73381","10000",1,0,0,0,0
"S82456S","9054","10000",1,0,0,0,0
"S82461A","82321","10000",1,0,0,0,0
"S82461B","82331","10000",1,0,0,0,0
"S82461C","82331","10000",1,0,0,0,0
"S82461D","V5416","10000",1,0,0,0,0
"S82461E","V5416","10000",1,0,0,0,0
"S82461F","V5416","10000",1,0,0,0,0
"S82461G","V5416","10000",1,0,0,0,0
"S82461H","V5416","10000",1,0,0,0,0
"S82461J","V5416","10000",1,0,0,0,0
"S82461K","73382","10000",1,0,0,0,0
"S82461M","73382","10000",1,0,0,0,0
"S82461N","73382","10000",1,0,0,0,0
"S82461P","73381","10000",1,0,0,0,0
"S82461Q","73381","10000",1,0,0,0,0
"S82461R","73381","10000",1,0,0,0,0
"S82461S","9054","10000",1,0,0,0,0
"S82462A","82321","10000",1,0,0,0,0
"S82462B","82331","10000",1,0,0,0,0
"S82462C","82331","10000",1,0,0,0,0
"S82462D","V5416","10000",1,0,0,0,0
"S82462E","V5416","10000",1,0,0,0,0
"S82462F","V5416","10000",1,0,0,0,0
"S82462G","V5416","10000",1,0,0,0,0
"S82462H","V5416","10000",1,0,0,0,0
"S82462J","V5416","10000",1,0,0,0,0
"S82462K","73382","10000",1,0,0,0,0
"S82462M","73382","10000",1,0,0,0,0
"S82462N","73382","10000",1,0,0,0,0
"S82462P","73381","10000",1,0,0,0,0
"S82462Q","73381","10000",1,0,0,0,0
"S82462R","73381","10000",1,0,0,0,0
"S82462S","9054","10000",1,0,0,0,0
"S82463A","82321","10000",1,0,0,0,0
"S82463B","82331","10000",1,0,0,0,0
"S82463C","82331","10000",1,0,0,0,0
"S82463D","V5416","10000",1,0,0,0,0
"S82463E","V5416","10000",1,0,0,0,0
"S82463F","V5416","10000",1,0,0,0,0
"S82463G","V5416","10000",1,0,0,0,0
"S82463H","V5416","10000",1,0,0,0,0
"S82463J","V5416","10000",1,0,0,0,0
"S82463K","73382","10000",1,0,0,0,0
"S82463M","73382","10000",1,0,0,0,0
"S82463N","73382","10000",1,0,0,0,0
"S82463P","73381","10000",1,0,0,0,0
"S82463Q","73381","10000",1,0,0,0,0
"S82463R","73381","10000",1,0,0,0,0
"S82463S","9054","10000",1,0,0,0,0
"S82464A","82321","10000",1,0,0,0,0
"S82464B","82331","10000",1,0,0,0,0
"S82464C","82331","10000",1,0,0,0,0
"S82464D","V5416","10000",1,0,0,0,0
"S82464E","V5416","10000",1,0,0,0,0
"S82464F","V5416","10000",1,0,0,0,0
"S82464G","V5416","10000",1,0,0,0,0
"S82464H","V5416","10000",1,0,0,0,0
"S82464J","V5416","10000",1,0,0,0,0
"S82464K","73382","10000",1,0,0,0,0
"S82464M","73382","10000",1,0,0,0,0
"S82464N","73382","10000",1,0,0,0,0
"S82464P","73381","10000",1,0,0,0,0
"S82464Q","73381","10000",1,0,0,0,0
"S82464R","73381","10000",1,0,0,0,0
"S82464S","9054","10000",1,0,0,0,0
"S82465A","82321","10000",1,0,0,0,0
"S82465B","82331","10000",1,0,0,0,0
"S82465C","82331","10000",1,0,0,0,0
"S82465D","V5416","10000",1,0,0,0,0
"S82465E","V5416","10000",1,0,0,0,0
"S82465F","V5416","10000",1,0,0,0,0
"S82465G","V5416","10000",1,0,0,0,0
"S82465H","V5416","10000",1,0,0,0,0
"S82465J","V5416","10000",1,0,0,0,0
"S82465K","73382","10000",1,0,0,0,0
"S82465M","73382","10000",1,0,0,0,0
"S82465N","73382","10000",1,0,0,0,0
"S82465P","73381","10000",1,0,0,0,0
"S82465Q","73381","10000",1,0,0,0,0
"S82465R","73381","10000",1,0,0,0,0
"S82465S","9054","10000",1,0,0,0,0
"S82466A","82321","10000",1,0,0,0,0
"S82466B","82331","10000",1,0,0,0,0
"S82466C","82331","10000",1,0,0,0,0
"S82466D","V5416","10000",1,0,0,0,0
"S82466E","V5416","10000",1,0,0,0,0
"S82466F","V5416","10000",1,0,0,0,0
"S82466G","V5416","10000",1,0,0,0,0
"S82466H","V5416","10000",1,0,0,0,0
"S82466J","V5416","10000",1,0,0,0,0
"S82466K","73382","10000",1,0,0,0,0
"S82466M","73382","10000",1,0,0,0,0
"S82466N","73382","10000",1,0,0,0,0
"S82466P","73381","10000",1,0,0,0,0
"S82466Q","73381","10000",1,0,0,0,0
"S82466R","73381","10000",1,0,0,0,0
"S82466S","9054","10000",1,0,0,0,0
"S82491A","82321","10000",1,0,0,0,0
"S82491B","82331","10000",1,0,0,0,0
"S82491C","82331","10000",1,0,0,0,0
"S82491D","V5416","10000",1,0,0,0,0
"S82491E","V5416","10000",1,0,0,0,0
"S82491F","V5416","10000",1,0,0,0,0
"S82491G","V5416","10000",1,0,0,0,0
"S82491H","V5416","10000",1,0,0,0,0
"S82491J","V5416","10000",1,0,0,0,0
"S82491K","73382","10000",1,0,0,0,0
"S82491M","73382","10000",1,0,0,0,0
"S82491N","73382","10000",1,0,0,0,0
"S82491P","73381","10000",1,0,0,0,0
"S82491Q","73381","10000",1,0,0,0,0
"S82491R","73381","10000",1,0,0,0,0
"S82491S","9054","10000",1,0,0,0,0
"S82492A","82321","10000",1,0,0,0,0
"S82492B","82331","10000",1,0,0,0,0
"S82492C","82331","10000",1,0,0,0,0
"S82492D","V5416","10000",1,0,0,0,0
"S82492E","V5416","10000",1,0,0,0,0
"S82492F","V5416","10000",1,0,0,0,0
"S82492G","V5416","10000",1,0,0,0,0
"S82492H","V5416","10000",1,0,0,0,0
"S82492J","V5416","10000",1,0,0,0,0
"S82492K","73382","10000",1,0,0,0,0
"S82492M","73382","10000",1,0,0,0,0
"S82492N","73382","10000",1,0,0,0,0
"S82492P","73381","10000",1,0,0,0,0
"S82492Q","73381","10000",1,0,0,0,0
"S82492R","73381","10000",1,0,0,0,0
"S82492S","9054","10000",1,0,0,0,0
"S82499A","82321","10000",1,0,0,0,0
"S82499B","82331","10000",1,0,0,0,0
"S82499C","82331","10000",1,0,0,0,0
"S82499D","V5416","10000",1,0,0,0,0
"S82499E","V5416","10000",1,0,0,0,0
"S82499F","V5416","10000",1,0,0,0,0
"S82499G","V5416","10000",1,0,0,0,0
"S82499H","V5416","10000",1,0,0,0,0
"S82499J","V5416","10000",1,0,0,0,0
"S82499K","73382","10000",1,0,0,0,0
"S82499M","73382","10000",1,0,0,0,0
"S82499N","73382","10000",1,0,0,0,0
"S82499P","73381","10000",1,0,0,0,0
"S82499Q","73381","10000",1,0,0,0,0
"S82499R","73381","10000",1,0,0,0,0
"S82499S","9054","10000",1,0,0,0,0
"S8251XA","8240","10000",1,0,0,0,0
"S8251XB","8241","10000",1,0,0,0,0
"S8251XC","8241","10000",1,0,0,0,0
"S8251XD","V5416","10000",1,0,0,0,0
"S8251XE","V5416","10000",1,0,0,0,0
"S8251XF","V5416","10000",1,0,0,0,0
"S8251XG","V5416","10000",1,0,0,0,0
"S8251XH","V5416","10000",1,0,0,0,0
"S8251XJ","V5416","10000",1,0,0,0,0
"S8251XK","73382","10000",1,0,0,0,0
"S8251XM","73382","10000",1,0,0,0,0
"S8251XN","73382","10000",1,0,0,0,0
"S8251XP","73381","10000",1,0,0,0,0
"S8251XQ","73381","10000",1,0,0,0,0
"S8251XR","73381","10000",1,0,0,0,0
"S8251XS","9054","10000",1,0,0,0,0
"S8252XA","8240","10000",1,0,0,0,0
"S8252XB","8241","10000",1,0,0,0,0
"S8252XC","8241","10000",1,0,0,0,0
"S8252XD","V5416","10000",1,0,0,0,0
"S8252XE","V5416","10000",1,0,0,0,0
"S8252XF","V5416","10000",1,0,0,0,0
"S8252XG","V5416","10000",1,0,0,0,0
"S8252XH","V5416","10000",1,0,0,0,0
"S8252XJ","V5416","10000",1,0,0,0,0
"S8252XK","73382","10000",1,0,0,0,0
"S8252XM","73382","10000",1,0,0,0,0
"S8252XN","73382","10000",1,0,0,0,0
"S8252XP","73381","10000",1,0,0,0,0
"S8252XQ","73381","10000",1,0,0,0,0
"S8252XR","73381","10000",1,0,0,0,0
"S8252XS","9054","10000",1,0,0,0,0
"S8253XA","8240","10000",1,0,0,0,0
"S8253XB","8241","10000",1,0,0,0,0
"S8253XC","8241","10000",1,0,0,0,0
"S8253XD","V5416","10000",1,0,0,0,0
"S8253XE","V5416","10000",1,0,0,0,0
"S8253XF","V5416","10000",1,0,0,0,0
"S8253XG","V5416","10000",1,0,0,0,0
"S8253XH","V5416","10000",1,0,0,0,0
"S8253XJ","V5416","10000",1,0,0,0,0
"S8253XK","73382","10000",1,0,0,0,0
"S8253XM","73382","10000",1,0,0,0,0
"S8253XN","73382","10000",1,0,0,0,0
"S8253XP","73381","10000",1,0,0,0,0
"S8253XQ","73381","10000",1,0,0,0,0
"S8253XR","73381","10000",1,0,0,0,0
"S8253XS","9054","10000",1,0,0,0,0
"S8254XA","8240","10000",1,0,0,0,0
"S8254XB","8241","10000",1,0,0,0,0
"S8254XC","8241","10000",1,0,0,0,0
"S8254XD","V5416","10000",1,0,0,0,0
"S8254XE","V5416","10000",1,0,0,0,0
"S8254XF","V5416","10000",1,0,0,0,0
"S8254XG","V5416","10000",1,0,0,0,0
"S8254XH","V5416","10000",1,0,0,0,0
"S8254XJ","V5416","10000",1,0,0,0,0
"S8254XK","73382","10000",1,0,0,0,0
"S8254XM","73382","10000",1,0,0,0,0
"S8254XN","73382","10000",1,0,0,0,0
"S8254XP","73381","10000",1,0,0,0,0
"S8254XQ","73381","10000",1,0,0,0,0
"S8254XR","73381","10000",1,0,0,0,0
"S8254XS","9054","10000",1,0,0,0,0
"S8255XA","8240","10000",1,0,0,0,0
"S8255XB","8241","10000",1,0,0,0,0
"S8255XC","8241","10000",1,0,0,0,0
"S8255XD","V5416","10000",1,0,0,0,0
"S8255XE","V5416","10000",1,0,0,0,0
"S8255XF","V5416","10000",1,0,0,0,0
"S8255XG","V5416","10000",1,0,0,0,0
"S8255XH","V5416","10000",1,0,0,0,0
"S8255XJ","V5416","10000",1,0,0,0,0
"S8255XK","73382","10000",1,0,0,0,0
"S8255XM","73382","10000",1,0,0,0,0
"S8255XN","73382","10000",1,0,0,0,0
"S8255XP","73381","10000",1,0,0,0,0
"S8255XQ","73381","10000",1,0,0,0,0
"S8255XR","73381","10000",1,0,0,0,0
"S8255XS","9054","10000",1,0,0,0,0
"S8256XA","8240","10000",1,0,0,0,0
"S8256XB","8241","10000",1,0,0,0,0
"S8256XC","8241","10000",1,0,0,0,0
"S8256XD","V5416","10000",1,0,0,0,0
"S8256XE","V5416","10000",1,0,0,0,0
"S8256XF","V5416","10000",1,0,0,0,0
"S8256XG","V5416","10000",1,0,0,0,0
"S8256XH","V5416","10000",1,0,0,0,0
"S8256XJ","V5416","10000",1,0,0,0,0
"S8256XK","73382","10000",1,0,0,0,0
"S8256XM","73382","10000",1,0,0,0,0
"S8256XN","73382","10000",1,0,0,0,0
"S8256XP","73381","10000",1,0,0,0,0
"S8256XQ","73381","10000",1,0,0,0,0
"S8256XR","73381","10000",1,0,0,0,0
"S8256XS","9054","10000",1,0,0,0,0
"S8261XA","8242","10000",1,0,0,0,0
"S8261XB","8243","10000",1,0,0,0,0
"S8261XC","8243","10000",1,0,0,0,0
"S8261XD","V5416","10000",1,0,0,0,0
"S8261XE","V5416","10000",1,0,0,0,0
"S8261XF","V5416","10000",1,0,0,0,0
"S8261XG","V5416","10000",1,0,0,0,0
"S8261XH","V5416","10000",1,0,0,0,0
"S8261XJ","V5416","10000",1,0,0,0,0
"S8261XK","73382","10000",1,0,0,0,0
"S8261XM","73382","10000",1,0,0,0,0
"S8261XN","73382","10000",1,0,0,0,0
"S8261XP","73381","10000",1,0,0,0,0
"S8261XQ","73381","10000",1,0,0,0,0
"S8261XR","73381","10000",1,0,0,0,0
"S8261XS","9054","10000",1,0,0,0,0
"S8262XA","8242","10000",1,0,0,0,0
"S8262XB","8243","10000",1,0,0,0,0
"S8262XC","8243","10000",1,0,0,0,0
"S8262XD","V5416","10000",1,0,0,0,0
"S8262XE","V5416","10000",1,0,0,0,0
"S8262XF","V5416","10000",1,0,0,0,0
"S8262XG","V5416","10000",1,0,0,0,0
"S8262XH","V5416","10000",1,0,0,0,0
"S8262XJ","V5416","10000",1,0,0,0,0
"S8262XK","73382","10000",1,0,0,0,0
"S8262XM","73382","10000",1,0,0,0,0
"S8262XN","73382","10000",1,0,0,0,0
"S8262XP","73381","10000",1,0,0,0,0
"S8262XQ","73381","10000",1,0,0,0,0
"S8262XR","73381","10000",1,0,0,0,0
"S8262XS","9054","10000",1,0,0,0,0
"S8263XA","8242","10000",1,0,0,0,0
"S8263XB","8243","10000",1,0,0,0,0
"S8263XC","8243","10000",1,0,0,0,0
"S8263XD","V5416","10000",1,0,0,0,0
"S8263XE","V5416","10000",1,0,0,0,0
"S8263XF","V5416","10000",1,0,0,0,0
"S8263XG","V5416","10000",1,0,0,0,0
"S8263XH","V5416","10000",1,0,0,0,0
"S8263XJ","V5416","10000",1,0,0,0,0
"S8263XK","73382","10000",1,0,0,0,0
"S8263XM","73382","10000",1,0,0,0,0
"S8263XN","73382","10000",1,0,0,0,0
"S8263XP","73381","10000",1,0,0,0,0
"S8263XQ","73381","10000",1,0,0,0,0
"S8263XR","73381","10000",1,0,0,0,0
"S8263XS","9054","10000",1,0,0,0,0
"S8264XA","8242","10000",1,0,0,0,0
"S8264XB","8243","10000",1,0,0,0,0
"S8264XC","8243","10000",1,0,0,0,0
"S8264XD","V5416","10000",1,0,0,0,0
"S8264XE","V5416","10000",1,0,0,0,0
"S8264XF","V5416","10000",1,0,0,0,0
"S8264XG","V5416","10000",1,0,0,0,0
"S8264XH","V5416","10000",1,0,0,0,0
"S8264XJ","V5416","10000",1,0,0,0,0
"S8264XK","73382","10000",1,0,0,0,0
"S8264XM","73382","10000",1,0,0,0,0
"S8264XN","73382","10000",1,0,0,0,0
"S8264XP","73381","10000",1,0,0,0,0
"S8264XQ","73381","10000",1,0,0,0,0
"S8264XR","73381","10000",1,0,0,0,0
"S8264XS","9054","10000",1,0,0,0,0
"S8265XA","8242","10000",1,0,0,0,0
"S8265XB","8243","10000",1,0,0,0,0
"S8265XC","8243","10000",1,0,0,0,0
"S8265XD","V5416","10000",1,0,0,0,0
"S8265XE","V5416","10000",1,0,0,0,0
"S8265XF","V5416","10000",1,0,0,0,0
"S8265XG","V5416","10000",1,0,0,0,0
"S8265XH","V5416","10000",1,0,0,0,0
"S8265XJ","V5416","10000",1,0,0,0,0
"S8265XK","73382","10000",1,0,0,0,0
"S8265XM","73382","10000",1,0,0,0,0
"S8265XN","73382","10000",1,0,0,0,0
"S8265XP","73381","10000",1,0,0,0,0
"S8265XQ","73381","10000",1,0,0,0,0
"S8265XR","73381","10000",1,0,0,0,0
"S8265XS","9054","10000",1,0,0,0,0
"S8266XA","8242","10000",1,0,0,0,0
"S8266XB","8243","10000",1,0,0,0,0
"S8266XC","8243","10000",1,0,0,0,0
"S8266XD","V5416","10000",1,0,0,0,0
"S8266XE","V5416","10000",1,0,0,0,0
"S8266XF","V5416","10000",1,0,0,0,0
"S8266XG","V5416","10000",1,0,0,0,0
"S8266XH","V5416","10000",1,0,0,0,0
"S8266XJ","V5416","10000",1,0,0,0,0
"S8266XK","73382","10000",1,0,0,0,0
"S8266XM","73382","10000",1,0,0,0,0
"S8266XN","73382","10000",1,0,0,0,0
"S8266XP","73381","10000",1,0,0,0,0
"S8266XQ","73381","10000",1,0,0,0,0
"S8266XR","73381","10000",1,0,0,0,0
"S8266XS","9054","10000",1,0,0,0,0
"S82811A","82341","10000",1,0,0,0,0
"S82811D","V5416","10000",1,0,0,0,0
"S82811G","V5416","10000",1,0,0,0,0
"S82811K","73382","10000",1,0,0,0,0
"S82811P","73381","10000",1,0,0,0,0
"S82811S","9054","10000",1,0,0,0,0
"S82812A","82341","10000",1,0,0,0,0
"S82812D","V5416","10000",1,0,0,0,0
"S82812G","V5416","10000",1,0,0,0,0
"S82812K","73382","10000",1,0,0,0,0
"S82812P","73381","10000",1,0,0,0,0
"S82812S","9054","10000",1,0,0,0,0
"S82819A","82341","10000",1,0,0,0,0
"S82819D","V5416","10000",1,0,0,0,0
"S82819G","V5416","10000",1,0,0,0,0
"S82819K","73382","10000",1,0,0,0,0
"S82819P","73381","10000",1,0,0,0,0
"S82819S","9054","10000",1,0,0,0,0
"S82821A","82341","10000",1,0,0,0,0
"S82821D","V5416","10000",1,0,0,0,0
"S82821G","V5416","10000",1,0,0,0,0
"S82821K","73382","10000",1,0,0,0,0
"S82821P","73381","10000",1,0,0,0,0
"S82821S","9054","10000",1,0,0,0,0
"S82822A","82341","10000",1,0,0,0,0
"S82822D","V5416","10000",1,0,0,0,0
"S82822G","V5416","10000",1,0,0,0,0
"S82822K","73382","10000",1,0,0,0,0
"S82822P","73381","10000",1,0,0,0,0
"S82822S","9054","10000",1,0,0,0,0
"S82829A","82341","10000",1,0,0,0,0
"S82829D","V5416","10000",1,0,0,0,0
"S82829G","V5416","10000",1,0,0,0,0
"S82829K","73382","10000",1,0,0,0,0
"S82829P","73381","10000",1,0,0,0,0
"S82829S","9054","10000",1,0,0,0,0
"S82831A","82301","10000",1,0,0,0,0
"S82831B","82311","10000",1,0,0,0,0
"S82831C","82311","10000",1,0,0,0,0
"S82831D","V5416","10000",1,0,0,0,0
"S82831E","V5416","10000",1,0,0,0,0
"S82831F","V5416","10000",1,0,0,0,0
"S82831G","V5416","10000",1,0,0,0,0
"S82831H","V5416","10000",1,0,0,0,0
"S82831J","V5416","10000",1,0,0,0,0
"S82831K","73382","10000",1,0,0,0,0
"S82831M","73382","10000",1,0,0,0,0
"S82831N","73382","10000",1,0,0,0,0
"S82831P","73381","10000",1,0,0,0,0
"S82831Q","73381","10000",1,0,0,0,0
"S82831R","73381","10000",1,0,0,0,0
"S82831S","9054","10000",1,0,0,0,0
"S82832A","82301","10000",1,0,0,0,0
"S82832B","82311","10000",1,0,0,0,0
"S82832C","82311","10000",1,0,0,0,0
"S82832D","V5416","10000",1,0,0,0,0
"S82832E","V5416","10000",1,0,0,0,0
"S82832F","V5416","10000",1,0,0,0,0
"S82832G","V5416","10000",1,0,0,0,0
"S82832H","V5416","10000",1,0,0,0,0
"S82832J","V5416","10000",1,0,0,0,0
"S82832K","73382","10000",1,0,0,0,0
"S82832M","73382","10000",1,0,0,0,0
"S82832N","73382","10000",1,0,0,0,0
"S82832P","73381","10000",1,0,0,0,0
"S82832Q","73381","10000",1,0,0,0,0
"S82832R","73381","10000",1,0,0,0,0
"S82832S","9054","10000",1,0,0,0,0
"S82839A","82301","10000",1,0,0,0,0
"S82839B","82311","10000",1,0,0,0,0
"S82839C","82311","10000",1,0,0,0,0
"S82839D","V5416","10000",1,0,0,0,0
"S82839E","V5416","10000",1,0,0,0,0
"S82839F","V5416","10000",1,0,0,0,0
"S82839G","V5416","10000",1,0,0,0,0
"S82839H","V5416","10000",1,0,0,0,0
"S82839J","V5416","10000",1,0,0,0,0
"S82839K","73382","10000",1,0,0,0,0
"S82839M","73382","10000",1,0,0,0,0
"S82839N","73382","10000",1,0,0,0,0
"S82839P","73381","10000",1,0,0,0,0
"S82839Q","73381","10000",1,0,0,0,0
"S82839R","73381","10000",1,0,0,0,0
"S82839S","9054","10000",1,0,0,0,0
"S82841A","8244","10000",1,0,0,0,0
"S82841B","8245","10000",1,0,0,0,0
"S82841C","8245","10000",1,0,0,0,0
"S82841D","V5416","10000",1,0,0,0,0
"S82841E","V5416","10000",1,0,0,0,0
"S82841F","V5416","10000",1,0,0,0,0
"S82841G","V5416","10000",1,0,0,0,0
"S82841H","V5416","10000",1,0,0,0,0
"S82841J","V5416","10000",1,0,0,0,0
"S82841K","73382","10000",1,0,0,0,0
"S82841M","73382","10000",1,0,0,0,0
"S82841N","73382","10000",1,0,0,0,0
"S82841P","73381","10000",1,0,0,0,0
"S82841Q","73381","10000",1,0,0,0,0
"S82841R","73381","10000",1,0,0,0,0
"S82841S","9054","10000",1,0,0,0,0
"S82842A","8244","10000",1,0,0,0,0
"S82842B","8245","10000",1,0,0,0,0
"S82842C","8245","10000",1,0,0,0,0
"S82842D","V5416","10000",1,0,0,0,0
"S82842E","V5416","10000",1,0,0,0,0
"S82842F","V5416","10000",1,0,0,0,0
"S82842G","V5416","10000",1,0,0,0,0
"S82842H","V5416","10000",1,0,0,0,0
"S82842J","V5416","10000",1,0,0,0,0
"S82842K","73382","10000",1,0,0,0,0
"S82842M","73382","10000",1,0,0,0,0
"S82842N","73382","10000",1,0,0,0,0
"S82842P","73381","10000",1,0,0,0,0
"S82842Q","73381","10000",1,0,0,0,0
"S82842R","73381","10000",1,0,0,0,0
"S82842S","9054","10000",1,0,0,0,0
"S82843A","8244","10000",1,0,0,0,0
"S82843B","8245","10000",1,0,0,0,0
"S82843C","8245","10000",1,0,0,0,0
"S82843D","V5416","10000",1,0,0,0,0
"S82843E","V5416","10000",1,0,0,0,0
"S82843F","V5416","10000",1,0,0,0,0
"S82843G","V5416","10000",1,0,0,0,0
"S82843H","V5416","10000",1,0,0,0,0
"S82843J","V5416","10000",1,0,0,0,0
"S82843K","73382","10000",1,0,0,0,0
"S82843M","73382","10000",1,0,0,0,0
"S82843N","73382","10000",1,0,0,0,0
"S82843P","73381","10000",1,0,0,0,0
"S82843Q","73381","10000",1,0,0,0,0
"S82843R","73381","10000",1,0,0,0,0
"S82843S","9054","10000",1,0,0,0,0
"S82844A","8244","10000",1,0,0,0,0
"S82844B","8245","10000",1,0,0,0,0
"S82844C","8245","10000",1,0,0,0,0
"S82844D","V5416","10000",1,0,0,0,0
"S82844E","V5416","10000",1,0,0,0,0
"S82844F","V5416","10000",1,0,0,0,0
"S82844G","V5416","10000",1,0,0,0,0
"S82844H","V5416","10000",1,0,0,0,0
"S82844J","V5416","10000",1,0,0,0,0
"S82844K","73382","10000",1,0,0,0,0
"S82844M","73382","10000",1,0,0,0,0
"S82844N","73382","10000",1,0,0,0,0
"S82844P","73381","10000",1,0,0,0,0
"S82844Q","73381","10000",1,0,0,0,0
"S82844R","73381","10000",1,0,0,0,0
"S82844S","9054","10000",1,0,0,0,0
"S82845A","8244","10000",1,0,0,0,0
"S82845B","8245","10000",1,0,0,0,0
"S82845C","8245","10000",1,0,0,0,0
"S82845D","V5416","10000",1,0,0,0,0
"S82845E","V5416","10000",1,0,0,0,0
"S82845F","V5416","10000",1,0,0,0,0
"S82845G","V5416","10000",1,0,0,0,0
"S82845H","V5416","10000",1,0,0,0,0
"S82845J","V5416","10000",1,0,0,0,0
"S82845K","73382","10000",1,0,0,0,0
"S82845M","73382","10000",1,0,0,0,0
"S82845N","73382","10000",1,0,0,0,0
"S82845P","73381","10000",1,0,0,0,0
"S82845Q","73381","10000",1,0,0,0,0
"S82845R","73381","10000",1,0,0,0,0
"S82845S","9054","10000",1,0,0,0,0
"S82846A","8244","10000",1,0,0,0,0
"S82846B","8245","10000",1,0,0,0,0
"S82846C","8245","10000",1,0,0,0,0
"S82846D","V5416","10000",1,0,0,0,0
"S82846E","V5416","10000",1,0,0,0,0
"S82846F","V5416","10000",1,0,0,0,0
"S82846G","V5416","10000",1,0,0,0,0
"S82846H","V5416","10000",1,0,0,0,0
"S82846J","V5416","10000",1,0,0,0,0
"S82846K","73382","10000",1,0,0,0,0
"S82846M","73382","10000",1,0,0,0,0
"S82846N","73382","10000",1,0,0,0,0
"S82846P","73381","10000",1,0,0,0,0
"S82846Q","73381","10000",1,0,0,0,0
"S82846R","73381","10000",1,0,0,0,0
"S82846S","9054","10000",1,0,0,0,0
"S82851A","8246","10000",1,0,0,0,0
"S82851B","8247","10000",1,0,0,0,0
"S82851C","8247","10000",1,0,0,0,0
"S82851D","V5416","10000",1,0,0,0,0
"S82851E","V5416","10000",1,0,0,0,0
"S82851F","V5416","10000",1,0,0,0,0
"S82851G","V5416","10000",1,0,0,0,0
"S82851H","V5416","10000",1,0,0,0,0
"S82851J","V5416","10000",1,0,0,0,0
"S82851K","73382","10000",1,0,0,0,0
"S82851M","73382","10000",1,0,0,0,0
"S82851N","73382","10000",1,0,0,0,0
"S82851P","73381","10000",1,0,0,0,0
"S82851Q","73381","10000",1,0,0,0,0
"S82851R","73381","10000",1,0,0,0,0
"S82851S","9054","10000",1,0,0,0,0
"S82852A","8246","10000",1,0,0,0,0
"S82852B","8247","10000",1,0,0,0,0
"S82852C","8247","10000",1,0,0,0,0
"S82852D","V5416","10000",1,0,0,0,0
"S82852E","V5416","10000",1,0,0,0,0
"S82852F","V5416","10000",1,0,0,0,0
"S82852G","V5416","10000",1,0,0,0,0
"S82852H","V5416","10000",1,0,0,0,0
"S82852J","V5416","10000",1,0,0,0,0
"S82852K","73382","10000",1,0,0,0,0
"S82852M","73382","10000",1,0,0,0,0
"S82852N","73382","10000",1,0,0,0,0
"S82852P","73381","10000",1,0,0,0,0
"S82852Q","73381","10000",1,0,0,0,0
"S82852R","73381","10000",1,0,0,0,0
"S82852S","9054","10000",1,0,0,0,0
"S82853A","8246","10000",1,0,0,0,0
"S82853B","8247","10000",1,0,0,0,0
"S82853C","8247","10000",1,0,0,0,0
"S82853D","V5416","10000",1,0,0,0,0
"S82853E","V5416","10000",1,0,0,0,0
"S82853F","V5416","10000",1,0,0,0,0
"S82853G","V5416","10000",1,0,0,0,0
"S82853H","V5416","10000",1,0,0,0,0
"S82853J","V5416","10000",1,0,0,0,0
"S82853K","73382","10000",1,0,0,0,0
"S82853M","73382","10000",1,0,0,0,0
"S82853N","73382","10000",1,0,0,0,0
"S82853P","73381","10000",1,0,0,0,0
"S82853Q","73381","10000",1,0,0,0,0
"S82853R","73381","10000",1,0,0,0,0
"S82853S","9054","10000",1,0,0,0,0
"S82854A","8246","10000",1,0,0,0,0
"S82854B","8247","10000",1,0,0,0,0
"S82854C","8247","10000",1,0,0,0,0
"S82854D","V5416","10000",1,0,0,0,0
"S82854E","V5416","10000",1,0,0,0,0
"S82854F","V5416","10000",1,0,0,0,0
"S82854G","V5416","10000",1,0,0,0,0
"S82854H","V5416","10000",1,0,0,0,0
"S82854J","V5416","10000",1,0,0,0,0
"S82854K","73382","10000",1,0,0,0,0
"S82854M","73382","10000",1,0,0,0,0
"S82854N","73382","10000",1,0,0,0,0
"S82854P","73381","10000",1,0,0,0,0
"S82854Q","73381","10000",1,0,0,0,0
"S82854R","73381","10000",1,0,0,0,0
"S82854S","9054","10000",1,0,0,0,0
"S82855A","8246","10000",1,0,0,0,0
"S82855B","8247","10000",1,0,0,0,0
"S82855C","8247","10000",1,0,0,0,0
"S82855D","V5416","10000",1,0,0,0,0
"S82855E","V5416","10000",1,0,0,0,0
"S82855F","V5416","10000",1,0,0,0,0
"S82855G","V5416","10000",1,0,0,0,0
"S82855H","V5416","10000",1,0,0,0,0
"S82855J","V5416","10000",1,0,0,0,0
"S82855K","73382","10000",1,0,0,0,0
"S82855M","73382","10000",1,0,0,0,0
"S82855N","73382","10000",1,0,0,0,0
"S82855P","73381","10000",1,0,0,0,0
"S82855Q","73381","10000",1,0,0,0,0
"S82855R","73381","10000",1,0,0,0,0
"S82855S","9054","10000",1,0,0,0,0
"S82856A","8246","10000",1,0,0,0,0
"S82856B","8247","10000",1,0,0,0,0
"S82856C","8247","10000",1,0,0,0,0
"S82856D","V5416","10000",1,0,0,0,0
"S82856E","V5416","10000",1,0,0,0,0
"S82856F","V5416","10000",1,0,0,0,0
"S82856G","V5416","10000",1,0,0,0,0
"S82856H","V5416","10000",1,0,0,0,0
"S82856J","V5416","10000",1,0,0,0,0
"S82856K","73382","10000",1,0,0,0,0
"S82856M","73382","10000",1,0,0,0,0
"S82856N","73382","10000",1,0,0,0,0
"S82856P","73381","10000",1,0,0,0,0
"S82856Q","73381","10000",1,0,0,0,0
"S82856R","73381","10000",1,0,0,0,0
"S82856S","9054","10000",1,0,0,0,0
"S82861A","82321","10000",1,0,0,0,0
"S82861B","82331","10000",1,0,0,0,0
"S82861C","82331","10000",1,0,0,0,0
"S82861D","V5416","10000",1,0,0,0,0
"S82861E","V5416","10000",1,0,0,0,0
"S82861F","V5416","10000",1,0,0,0,0
"S82861G","V5416","10000",1,0,0,0,0
"S82861H","V5416","10000",1,0,0,0,0
"S82861J","V5416","10000",1,0,0,0,0
"S82861K","73382","10000",1,0,0,0,0
"S82861M","73382","10000",1,0,0,0,0
"S82861N","73382","10000",1,0,0,0,0
"S82861P","73381","10000",1,0,0,0,0
"S82861Q","73381","10000",1,0,0,0,0
"S82861R","73381","10000",1,0,0,0,0
"S82861S","9054","10000",1,0,0,0,0
"S82862A","82321","10000",1,0,0,0,0
"S82862B","82331","10000",1,0,0,0,0
"S82862C","82331","10000",1,0,0,0,0
"S82862D","V5416","10000",1,0,0,0,0
"S82862E","V5416","10000",1,0,0,0,0
"S82862F","V5416","10000",1,0,0,0,0
"S82862G","V5416","10000",1,0,0,0,0
"S82862H","V5416","10000",1,0,0,0,0
"S82862J","V5416","10000",1,0,0,0,0
"S82862K","73382","10000",1,0,0,0,0
"S82862M","73382","10000",1,0,0,0,0
"S82862N","73382","10000",1,0,0,0,0
"S82862P","73381","10000",1,0,0,0,0
"S82862Q","73381","10000",1,0,0,0,0
"S82862R","73381","10000",1,0,0,0,0
"S82862S","9054","10000",1,0,0,0,0
"S82863A","82321","10000",1,0,0,0,0
"S82863B","82331","10000",1,0,0,0,0
"S82863C","82331","10000",1,0,0,0,0
"S82863D","V5416","10000",1,0,0,0,0
"S82863E","V5416","10000",1,0,0,0,0
"S82863F","V5416","10000",1,0,0,0,0
"S82863G","V5416","10000",1,0,0,0,0
"S82863H","V5416","10000",1,0,0,0,0
"S82863J","V5416","10000",1,0,0,0,0
"S82863K","73382","10000",1,0,0,0,0
"S82863M","73382","10000",1,0,0,0,0
"S82863N","73382","10000",1,0,0,0,0
"S82863P","73381","10000",1,0,0,0,0
"S82863Q","73381","10000",1,0,0,0,0
"S82863R","73381","10000",1,0,0,0,0
"S82863S","9054","10000",1,0,0,0,0
"S82864A","82321","10000",1,0,0,0,0
"S82864B","82331","10000",1,0,0,0,0
"S82864C","82331","10000",1,0,0,0,0
"S82864D","V5416","10000",1,0,0,0,0
"S82864E","V5416","10000",1,0,0,0,0
"S82864F","V5416","10000",1,0,0,0,0
"S82864G","V5416","10000",1,0,0,0,0
"S82864H","V5416","10000",1,0,0,0,0
"S82864J","V5416","10000",1,0,0,0,0
"S82864K","73382","10000",1,0,0,0,0
"S82864M","73382","10000",1,0,0,0,0
"S82864N","73382","10000",1,0,0,0,0
"S82864P","73381","10000",1,0,0,0,0
"S82864Q","73381","10000",1,0,0,0,0
"S82864R","73381","10000",1,0,0,0,0
"S82864S","9054","10000",1,0,0,0,0
"S82865A","82321","10000",1,0,0,0,0
"S82865B","82331","10000",1,0,0,0,0
"S82865C","82331","10000",1,0,0,0,0
"S82865D","V5416","10000",1,0,0,0,0
"S82865E","V5416","10000",1,0,0,0,0
"S82865F","V5416","10000",1,0,0,0,0
"S82865G","V5416","10000",1,0,0,0,0
"S82865H","V5416","10000",1,0,0,0,0
"S82865J","V5416","10000",1,0,0,0,0
"S82865K","73382","10000",1,0,0,0,0
"S82865M","73382","10000",1,0,0,0,0
"S82865N","73382","10000",1,0,0,0,0
"S82865P","73381","10000",1,0,0,0,0
"S82865Q","73381","10000",1,0,0,0,0
"S82865R","73381","10000",1,0,0,0,0
"S82865S","9054","10000",1,0,0,0,0
"S82866A","82321","10000",1,0,0,0,0
"S82866B","82331","10000",1,0,0,0,0
"S82866C","82331","10000",1,0,0,0,0
"S82866D","V5416","10000",1,0,0,0,0
"S82866E","V5416","10000",1,0,0,0,0
"S82866F","V5416","10000",1,0,0,0,0
"S82866G","V5416","10000",1,0,0,0,0
"S82866H","V5416","10000",1,0,0,0,0
"S82866J","V5416","10000",1,0,0,0,0
"S82866K","73382","10000",1,0,0,0,0
"S82866M","73382","10000",1,0,0,0,0
"S82866N","73382","10000",1,0,0,0,0
"S82866P","73381","10000",1,0,0,0,0
"S82866Q","73381","10000",1,0,0,0,0
"S82866R","73381","10000",1,0,0,0,0
"S82866S","9054","10000",1,0,0,0,0
"S82871A","8240","10000",1,0,0,0,0
"S82871B","8241","10000",1,0,0,0,0
"S82871C","8241","10000",1,0,0,0,0
"S82871D","V5416","10000",1,0,0,0,0
"S82871E","V5416","10000",1,0,0,0,0
"S82871F","V5416","10000",1,0,0,0,0
"S82871G","V5416","10000",1,0,0,0,0
"S82871H","V5416","10000",1,0,0,0,0
"S82871J","V5416","10000",1,0,0,0,0
"S82871K","73382","10000",1,0,0,0,0
"S82871M","73382","10000",1,0,0,0,0
"S82871N","73382","10000",1,0,0,0,0
"S82871P","73381","10000",1,0,0,0,0
"S82871Q","73381","10000",1,0,0,0,0
"S82871R","73381","10000",1,0,0,0,0
"S82871S","9054","10000",1,0,0,0,0
"S82872A","8240","10000",1,0,0,0,0
"S82872B","8241","10000",1,0,0,0,0
"S82872C","8241","10000",1,0,0,0,0
"S82872D","V5416","10000",1,0,0,0,0
"S82872E","V5416","10000",1,0,0,0,0
"S82872F","V5416","10000",1,0,0,0,0
"S82872G","V5416","10000",1,0,0,0,0
"S82872H","V5416","10000",1,0,0,0,0
"S82872J","V5416","10000",1,0,0,0,0
"S82872K","73382","10000",1,0,0,0,0
"S82872M","73382","10000",1,0,0,0,0
"S82872N","73382","10000",1,0,0,0,0
"S82872P","73381","10000",1,0,0,0,0
"S82872Q","73381","10000",1,0,0,0,0
"S82872R","73381","10000",1,0,0,0,0
"S82872S","9054","10000",1,0,0,0,0
"S82873A","8240","10000",1,0,0,0,0
"S82873B","8241","10000",1,0,0,0,0
"S82873C","8241","10000",1,0,0,0,0
"S82873D","V5416","10000",1,0,0,0,0
"S82873E","V5416","10000",1,0,0,0,0
"S82873F","V5416","10000",1,0,0,0,0
"S82873G","V5416","10000",1,0,0,0,0
"S82873H","V5416","10000",1,0,0,0,0
"S82873J","V5416","10000",1,0,0,0,0
"S82873K","73382","10000",1,0,0,0,0
"S82873M","73382","10000",1,0,0,0,0
"S82873N","73382","10000",1,0,0,0,0
"S82873P","73381","10000",1,0,0,0,0
"S82873Q","73381","10000",1,0,0,0,0
"S82873R","73381","10000",1,0,0,0,0
"S82873S","9054","10000",1,0,0,0,0
"S82874A","8240","10000",1,0,0,0,0
"S82874B","8241","10000",1,0,0,0,0
"S82874C","8241","10000",1,0,0,0,0
"S82874D","V5416","10000",1,0,0,0,0
"S82874E","V5416","10000",1,0,0,0,0
"S82874F","V5416","10000",1,0,0,0,0
"S82874G","V5416","10000",1,0,0,0,0
"S82874H","V5416","10000",1,0,0,0,0
"S82874J","V5416","10000",1,0,0,0,0
"S82874K","73382","10000",1,0,0,0,0
"S82874M","73382","10000",1,0,0,0,0
"S82874N","73382","10000",1,0,0,0,0
"S82874P","73381","10000",1,0,0,0,0
"S82874Q","73381","10000",1,0,0,0,0
"S82874R","73381","10000",1,0,0,0,0
"S82874S","9054","10000",1,0,0,0,0
"S82875A","8240","10000",1,0,0,0,0
"S82875B","8241","10000",1,0,0,0,0
"S82875C","8241","10000",1,0,0,0,0
"S82875D","V5416","10000",1,0,0,0,0
"S82875E","V5416","10000",1,0,0,0,0
"S82875F","V5416","10000",1,0,0,0,0
"S82875G","V5416","10000",1,0,0,0,0
"S82875H","V5416","10000",1,0,0,0,0
"S82875J","V5416","10000",1,0,0,0,0
"S82875K","73382","10000",1,0,0,0,0
"S82875M","73382","10000",1,0,0,0,0
"S82875N","73382","10000",1,0,0,0,0
"S82875P","73381","10000",1,0,0,0,0
"S82875Q","73381","10000",1,0,0,0,0
"S82875R","73381","10000",1,0,0,0,0
"S82875S","9054","10000",1,0,0,0,0
"S82876A","8240","10000",1,0,0,0,0
"S82876B","8241","10000",1,0,0,0,0
"S82876C","8241","10000",1,0,0,0,0
"S82876D","V5416","10000",1,0,0,0,0
"S82876E","V5416","10000",1,0,0,0,0
"S82876F","V5416","10000",1,0,0,0,0
"S82876G","V5416","10000",1,0,0,0,0
"S82876H","V5416","10000",1,0,0,0,0
"S82876J","V5416","10000",1,0,0,0,0
"S82876K","73382","10000",1,0,0,0,0
"S82876M","73382","10000",1,0,0,0,0
"S82876N","73382","10000",1,0,0,0,0
"S82876P","73381","10000",1,0,0,0,0
"S82876Q","73381","10000",1,0,0,0,0
"S82876R","73381","10000",1,0,0,0,0
"S82876S","9054","10000",1,0,0,0,0
"S82891A","8248","10000",1,0,0,0,0
"S82891B","8249","10000",1,0,0,0,0
"S82891C","8249","10000",1,0,0,0,0
"S82891D","V5416","10000",1,0,0,0,0
"S82891E","V5416","10000",1,0,0,0,0
"S82891F","V5416","10000",1,0,0,0,0
"S82891G","V5416","10000",1,0,0,0,0
"S82891H","V5416","10000",1,0,0,0,0
"S82891J","V5416","10000",1,0,0,0,0
"S82891K","73382","10000",1,0,0,0,0
"S82891M","73382","10000",1,0,0,0,0
"S82891N","73382","10000",1,0,0,0,0
"S82891P","73381","10000",1,0,0,0,0
"S82891Q","73381","10000",1,0,0,0,0
"S82891R","73381","10000",1,0,0,0,0
"S82891S","9054","10000",1,0,0,0,0
"S82892A","8248","10000",1,0,0,0,0
"S82892B","8249","10000",1,0,0,0,0
"S82892C","8249","10000",1,0,0,0,0
"S82892D","V5416","10000",1,0,0,0,0
"S82892E","V5416","10000",1,0,0,0,0
"S82892F","V5416","10000",1,0,0,0,0
"S82892G","V5416","10000",1,0,0,0,0
"S82892H","V5416","10000",1,0,0,0,0
"S82892J","V5416","10000",1,0,0,0,0
"S82892K","73382","10000",1,0,0,0,0
"S82892M","73382","10000",1,0,0,0,0
"S82892N","73382","10000",1,0,0,0,0
"S82892P","73381","10000",1,0,0,0,0
"S82892Q","73381","10000",1,0,0,0,0
"S82892R","73381","10000",1,0,0,0,0
"S82892S","9054","10000",1,0,0,0,0
"S82899A","8248","10000",1,0,0,0,0
"S82899B","8249","10000",1,0,0,0,0
"S82899C","8249","10000",1,0,0,0,0
"S82899D","V5416","10000",1,0,0,0,0
"S82899E","V5416","10000",1,0,0,0,0
"S82899F","V5416","10000",1,0,0,0,0
"S82899G","V5416","10000",1,0,0,0,0
"S82899H","V5416","10000",1,0,0,0,0
"S82899J","V5416","10000",1,0,0,0,0
"S82899K","73382","10000",1,0,0,0,0
"S82899M","73382","10000",1,0,0,0,0
"S82899N","73382","10000",1,0,0,0,0
"S82899P","73381","10000",1,0,0,0,0
"S82899Q","73381","10000",1,0,0,0,0
"S82899R","73381","10000",1,0,0,0,0
"S82899S","9054","10000",1,0,0,0,0
"S8290XA","8270","10000",1,0,0,0,0
"S8290XB","8271","10000",1,0,0,0,0
"S8290XC","8271","10000",1,0,0,0,0
"S8290XD","V5416","10000",1,0,0,0,0
"S8290XE","V5416","10000",1,0,0,0,0
"S8290XF","V5416","10000",1,0,0,0,0
"S8290XG","V5416","10000",1,0,0,0,0
"S8290XH","V5416","10000",1,0,0,0,0
"S8290XJ","V5416","10000",1,0,0,0,0
"S8290XK","73382","10000",1,0,0,0,0
"S8290XM","73382","10000",1,0,0,0,0
"S8290XN","73382","10000",1,0,0,0,0
"S8290XP","73381","10000",1,0,0,0,0
"S8290XQ","73381","10000",1,0,0,0,0
"S8290XR","73381","10000",1,0,0,0,0
"S8290XS","9054","10000",1,0,0,0,0
"S8291XA","8270","10000",1,0,0,0,0
"S8291XB","8271","10000",1,0,0,0,0
"S8291XC","8271","10000",1,0,0,0,0
"S8291XD","V5416","10000",1,0,0,0,0
"S8291XE","V5416","10000",1,0,0,0,0
"S8291XF","V5416","10000",1,0,0,0,0
"S8291XG","V5416","10000",1,0,0,0,0
"S8291XH","V5416","10000",1,0,0,0,0
"S8291XJ","V5416","10000",1,0,0,0,0
"S8291XK","73382","10000",1,0,0,0,0
"S8291XM","73382","10000",1,0,0,0,0
"S8291XN","73382","10000",1,0,0,0,0
"S8291XP","73381","10000",1,0,0,0,0
"S8291XQ","73381","10000",1,0,0,0,0
"S8291XR","73381","10000",1,0,0,0,0
"S8291XS","9054","10000",1,0,0,0,0
"S8292XA","8270","10000",1,0,0,0,0
"S8292XB","8271","10000",1,0,0,0,0
"S8292XC","8271","10000",1,0,0,0,0
"S8292XD","V5416","10000",1,0,0,0,0
"S8292XE","V5416","10000",1,0,0,0,0
"S8292XF","V5416","10000",1,0,0,0,0
"S8292XG","V5416","10000",1,0,0,0,0
"S8292XH","V5416","10000",1,0,0,0,0
"S8292XJ","V5416","10000",1,0,0,0,0
"S8292XK","73382","10000",1,0,0,0,0
"S8292XM","73382","10000",1,0,0,0,0
"S8292XN","73382","10000",1,0,0,0,0
"S8292XP","73381","10000",1,0,0,0,0
"S8292XQ","73381","10000",1,0,0,0,0
"S8292XR","73381","10000",1,0,0,0,0
"S8292XS","9054","10000",1,0,0,0,0
"S83001A","8363","10000",1,0,0,0,0
"S83001D","V5889","10000",1,0,0,0,0
"S83001S","9056","10000",1,0,0,0,0
"S83002A","8363","10000",1,0,0,0,0
"S83002D","V5889","10000",1,0,0,0,0
"S83002S","9056","10000",1,0,0,0,0
"S83003A","8363","10000",1,0,0,0,0
"S83003D","V5889","10000",1,0,0,0,0
"S83003S","9056","10000",1,0,0,0,0
"S83004A","8363","10000",1,0,0,0,0
"S83004D","V5889","10000",1,0,0,0,0
"S83004S","9056","10000",1,0,0,0,0
"S83005A","8363","10000",1,0,0,0,0
"S83005D","V5889","10000",1,0,0,0,0
"S83005S","9056","10000",1,0,0,0,0
"S83006A","8363","10000",1,0,0,0,0
"S83006D","V5889","10000",1,0,0,0,0
"S83006S","9056","10000",1,0,0,0,0
"S83011A","8363","10000",1,0,0,0,0
"S83011D","V5889","10000",1,0,0,0,0
"S83011S","9056","10000",1,0,0,0,0
"S83012A","8363","10000",1,0,0,0,0
"S83012D","V5889","10000",1,0,0,0,0
"S83012S","9056","10000",1,0,0,0,0
"S83013A","8363","10000",1,0,0,0,0
"S83013D","V5889","10000",1,0,0,0,0
"S83013S","9056","10000",1,0,0,0,0
"S83014A","8363","10000",1,0,0,0,0
"S83014D","V5889","10000",1,0,0,0,0
"S83014S","9056","10000",1,0,0,0,0
"S83015A","8363","10000",1,0,0,0,0
"S83015D","V5889","10000",1,0,0,0,0
"S83015S","9056","10000",1,0,0,0,0
"S83016A","8363","10000",1,0,0,0,0
"S83016D","V5889","10000",1,0,0,0,0
"S83016S","9056","10000",1,0,0,0,0
"S83091A","8363","10000",1,0,0,0,0
"S83091D","V5889","10000",1,0,0,0,0
"S83091S","9056","10000",1,0,0,0,0
"S83092A","8363","10000",1,0,0,0,0
"S83092D","V5889","10000",1,0,0,0,0
"S83092S","9056","10000",1,0,0,0,0
"S83093A","8363","10000",1,0,0,0,0
"S83093D","V5889","10000",1,0,0,0,0
"S83093S","9056","10000",1,0,0,0,0
"S83094A","8363","10000",1,0,0,0,0
"S83094D","V5889","10000",1,0,0,0,0
"S83094S","9056","10000",1,0,0,0,0
"S83095A","8363","10000",1,0,0,0,0
"S83095D","V5889","10000",1,0,0,0,0
"S83095S","9056","10000",1,0,0,0,0
"S83096A","8363","10000",1,0,0,0,0
"S83096D","V5889","10000",1,0,0,0,0
"S83096S","9056","10000",1,0,0,0,0
"S83101A","83650","10000",1,0,0,0,0
"S83101D","V5889","10000",1,0,0,0,0
"S83101S","9056","10000",1,0,0,0,0
"S83102A","83650","10000",1,0,0,0,0
"S83102D","V5889","10000",1,0,0,0,0
"S83102S","9056","10000",1,0,0,0,0
"S83103A","83650","10000",1,0,0,0,0
"S83103D","V5889","10000",1,0,0,0,0
"S83103S","9056","10000",1,0,0,0,0
"S83104A","83650","10000",1,0,0,0,0
"S83104D","V5889","10000",1,0,0,0,0
"S83104S","9056","10000",1,0,0,0,0
"S83105A","83650","10000",1,0,0,0,0
"S83105D","V5889","10000",1,0,0,0,0
"S83105S","9056","10000",1,0,0,0,0
"S83106A","83650","10000",1,0,0,0,0
"S83106D","V5889","10000",1,0,0,0,0
"S83106S","9056","10000",1,0,0,0,0
"S83111A","83651","10000",1,0,0,0,0
"S83111D","V5889","10000",1,0,0,0,0
"S83111S","9056","10000",1,0,0,0,0
"S83112A","83651","10000",1,0,0,0,0
"S83112D","V5889","10000",1,0,0,0,0
"S83112S","9056","10000",1,0,0,0,0
"S83113A","83651","10000",1,0,0,0,0
"S83113D","V5889","10000",1,0,0,0,0
"S83113S","9056","10000",1,0,0,0,0
"S83114A","83651","10000",1,0,0,0,0
"S83114D","V5889","10000",1,0,0,0,0
"S83114S","9056","10000",1,0,0,0,0
"S83115A","83651","10000",1,0,0,0,0
"S83115D","V5889","10000",1,0,0,0,0
"S83115S","9056","10000",1,0,0,0,0
"S83116A","83651","10000",1,0,0,0,0
"S83116D","V5889","10000",1,0,0,0,0
"S83116S","9056","10000",1,0,0,0,0
"S83121A","83652","10000",1,0,0,0,0
"S83121D","V5889","10000",1,0,0,0,0
"S83121S","9056","10000",1,0,0,0,0
"S83122A","83652","10000",1,0,0,0,0
"S83122D","V5889","10000",1,0,0,0,0
"S83122S","9056","10000",1,0,0,0,0
"S83123A","83652","10000",1,0,0,0,0
"S83123D","V5889","10000",1,0,0,0,0
"S83123S","9056","10000",1,0,0,0,0
"S83124A","83652","10000",1,0,0,0,0
"S83124D","V5889","10000",1,0,0,0,0
"S83124S","9056","10000",1,0,0,0,0
"S83125A","83652","10000",1,0,0,0,0
"S83125D","V5889","10000",1,0,0,0,0
"S83125S","9056","10000",1,0,0,0,0
"S83126A","83652","10000",1,0,0,0,0
"S83126D","V5889","10000",1,0,0,0,0
"S83126S","9056","10000",1,0,0,0,0
"S83131A","83653","10000",1,0,0,0,0
"S83131D","V5889","10000",1,0,0,0,0
"S83131S","9056","10000",1,0,0,0,0
"S83132A","83653","10000",1,0,0,0,0
"S83132D","V5889","10000",1,0,0,0,0
"S83132S","9056","10000",1,0,0,0,0
"S83133A","83653","10000",1,0,0,0,0
"S83133D","V5889","10000",1,0,0,0,0
"S83133S","9056","10000",1,0,0,0,0
"S83134A","83653","10000",1,0,0,0,0
"S83134D","V5889","10000",1,0,0,0,0
"S83134S","9056","10000",1,0,0,0,0
"S83135A","83653","10000",1,0,0,0,0
"S83135D","V5889","10000",1,0,0,0,0
"S83135S","9056","10000",1,0,0,0,0
"S83136A","83653","10000",1,0,0,0,0
"S83136D","V5889","10000",1,0,0,0,0
"S83136S","9056","10000",1,0,0,0,0
"S83141A","83654","10000",1,0,0,0,0
"S83141D","V5889","10000",1,0,0,0,0
"S83141S","9056","10000",1,0,0,0,0
"S83142A","83654","10000",1,0,0,0,0
"S83142D","V5889","10000",1,0,0,0,0
"S83142S","9056","10000",1,0,0,0,0
"S83143A","83654","10000",1,0,0,0,0
"S83143D","V5889","10000",1,0,0,0,0
"S83143S","9056","10000",1,0,0,0,0
"S83144A","83654","10000",1,0,0,0,0
"S83144D","V5889","10000",1,0,0,0,0
"S83144S","9056","10000",1,0,0,0,0
"S83145A","83654","10000",1,0,0,0,0
"S83145D","V5889","10000",1,0,0,0,0
"S83145S","9056","10000",1,0,0,0,0
"S83146A","83654","10000",1,0,0,0,0
"S83146D","V5889","10000",1,0,0,0,0
"S83146S","9056","10000",1,0,0,0,0
"S83191A","83659","10000",1,0,0,0,0
"S83191D","V5889","10000",1,0,0,0,0
"S83191S","9056","10000",1,0,0,0,0
"S83192A","83659","10000",1,0,0,0,0
"S83192D","V5889","10000",1,0,0,0,0
"S83192S","9056","10000",1,0,0,0,0
"S83193A","83659","10000",1,0,0,0,0
"S83193D","V5889","10000",1,0,0,0,0
"S83193S","9056","10000",1,0,0,0,0
"S83194A","83659","10000",1,0,0,0,0
"S83194D","V5889","10000",1,0,0,0,0
"S83194S","9056","10000",1,0,0,0,0
"S83195A","83659","10000",1,0,0,0,0
"S83195D","V5889","10000",1,0,0,0,0
"S83195S","9056","10000",1,0,0,0,0
"S83196A","83659","10000",1,0,0,0,0
"S83196D","V5889","10000",1,0,0,0,0
"S83196S","9056","10000",1,0,0,0,0
"S83200A","8362","10000",1,0,0,0,0
"S83200D","V5889","10000",1,0,0,0,0
"S83200S","9057","10000",1,0,0,0,0
"S83201A","8362","10000",1,0,0,0,0
"S83201D","V5889","10000",1,0,0,0,0
"S83201S","9057","10000",1,0,0,0,0
"S83202A","8362","10000",1,0,0,0,0
"S83202D","V5889","10000",1,0,0,0,0
"S83202S","9057","10000",1,0,0,0,0
"S83203A","8362","10000",1,0,0,0,0
"S83203D","V5889","10000",1,0,0,0,0
"S83203S","9057","10000",1,0,0,0,0
"S83204A","8362","10000",1,0,0,0,0
"S83204D","V5889","10000",1,0,0,0,0
"S83204S","9057","10000",1,0,0,0,0
"S83205A","8362","10000",1,0,0,0,0
"S83205D","V5889","10000",1,0,0,0,0
"S83205S","9057","10000",1,0,0,0,0
"S83206A","8362","10000",1,0,0,0,0
"S83206D","V5889","10000",1,0,0,0,0
"S83206S","9057","10000",1,0,0,0,0
"S83207A","8362","10000",1,0,0,0,0
"S83207D","V5889","10000",1,0,0,0,0
"S83207S","9057","10000",1,0,0,0,0
"S83209A","8362","10000",1,0,0,0,0
"S83209D","V5889","10000",1,0,0,0,0
"S83209S","9057","10000",1,0,0,0,0
"S83211A","8360","10000",1,0,0,0,0
"S83211D","V5889","10000",1,0,0,0,0
"S83211S","9057","10000",1,0,0,0,0
"S83212A","8360","10000",1,0,0,0,0
"S83212D","V5889","10000",1,0,0,0,0
"S83212S","9057","10000",1,0,0,0,0
"S83219A","8360","10000",1,0,0,0,0
"S83219D","V5889","10000",1,0,0,0,0
"S83219S","9057","10000",1,0,0,0,0
"S83221A","8360","10000",1,0,0,0,0
"S83221D","V5889","10000",1,0,0,0,0
"S83221S","9057","10000",1,0,0,0,0
"S83222A","8360","10000",1,0,0,0,0
"S83222D","V5889","10000",1,0,0,0,0
"S83222S","9057","10000",1,0,0,0,0
"S83229A","8360","10000",1,0,0,0,0
"S83229D","V5889","10000",1,0,0,0,0
"S83229S","9057","10000",1,0,0,0,0
"S83231A","8360","10000",1,0,0,0,0
"S83231D","V5889","10000",1,0,0,0,0
"S83231S","9057","10000",1,0,0,0,0
"S83232A","8360","10000",1,0,0,0,0
"S83232D","V5889","10000",1,0,0,0,0
"S83232S","9057","10000",1,0,0,0,0
"S83239A","8360","10000",1,0,0,0,0
"S83239D","V5889","10000",1,0,0,0,0
"S83239S","9057","10000",1,0,0,0,0
"S83241A","8360","10000",1,0,0,0,0
"S83241D","V5889","10000",1,0,0,0,0
"S83241S","9057","10000",1,0,0,0,0
"S83242A","8360","10000",1,0,0,0,0
"S83242D","V5889","10000",1,0,0,0,0
"S83242S","9057","10000",1,0,0,0,0
"S83249A","8360","10000",1,0,0,0,0
"S83249D","V5889","10000",1,0,0,0,0
"S83249S","9057","10000",1,0,0,0,0
"S83251A","8361","10000",1,0,0,0,0
"S83251D","V5889","10000",1,0,0,0,0
"S83251S","9057","10000",1,0,0,0,0
"S83252A","8361","10000",1,0,0,0,0
"S83252D","V5889","10000",1,0,0,0,0
"S83252S","9057","10000",1,0,0,0,0
"S83259A","8361","10000",1,0,0,0,0
"S83259D","V5889","10000",1,0,0,0,0
"S83259S","9057","10000",1,0,0,0,0
"S83261A","8361","10000",1,0,0,0,0
"S83261D","V5889","10000",1,0,0,0,0
"S83261S","9057","10000",1,0,0,0,0
"S83262A","8361","10000",1,0,0,0,0
"S83262D","V5889","10000",1,0,0,0,0
"S83262S","9057","10000",1,0,0,0,0
"S83269A","8361","10000",1,0,0,0,0
"S83269D","V5889","10000",1,0,0,0,0
"S83269S","9057","10000",1,0,0,0,0
"S83271A","8361","10000",1,0,0,0,0
"S83271D","V5889","10000",1,0,0,0,0
"S83271S","9057","10000",1,0,0,0,0
"S83272A","8361","10000",1,0,0,0,0
"S83272D","V5889","10000",1,0,0,0,0
"S83272S","9057","10000",1,0,0,0,0
"S83279A","8361","10000",1,0,0,0,0
"S83279D","V5889","10000",1,0,0,0,0
"S83279S","9057","10000",1,0,0,0,0
"S83281A","8361","10000",1,0,0,0,0
"S83281D","V5889","10000",1,0,0,0,0
"S83281S","9057","10000",1,0,0,0,0
"S83282A","8361","10000",1,0,0,0,0
"S83282D","V5889","10000",1,0,0,0,0
"S83282S","9057","10000",1,0,0,0,0
"S83289A","8361","10000",1,0,0,0,0
"S83289D","V5889","10000",1,0,0,0,0
"S83289S","9057","10000",1,0,0,0,0
"S8330XA","8362","10000",1,0,0,0,0
"S8330XD","V5889","10000",1,0,0,0,0
"S8330XS","9057","10000",1,0,0,0,0
"S8331XA","8362","10000",1,0,0,0,0
"S8331XD","V5889","10000",1,0,0,0,0
"S8331XS","9057","10000",1,0,0,0,0
"S8332XA","8362","10000",1,0,0,0,0
"S8332XD","V5889","10000",1,0,0,0,0
"S8332XS","9057","10000",1,0,0,0,0
"S83401A","8448","10000",1,0,0,0,0
"S83401D","V5889","10000",1,0,0,0,0
"S83401S","9057","10000",1,0,0,0,0
"S83402A","8448","10000",1,0,0,0,0
"S83402D","V5889","10000",1,0,0,0,0
"S83402S","9057","10000",1,0,0,0,0
"S83409A","8448","10000",1,0,0,0,0
"S83409D","V5889","10000",1,0,0,0,0
"S83409S","9057","10000",1,0,0,0,0
"S83411A","8441","10000",1,0,0,0,0
"S83411D","V5889","10000",1,0,0,0,0
"S83411S","9057","10000",1,0,0,0,0
"S83412A","8441","10000",1,0,0,0,0
"S83412D","V5889","10000",1,0,0,0,0
"S83412S","9057","10000",1,0,0,0,0
"S83419A","8441","10000",1,0,0,0,0
"S83419D","V5889","10000",1,0,0,0,0
"S83419S","9057","10000",1,0,0,0,0
"S83421A","8440","10000",1,0,0,0,0
"S83421D","V5889","10000",1,0,0,0,0
"S83421S","9057","10000",1,0,0,0,0
"S83422A","8440","10000",1,0,0,0,0
"S83422D","V5889","10000",1,0,0,0,0
"S83422S","9057","10000",1,0,0,0,0
"S83429A","8440","10000",1,0,0,0,0
"S83429D","V5889","10000",1,0,0,0,0
"S83429S","9057","10000",1,0,0,0,0
"S83501A","8442","10000",1,0,0,0,0
"S83501D","V5889","10000",1,0,0,0,0
"S83501S","9057","10000",1,0,0,0,0
"S83502A","8442","10000",1,0,0,0,0
"S83502D","V5889","10000",1,0,0,0,0
"S83502S","9057","10000",1,0,0,0,0
"S83509A","8442","10000",1,0,0,0,0
"S83509D","V5889","10000",1,0,0,0,0
"S83509S","9057","10000",1,0,0,0,0
"S83511A","8442","10000",1,0,0,0,0
"S83511D","V5889","10000",1,0,0,0,0
"S83511S","9057","10000",1,0,0,0,0
"S83512A","8442","10000",1,0,0,0,0
"S83512D","V5889","10000",1,0,0,0,0
"S83512S","9057","10000",1,0,0,0,0
"S83519A","8442","10000",1,0,0,0,0
"S83519D","V5889","10000",1,0,0,0,0
"S83519S","9057","10000",1,0,0,0,0
"S83521A","8442","10000",1,0,0,0,0
"S83521D","V5889","10000",1,0,0,0,0
"S83521S","9057","10000",1,0,0,0,0
"S83522A","8442","10000",1,0,0,0,0
"S83522D","V5889","10000",1,0,0,0,0
"S83522S","9057","10000",1,0,0,0,0
"S83529A","8442","10000",1,0,0,0,0
"S83529D","V5889","10000",1,0,0,0,0
"S83529S","9057","10000",1,0,0,0,0
"S8360XA","8443","10000",1,0,0,0,0
"S8360XD","V5889","10000",1,0,0,0,0
"S8360XS","9057","10000",1,0,0,0,0
"S8361XA","8443","10000",1,0,0,0,0
"S8361XD","V5889","10000",1,0,0,0,0
"S8361XS","9057","10000",1,0,0,0,0
"S8362XA","8443","10000",1,0,0,0,0
"S8362XD","V5889","10000",1,0,0,0,0
"S8362XS","9057","10000",1,0,0,0,0
"S838X1A","8448","10000",1,0,0,0,0
"S838X1D","V5889","10000",1,0,0,0,0
"S838X1S","9057","10000",1,0,0,0,0
"S838X2A","8448","10000",1,0,0,0,0
"S838X2D","V5889","10000",1,0,0,0,0
"S838X2S","9057","10000",1,0,0,0,0
"S838X9A","8448","10000",1,0,0,0,0
"S838X9D","V5889","10000",1,0,0,0,0
"S838X9S","9057","10000",1,0,0,0,0
"S8390XA","8449","10000",1,0,0,0,0
"S8390XD","V5889","10000",1,0,0,0,0
"S8390XS","9057","10000",1,0,0,0,0
"S8391XA","8449","10000",1,0,0,0,0
"S8391XD","V5889","10000",1,0,0,0,0
"S8391XS","9057","10000",1,0,0,0,0
"S8392XA","8449","10000",1,0,0,0,0
"S8392XD","V5889","10000",1,0,0,0,0
"S8392XS","9057","10000",1,0,0,0,0
"S8400XA","9562","10000",1,0,0,0,0
"S8400XD","V5889","10000",1,0,0,0,0
"S8400XS","9075","10000",1,0,0,0,0
"S8401XA","9562","10000",1,0,0,0,0
"S8401XD","V5889","10000",1,0,0,0,0
"S8401XS","9075","10000",1,0,0,0,0
"S8402XA","9562","10000",1,0,0,0,0
"S8402XD","V5889","10000",1,0,0,0,0
"S8402XS","9075","10000",1,0,0,0,0
"S8410XA","9563","10000",1,0,0,0,0
"S8410XD","V5889","10000",1,0,0,0,0
"S8410XS","9075","10000",1,0,0,0,0
"S8411XA","9563","10000",1,0,0,0,0
"S8411XD","V5889","10000",1,0,0,0,0
"S8411XS","9075","10000",1,0,0,0,0
"S8412XA","9563","10000",1,0,0,0,0
"S8412XD","V5889","10000",1,0,0,0,0
"S8412XS","9075","10000",1,0,0,0,0
"S8420XA","9564","10000",1,0,0,0,0
"S8420XD","V5889","10000",1,0,0,0,0
"S8420XS","9075","10000",1,0,0,0,0
"S8421XA","9564","10000",1,0,0,0,0
"S8421XD","V5889","10000",1,0,0,0,0
"S8421XS","9075","10000",1,0,0,0,0
"S8422XA","9564","10000",1,0,0,0,0
"S8422XD","V5889","10000",1,0,0,0,0
"S8422XS","9075","10000",1,0,0,0,0
"S84801A","9565","10000",1,0,0,0,0
"S84801A","9568","10000",1,0,0,0,0
"S84801D","V5889","10000",1,0,0,0,0
"S84801S","9075","10000",1,0,0,0,0
"S84802A","9565","10000",1,0,0,0,0
"S84802A","9568","10000",1,0,0,0,0
"S84802D","V5889","10000",1,0,0,0,0
"S84802S","9075","10000",1,0,0,0,0
"S84809A","9565","10000",1,0,0,0,0
"S84809A","9568","10000",1,0,0,0,0
"S84809D","V5889","10000",1,0,0,0,0
"S84809S","9075","10000",1,0,0,0,0
"S8490XA","9569","10000",1,0,0,0,0
"S8490XA","9579","10000",1,0,0,0,0
"S8490XD","V5889","10000",1,0,0,0,0
"S8490XS","9075","10000",1,0,0,0,0
"S8491XA","9569","10000",1,0,0,0,0
"S8491XA","9579","10000",1,0,0,0,0
"S8491XD","V5889","10000",1,0,0,0,0
"S8491XS","9075","10000",1,0,0,0,0
"S8492XA","9569","10000",1,0,0,0,0
"S8492XA","9579","10000",1,0,0,0,0
"S8492XD","V5889","10000",1,0,0,0,0
"S8492XS","9075","10000",1,0,0,0,0
"S85001A","90441","10000",1,0,0,0,0
"S85001D","V5889","10000",1,0,0,0,0
"S85001S","9083","10000",1,0,0,0,0
"S85002A","90441","10000",1,0,0,0,0
"S85002D","V5889","10000",1,0,0,0,0
"S85002S","9083","10000",1,0,0,0,0
"S85009A","90441","10000",1,0,0,0,0
"S85009D","V5889","10000",1,0,0,0,0
"S85009S","9083","10000",1,0,0,0,0
"S85011A","90441","10000",1,0,0,0,0
"S85011D","V5889","10000",1,0,0,0,0
"S85011S","9083","10000",1,0,0,0,0
"S85012A","90441","10000",1,0,0,0,0
"S85012D","V5889","10000",1,0,0,0,0
"S85012S","9083","10000",1,0,0,0,0
"S85019A","90441","10000",1,0,0,0,0
"S85019D","V5889","10000",1,0,0,0,0
"S85019S","9083","10000",1,0,0,0,0
"S85091A","90441","10000",1,0,0,0,0
"S85091D","V5889","10000",1,0,0,0,0
"S85091S","9083","10000",1,0,0,0,0
"S85092A","90441","10000",1,0,0,0,0
"S85092D","V5889","10000",1,0,0,0,0
"S85092S","9083","10000",1,0,0,0,0
"S85099A","90441","10000",1,0,0,0,0
"S85099D","V5889","10000",1,0,0,0,0
"S85099S","9083","10000",1,0,0,0,0
"S85101A","90450","10000",1,0,0,0,0
"S85101D","V5889","10000",1,0,0,0,0
"S85101S","9083","10000",1,0,0,0,0
"S85102A","90450","10000",1,0,0,0,0
"S85102D","V5889","10000",1,0,0,0,0
"S85102S","9083","10000",1,0,0,0,0
"S85109A","90450","10000",1,0,0,0,0
"S85109D","V5889","10000",1,0,0,0,0
"S85109S","9083","10000",1,0,0,0,0
"S85111A","90450","10000",1,0,0,0,0
"S85111D","V5889","10000",1,0,0,0,0
"S85111S","9083","10000",1,0,0,0,0
"S85112A","90450","10000",1,0,0,0,0
"S85112D","V5889","10000",1,0,0,0,0
"S85112S","9083","10000",1,0,0,0,0
"S85119A","90450","10000",1,0,0,0,0
"S85119D","V5889","10000",1,0,0,0,0
"S85119S","9083","10000",1,0,0,0,0
"S85121A","90450","10000",1,0,0,0,0
"S85121D","V5889","10000",1,0,0,0,0
"S85121S","9083","10000",1,0,0,0,0
"S85122A","90450","10000",1,0,0,0,0
"S85122D","V5889","10000",1,0,0,0,0
"S85122S","9083","10000",1,0,0,0,0
"S85129A","90450","10000",1,0,0,0,0
"S85129D","V5889","10000",1,0,0,0,0
"S85129S","9083","10000",1,0,0,0,0
"S85131A","90451","10000",1,0,0,0,0
"S85131D","V5889","10000",1,0,0,0,0
"S85131S","9083","10000",1,0,0,0,0
"S85132A","90451","10000",1,0,0,0,0
"S85132D","V5889","10000",1,0,0,0,0
"S85132S","9083","10000",1,0,0,0,0
"S85139A","90451","10000",1,0,0,0,0
"S85139D","V5889","10000",1,0,0,0,0
"S85139S","9083","10000",1,0,0,0,0
"S85141A","90451","10000",1,0,0,0,0
"S85141D","V5889","10000",1,0,0,0,0
"S85141S","9083","10000",1,0,0,0,0
"S85142A","90451","10000",1,0,0,0,0
"S85142D","V5889","10000",1,0,0,0,0
"S85142S","9083","10000",1,0,0,0,0
"S85149A","90451","10000",1,0,0,0,0
"S85149D","V5889","10000",1,0,0,0,0
"S85149S","9083","10000",1,0,0,0,0
"S85151A","90451","10000",1,0,0,0,0
"S85151D","V5889","10000",1,0,0,0,0
"S85151S","9083","10000",1,0,0,0,0
"S85152A","90451","10000",1,0,0,0,0
"S85152D","V5889","10000",1,0,0,0,0
"S85152S","9083","10000",1,0,0,0,0
"S85159A","90451","10000",1,0,0,0,0
"S85159D","V5889","10000",1,0,0,0,0
"S85159S","9083","10000",1,0,0,0,0
"S85161A","90453","10000",1,0,0,0,0
"S85161D","V5889","10000",1,0,0,0,0
"S85161S","9083","10000",1,0,0,0,0
"S85162A","90453","10000",1,0,0,0,0
"S85162D","V5889","10000",1,0,0,0,0
"S85162S","9083","10000",1,0,0,0,0
"S85169A","90453","10000",1,0,0,0,0
"S85169D","V5889","10000",1,0,0,0,0
"S85169S","9083","10000",1,0,0,0,0
"S85171A","90453","10000",1,0,0,0,0
"S85171D","V5889","10000",1,0,0,0,0
"S85171S","9083","10000",1,0,0,0,0
"S85172A","90453","10000",1,0,0,0,0
"S85172D","V5889","10000",1,0,0,0,0
"S85172S","9083","10000",1,0,0,0,0
"S85179A","90453","10000",1,0,0,0,0
"S85179D","V5889","10000",1,0,0,0,0
"S85179S","9083","10000",1,0,0,0,0
"S85181A","90453","10000",1,0,0,0,0
"S85181D","V5889","10000",1,0,0,0,0
"S85181S","9083","10000",1,0,0,0,0
"S85182A","90453","10000",1,0,0,0,0
"S85182D","V5889","10000",1,0,0,0,0
"S85182S","9083","10000",1,0,0,0,0
"S85189A","90453","10000",1,0,0,0,0
"S85189D","V5889","10000",1,0,0,0,0
"S85189S","9083","10000",1,0,0,0,0
"S85201A","9047","10000",1,0,0,0,0
"S85201D","V5889","10000",1,0,0,0,0
"S85201S","9083","10000",1,0,0,0,0
"S85202A","9047","10000",1,0,0,0,0
"S85202D","V5889","10000",1,0,0,0,0
"S85202S","9083","10000",1,0,0,0,0
"S85209A","9047","10000",1,0,0,0,0
"S85209D","V5889","10000",1,0,0,0,0
"S85209S","9083","10000",1,0,0,0,0
"S85211A","9047","10000",1,0,0,0,0
"S85211D","V5889","10000",1,0,0,0,0
"S85211S","9083","10000",1,0,0,0,0
"S85212A","9047","10000",1,0,0,0,0
"S85212D","V5889","10000",1,0,0,0,0
"S85212S","9083","10000",1,0,0,0,0
"S85219A","9047","10000",1,0,0,0,0
"S85219D","V5889","10000",1,0,0,0,0
"S85219S","9083","10000",1,0,0,0,0
"S85291A","9047","10000",1,0,0,0,0
"S85291D","V5889","10000",1,0,0,0,0
"S85291S","9083","10000",1,0,0,0,0
"S85292A","9047","10000",1,0,0,0,0
"S85292D","V5889","10000",1,0,0,0,0
"S85292S","9083","10000",1,0,0,0,0
"S85299A","9047","10000",1,0,0,0,0
"S85299D","V5889","10000",1,0,0,0,0
"S85299S","9083","10000",1,0,0,0,0
"S85301A","9043","10000",1,0,0,0,0
"S85301D","V5889","10000",1,0,0,0,0
"S85301S","9083","10000",1,0,0,0,0
"S85302A","9043","10000",1,0,0,0,0
"S85302D","V5889","10000",1,0,0,0,0
"S85302S","9083","10000",1,0,0,0,0
"S85309A","9043","10000",1,0,0,0,0
"S85309D","V5889","10000",1,0,0,0,0
"S85309S","9083","10000",1,0,0,0,0
"S85311A","9043","10000",1,0,0,0,0
"S85311D","V5889","10000",1,0,0,0,0
"S85311S","9083","10000",1,0,0,0,0
"S85312A","9043","10000",1,0,0,0,0
"S85312D","V5889","10000",1,0,0,0,0
"S85312S","9083","10000",1,0,0,0,0
"S85319A","9043","10000",1,0,0,0,0
"S85319D","V5889","10000",1,0,0,0,0
"S85319S","9083","10000",1,0,0,0,0
"S85391A","9043","10000",1,0,0,0,0
"S85391D","V5889","10000",1,0,0,0,0
"S85391S","9083","10000",1,0,0,0,0
"S85392A","9043","10000",1,0,0,0,0
"S85392D","V5889","10000",1,0,0,0,0
"S85392S","9083","10000",1,0,0,0,0
"S85399A","9043","10000",1,0,0,0,0
"S85399D","V5889","10000",1,0,0,0,0
"S85399S","9083","10000",1,0,0,0,0
"S85401A","9043","10000",1,0,0,0,0
"S85401D","V5889","10000",1,0,0,0,0
"S85401S","9083","10000",1,0,0,0,0
"S85402A","9043","10000",1,0,0,0,0
"S85402D","V5889","10000",1,0,0,0,0
"S85402S","9083","10000",1,0,0,0,0
"S85409A","9043","10000",1,0,0,0,0
"S85409D","V5889","10000",1,0,0,0,0
"S85409S","9083","10000",1,0,0,0,0
"S85411A","9043","10000",1,0,0,0,0
"S85411D","V5889","10000",1,0,0,0,0
"S85411S","9083","10000",1,0,0,0,0
"S85412A","9043","10000",1,0,0,0,0
"S85412D","V5889","10000",1,0,0,0,0
"S85412S","9083","10000",1,0,0,0,0
"S85419A","9043","10000",1,0,0,0,0
"S85419D","V5889","10000",1,0,0,0,0
"S85419S","9083","10000",1,0,0,0,0
"S85491A","9043","10000",1,0,0,0,0
"S85491D","V5889","10000",1,0,0,0,0
"S85491S","9083","10000",1,0,0,0,0
"S85492A","9043","10000",1,0,0,0,0
"S85492D","V5889","10000",1,0,0,0,0
"S85492S","9083","10000",1,0,0,0,0
"S85499A","9043","10000",1,0,0,0,0
"S85499D","V5889","10000",1,0,0,0,0
"S85499S","9083","10000",1,0,0,0,0
"S85501A","90442","10000",1,0,0,0,0
"S85501D","V5889","10000",1,0,0,0,0
"S85501S","9083","10000",1,0,0,0,0
"S85502A","90442","10000",1,0,0,0,0
"S85502D","V5889","10000",1,0,0,0,0
"S85502S","9083","10000",1,0,0,0,0
"S85509A","90442","10000",1,0,0,0,0
"S85509D","V5889","10000",1,0,0,0,0
"S85509S","9083","10000",1,0,0,0,0
"S85511A","90442","10000",1,0,0,0,0
"S85511D","V5889","10000",1,0,0,0,0
"S85511S","9083","10000",1,0,0,0,0
"S85512A","90442","10000",1,0,0,0,0
"S85512D","V5889","10000",1,0,0,0,0
"S85512S","9083","10000",1,0,0,0,0
"S85519A","90442","10000",1,0,0,0,0
"S85519D","V5889","10000",1,0,0,0,0
"S85519S","9083","10000",1,0,0,0,0
"S85591A","90442","10000",1,0,0,0,0
"S85591D","V5889","10000",1,0,0,0,0
"S85591S","9083","10000",1,0,0,0,0
"S85592A","90442","10000",1,0,0,0,0
"S85592D","V5889","10000",1,0,0,0,0
"S85592S","9083","10000",1,0,0,0,0
"S85599A","90442","10000",1,0,0,0,0
"S85599D","V5889","10000",1,0,0,0,0
"S85599S","9083","10000",1,0,0,0,0
"S85801A","90452","10000",1,0,0,0,0
"S85801A","90454","10000",1,0,0,0,0
"S85801A","9047","10000",1,0,0,0,0
"S85801D","V5889","10000",1,0,0,0,0
"S85801S","9083","10000",1,0,0,0,0
"S85802A","90452","10000",1,0,0,0,0
"S85802A","90454","10000",1,0,0,0,0
"S85802A","9047","10000",1,0,0,0,0
"S85802D","V5889","10000",1,0,0,0,0
"S85802S","9083","10000",1,0,0,0,0
"S85809A","9047","10000",1,0,0,0,0
"S85809D","V5889","10000",1,0,0,0,0
"S85809S","9083","10000",1,0,0,0,0
"S85811A","90452","10000",1,0,0,0,0
"S85811A","90454","10000",1,0,0,0,0
"S85811A","9047","10000",1,0,0,0,0
"S85811D","V5889","10000",1,0,0,0,0
"S85811S","9083","10000",1,0,0,0,0
"S85812A","90452","10000",1,0,0,0,0
"S85812A","90454","10000",1,0,0,0,0
"S85812A","9047","10000",1,0,0,0,0
"S85812D","V5889","10000",1,0,0,0,0
"S85812S","9083","10000",1,0,0,0,0
"S85819A","90452","10000",1,0,0,0,0
"S85819A","90454","10000",1,0,0,0,0
"S85819A","9047","10000",1,0,0,0,0
"S85819D","V5889","10000",1,0,0,0,0
"S85819S","9083","10000",1,0,0,0,0
"S85891A","90452","10000",1,0,0,0,0
"S85891A","90454","10000",1,0,0,0,0
"S85891A","9047","10000",1,0,0,0,0
"S85891D","V5889","10000",1,0,0,0,0
"S85891S","9083","10000",1,0,0,0,0
"S85892A","90452","10000",1,0,0,0,0
"S85892A","90454","10000",1,0,0,0,0
"S85892A","9047","10000",1,0,0,0,0
"S85892D","V5889","10000",1,0,0,0,0
"S85892S","9083","10000",1,0,0,0,0
"S85899A","90452","10000",1,0,0,0,0
"S85899A","90454","10000",1,0,0,0,0
"S85899A","9047","10000",1,0,0,0,0
"S85899D","V5889","10000",1,0,0,0,0
"S85899S","9083","10000",1,0,0,0,0
"S85901A","9048","10000",1,0,0,0,0
"S85901D","V5889","10000",1,0,0,0,0
"S85901S","9083","10000",1,0,0,0,0
"S85902A","9048","10000",1,0,0,0,0
"S85902D","V5889","10000",1,0,0,0,0
"S85902S","9083","10000",1,0,0,0,0
"S85909A","9048","10000",1,0,0,0,0
"S85909D","V5889","10000",1,0,0,0,0
"S85909S","9083","10000",1,0,0,0,0
"S85911A","9048","10000",1,0,0,0,0
"S85911D","V5889","10000",1,0,0,0,0
"S85911S","9083","10000",1,0,0,0,0
"S85912A","9048","10000",1,0,0,0,0
"S85912D","V5889","10000",1,0,0,0,0
"S85912S","9083","10000",1,0,0,0,0
"S85919A","9048","10000",1,0,0,0,0
"S85919D","V5889","10000",1,0,0,0,0
"S85919S","9083","10000",1,0,0,0,0
"S85991A","9048","10000",1,0,0,0,0
"S85991D","V5889","10000",1,0,0,0,0
"S85991S","9083","10000",1,0,0,0,0
"S85992A","9048","10000",1,0,0,0,0
"S85992D","V5889","10000",1,0,0,0,0
"S85992S","9083","10000",1,0,0,0,0
"S85999A","9048","10000",1,0,0,0,0
"S85999D","V5889","10000",1,0,0,0,0
"S85999S","9083","10000",1,0,0,0,0
"S86001A","9597","10000",1,0,0,0,0
"S86001D","V5889","10000",1,0,0,0,0
"S86001S","9089","10000",1,0,0,0,0
"S86002A","9597","10000",1,0,0,0,0
"S86002D","V5889","10000",1,0,0,0,0
"S86002S","9089","10000",1,0,0,0,0
"S86009A","9597","10000",1,0,0,0,0
"S86009D","V5889","10000",1,0,0,0,0
"S86009S","9089","10000",1,0,0,0,0
"S86011A","84509","10000",1,0,0,0,0
"S86011D","V5889","10000",1,0,0,0,0
"S86011S","9057","10000",1,0,0,0,0
"S86012A","84509","10000",1,0,0,0,0
"S86012D","V5889","10000",1,0,0,0,0
"S86012S","9057","10000",1,0,0,0,0
"S86019A","84509","10000",1,0,0,0,0
"S86019D","V5889","10000",1,0,0,0,0
"S86019S","9057","10000",1,0,0,0,0
"S86021A","8912","10000",1,0,0,0,0
"S86021D","V5889","10000",1,0,0,0,0
"S86021S","9061","10000",1,0,0,0,0
"S86022A","8912","10000",1,0,0,0,0
"S86022D","V5889","10000",1,0,0,0,0
"S86022S","9061","10000",1,0,0,0,0
"S86029A","8912","10000",1,0,0,0,0
"S86029D","V5889","10000",1,0,0,0,0
"S86029S","9061","10000",1,0,0,0,0
"S86091A","9597","10000",1,0,0,0,0
"S86091D","V5889","10000",1,0,0,0,0
"S86091S","9089","10000",1,0,0,0,0
"S86092A","9597","10000",1,0,0,0,0
"S86092D","V5889","10000",1,0,0,0,0
"S86092S","9089","10000",1,0,0,0,0
"S86099A","9597","10000",1,0,0,0,0
"S86099D","V5889","10000",1,0,0,0,0
"S86099S","9089","10000",1,0,0,0,0
"S86101A","9597","10000",1,0,0,0,0
"S86101D","V5889","10000",1,0,0,0,0
"S86101S","9089","10000",1,0,0,0,0
"S86102A","9597","10000",1,0,0,0,0
"S86102D","V5889","10000",1,0,0,0,0
"S86102S","9089","10000",1,0,0,0,0
"S86109A","9597","10000",1,0,0,0,0
"S86109D","V5889","10000",1,0,0,0,0
"S86109S","9089","10000",1,0,0,0,0
"S86111A","8448","10000",1,0,0,0,0
"S86111D","V5889","10000",1,0,0,0,0
"S86111S","9057","10000",1,0,0,0,0
"S86112A","8448","10000",1,0,0,0,0
"S86112D","V5889","10000",1,0,0,0,0
"S86112S","9057","10000",1,0,0,0,0
"S86119A","8448","10000",1,0,0,0,0
"S86119D","V5889","10000",1,0,0,0,0
"S86119S","9057","10000",1,0,0,0,0
"S86121A","8912","10000",1,0,0,0,0
"S86121D","V5889","10000",1,0,0,0,0
"S86121S","9061","10000",1,0,0,0,0
"S86122A","8912","10000",1,0,0,0,0
"S86122D","V5889","10000",1,0,0,0,0
"S86122S","9061","10000",1,0,0,0,0
"S86129A","8912","10000",1,0,0,0,0
"S86129D","V5889","10000",1,0,0,0,0
"S86129S","9061","10000",1,0,0,0,0
"S86191A","9597","10000",1,0,0,0,0
"S86191D","V5889","10000",1,0,0,0,0
"S86191S","9089","10000",1,0,0,0,0
"S86192A","9597","10000",1,0,0,0,0
"S86192D","V5889","10000",1,0,0,0,0
"S86192S","9089","10000",1,0,0,0,0
"S86199A","9597","10000",1,0,0,0,0
"S86199D","V5889","10000",1,0,0,0,0
"S86199S","9089","10000",1,0,0,0,0
"S86201A","9597","10000",1,0,0,0,0
"S86201D","V5889","10000",1,0,0,0,0
"S86201S","9089","10000",1,0,0,0,0
"S86202A","9597","10000",1,0,0,0,0
"S86202D","V5889","10000",1,0,0,0,0
"S86202S","9089","10000",1,0,0,0,0
"S86209A","9597","10000",1,0,0,0,0
"S86209D","V5889","10000",1,0,0,0,0
"S86209S","9089","10000",1,0,0,0,0
"S86211A","8448","10000",1,0,0,0,0
"S86211D","V5889","10000",1,0,0,0,0
"S86211S","9057","10000",1,0,0,0,0
"S86212A","8448","10000",1,0,0,0,0
"S86212D","V5889","10000",1,0,0,0,0
"S86212S","9057","10000",1,0,0,0,0
"S86219A","8448","10000",1,0,0,0,0
"S86219D","V5889","10000",1,0,0,0,0
"S86219S","9057","10000",1,0,0,0,0
"S86221A","8912","10000",1,0,0,0,0
"S86221D","V5889","10000",1,0,0,0,0
"S86221S","9061","10000",1,0,0,0,0
"S86222A","8912","10000",1,0,0,0,0
"S86222D","V5889","10000",1,0,0,0,0
"S86222S","9061","10000",1,0,0,0,0
"S86229A","8912","10000",1,0,0,0,0
"S86229D","V5889","10000",1,0,0,0,0
"S86229S","9061","10000",1,0,0,0,0
"S86291A","9597","10000",1,0,0,0,0
"S86291D","V5889","10000",1,0,0,0,0
"S86291S","9089","10000",1,0,0,0,0
"S86292A","9597","10000",1,0,0,0,0
"S86292D","V5889","10000",1,0,0,0,0
"S86292S","9089","10000",1,0,0,0,0
"S86299A","9597","10000",1,0,0,0,0
"S86299D","V5889","10000",1,0,0,0,0
"S86299S","9089","10000",1,0,0,0,0
"S86301A","9597","10000",1,0,0,0,0
"S86301D","V5889","10000",1,0,0,0,0
"S86301S","9089","10000",1,0,0,0,0
"S86302A","9597","10000",1,0,0,0,0
"S86302D","V5889","10000",1,0,0,0,0
"S86302S","9089","10000",1,0,0,0,0
"S86309A","9597","10000",1,0,0,0,0
"S86309D","V5889","10000",1,0,0,0,0
"S86309S","9089","10000",1,0,0,0,0
"S86311A","8448","10000",1,0,0,0,0
"S86311D","V5889","10000",1,0,0,0,0
"S86311S","9057","10000",1,0,0,0,0
"S86312A","8448","10000",1,0,0,0,0
"S86312D","V5889","10000",1,0,0,0,0
"S86312S","9057","10000",1,0,0,0,0
"S86319A","8448","10000",1,0,0,0,0
"S86319D","V5889","10000",1,0,0,0,0
"S86319S","9057","10000",1,0,0,0,0
"S86321A","8912","10000",1,0,0,0,0
"S86321D","V5889","10000",1,0,0,0,0
"S86321S","9061","10000",1,0,0,0,0
"S86322A","8912","10000",1,0,0,0,0
"S86322D","V5889","10000",1,0,0,0,0
"S86322S","9061","10000",1,0,0,0,0
"S86329A","8912","10000",1,0,0,0,0
"S86329D","V5889","10000",1,0,0,0,0
"S86329S","9061","10000",1,0,0,0,0
"S86391A","9597","10000",1,0,0,0,0
"S86391D","V5889","10000",1,0,0,0,0
"S86391S","9089","10000",1,0,0,0,0
"S86392A","9597","10000",1,0,0,0,0
"S86392D","V5889","10000",1,0,0,0,0
"S86392S","9089","10000",1,0,0,0,0
"S86399A","9597","10000",1,0,0,0,0
"S86399D","V5889","10000",1,0,0,0,0
"S86399S","9089","10000",1,0,0,0,0
"S86801A","9597","10000",1,0,0,0,0
"S86801D","V5889","10000",1,0,0,0,0
"S86801S","9089","10000",1,0,0,0,0
"S86802A","9597","10000",1,0,0,0,0
"S86802D","V5889","10000",1,0,0,0,0
"S86802S","9089","10000",1,0,0,0,0
"S86809A","9597","10000",1,0,0,0,0
"S86809D","V5889","10000",1,0,0,0,0
"S86809S","9089","10000",1,0,0,0,0
"S86811A","8448","10000",1,0,0,0,0
"S86811D","V5889","10000",1,0,0,0,0
"S86811S","9057","10000",1,0,0,0,0
"S86812A","8448","10000",1,0,0,0,0
"S86812D","V5889","10000",1,0,0,0,0
"S86812S","9057","10000",1,0,0,0,0
"S86819A","8448","10000",1,0,0,0,0
"S86819D","V5889","10000",1,0,0,0,0
"S86819S","9057","10000",1,0,0,0,0
"S86821A","8912","10000",1,0,0,0,0
"S86821D","V5889","10000",1,0,0,0,0
"S86821S","9061","10000",1,0,0,0,0
"S86822A","8912","10000",1,0,0,0,0
"S86822D","V5889","10000",1,0,0,0,0
"S86822S","9061","10000",1,0,0,0,0
"S86829A","8912","10000",1,0,0,0,0
"S86829D","V5889","10000",1,0,0,0,0
"S86829S","9061","10000",1,0,0,0,0
"S86891A","9597","10000",1,0,0,0,0
"S86891D","V5889","10000",1,0,0,0,0
"S86891S","9089","10000",1,0,0,0,0
"S86892A","9597","10000",1,0,0,0,0
"S86892D","V5889","10000",1,0,0,0,0
"S86892S","9089","10000",1,0,0,0,0
"S86899A","9597","10000",1,0,0,0,0
"S86899D","V5889","10000",1,0,0,0,0
"S86899S","9089","10000",1,0,0,0,0
"S86901A","9597","10000",1,0,0,0,0
"S86901D","V5889","10000",1,0,0,0,0
"S86901S","9089","10000",1,0,0,0,0
"S86902A","9597","10000",1,0,0,0,0
"S86902D","V5889","10000",1,0,0,0,0
"S86902S","9089","10000",1,0,0,0,0
"S86909A","9597","10000",1,0,0,0,0
"S86909D","V5889","10000",1,0,0,0,0
"S86909S","9089","10000",1,0,0,0,0
"S86911A","8449","10000",1,0,0,0,0
"S86911D","V5889","10000",1,0,0,0,0
"S86911S","9057","10000",1,0,0,0,0
"S86912A","8449","10000",1,0,0,0,0
"S86912D","V5889","10000",1,0,0,0,0
"S86912S","9057","10000",1,0,0,0,0
"S86919A","8449","10000",1,0,0,0,0
"S86919D","V5889","10000",1,0,0,0,0
"S86919S","9057","10000",1,0,0,0,0
"S86921A","8912","10000",1,0,0,0,0
"S86921D","V5889","10000",1,0,0,0,0
"S86921S","9061","10000",1,0,0,0,0
"S86922A","8912","10000",1,0,0,0,0
"S86922D","V5889","10000",1,0,0,0,0
"S86922S","9061","10000",1,0,0,0,0
"S86929A","8912","10000",1,0,0,0,0
"S86929D","V5889","10000",1,0,0,0,0
"S86929S","9061","10000",1,0,0,0,0
"S86991A","9597","10000",1,0,0,0,0
"S86991D","V5889","10000",1,0,0,0,0
"S86991S","9089","10000",1,0,0,0,0
"S86992A","9597","10000",1,0,0,0,0
"S86992D","V5889","10000",1,0,0,0,0
"S86992S","9089","10000",1,0,0,0,0
"S86999A","9597","10000",1,0,0,0,0
"S86999D","V5889","10000",1,0,0,0,0
"S86999S","9089","10000",1,0,0,0,0
"S8700XA","92811","10000",1,0,0,0,0
"S8700XD","V5889","10000",1,0,0,0,0
"S8700XS","9064","10000",1,0,0,0,0
"S8701XA","92811","10000",1,0,0,0,0
"S8701XD","V5889","10000",1,0,0,0,0
"S8701XS","9064","10000",1,0,0,0,0
"S8702XA","92811","10000",1,0,0,0,0
"S8702XD","V5889","10000",1,0,0,0,0
"S8702XS","9064","10000",1,0,0,0,0
"S8780XA","92810","10000",1,0,0,0,0
"S8780XD","V5889","10000",1,0,0,0,0
"S8780XS","9064","10000",1,0,0,0,0
"S8781XA","92810","10000",1,0,0,0,0
"S8781XD","V5889","10000",1,0,0,0,0
"S8781XS","9064","10000",1,0,0,0,0
"S8782XA","92810","10000",1,0,0,0,0
"S8782XD","V5889","10000",1,0,0,0,0
"S8782XS","9064","10000",1,0,0,0,0
"S88011A","8972","10000",1,0,0,0,0
"S88011D","V5889","10000",1,0,0,0,0
"S88011S","9059","10000",1,0,0,0,0
"S88012A","8972","10000",1,0,0,0,0
"S88012D","V5889","10000",1,0,0,0,0
"S88012S","9059","10000",1,0,0,0,0
"S88019A","8972","10000",1,0,0,0,0
"S88019D","V5889","10000",1,0,0,0,0
"S88019S","9059","10000",1,0,0,0,0
"S88021A","8972","10000",1,0,0,0,0
"S88021D","V5889","10000",1,0,0,0,0
"S88021S","9059","10000",1,0,0,0,0
"S88022A","8972","10000",1,0,0,0,0
"S88022D","V5889","10000",1,0,0,0,0
"S88022S","9059","10000",1,0,0,0,0
"S88029A","8972","10000",1,0,0,0,0
"S88029D","V5889","10000",1,0,0,0,0
"S88029S","9059","10000",1,0,0,0,0
"S88111A","8970","10000",1,0,0,0,0
"S88111D","V5889","10000",1,0,0,0,0
"S88111S","9059","10000",1,0,0,0,0
"S88112A","8970","10000",1,0,0,0,0
"S88112D","V5889","10000",1,0,0,0,0
"S88112S","9059","10000",1,0,0,0,0
"S88119A","8970","10000",1,0,0,0,0
"S88119D","V5889","10000",1,0,0,0,0
"S88119S","9059","10000",1,0,0,0,0
"S88121A","8970","10000",1,0,0,0,0
"S88121D","V5889","10000",1,0,0,0,0
"S88121S","9059","10000",1,0,0,0,0
"S88122A","8970","10000",1,0,0,0,0
"S88122D","V5889","10000",1,0,0,0,0
"S88122S","9059","10000",1,0,0,0,0
"S88129A","8970","10000",1,0,0,0,0
"S88129D","V5889","10000",1,0,0,0,0
"S88129S","9059","10000",1,0,0,0,0
"S88911A","8974","10000",1,0,0,0,0
"S88911D","V5889","10000",1,0,0,0,0
"S88911S","9059","10000",1,0,0,0,0
"S88912A","8974","10000",1,0,0,0,0
"S88912D","V5889","10000",1,0,0,0,0
"S88912S","9059","10000",1,0,0,0,0
"S88919A","8974","10000",1,0,0,0,0
"S88919D","V5889","10000",1,0,0,0,0
"S88919S","9059","10000",1,0,0,0,0
"S88921A","8974","10000",1,0,0,0,0
"S88921D","V5889","10000",1,0,0,0,0
"S88921S","9059","10000",1,0,0,0,0
"S88922A","8974","10000",1,0,0,0,0
"S88922D","V5889","10000",1,0,0,0,0
"S88922S","9059","10000",1,0,0,0,0
"S88929A","8974","10000",1,0,0,0,0
"S88929D","V5889","10000",1,0,0,0,0
"S88929S","9059","10000",1,0,0,0,0
"S89001A","82300","10000",1,0,0,0,0
"S89001D","V5416","10000",1,0,0,0,0
"S89001G","V5416","10000",1,0,0,0,0
"S89001K","73382","10000",1,0,0,0,0
"S89001P","73381","10000",1,0,0,0,0
"S89001S","9054","10000",1,0,0,0,0
"S89002A","82300","10000",1,0,0,0,0
"S89002D","V5416","10000",1,0,0,0,0
"S89002G","V5416","10000",1,0,0,0,0
"S89002K","73382","10000",1,0,0,0,0
"S89002P","73381","10000",1,0,0,0,0
"S89002S","9054","10000",1,0,0,0,0
"S89009A","82300","10000",1,0,0,0,0
"S89009D","V5416","10000",1,0,0,0,0
"S89009G","V5416","10000",1,0,0,0,0
"S89009K","73382","10000",1,0,0,0,0
"S89009P","73381","10000",1,0,0,0,0
"S89009S","9054","10000",1,0,0,0,0
"S89011A","82300","10000",1,0,0,0,0
"S89011D","V5416","10000",1,0,0,0,0
"S89011G","V5416","10000",1,0,0,0,0
"S89011K","73382","10000",1,0,0,0,0
"S89011P","73381","10000",1,0,0,0,0
"S89011S","9054","10000",1,0,0,0,0
"S89012A","82300","10000",1,0,0,0,0
"S89012D","V5416","10000",1,0,0,0,0
"S89012G","V5416","10000",1,0,0,0,0
"S89012K","73382","10000",1,0,0,0,0
"S89012P","73381","10000",1,0,0,0,0
"S89012S","9054","10000",1,0,0,0,0
"S89019A","82300","10000",1,0,0,0,0
"S89019D","V5416","10000",1,0,0,0,0
"S89019G","V5416","10000",1,0,0,0,0
"S89019K","73382","10000",1,0,0,0,0
"S89019P","73381","10000",1,0,0,0,0
"S89019S","9054","10000",1,0,0,0,0
"S89021A","82300","10000",1,0,0,0,0
"S89021D","V5416","10000",1,0,0,0,0
"S89021G","V5416","10000",1,0,0,0,0
"S89021K","73382","10000",1,0,0,0,0
"S89021P","73381","10000",1,0,0,0,0
"S89021S","9054","10000",1,0,0,0,0
"S89022A","82300","10000",1,0,0,0,0
"S89022D","V5416","10000",1,0,0,0,0
"S89022G","V5416","10000",1,0,0,0,0
"S89022K","73382","10000",1,0,0,0,0
"S89022P","73381","10000",1,0,0,0,0
"S89022S","9054","10000",1,0,0,0,0
"S89029A","82300","10000",1,0,0,0,0
"S89029D","V5416","10000",1,0,0,0,0
"S89029G","V5416","10000",1,0,0,0,0
"S89029K","73382","10000",1,0,0,0,0
"S89029P","73381","10000",1,0,0,0,0
"S89029S","9054","10000",1,0,0,0,0
"S89031A","82300","10000",1,0,0,0,0
"S89031D","V5416","10000",1,0,0,0,0
"S89031G","V5416","10000",1,0,0,0,0
"S89031K","73382","10000",1,0,0,0,0
"S89031P","73381","10000",1,0,0,0,0
"S89031S","9054","10000",1,0,0,0,0
"S89032A","82300","10000",1,0,0,0,0
"S89032D","V5416","10000",1,0,0,0,0
"S89032G","V5416","10000",1,0,0,0,0
"S89032K","73382","10000",1,0,0,0,0
"S89032P","73381","10000",1,0,0,0,0
"S89032S","9054","10000",1,0,0,0,0
"S89039A","82300","10000",1,0,0,0,0
"S89039D","V5416","10000",1,0,0,0,0
"S89039G","V5416","10000",1,0,0,0,0
"S89039K","73382","10000",1,0,0,0,0
"S89039P","73381","10000",1,0,0,0,0
"S89039S","9054","10000",1,0,0,0,0
"S89041A","82300","10000",1,0,0,0,0
"S89041D","V5416","10000",1,0,0,0,0
"S89041G","V5416","10000",1,0,0,0,0
"S89041K","73382","10000",1,0,0,0,0
"S89041P","73381","10000",1,0,0,0,0
"S89041S","9054","10000",1,0,0,0,0
"S89042A","82300","10000",1,0,0,0,0
"S89042D","V5416","10000",1,0,0,0,0
"S89042G","V5416","10000",1,0,0,0,0
"S89042K","73382","10000",1,0,0,0,0
"S89042P","73381","10000",1,0,0,0,0
"S89042S","9054","10000",1,0,0,0,0
"S89049A","82300","10000",1,0,0,0,0
"S89049D","V5416","10000",1,0,0,0,0
"S89049G","V5416","10000",1,0,0,0,0
"S89049K","73382","10000",1,0,0,0,0
"S89049P","73381","10000",1,0,0,0,0
"S89049S","9054","10000",1,0,0,0,0
"S89091A","82300","10000",1,0,0,0,0
"S89091D","V5416","10000",1,0,0,0,0
"S89091G","V5416","10000",1,0,0,0,0
"S89091K","73382","10000",1,0,0,0,0
"S89091P","73381","10000",1,0,0,0,0
"S89091S","9054","10000",1,0,0,0,0
"S89092A","82300","10000",1,0,0,0,0
"S89092D","V5416","10000",1,0,0,0,0
"S89092G","V5416","10000",1,0,0,0,0
"S89092K","73382","10000",1,0,0,0,0
"S89092P","73381","10000",1,0,0,0,0
"S89092S","9054","10000",1,0,0,0,0
"S89099A","82300","10000",1,0,0,0,0
"S89099D","V5416","10000",1,0,0,0,0
"S89099G","V5416","10000",1,0,0,0,0
"S89099K","73382","10000",1,0,0,0,0
"S89099P","73381","10000",1,0,0,0,0
"S89099S","9054","10000",1,0,0,0,0
"S89101A","8248","10000",1,0,0,0,0
"S89101D","V5416","10000",1,0,0,0,0
"S89101G","V5416","10000",1,0,0,0,0
"S89101K","73382","10000",1,0,0,0,0
"S89101P","73381","10000",1,0,0,0,0
"S89101S","9054","10000",1,0,0,0,0
"S89102A","8248","10000",1,0,0,0,0
"S89102D","V5416","10000",1,0,0,0,0
"S89102G","V5416","10000",1,0,0,0,0
"S89102K","73382","10000",1,0,0,0,0
"S89102P","73381","10000",1,0,0,0,0
"S89102S","9054","10000",1,0,0,0,0
"S89109A","8248","10000",1,0,0,0,0
"S89109D","V5416","10000",1,0,0,0,0
"S89109G","V5416","10000",1,0,0,0,0
"S89109K","73382","10000",1,0,0,0,0
"S89109P","73381","10000",1,0,0,0,0
"S89109S","9054","10000",1,0,0,0,0
"S89111A","8248","10000",1,0,0,0,0
"S89111D","V5416","10000",1,0,0,0,0
"S89111G","V5416","10000",1,0,0,0,0
"S89111K","73382","10000",1,0,0,0,0
"S89111P","73381","10000",1,0,0,0,0
"S89111S","9054","10000",1,0,0,0,0
"S89112A","8248","10000",1,0,0,0,0
"S89112D","V5416","10000",1,0,0,0,0
"S89112G","V5416","10000",1,0,0,0,0
"S89112K","73382","10000",1,0,0,0,0
"S89112P","73381","10000",1,0,0,0,0
"S89112S","9054","10000",1,0,0,0,0
"S89119A","8248","10000",1,0,0,0,0
"S89119D","V5416","10000",1,0,0,0,0
"S89119G","V5416","10000",1,0,0,0,0
"S89119K","73382","10000",1,0,0,0,0
"S89119P","73381","10000",1,0,0,0,0
"S89119S","9054","10000",1,0,0,0,0
"S89121A","8248","10000",1,0,0,0,0
"S89121D","V5416","10000",1,0,0,0,0
"S89121G","V5416","10000",1,0,0,0,0
"S89121K","73382","10000",1,0,0,0,0
"S89121P","73381","10000",1,0,0,0,0
"S89121S","9054","10000",1,0,0,0,0
"S89122A","8248","10000",1,0,0,0,0
"S89122D","V5416","10000",1,0,0,0,0
"S89122G","V5416","10000",1,0,0,0,0
"S89122K","73382","10000",1,0,0,0,0
"S89122P","73381","10000",1,0,0,0,0
"S89122S","9054","10000",1,0,0,0,0
"S89129A","8248","10000",1,0,0,0,0
"S89129D","V5416","10000",1,0,0,0,0
"S89129G","V5416","10000",1,0,0,0,0
"S89129K","73382","10000",1,0,0,0,0
"S89129P","73381","10000",1,0,0,0,0
"S89129S","9054","10000",1,0,0,0,0
"S89131A","8248","10000",1,0,0,0,0
"S89131D","V5416","10000",1,0,0,0,0
"S89131G","V5416","10000",1,0,0,0,0
"S89131K","73382","10000",1,0,0,0,0
"S89131P","73381","10000",1,0,0,0,0
"S89131S","9054","10000",1,0,0,0,0
"S89132A","8248","10000",1,0,0,0,0
"S89132D","V5416","10000",1,0,0,0,0
"S89132G","V5416","10000",1,0,0,0,0
"S89132K","73382","10000",1,0,0,0,0
"S89132P","73381","10000",1,0,0,0,0
"S89132S","9054","10000",1,0,0,0,0
"S89139A","8248","10000",1,0,0,0,0
"S89139D","V5416","10000",1,0,0,0,0
"S89139G","V5416","10000",1,0,0,0,0
"S89139K","73382","10000",1,0,0,0,0
"S89139P","73381","10000",1,0,0,0,0
"S89139S","9054","10000",1,0,0,0,0
"S89141A","8248","10000",1,0,0,0,0
"S89141D","V5416","10000",1,0,0,0,0
"S89141G","V5416","10000",1,0,0,0,0
"S89141K","73382","10000",1,0,0,0,0
"S89141P","73381","10000",1,0,0,0,0
"S89141S","9054","10000",1,0,0,0,0
"S89142A","8248","10000",1,0,0,0,0
"S89142D","V5416","10000",1,0,0,0,0
"S89142G","V5416","10000",1,0,0,0,0
"S89142K","73382","10000",1,0,0,0,0
"S89142P","73381","10000",1,0,0,0,0
"S89142S","9054","10000",1,0,0,0,0
"S89149A","8248","10000",1,0,0,0,0
"S89149D","V5416","10000",1,0,0,0,0
"S89149G","V5416","10000",1,0,0,0,0
"S89149K","73382","10000",1,0,0,0,0
"S89149P","73381","10000",1,0,0,0,0
"S89149S","9054","10000",1,0,0,0,0
"S89191A","8248","10000",1,0,0,0,0
"S89191D","V5416","10000",1,0,0,0,0
"S89191G","V5416","10000",1,0,0,0,0
"S89191K","73382","10000",1,0,0,0,0
"S89191P","73381","10000",1,0,0,0,0
"S89191S","9054","10000",1,0,0,0,0
"S89192A","8248","10000",1,0,0,0,0
"S89192D","V5416","10000",1,0,0,0,0
"S89192G","V5416","10000",1,0,0,0,0
"S89192K","73382","10000",1,0,0,0,0
"S89192P","73381","10000",1,0,0,0,0
"S89192S","9054","10000",1,0,0,0,0
"S89199A","8248","10000",1,0,0,0,0
"S89199D","V5416","10000",1,0,0,0,0
"S89199G","V5416","10000",1,0,0,0,0
"S89199K","73382","10000",1,0,0,0,0
"S89199P","73381","10000",1,0,0,0,0
"S89199S","9054","10000",1,0,0,0,0
"S89201A","82301","10000",1,0,0,0,0
"S89201D","V5416","10000",1,0,0,0,0
"S89201G","V5416","10000",1,0,0,0,0
"S89201K","73382","10000",1,0,0,0,0
"S89201P","73381","10000",1,0,0,0,0
"S89201S","9054","10000",1,0,0,0,0
"S89202A","82301","10000",1,0,0,0,0
"S89202D","V5416","10000",1,0,0,0,0
"S89202G","V5416","10000",1,0,0,0,0
"S89202K","73382","10000",1,0,0,0,0
"S89202P","73381","10000",1,0,0,0,0
"S89202S","9054","10000",1,0,0,0,0
"S89209A","82301","10000",1,0,0,0,0
"S89209D","V5416","10000",1,0,0,0,0
"S89209G","V5416","10000",1,0,0,0,0
"S89209K","73382","10000",1,0,0,0,0
"S89209P","73381","10000",1,0,0,0,0
"S89209S","9054","10000",1,0,0,0,0
"S89211A","82301","10000",1,0,0,0,0
"S89211D","V5416","10000",1,0,0,0,0
"S89211G","V5416","10000",1,0,0,0,0
"S89211K","73382","10000",1,0,0,0,0
"S89211P","73381","10000",1,0,0,0,0
"S89211S","9054","10000",1,0,0,0,0
"S89212A","82301","10000",1,0,0,0,0
"S89212D","V5416","10000",1,0,0,0,0
"S89212G","V5416","10000",1,0,0,0,0
"S89212K","73382","10000",1,0,0,0,0
"S89212P","73381","10000",1,0,0,0,0
"S89212S","9054","10000",1,0,0,0,0
"S89219A","82301","10000",1,0,0,0,0
"S89219D","V5416","10000",1,0,0,0,0
"S89219G","V5416","10000",1,0,0,0,0
"S89219K","73382","10000",1,0,0,0,0
"S89219P","73381","10000",1,0,0,0,0
"S89219S","9054","10000",1,0,0,0,0
"S89221A","82301","10000",1,0,0,0,0
"S89221D","V5416","10000",1,0,0,0,0
"S89221G","V5416","10000",1,0,0,0,0
"S89221K","73382","10000",1,0,0,0,0
"S89221P","73381","10000",1,0,0,0,0
"S89221S","9054","10000",1,0,0,0,0
"S89222A","82301","10000",1,0,0,0,0
"S89222D","V5416","10000",1,0,0,0,0
"S89222G","V5416","10000",1,0,0,0,0
"S89222K","73382","10000",1,0,0,0,0
"S89222P","73381","10000",1,0,0,0,0
"S89222S","9054","10000",1,0,0,0,0
"S89229A","82301","10000",1,0,0,0,0
"S89229D","V5416","10000",1,0,0,0,0
"S89229G","V5416","10000",1,0,0,0,0
"S89229K","73382","10000",1,0,0,0,0
"S89229P","73381","10000",1,0,0,0,0
"S89229S","9054","10000",1,0,0,0,0
"S89291A","82301","10000",1,0,0,0,0
"S89291D","V5416","10000",1,0,0,0,0
"S89291G","V5416","10000",1,0,0,0,0
"S89291K","73382","10000",1,0,0,0,0
"S89291P","73381","10000",1,0,0,0,0
"S89291S","9054","10000",1,0,0,0,0
"S89292A","82301","10000",1,0,0,0,0
"S89292D","V5416","10000",1,0,0,0,0
"S89292G","V5416","10000",1,0,0,0,0
"S89292K","73382","10000",1,0,0,0,0
"S89292P","73381","10000",1,0,0,0,0
"S89292S","9054","10000",1,0,0,0,0
"S89299A","82301","10000",1,0,0,0,0
"S89299D","V5416","10000",1,0,0,0,0
"S89299G","V5416","10000",1,0,0,0,0
"S89299K","73382","10000",1,0,0,0,0
"S89299P","73381","10000",1,0,0,0,0
"S89299S","9054","10000",1,0,0,0,0
"S89301A","8248","10000",1,0,0,0,0
"S89301D","V5416","10000",1,0,0,0,0
"S89301G","V5416","10000",1,0,0,0,0
"S89301K","73382","10000",1,0,0,0,0
"S89301P","73381","10000",1,0,0,0,0
"S89301S","9054","10000",1,0,0,0,0
"S89302A","8248","10000",1,0,0,0,0
"S89302D","V5416","10000",1,0,0,0,0
"S89302G","V5416","10000",1,0,0,0,0
"S89302K","73382","10000",1,0,0,0,0
"S89302P","73381","10000",1,0,0,0,0
"S89302S","9054","10000",1,0,0,0,0
"S89309A","8248","10000",1,0,0,0,0
"S89309D","V5416","10000",1,0,0,0,0
"S89309G","V5416","10000",1,0,0,0,0
"S89309K","73382","10000",1,0,0,0,0
"S89309P","73381","10000",1,0,0,0,0
"S89309S","9054","10000",1,0,0,0,0
"S89311A","8248","10000",1,0,0,0,0
"S89311D","V5416","10000",1,0,0,0,0
"S89311G","V5416","10000",1,0,0,0,0
"S89311K","73382","10000",1,0,0,0,0
"S89311P","73381","10000",1,0,0,0,0
"S89311S","9054","10000",1,0,0,0,0
"S89312A","8248","10000",1,0,0,0,0
"S89312D","V5416","10000",1,0,0,0,0
"S89312G","V5416","10000",1,0,0,0,0
"S89312K","73382","10000",1,0,0,0,0
"S89312P","73381","10000",1,0,0,0,0
"S89312S","9054","10000",1,0,0,0,0
"S89319A","8248","10000",1,0,0,0,0
"S89319D","V5416","10000",1,0,0,0,0
"S89319G","V5416","10000",1,0,0,0,0
"S89319K","73382","10000",1,0,0,0,0
"S89319P","73381","10000",1,0,0,0,0
"S89319S","9054","10000",1,0,0,0,0
"S89321A","8248","10000",1,0,0,0,0
"S89321D","V5416","10000",1,0,0,0,0
"S89321G","V5416","10000",1,0,0,0,0
"S89321K","73382","10000",1,0,0,0,0
"S89321P","73381","10000",1,0,0,0,0
"S89321S","9054","10000",1,0,0,0,0
"S89322A","8248","10000",1,0,0,0,0
"S89322D","V5416","10000",1,0,0,0,0
"S89322G","V5416","10000",1,0,0,0,0
"S89322K","73382","10000",1,0,0,0,0
"S89322P","73381","10000",1,0,0,0,0
"S89322S","9054","10000",1,0,0,0,0
"S89329A","8248","10000",1,0,0,0,0
"S89329D","V5416","10000",1,0,0,0,0
"S89329G","V5416","10000",1,0,0,0,0
"S89329K","73382","10000",1,0,0,0,0
"S89329P","73381","10000",1,0,0,0,0
"S89329S","9054","10000",1,0,0,0,0
"S89391A","8248","10000",1,0,0,0,0
"S89391D","V5416","10000",1,0,0,0,0
"S89391G","V5416","10000",1,0,0,0,0
"S89391K","73382","10000",1,0,0,0,0
"S89391P","73381","10000",1,0,0,0,0
"S89391S","9054","10000",1,0,0,0,0
"S89392A","8248","10000",1,0,0,0,0
"S89392D","V5416","10000",1,0,0,0,0
"S89392G","V5416","10000",1,0,0,0,0
"S89392K","73382","10000",1,0,0,0,0
"S89392P","73381","10000",1,0,0,0,0
"S89392S","9054","10000",1,0,0,0,0
"S89399A","8248","10000",1,0,0,0,0
"S89399D","V5416","10000",1,0,0,0,0
"S89399G","V5416","10000",1,0,0,0,0
"S89399K","73382","10000",1,0,0,0,0
"S89399P","73381","10000",1,0,0,0,0
"S89399S","9054","10000",1,0,0,0,0
"S8980XA","9597","10000",1,0,0,0,0
"S8980XD","V5889","10000",1,0,0,0,0
"S8980XS","9089","10000",1,0,0,0,0
"S8981XA","9597","10000",1,0,0,0,0
"S8981XD","V5889","10000",1,0,0,0,0
"S8981XS","9089","10000",1,0,0,0,0
"S8982XA","9597","10000",1,0,0,0,0
"S8982XD","V5889","10000",1,0,0,0,0
"S8982XS","9089","10000",1,0,0,0,0
"S8990XA","9597","10000",1,0,0,0,0
"S8990XD","V5889","10000",1,0,0,0,0
"S8990XS","9089","10000",1,0,0,0,0
"S8991XA","9597","10000",1,0,0,0,0
"S8991XD","V5889","10000",1,0,0,0,0
"S8991XS","9089","10000",1,0,0,0,0
"S8992XA","9597","10000",1,0,0,0,0
"S8992XD","V5889","10000",1,0,0,0,0
"S8992XS","9089","10000",1,0,0,0,0
"S9000XA","92421","10000",1,0,0,0,0
"S9000XD","V5889","10000",1,0,0,0,0
"S9000XS","9063","10000",1,0,0,0,0
"S9001XA","92421","10000",1,0,0,0,0
"S9001XD","V5889","10000",1,0,0,0,0
"S9001XS","9063","10000",1,0,0,0,0
"S9002XA","92421","10000",1,0,0,0,0
"S9002XD","V5889","10000",1,0,0,0,0
"S9002XS","9063","10000",1,0,0,0,0
"S90111A","9243","10000",1,0,0,0,0
"S90111D","V5889","10000",1,0,0,0,0
"S90111S","9063","10000",1,0,0,0,0
"S90112A","9243","10000",1,0,0,0,0
"S90112D","V5889","10000",1,0,0,0,0
"S90112S","9063","10000",1,0,0,0,0
"S90119A","9243","10000",1,0,0,0,0
"S90119D","V5889","10000",1,0,0,0,0
"S90119S","9063","10000",1,0,0,0,0
"S90121A","9243","10000",1,0,0,0,0
"S90121D","V5889","10000",1,0,0,0,0
"S90121S","9063","10000",1,0,0,0,0
"S90122A","9243","10000",1,0,0,0,0
"S90122D","V5889","10000",1,0,0,0,0
"S90122S","9063","10000",1,0,0,0,0
"S90129A","9243","10000",1,0,0,0,0
"S90129D","V5889","10000",1,0,0,0,0
"S90129S","9063","10000",1,0,0,0,0
"S90211A","9243","10000",1,0,0,0,0
"S90211D","V5889","10000",1,0,0,0,0
"S90211S","9063","10000",1,0,0,0,0
"S90212A","9243","10000",1,0,0,0,0
"S90212D","V5889","10000",1,0,0,0,0
"S90212S","9063","10000",1,0,0,0,0
"S90219A","9243","10000",1,0,0,0,0
"S90219D","V5889","10000",1,0,0,0,0
"S90219S","9063","10000",1,0,0,0,0
"S90221A","9243","10000",1,0,0,0,0
"S90221D","V5889","10000",1,0,0,0,0
"S90221S","9063","10000",1,0,0,0,0
"S90222A","9243","10000",1,0,0,0,0
"S90222D","V5889","10000",1,0,0,0,0
"S90222S","9063","10000",1,0,0,0,0
"S90229A","9243","10000",1,0,0,0,0
"S90229D","V5889","10000",1,0,0,0,0
"S90229S","9063","10000",1,0,0,0,0
"S9030XA","92420","10000",1,0,0,0,0
"S9030XD","V5889","10000",1,0,0,0,0
"S9030XS","9063","10000",1,0,0,0,0
"S9031XA","92420","10000",1,0,0,0,0
"S9031XD","V5889","10000",1,0,0,0,0
"S9031XS","9063","10000",1,0,0,0,0
"S9032XA","92420","10000",1,0,0,0,0
"S9032XD","V5889","10000",1,0,0,0,0
"S9032XS","9063","10000",1,0,0,0,0
"S90411A","9170","10000",1,0,0,0,0
"S90411D","V5889","10000",1,0,0,0,0
"S90411S","9062","10000",1,0,0,0,0
"S90412A","9170","10000",1,0,0,0,0
"S90412D","V5889","10000",1,0,0,0,0
"S90412S","9062","10000",1,0,0,0,0
"S90413A","9170","10000",1,0,0,0,0
"S90413D","V5889","10000",1,0,0,0,0
"S90413S","9062","10000",1,0,0,0,0
"S90414A","9170","10000",1,0,0,0,0
"S90414D","V5889","10000",1,0,0,0,0
"S90414S","9062","10000",1,0,0,0,0
"S90415A","9170","10000",1,0,0,0,0
"S90415D","V5889","10000",1,0,0,0,0
"S90415S","9062","10000",1,0,0,0,0
"S90416A","9170","10000",1,0,0,0,0
"S90416D","V5889","10000",1,0,0,0,0
"S90416S","9062","10000",1,0,0,0,0
"S90421A","9172","10000",1,0,0,0,0
"S90421D","V5889","10000",1,0,0,0,0
"S90421S","9062","10000",1,0,0,0,0
"S90422A","9172","10000",1,0,0,0,0
"S90422D","V5889","10000",1,0,0,0,0
"S90422S","9062","10000",1,0,0,0,0
"S90423A","9172","10000",1,0,0,0,0
"S90423D","V5889","10000",1,0,0,0,0
"S90423S","9062","10000",1,0,0,0,0
"S90424A","9172","10000",1,0,0,0,0
"S90424D","V5889","10000",1,0,0,0,0
"S90424S","9062","10000",1,0,0,0,0
"S90425A","9172","10000",1,0,0,0,0
"S90425D","V5889","10000",1,0,0,0,0
"S90425S","9062","10000",1,0,0,0,0
"S90426A","9172","10000",1,0,0,0,0
"S90426D","V5889","10000",1,0,0,0,0
"S90426S","9062","10000",1,0,0,0,0
"S90441A","9178","10000",1,0,0,0,0
"S90441D","V5889","10000",1,0,0,0,0
"S90441S","9062","10000",1,0,0,0,0
"S90442A","9178","10000",1,0,0,0,0
"S90442D","V5889","10000",1,0,0,0,0
"S90442S","9062","10000",1,0,0,0,0
"S90443A","9178","10000",1,0,0,0,0
"S90443D","V5889","10000",1,0,0,0,0
"S90443S","9062","10000",1,0,0,0,0
"S90444A","9178","10000",1,0,0,0,0
"S90444D","V5889","10000",1,0,0,0,0
"S90444S","9062","10000",1,0,0,0,0
"S90445A","9178","10000",1,0,0,0,0
"S90445D","V5889","10000",1,0,0,0,0
"S90445S","9062","10000",1,0,0,0,0
"S90446A","9178","10000",1,0,0,0,0
"S90446D","V5889","10000",1,0,0,0,0
"S90446S","9062","10000",1,0,0,0,0
"S90451A","9176","10000",1,0,0,0,0
"S90451D","V5889","10000",1,0,0,0,0
"S90451S","9062","10000",1,0,0,0,0
"S90452A","9176","10000",1,0,0,0,0
"S90452D","V5889","10000",1,0,0,0,0
"S90452S","9062","10000",1,0,0,0,0
"S90453A","9176","10000",1,0,0,0,0
"S90453D","V5889","10000",1,0,0,0,0
"S90453S","9062","10000",1,0,0,0,0
"S90454A","9176","10000",1,0,0,0,0
"S90454D","V5889","10000",1,0,0,0,0
"S90454S","9062","10000",1,0,0,0,0
"S90455A","9176","10000",1,0,0,0,0
"S90455D","V5889","10000",1,0,0,0,0
"S90455S","9062","10000",1,0,0,0,0
"S90456A","9176","10000",1,0,0,0,0
"S90456D","V5889","10000",1,0,0,0,0
"S90456S","9062","10000",1,0,0,0,0
"S90461A","9174","10000",1,0,0,0,0
"S90461D","V5889","10000",1,0,0,0,0
"S90461S","9062","10000",1,0,0,0,0
"S90462A","9174","10000",1,0,0,0,0
"S90462D","V5889","10000",1,0,0,0,0
"S90462S","9062","10000",1,0,0,0,0
"S90463A","9174","10000",1,0,0,0,0
"S90463D","V5889","10000",1,0,0,0,0
"S90463S","9062","10000",1,0,0,0,0
"S90464A","9174","10000",1,0,0,0,0
"S90464D","V5889","10000",1,0,0,0,0
"S90464S","9062","10000",1,0,0,0,0
"S90465A","9174","10000",1,0,0,0,0
"S90465D","V5889","10000",1,0,0,0,0
"S90465S","9062","10000",1,0,0,0,0
"S90466A","9174","10000",1,0,0,0,0
"S90466D","V5889","10000",1,0,0,0,0
"S90466S","9062","10000",1,0,0,0,0
"S90471A","9178","10000",1,0,0,0,0
"S90471D","V5889","10000",1,0,0,0,0
"S90471S","9062","10000",1,0,0,0,0
"S90472A","9178","10000",1,0,0,0,0
"S90472D","V5889","10000",1,0,0,0,0
"S90472S","9062","10000",1,0,0,0,0
"S90473A","9178","10000",1,0,0,0,0
"S90473D","V5889","10000",1,0,0,0,0
"S90473S","9062","10000",1,0,0,0,0
"S90474A","9178","10000",1,0,0,0,0
"S90474D","V5889","10000",1,0,0,0,0
"S90474S","9062","10000",1,0,0,0,0
"S90475A","9178","10000",1,0,0,0,0
"S90475D","V5889","10000",1,0,0,0,0
"S90475S","9062","10000",1,0,0,0,0
"S90476A","9178","10000",1,0,0,0,0
"S90476D","V5889","10000",1,0,0,0,0
"S90476S","9062","10000",1,0,0,0,0
"S90511A","9160","10000",1,0,0,0,0
"S90511D","V5889","10000",1,0,0,0,0
"S90511S","9062","10000",1,0,0,0,0
"S90512A","9160","10000",1,0,0,0,0
"S90512D","V5889","10000",1,0,0,0,0
"S90512S","9062","10000",1,0,0,0,0
"S90519A","9160","10000",1,0,0,0,0
"S90519D","V5889","10000",1,0,0,0,0
"S90519S","9062","10000",1,0,0,0,0
"S90521A","9162","10000",1,0,0,0,0
"S90521D","V5889","10000",1,0,0,0,0
"S90521S","9062","10000",1,0,0,0,0
"S90522A","9162","10000",1,0,0,0,0
"S90522D","V5889","10000",1,0,0,0,0
"S90522S","9062","10000",1,0,0,0,0
"S90529A","9162","10000",1,0,0,0,0
"S90529D","V5889","10000",1,0,0,0,0
"S90529S","9062","10000",1,0,0,0,0
"S90541A","9168","10000",1,0,0,0,0
"S90541D","V5889","10000",1,0,0,0,0
"S90541S","9062","10000",1,0,0,0,0
"S90542A","9168","10000",1,0,0,0,0
"S90542D","V5889","10000",1,0,0,0,0
"S90542S","9062","10000",1,0,0,0,0
"S90549A","9168","10000",1,0,0,0,0
"S90549D","V5889","10000",1,0,0,0,0
"S90549S","9062","10000",1,0,0,0,0
"S90551A","9166","10000",1,0,0,0,0
"S90551D","V5889","10000",1,0,0,0,0
"S90551S","9062","10000",1,0,0,0,0
"S90552A","9166","10000",1,0,0,0,0
"S90552D","V5889","10000",1,0,0,0,0
"S90552S","9062","10000",1,0,0,0,0
"S90559A","9166","10000",1,0,0,0,0
"S90559D","V5889","10000",1,0,0,0,0
"S90559S","9062","10000",1,0,0,0,0
"S90561A","9164","10000",1,0,0,0,0
"S90561D","V5889","10000",1,0,0,0,0
"S90561S","9062","10000",1,0,0,0,0
"S90562A","9164","10000",1,0,0,0,0
"S90562D","V5889","10000",1,0,0,0,0
"S90562S","9062","10000",1,0,0,0,0
"S90569A","9164","10000",1,0,0,0,0
"S90569D","V5889","10000",1,0,0,0,0
"S90569S","9062","10000",1,0,0,0,0
"S90571A","9168","10000",1,0,0,0,0
"S90571D","V5889","10000",1,0,0,0,0
"S90571S","9062","10000",1,0,0,0,0
"S90572A","9168","10000",1,0,0,0,0
"S90572D","V5889","10000",1,0,0,0,0
"S90572S","9062","10000",1,0,0,0,0
"S90579A","9168","10000",1,0,0,0,0
"S90579D","V5889","10000",1,0,0,0,0
"S90579S","9062","10000",1,0,0,0,0
"S90811A","9170","10000",1,0,0,0,0
"S90811D","V5889","10000",1,0,0,0,0
"S90811S","9062","10000",1,0,0,0,0
"S90812A","9170","10000",1,0,0,0,0
"S90812D","V5889","10000",1,0,0,0,0
"S90812S","9062","10000",1,0,0,0,0
"S90819A","9170","10000",1,0,0,0,0
"S90819D","V5889","10000",1,0,0,0,0
"S90819S","9062","10000",1,0,0,0,0
"S90821A","9172","10000",1,0,0,0,0
"S90821D","V5889","10000",1,0,0,0,0
"S90821S","9062","10000",1,0,0,0,0
"S90822A","9172","10000",1,0,0,0,0
"S90822D","V5889","10000",1,0,0,0,0
"S90822S","9062","10000",1,0,0,0,0
"S90829A","9172","10000",1,0,0,0,0
"S90829D","V5889","10000",1,0,0,0,0
"S90829S","9062","10000",1,0,0,0,0
"S90841A","9178","10000",1,0,0,0,0
"S90841D","V5889","10000",1,0,0,0,0
"S90841S","9062","10000",1,0,0,0,0
"S90842A","9178","10000",1,0,0,0,0
"S90842D","V5889","10000",1,0,0,0,0
"S90842S","9062","10000",1,0,0,0,0
"S90849A","9178","10000",1,0,0,0,0
"S90849D","V5889","10000",1,0,0,0,0
"S90849S","9062","10000",1,0,0,0,0
"S90851A","9176","10000",1,0,0,0,0
"S90851D","V5889","10000",1,0,0,0,0
"S90851S","9062","10000",1,0,0,0,0
"S90852A","9176","10000",1,0,0,0,0
"S90852D","V5889","10000",1,0,0,0,0
"S90852S","9062","10000",1,0,0,0,0
"S90859A","9176","10000",1,0,0,0,0
"S90859D","V5889","10000",1,0,0,0,0
"S90859S","9062","10000",1,0,0,0,0
"S90861A","9174","10000",1,0,0,0,0
"S90861D","V5889","10000",1,0,0,0,0
"S90861S","9062","10000",1,0,0,0,0
"S90862A","9174","10000",1,0,0,0,0
"S90862D","V5889","10000",1,0,0,0,0
"S90862S","9062","10000",1,0,0,0,0
"S90869A","9174","10000",1,0,0,0,0
"S90869D","V5889","10000",1,0,0,0,0
"S90869S","9062","10000",1,0,0,0,0
"S90871A","9178","10000",1,0,0,0,0
"S90871D","V5889","10000",1,0,0,0,0
"S90871S","9062","10000",1,0,0,0,0
"S90872A","9178","10000",1,0,0,0,0
"S90872D","V5889","10000",1,0,0,0,0
"S90872S","9062","10000",1,0,0,0,0
"S90879A","9178","10000",1,0,0,0,0
"S90879D","V5889","10000",1,0,0,0,0
"S90879S","9062","10000",1,0,0,0,0
"S90911A","9168","10000",1,0,0,0,0
"S90911D","V5889","10000",1,0,0,0,0
"S90911S","9062","10000",1,0,0,0,0
"S90912A","9168","10000",1,0,0,0,0
"S90912D","V5889","10000",1,0,0,0,0
"S90912S","9062","10000",1,0,0,0,0
"S90919A","9168","10000",1,0,0,0,0
"S90919D","V5889","10000",1,0,0,0,0
"S90919S","9062","10000",1,0,0,0,0
"S90921A","9178","10000",1,0,0,0,0
"S90921D","V5889","10000",1,0,0,0,0
"S90921S","9062","10000",1,0,0,0,0
"S90922A","9178","10000",1,0,0,0,0
"S90922D","V5889","10000",1,0,0,0,0
"S90922S","9062","10000",1,0,0,0,0
"S90929A","9178","10000",1,0,0,0,0
"S90929D","V5889","10000",1,0,0,0,0
"S90929S","9062","10000",1,0,0,0,0
"S90931A","9178","10000",1,0,0,0,0
"S90931D","V5889","10000",1,0,0,0,0
"S90931S","9062","10000",1,0,0,0,0
"S90932A","9178","10000",1,0,0,0,0
"S90932D","V5889","10000",1,0,0,0,0
"S90932S","9062","10000",1,0,0,0,0
"S90933A","9178","10000",1,0,0,0,0
"S90933D","V5889","10000",1,0,0,0,0
"S90933S","9062","10000",1,0,0,0,0
"S90934A","9178","10000",1,0,0,0,0
"S90934D","V5889","10000",1,0,0,0,0
"S90934S","9062","10000",1,0,0,0,0
"S90935A","9178","10000",1,0,0,0,0
"S90935D","V5889","10000",1,0,0,0,0
"S90935S","9062","10000",1,0,0,0,0
"S90936A","9178","10000",1,0,0,0,0
"S90936D","V5889","10000",1,0,0,0,0
"S90936S","9062","10000",1,0,0,0,0
"S91001A","8910","10000",1,0,0,0,0
"S91001D","V5889","10000",1,0,0,0,0
"S91001S","9061","10000",1,0,0,0,0
"S91002A","8910","10000",1,0,0,0,0
"S91002D","V5889","10000",1,0,0,0,0
"S91002S","9061","10000",1,0,0,0,0
"S91009A","8910","10000",1,0,0,0,0
"S91009D","V5889","10000",1,0,0,0,0
"S91009S","9061","10000",1,0,0,0,0
"S91011A","8910","10000",1,0,0,0,0
"S91011D","V5889","10000",1,0,0,0,0
"S91011S","9061","10000",1,0,0,0,0
"S91012A","8910","10000",1,0,0,0,0
"S91012D","V5889","10000",1,0,0,0,0
"S91012S","9061","10000",1,0,0,0,0
"S91019A","8910","10000",1,0,0,0,0
"S91019D","V5889","10000",1,0,0,0,0
"S91019S","9061","10000",1,0,0,0,0
"S91021A","8911","10000",1,0,0,0,0
"S91021D","V5889","10000",1,0,0,0,0
"S91021S","9061","10000",1,0,0,0,0
"S91022A","8911","10000",1,0,0,0,0
"S91022D","V5889","10000",1,0,0,0,0
"S91022S","9061","10000",1,0,0,0,0
"S91029A","8911","10000",1,0,0,0,0
"S91029D","V5889","10000",1,0,0,0,0
"S91029S","9061","10000",1,0,0,0,0
"S91031A","8910","10000",1,0,0,0,0
"S91031D","V5889","10000",1,0,0,0,0
"S91031S","9061","10000",1,0,0,0,0
"S91032A","8910","10000",1,0,0,0,0
"S91032D","V5889","10000",1,0,0,0,0
"S91032S","9061","10000",1,0,0,0,0
"S91039A","8910","10000",1,0,0,0,0
"S91039D","V5889","10000",1,0,0,0,0
"S91039S","9061","10000",1,0,0,0,0
"S91041A","8911","10000",1,0,0,0,0
"S91041D","V5889","10000",1,0,0,0,0
"S91041S","9061","10000",1,0,0,0,0
"S91042A","8911","10000",1,0,0,0,0
"S91042D","V5889","10000",1,0,0,0,0
"S91042S","9061","10000",1,0,0,0,0
"S91049A","8911","10000",1,0,0,0,0
"S91049D","V5889","10000",1,0,0,0,0
"S91049S","9061","10000",1,0,0,0,0
"S91051A","8910","10000",1,0,0,0,0
"S91051D","V5889","10000",1,0,0,0,0
"S91051S","9061","10000",1,0,0,0,0
"S91052A","8910","10000",1,0,0,0,0
"S91052D","V5889","10000",1,0,0,0,0
"S91052S","9061","10000",1,0,0,0,0
"S91059A","8910","10000",1,0,0,0,0
"S91059D","V5889","10000",1,0,0,0,0
"S91059S","9061","10000",1,0,0,0,0
"S91101A","8930","10000",1,0,0,0,0
"S91101D","V5889","10000",1,0,0,0,0
"S91101S","9061","10000",1,0,0,0,0
"S91102A","8930","10000",1,0,0,0,0
"S91102D","V5889","10000",1,0,0,0,0
"S91102S","9061","10000",1,0,0,0,0
"S91103A","8930","10000",1,0,0,0,0
"S91103D","V5889","10000",1,0,0,0,0
"S91103S","9061","10000",1,0,0,0,0
"S91104A","8930","10000",1,0,0,0,0
"S91104D","V5889","10000",1,0,0,0,0
"S91104S","9061","10000",1,0,0,0,0
"S91105A","8930","10000",1,0,0,0,0
"S91105D","V5889","10000",1,0,0,0,0
"S91105S","9061","10000",1,0,0,0,0
"S91106A","8930","10000",1,0,0,0,0
"S91106D","V5889","10000",1,0,0,0,0
"S91106S","9061","10000",1,0,0,0,0
"S91109A","8930","10000",1,0,0,0,0
"S91109D","V5889","10000",1,0,0,0,0
"S91109S","9061","10000",1,0,0,0,0
"S91111A","8930","10000",1,0,0,0,0
"S91111D","V5889","10000",1,0,0,0,0
"S91111S","9061","10000",1,0,0,0,0
"S91112A","8930","10000",1,0,0,0,0
"S91112D","V5889","10000",1,0,0,0,0
"S91112S","9061","10000",1,0,0,0,0
"S91113A","8930","10000",1,0,0,0,0
"S91113D","V5889","10000",1,0,0,0,0
"S91113S","9061","10000",1,0,0,0,0
"S91114A","8930","10000",1,0,0,0,0
"S91114D","V5889","10000",1,0,0,0,0
"S91114S","9061","10000",1,0,0,0,0
"S91115A","8930","10000",1,0,0,0,0
"S91115D","V5889","10000",1,0,0,0,0
"S91115S","9061","10000",1,0,0,0,0
"S91116A","8930","10000",1,0,0,0,0
"S91116D","V5889","10000",1,0,0,0,0
"S91116S","9061","10000",1,0,0,0,0
"S91119A","8930","10000",1,0,0,0,0
"S91119D","V5889","10000",1,0,0,0,0
"S91119S","9061","10000",1,0,0,0,0
"S91121A","8931","10000",1,0,0,0,0
"S91121D","V5889","10000",1,0,0,0,0
"S91121S","9061","10000",1,0,0,0,0
"S91122A","8931","10000",1,0,0,0,0
"S91122D","V5889","10000",1,0,0,0,0
"S91122S","9061","10000",1,0,0,0,0
"S91123A","8931","10000",1,0,0,0,0
"S91123D","V5889","10000",1,0,0,0,0
"S91123S","9061","10000",1,0,0,0,0
"S91124A","8931","10000",1,0,0,0,0
"S91124D","V5889","10000",1,0,0,0,0
"S91124S","9061","10000",1,0,0,0,0
"S91125A","8931","10000",1,0,0,0,0
"S91125D","V5889","10000",1,0,0,0,0
"S91125S","9061","10000",1,0,0,0,0
"S91126A","8931","10000",1,0,0,0,0
"S91126D","V5889","10000",1,0,0,0,0
"S91126S","9061","10000",1,0,0,0,0
"S91129A","8931","10000",1,0,0,0,0
"S91129D","V5889","10000",1,0,0,0,0
"S91129S","9061","10000",1,0,0,0,0
"S91131A","8930","10000",1,0,0,0,0
"S91131D","V5889","10000",1,0,0,0,0
"S91131S","9061","10000",1,0,0,0,0
"S91132A","8930","10000",1,0,0,0,0
"S91132D","V5889","10000",1,0,0,0,0
"S91132S","9061","10000",1,0,0,0,0
"S91133A","8930","10000",1,0,0,0,0
"S91133D","V5889","10000",1,0,0,0,0
"S91133S","9061","10000",1,0,0,0,0
"S91134A","8930","10000",1,0,0,0,0
"S91134D","V5889","10000",1,0,0,0,0
"S91134S","9061","10000",1,0,0,0,0
"S91135A","8930","10000",1,0,0,0,0
"S91135D","V5889","10000",1,0,0,0,0
"S91135S","9061","10000",1,0,0,0,0
"S91136A","8930","10000",1,0,0,0,0
"S91136D","V5889","10000",1,0,0,0,0
"S91136S","9061","10000",1,0,0,0,0
"S91139A","8930","10000",1,0,0,0,0
"S91139D","V5889","10000",1,0,0,0,0
"S91139S","9061","10000",1,0,0,0,0
"S91141A","8931","10000",1,0,0,0,0
"S91141D","V5889","10000",1,0,0,0,0
"S91141S","9061","10000",1,0,0,0,0
"S91142A","8931","10000",1,0,0,0,0
"S91142D","V5889","10000",1,0,0,0,0
"S91142S","9061","10000",1,0,0,0,0
"S91143A","8931","10000",1,0,0,0,0
"S91143D","V5889","10000",1,0,0,0,0
"S91143S","9061","10000",1,0,0,0,0
"S91144A","8931","10000",1,0,0,0,0
"S91144D","V5889","10000",1,0,0,0,0
"S91144S","9061","10000",1,0,0,0,0
"S91145A","8931","10000",1,0,0,0,0
"S91145D","V5889","10000",1,0,0,0,0
"S91145S","9061","10000",1,0,0,0,0
"S91146A","8931","10000",1,0,0,0,0
"S91146D","V5889","10000",1,0,0,0,0
"S91146S","9061","10000",1,0,0,0,0
"S91149A","8931","10000",1,0,0,0,0
"S91149D","V5889","10000",1,0,0,0,0
"S91149S","9061","10000",1,0,0,0,0
"S91151A","8930","10000",1,0,0,0,0
"S91151D","V5889","10000",1,0,0,0,0
"S91151S","9061","10000",1,0,0,0,0
"S91152A","8930","10000",1,0,0,0,0
"S91152D","V5889","10000",1,0,0,0,0
"S91152S","9061","10000",1,0,0,0,0
"S91153A","8930","10000",1,0,0,0,0
"S91153D","V5889","10000",1,0,0,0,0
"S91153S","9061","10000",1,0,0,0,0
"S91154A","8930","10000",1,0,0,0,0
"S91154D","V5889","10000",1,0,0,0,0
"S91154S","9061","10000",1,0,0,0,0
"S91155A","8930","10000",1,0,0,0,0
"S91155D","V5889","10000",1,0,0,0,0
"S91155S","9061","10000",1,0,0,0,0
"S91156A","8930","10000",1,0,0,0,0
"S91156D","V5889","10000",1,0,0,0,0
"S91156S","9061","10000",1,0,0,0,0
"S91159A","8930","10000",1,0,0,0,0
"S91159D","V5889","10000",1,0,0,0,0
"S91159S","9061","10000",1,0,0,0,0
"S91201A","8930","10000",1,0,0,0,0
"S91201D","V5889","10000",1,0,0,0,0
"S91201S","9061","10000",1,0,0,0,0
"S91202A","8930","10000",1,0,0,0,0
"S91202D","V5889","10000",1,0,0,0,0
"S91202S","9061","10000",1,0,0,0,0
"S91203A","8930","10000",1,0,0,0,0
"S91203D","V5889","10000",1,0,0,0,0
"S91203S","9061","10000",1,0,0,0,0
"S91204A","8930","10000",1,0,0,0,0
"S91204D","V5889","10000",1,0,0,0,0
"S91204S","9061","10000",1,0,0,0,0
"S91205A","8930","10000",1,0,0,0,0
"S91205D","V5889","10000",1,0,0,0,0
"S91205S","9061","10000",1,0,0,0,0
"S91206A","8930","10000",1,0,0,0,0
"S91206D","V5889","10000",1,0,0,0,0
"S91206S","9061","10000",1,0,0,0,0
"S91209A","8930","10000",1,0,0,0,0
"S91209D","V5889","10000",1,0,0,0,0
"S91209S","9061","10000",1,0,0,0,0
"S91211A","8930","10000",1,0,0,0,0
"S91211D","V5889","10000",1,0,0,0,0
"S91211S","9061","10000",1,0,0,0,0
"S91212A","8930","10000",1,0,0,0,0
"S91212D","V5889","10000",1,0,0,0,0
"S91212S","9061","10000",1,0,0,0,0
"S91213A","8930","10000",1,0,0,0,0
"S91213D","V5889","10000",1,0,0,0,0
"S91213S","9061","10000",1,0,0,0,0
"S91214A","8930","10000",1,0,0,0,0
"S91214D","V5889","10000",1,0,0,0,0
"S91214S","9061","10000",1,0,0,0,0
"S91215A","8930","10000",1,0,0,0,0
"S91215D","V5889","10000",1,0,0,0,0
"S91215S","9061","10000",1,0,0,0,0
"S91216A","8930","10000",1,0,0,0,0
"S91216D","V5889","10000",1,0,0,0,0
"S91216S","9061","10000",1,0,0,0,0
"S91219A","8930","10000",1,0,0,0,0
"S91219D","V5889","10000",1,0,0,0,0
"S91219S","9061","10000",1,0,0,0,0
"S91221A","8931","10000",1,0,0,0,0
"S91221D","V5889","10000",1,0,0,0,0
"S91221S","9061","10000",1,0,0,0,0
"S91222A","8931","10000",1,0,0,0,0
"S91222D","V5889","10000",1,0,0,0,0
"S91222S","9061","10000",1,0,0,0,0
"S91223A","8931","10000",1,0,0,0,0
"S91223D","V5889","10000",1,0,0,0,0
"S91223S","9061","10000",1,0,0,0,0
"S91224A","8931","10000",1,0,0,0,0
"S91224D","V5889","10000",1,0,0,0,0
"S91224S","9061","10000",1,0,0,0,0
"S91225A","8931","10000",1,0,0,0,0
"S91225D","V5889","10000",1,0,0,0,0
"S91225S","9061","10000",1,0,0,0,0
"S91226A","8931","10000",1,0,0,0,0
"S91226D","V5889","10000",1,0,0,0,0
"S91226S","9061","10000",1,0,0,0,0
"S91229A","8931","10000",1,0,0,0,0
"S91229D","V5889","10000",1,0,0,0,0
"S91229S","9061","10000",1,0,0,0,0
"S91231A","8930","10000",1,0,0,0,0
"S91231D","V5889","10000",1,0,0,0,0
"S91231S","9061","10000",1,0,0,0,0
"S91232A","8930","10000",1,0,0,0,0
"S91232D","V5889","10000",1,0,0,0,0
"S91232S","9061","10000",1,0,0,0,0
"S91233A","8930","10000",1,0,0,0,0
"S91233D","V5889","10000",1,0,0,0,0
"S91233S","9061","10000",1,0,0,0,0
"S91234A","8930","10000",1,0,0,0,0
"S91234D","V5889","10000",1,0,0,0,0
"S91234S","9061","10000",1,0,0,0,0
"S91235A","8930","10000",1,0,0,0,0
"S91235D","V5889","10000",1,0,0,0,0
"S91235S","9061","10000",1,0,0,0,0
"S91236A","8930","10000",1,0,0,0,0
"S91236D","V5889","10000",1,0,0,0,0
"S91236S","9061","10000",1,0,0,0,0
"S91239A","8930","10000",1,0,0,0,0
"S91239D","V5889","10000",1,0,0,0,0
"S91239S","9061","10000",1,0,0,0,0
"S91241A","8931","10000",1,0,0,0,0
"S91241D","V5889","10000",1,0,0,0,0
"S91241S","9061","10000",1,0,0,0,0
"S91242A","8931","10000",1,0,0,0,0
"S91242D","V5889","10000",1,0,0,0,0
"S91242S","9061","10000",1,0,0,0,0
"S91243A","8931","10000",1,0,0,0,0
"S91243D","V5889","10000",1,0,0,0,0
"S91243S","9061","10000",1,0,0,0,0
"S91244A","8931","10000",1,0,0,0,0
"S91244D","V5889","10000",1,0,0,0,0
"S91244S","9061","10000",1,0,0,0,0
"S91245A","8931","10000",1,0,0,0,0
"S91245D","V5889","10000",1,0,0,0,0
"S91245S","9061","10000",1,0,0,0,0
"S91246A","8931","10000",1,0,0,0,0
"S91246D","V5889","10000",1,0,0,0,0
"S91246S","9061","10000",1,0,0,0,0
"S91249A","8931","10000",1,0,0,0,0
"S91249D","V5889","10000",1,0,0,0,0
"S91249S","9061","10000",1,0,0,0,0
"S91251A","8930","10000",1,0,0,0,0
"S91251D","V5889","10000",1,0,0,0,0
"S91251S","9061","10000",1,0,0,0,0
"S91252A","8930","10000",1,0,0,0,0
"S91252D","V5889","10000",1,0,0,0,0
"S91252S","9061","10000",1,0,0,0,0
"S91253A","8930","10000",1,0,0,0,0
"S91253D","V5889","10000",1,0,0,0,0
"S91253S","9061","10000",1,0,0,0,0
"S91254A","8930","10000",1,0,0,0,0
"S91254D","V5889","10000",1,0,0,0,0
"S91254S","9061","10000",1,0,0,0,0
"S91255A","8930","10000",1,0,0,0,0
"S91255D","V5889","10000",1,0,0,0,0
"S91255S","9061","10000",1,0,0,0,0
"S91256A","8930","10000",1,0,0,0,0
"S91256D","V5889","10000",1,0,0,0,0
"S91256S","9061","10000",1,0,0,0,0
"S91259A","8930","10000",1,0,0,0,0
"S91259D","V5889","10000",1,0,0,0,0
"S91259S","9061","10000",1,0,0,0,0
"S91301A","8920","10000",1,0,0,0,0
"S91301D","V5889","10000",1,0,0,0,0
"S91301S","9061","10000",1,0,0,0,0
"S91302A","8920","10000",1,0,0,0,0
"S91302D","V5889","10000",1,0,0,0,0
"S91302S","9061","10000",1,0,0,0,0
"S91309A","8920","10000",1,0,0,0,0
"S91309D","V5889","10000",1,0,0,0,0
"S91309S","9061","10000",1,0,0,0,0
"S91311A","8920","10000",1,0,0,0,0
"S91311D","V5889","10000",1,0,0,0,0
"S91311S","9061","10000",1,0,0,0,0
"S91312A","8920","10000",1,0,0,0,0
"S91312D","V5889","10000",1,0,0,0,0
"S91312S","9061","10000",1,0,0,0,0
"S91319A","8920","10000",1,0,0,0,0
"S91319D","V5889","10000",1,0,0,0,0
"S91319S","9061","10000",1,0,0,0,0
"S91321A","8921","10000",1,0,0,0,0
"S91321D","V5889","10000",1,0,0,0,0
"S91321S","9061","10000",1,0,0,0,0
"S91322A","8921","10000",1,0,0,0,0
"S91322D","V5889","10000",1,0,0,0,0
"S91322S","9061","10000",1,0,0,0,0
"S91329A","8921","10000",1,0,0,0,0
"S91329D","V5889","10000",1,0,0,0,0
"S91329S","9061","10000",1,0,0,0,0
"S91331A","8920","10000",1,0,0,0,0
"S91331D","V5889","10000",1,0,0,0,0
"S91331S","9061","10000",1,0,0,0,0
"S91332A","8920","10000",1,0,0,0,0
"S91332D","V5889","10000",1,0,0,0,0
"S91332S","9061","10000",1,0,0,0,0
"S91339A","8920","10000",1,0,0,0,0
"S91339D","V5889","10000",1,0,0,0,0
"S91339S","9061","10000",1,0,0,0,0
"S91341A","8921","10000",1,0,0,0,0
"S91341D","V5889","10000",1,0,0,0,0
"S91341S","9061","10000",1,0,0,0,0
"S91342A","8921","10000",1,0,0,0,0
"S91342D","V5889","10000",1,0,0,0,0
"S91342S","9061","10000",1,0,0,0,0
"S91349A","8921","10000",1,0,0,0,0
"S91349D","V5889","10000",1,0,0,0,0
"S91349S","9061","10000",1,0,0,0,0
"S91351A","8920","10000",1,0,0,0,0
"S91351D","V5889","10000",1,0,0,0,0
"S91351S","9061","10000",1,0,0,0,0
"S91352A","8920","10000",1,0,0,0,0
"S91352D","V5889","10000",1,0,0,0,0
"S91352S","9061","10000",1,0,0,0,0
"S91359A","8920","10000",1,0,0,0,0
"S91359D","V5889","10000",1,0,0,0,0
"S91359S","9061","10000",1,0,0,0,0
"S92001A","8250","10000",1,0,0,0,0
"S92001B","8251","10000",1,0,0,0,0
"S92001D","V5416","10000",1,0,0,0,0
"S92001G","V5416","10000",1,0,0,0,0
"S92001K","73382","10000",1,0,0,0,0
"S92001P","73381","10000",1,0,0,0,0
"S92001S","9054","10000",1,0,0,0,0
"S92002A","8250","10000",1,0,0,0,0
"S92002B","8251","10000",1,0,0,0,0
"S92002D","V5416","10000",1,0,0,0,0
"S92002G","V5416","10000",1,0,0,0,0
"S92002K","73382","10000",1,0,0,0,0
"S92002P","73381","10000",1,0,0,0,0
"S92002S","9054","10000",1,0,0,0,0
"S92009A","8250","10000",1,0,0,0,0
"S92009B","8251","10000",1,0,0,0,0
"S92009D","V5416","10000",1,0,0,0,0
"S92009G","V5416","10000",1,0,0,0,0
"S92009K","73382","10000",1,0,0,0,0
"S92009P","73381","10000",1,0,0,0,0
"S92009S","9054","10000",1,0,0,0,0
"S92011A","8250","10000",1,0,0,0,0
"S92011B","8251","10000",1,0,0,0,0
"S92011D","V5416","10000",1,0,0,0,0
"S92011G","V5416","10000",1,0,0,0,0
"S92011K","73382","10000",1,0,0,0,0
"S92011P","73381","10000",1,0,0,0,0
"S92011S","9054","10000",1,0,0,0,0
"S92012A","8250","10000",1,0,0,0,0
"S92012B","8251","10000",1,0,0,0,0
"S92012D","V5416","10000",1,0,0,0,0
"S92012G","V5416","10000",1,0,0,0,0
"S92012K","73382","10000",1,0,0,0,0
"S92012P","73381","10000",1,0,0,0,0
"S92012S","9054","10000",1,0,0,0,0
"S92013A","8250","10000",1,0,0,0,0
"S92013B","8251","10000",1,0,0,0,0
"S92013D","V5416","10000",1,0,0,0,0
"S92013G","V5416","10000",1,0,0,0,0
"S92013K","73382","10000",1,0,0,0,0
"S92013P","73381","10000",1,0,0,0,0
"S92013S","9054","10000",1,0,0,0,0
"S92014A","8250","10000",1,0,0,0,0
"S92014B","8251","10000",1,0,0,0,0
"S92014D","V5416","10000",1,0,0,0,0
"S92014G","V5416","10000",1,0,0,0,0
"S92014K","73382","10000",1,0,0,0,0
"S92014P","73381","10000",1,0,0,0,0
"S92014S","9054","10000",1,0,0,0,0
"S92015A","8250","10000",1,0,0,0,0
"S92015B","8251","10000",1,0,0,0,0
"S92015D","V5416","10000",1,0,0,0,0
"S92015G","V5416","10000",1,0,0,0,0
"S92015K","73382","10000",1,0,0,0,0
"S92015P","73381","10000",1,0,0,0,0
"S92015S","9054","10000",1,0,0,0,0
"S92016A","8250","10000",1,0,0,0,0
"S92016B","8251","10000",1,0,0,0,0
"S92016D","V5416","10000",1,0,0,0,0
"S92016G","V5416","10000",1,0,0,0,0
"S92016K","73382","10000",1,0,0,0,0
"S92016P","73381","10000",1,0,0,0,0
"S92016S","9054","10000",1,0,0,0,0
"S92021A","8250","10000",1,0,0,0,0
"S92021B","8251","10000",1,0,0,0,0
"S92021D","V5416","10000",1,0,0,0,0
"S92021G","V5416","10000",1,0,0,0,0
"S92021K","73382","10000",1,0,0,0,0
"S92021P","73381","10000",1,0,0,0,0
"S92021S","9054","10000",1,0,0,0,0
"S92022A","8250","10000",1,0,0,0,0
"S92022B","8251","10000",1,0,0,0,0
"S92022D","V5416","10000",1,0,0,0,0
"S92022G","V5416","10000",1,0,0,0,0
"S92022K","73382","10000",1,0,0,0,0
"S92022P","73381","10000",1,0,0,0,0
"S92022S","9054","10000",1,0,0,0,0
"S92023A","8250","10000",1,0,0,0,0
"S92023B","8251","10000",1,0,0,0,0
"S92023D","V5416","10000",1,0,0,0,0
"S92023G","V5416","10000",1,0,0,0,0
"S92023K","73382","10000",1,0,0,0,0
"S92023P","73381","10000",1,0,0,0,0
"S92023S","9054","10000",1,0,0,0,0
"S92024A","8250","10000",1,0,0,0,0
"S92024B","8251","10000",1,0,0,0,0
"S92024D","V5416","10000",1,0,0,0,0
"S92024G","V5416","10000",1,0,0,0,0
"S92024K","73382","10000",1,0,0,0,0
"S92024P","73381","10000",1,0,0,0,0
"S92024S","9054","10000",1,0,0,0,0
"S92025A","8250","10000",1,0,0,0,0
"S92025B","8251","10000",1,0,0,0,0
"S92025D","V5416","10000",1,0,0,0,0
"S92025G","V5416","10000",1,0,0,0,0
"S92025K","73382","10000",1,0,0,0,0
"S92025P","73381","10000",1,0,0,0,0
"S92025S","9054","10000",1,0,0,0,0
"S92026A","8250","10000",1,0,0,0,0
"S92026B","8251","10000",1,0,0,0,0
"S92026D","V5416","10000",1,0,0,0,0
"S92026G","V5416","10000",1,0,0,0,0
"S92026K","73382","10000",1,0,0,0,0
"S92026P","73381","10000",1,0,0,0,0
"S92026S","9054","10000",1,0,0,0,0
"S92031A","8250","10000",1,0,0,0,0
"S92031B","8251","10000",1,0,0,0,0
"S92031D","V5416","10000",1,0,0,0,0
"S92031G","V5416","10000",1,0,0,0,0
"S92031K","73382","10000",1,0,0,0,0
"S92031P","73381","10000",1,0,0,0,0
"S92031S","9054","10000",1,0,0,0,0
"S92032A","8250","10000",1,0,0,0,0
"S92032B","8251","10000",1,0,0,0,0
"S92032D","V5416","10000",1,0,0,0,0
"S92032G","V5416","10000",1,0,0,0,0
"S92032K","73382","10000",1,0,0,0,0
"S92032P","73381","10000",1,0,0,0,0
"S92032S","9054","10000",1,0,0,0,0
"S92033A","8250","10000",1,0,0,0,0
"S92033B","8251","10000",1,0,0,0,0
"S92033D","V5416","10000",1,0,0,0,0
"S92033G","V5416","10000",1,0,0,0,0
"S92033K","73382","10000",1,0,0,0,0
"S92033P","73381","10000",1,0,0,0,0
"S92033S","9054","10000",1,0,0,0,0
"S92034A","8250","10000",1,0,0,0,0
"S92034B","8251","10000",1,0,0,0,0
"S92034D","V5416","10000",1,0,0,0,0
"S92034G","V5416","10000",1,0,0,0,0
"S92034K","73382","10000",1,0,0,0,0
"S92034P","73381","10000",1,0,0,0,0
"S92034S","9054","10000",1,0,0,0,0
"S92035A","8250","10000",1,0,0,0,0
"S92035B","8251","10000",1,0,0,0,0
"S92035D","V5416","10000",1,0,0,0,0
"S92035G","V5416","10000",1,0,0,0,0
"S92035K","73382","10000",1,0,0,0,0
"S92035P","73381","10000",1,0,0,0,0
"S92035S","9054","10000",1,0,0,0,0
"S92036A","8250","10000",1,0,0,0,0
"S92036B","8251","10000",1,0,0,0,0
"S92036D","V5416","10000",1,0,0,0,0
"S92036G","V5416","10000",1,0,0,0,0
"S92036K","73382","10000",1,0,0,0,0
"S92036P","73381","10000",1,0,0,0,0
"S92036S","9054","10000",1,0,0,0,0
"S92041A","8250","10000",1,0,0,0,0
"S92041B","8251","10000",1,0,0,0,0
"S92041D","V5416","10000",1,0,0,0,0
"S92041G","V5416","10000",1,0,0,0,0
"S92041K","73382","10000",1,0,0,0,0
"S92041P","73381","10000",1,0,0,0,0
"S92041S","9054","10000",1,0,0,0,0
"S92042A","8250","10000",1,0,0,0,0
"S92042B","8251","10000",1,0,0,0,0
"S92042D","V5416","10000",1,0,0,0,0
"S92042G","V5416","10000",1,0,0,0,0
"S92042K","73382","10000",1,0,0,0,0
"S92042P","73381","10000",1,0,0,0,0
"S92042S","9054","10000",1,0,0,0,0
"S92043A","8250","10000",1,0,0,0,0
"S92043B","8251","10000",1,0,0,0,0
"S92043D","V5416","10000",1,0,0,0,0
"S92043G","V5416","10000",1,0,0,0,0
"S92043K","73382","10000",1,0,0,0,0
"S92043P","73381","10000",1,0,0,0,0
"S92043S","9054","10000",1,0,0,0,0
"S92044A","8250","10000",1,0,0,0,0
"S92044B","8251","10000",1,0,0,0,0
"S92044D","V5416","10000",1,0,0,0,0
"S92044G","V5416","10000",1,0,0,0,0
"S92044K","73382","10000",1,0,0,0,0
"S92044P","73381","10000",1,0,0,0,0
"S92044S","9054","10000",1,0,0,0,0
"S92045A","8250","10000",1,0,0,0,0
"S92045B","8251","10000",1,0,0,0,0
"S92045D","V5416","10000",1,0,0,0,0
"S92045G","V5416","10000",1,0,0,0,0
"S92045K","73382","10000",1,0,0,0,0
"S92045P","73381","10000",1,0,0,0,0
"S92045S","9054","10000",1,0,0,0,0
"S92046A","8250","10000",1,0,0,0,0
"S92046B","8251","10000",1,0,0,0,0
"S92046D","V5416","10000",1,0,0,0,0
"S92046G","V5416","10000",1,0,0,0,0
"S92046K","73382","10000",1,0,0,0,0
"S92046P","73381","10000",1,0,0,0,0
"S92046S","9054","10000",1,0,0,0,0
"S92051A","8250","10000",1,0,0,0,0
"S92051B","8251","10000",1,0,0,0,0
"S92051D","V5416","10000",1,0,0,0,0
"S92051G","V5416","10000",1,0,0,0,0
"S92051K","73382","10000",1,0,0,0,0
"S92051P","73381","10000",1,0,0,0,0
"S92051S","9054","10000",1,0,0,0,0
"S92052A","8250","10000",1,0,0,0,0
"S92052B","8251","10000",1,0,0,0,0
"S92052D","V5416","10000",1,0,0,0,0
"S92052G","V5416","10000",1,0,0,0,0
"S92052K","73382","10000",1,0,0,0,0
"S92052P","73381","10000",1,0,0,0,0
"S92052S","9054","10000",1,0,0,0,0
"S92053A","8250","10000",1,0,0,0,0
"S92053B","8251","10000",1,0,0,0,0
"S92053D","V5416","10000",1,0,0,0,0
"S92053G","V5416","10000",1,0,0,0,0
"S92053K","73382","10000",1,0,0,0,0
"S92053P","73381","10000",1,0,0,0,0
"S92053S","9054","10000",1,0,0,0,0
"S92054A","8250","10000",1,0,0,0,0
"S92054B","8251","10000",1,0,0,0,0
"S92054D","V5416","10000",1,0,0,0,0
"S92054G","V5416","10000",1,0,0,0,0
"S92054K","73382","10000",1,0,0,0,0
"S92054P","73381","10000",1,0,0,0,0
"S92054S","9054","10000",1,0,0,0,0
"S92055A","8250","10000",1,0,0,0,0
"S92055B","8251","10000",1,0,0,0,0
"S92055D","V5416","10000",1,0,0,0,0
"S92055G","V5416","10000",1,0,0,0,0
"S92055K","73382","10000",1,0,0,0,0
"S92055P","73381","10000",1,0,0,0,0
"S92055S","9054","10000",1,0,0,0,0
"S92056A","8250","10000",1,0,0,0,0
"S92056B","8251","10000",1,0,0,0,0
"S92056D","V5416","10000",1,0,0,0,0
"S92056G","V5416","10000",1,0,0,0,0
"S92056K","73382","10000",1,0,0,0,0
"S92056P","73381","10000",1,0,0,0,0
"S92056S","9054","10000",1,0,0,0,0
"S92061A","8250","10000",1,0,0,0,0
"S92061B","8251","10000",1,0,0,0,0
"S92061D","V5416","10000",1,0,0,0,0
"S92061G","V5416","10000",1,0,0,0,0
"S92061K","73382","10000",1,0,0,0,0
"S92061P","73381","10000",1,0,0,0,0
"S92061S","9054","10000",1,0,0,0,0
"S92062A","8250","10000",1,0,0,0,0
"S92062B","8251","10000",1,0,0,0,0
"S92062D","V5416","10000",1,0,0,0,0
"S92062G","V5416","10000",1,0,0,0,0
"S92062K","73382","10000",1,0,0,0,0
"S92062P","73381","10000",1,0,0,0,0
"S92062S","9054","10000",1,0,0,0,0
"S92063A","8250","10000",1,0,0,0,0
"S92063B","8251","10000",1,0,0,0,0
"S92063D","V5416","10000",1,0,0,0,0
"S92063G","V5416","10000",1,0,0,0,0
"S92063K","73382","10000",1,0,0,0,0
"S92063P","73381","10000",1,0,0,0,0
"S92063S","9054","10000",1,0,0,0,0
"S92064A","8250","10000",1,0,0,0,0
"S92064B","8251","10000",1,0,0,0,0
"S92064D","V5416","10000",1,0,0,0,0
"S92064G","V5416","10000",1,0,0,0,0
"S92064K","73382","10000",1,0,0,0,0
"S92064P","73381","10000",1,0,0,0,0
"S92064S","9054","10000",1,0,0,0,0
"S92065A","8250","10000",1,0,0,0,0
"S92065B","8251","10000",1,0,0,0,0
"S92065D","V5416","10000",1,0,0,0,0
"S92065G","V5416","10000",1,0,0,0,0
"S92065K","73382","10000",1,0,0,0,0
"S92065P","73381","10000",1,0,0,0,0
"S92065S","9054","10000",1,0,0,0,0
"S92066A","8250","10000",1,0,0,0,0
"S92066B","8251","10000",1,0,0,0,0
"S92066D","V5416","10000",1,0,0,0,0
"S92066G","V5416","10000",1,0,0,0,0
"S92066K","73382","10000",1,0,0,0,0
"S92066P","73381","10000",1,0,0,0,0
"S92066S","9054","10000",1,0,0,0,0
"S92101A","82521","10000",1,0,0,0,0
"S92101B","82531","10000",1,0,0,0,0
"S92101D","V5416","10000",1,0,0,0,0
"S92101G","V5416","10000",1,0,0,0,0
"S92101K","73382","10000",1,0,0,0,0
"S92101P","73381","10000",1,0,0,0,0
"S92101S","9054","10000",1,0,0,0,0
"S92102A","82521","10000",1,0,0,0,0
"S92102B","82531","10000",1,0,0,0,0
"S92102D","V5416","10000",1,0,0,0,0
"S92102G","V5416","10000",1,0,0,0,0
"S92102K","73382","10000",1,0,0,0,0
"S92102P","73381","10000",1,0,0,0,0
"S92102S","9054","10000",1,0,0,0,0
"S92109A","82521","10000",1,0,0,0,0
"S92109B","82531","10000",1,0,0,0,0
"S92109D","V5416","10000",1,0,0,0,0
"S92109G","V5416","10000",1,0,0,0,0
"S92109K","73382","10000",1,0,0,0,0
"S92109P","73381","10000",1,0,0,0,0
"S92109S","9054","10000",1,0,0,0,0
"S92111A","82521","10000",1,0,0,0,0
"S92111B","82531","10000",1,0,0,0,0
"S92111D","V5416","10000",1,0,0,0,0
"S92111G","V5416","10000",1,0,0,0,0
"S92111K","73382","10000",1,0,0,0,0
"S92111P","73381","10000",1,0,0,0,0
"S92111S","9054","10000",1,0,0,0,0
"S92112A","82521","10000",1,0,0,0,0
"S92112B","82531","10000",1,0,0,0,0
"S92112D","V5416","10000",1,0,0,0,0
"S92112G","V5416","10000",1,0,0,0,0
"S92112K","73382","10000",1,0,0,0,0
"S92112P","73381","10000",1,0,0,0,0
"S92112S","9054","10000",1,0,0,0,0
"S92113A","82521","10000",1,0,0,0,0
"S92113B","82531","10000",1,0,0,0,0
"S92113D","V5416","10000",1,0,0,0,0
"S92113G","V5416","10000",1,0,0,0,0
"S92113K","73382","10000",1,0,0,0,0
"S92113P","73381","10000",1,0,0,0,0
"S92113S","9054","10000",1,0,0,0,0
"S92114A","82521","10000",1,0,0,0,0
"S92114B","82531","10000",1,0,0,0,0
"S92114D","V5416","10000",1,0,0,0,0
"S92114G","V5416","10000",1,0,0,0,0
"S92114K","73382","10000",1,0,0,0,0
"S92114P","73381","10000",1,0,0,0,0
"S92114S","9054","10000",1,0,0,0,0
"S92115A","82521","10000",1,0,0,0,0
"S92115B","82531","10000",1,0,0,0,0
"S92115D","V5416","10000",1,0,0,0,0
"S92115G","V5416","10000",1,0,0,0,0
"S92115K","73382","10000",1,0,0,0,0
"S92115P","73381","10000",1,0,0,0,0
"S92115S","9054","10000",1,0,0,0,0
"S92116A","82521","10000",1,0,0,0,0
"S92116B","82531","10000",1,0,0,0,0
"S92116D","V5416","10000",1,0,0,0,0
"S92116G","V5416","10000",1,0,0,0,0
"S92116K","73382","10000",1,0,0,0,0
"S92116P","73381","10000",1,0,0,0,0
"S92116S","9054","10000",1,0,0,0,0
"S92121A","82521","10000",1,0,0,0,0
"S92121B","82531","10000",1,0,0,0,0
"S92121D","V5416","10000",1,0,0,0,0
"S92121G","V5416","10000",1,0,0,0,0
"S92121K","73382","10000",1,0,0,0,0
"S92121P","73381","10000",1,0,0,0,0
"S92121S","9054","10000",1,0,0,0,0
"S92122A","82521","10000",1,0,0,0,0
"S92122B","82531","10000",1,0,0,0,0
"S92122D","V5416","10000",1,0,0,0,0
"S92122G","V5416","10000",1,0,0,0,0
"S92122K","73382","10000",1,0,0,0,0
"S92122P","73381","10000",1,0,0,0,0
"S92122S","9054","10000",1,0,0,0,0
"S92123A","82521","10000",1,0,0,0,0
"S92123B","82531","10000",1,0,0,0,0
"S92123D","V5416","10000",1,0,0,0,0
"S92123G","V5416","10000",1,0,0,0,0
"S92123K","73382","10000",1,0,0,0,0
"S92123P","73381","10000",1,0,0,0,0
"S92123S","9054","10000",1,0,0,0,0
"S92124A","82521","10000",1,0,0,0,0
"S92124B","82531","10000",1,0,0,0,0
"S92124D","V5416","10000",1,0,0,0,0
"S92124G","V5416","10000",1,0,0,0,0
"S92124K","73382","10000",1,0,0,0,0
"S92124P","73381","10000",1,0,0,0,0
"S92124S","9054","10000",1,0,0,0,0
"S92125A","82521","10000",1,0,0,0,0
"S92125B","82531","10000",1,0,0,0,0
"S92125D","V5416","10000",1,0,0,0,0
"S92125G","V5416","10000",1,0,0,0,0
"S92125K","73382","10000",1,0,0,0,0
"S92125P","73381","10000",1,0,0,0,0
"S92125S","9054","10000",1,0,0,0,0
"S92126A","82521","10000",1,0,0,0,0
"S92126B","82531","10000",1,0,0,0,0
"S92126D","V5416","10000",1,0,0,0,0
"S92126G","V5416","10000",1,0,0,0,0
"S92126K","73382","10000",1,0,0,0,0
"S92126P","73381","10000",1,0,0,0,0
"S92126S","9054","10000",1,0,0,0,0
"S92131A","82521","10000",1,0,0,0,0
"S92131B","82531","10000",1,0,0,0,0
"S92131D","V5416","10000",1,0,0,0,0
"S92131G","V5416","10000",1,0,0,0,0
"S92131K","73382","10000",1,0,0,0,0
"S92131P","73381","10000",1,0,0,0,0
"S92131S","9054","10000",1,0,0,0,0
"S92132A","82521","10000",1,0,0,0,0
"S92132B","82531","10000",1,0,0,0,0
"S92132D","V5416","10000",1,0,0,0,0
"S92132G","V5416","10000",1,0,0,0,0
"S92132K","73382","10000",1,0,0,0,0
"S92132P","73381","10000",1,0,0,0,0
"S92132S","9054","10000",1,0,0,0,0
"S92133A","82521","10000",1,0,0,0,0
"S92133B","82531","10000",1,0,0,0,0
"S92133D","V5416","10000",1,0,0,0,0
"S92133G","V5416","10000",1,0,0,0,0
"S92133K","73382","10000",1,0,0,0,0
"S92133P","73381","10000",1,0,0,0,0
"S92133S","9054","10000",1,0,0,0,0
"S92134A","82521","10000",1,0,0,0,0
"S92134B","82531","10000",1,0,0,0,0
"S92134D","V5416","10000",1,0,0,0,0
"S92134G","V5416","10000",1,0,0,0,0
"S92134K","73382","10000",1,0,0,0,0
"S92134P","73381","10000",1,0,0,0,0
"S92134S","9054","10000",1,0,0,0,0
"S92135A","82521","10000",1,0,0,0,0
"S92135B","82531","10000",1,0,0,0,0
"S92135D","V5416","10000",1,0,0,0,0
"S92135G","V5416","10000",1,0,0,0,0
"S92135K","73382","10000",1,0,0,0,0
"S92135P","73381","10000",1,0,0,0,0
"S92135S","9054","10000",1,0,0,0,0
"S92136A","82521","10000",1,0,0,0,0
"S92136B","82531","10000",1,0,0,0,0
"S92136D","V5416","10000",1,0,0,0,0
"S92136G","V5416","10000",1,0,0,0,0
"S92136K","73382","10000",1,0,0,0,0
"S92136P","73381","10000",1,0,0,0,0
"S92136S","9054","10000",1,0,0,0,0
"S92141A","82521","10000",1,0,0,0,0
"S92141B","82531","10000",1,0,0,0,0
"S92141D","V5416","10000",1,0,0,0,0
"S92141G","V5416","10000",1,0,0,0,0
"S92141K","73382","10000",1,0,0,0,0
"S92141P","73381","10000",1,0,0,0,0
"S92141S","9054","10000",1,0,0,0,0
"S92142A","82521","10000",1,0,0,0,0
"S92142B","82531","10000",1,0,0,0,0
"S92142D","V5416","10000",1,0,0,0,0
"S92142G","V5416","10000",1,0,0,0,0
"S92142K","73382","10000",1,0,0,0,0
"S92142P","73381","10000",1,0,0,0,0
"S92142S","9054","10000",1,0,0,0,0
"S92143A","82521","10000",1,0,0,0,0
"S92143B","82531","10000",1,0,0,0,0
"S92143D","V5416","10000",1,0,0,0,0
"S92143G","V5416","10000",1,0,0,0,0
"S92143K","73382","10000",1,0,0,0,0
"S92143P","73381","10000",1,0,0,0,0
"S92143S","9054","10000",1,0,0,0,0
"S92144A","82521","10000",1,0,0,0,0
"S92144B","82531","10000",1,0,0,0,0
"S92144D","V5416","10000",1,0,0,0,0
"S92144G","V5416","10000",1,0,0,0,0
"S92144K","73382","10000",1,0,0,0,0
"S92144P","73381","10000",1,0,0,0,0
"S92144S","9054","10000",1,0,0,0,0
"S92145A","82521","10000",1,0,0,0,0
"S92145B","82531","10000",1,0,0,0,0
"S92145D","V5416","10000",1,0,0,0,0
"S92145G","V5416","10000",1,0,0,0,0
"S92145K","73382","10000",1,0,0,0,0
"S92145P","73381","10000",1,0,0,0,0
"S92145S","9054","10000",1,0,0,0,0
"S92146A","82521","10000",1,0,0,0,0
"S92146B","82531","10000",1,0,0,0,0
"S92146D","V5416","10000",1,0,0,0,0
"S92146G","V5416","10000",1,0,0,0,0
"S92146K","73382","10000",1,0,0,0,0
"S92146P","73381","10000",1,0,0,0,0
"S92146S","9054","10000",1,0,0,0,0
"S92151A","82521","10000",1,0,0,0,0
"S92151B","82531","10000",1,0,0,0,0
"S92151D","V5416","10000",1,0,0,0,0
"S92151G","V5416","10000",1,0,0,0,0
"S92151K","73382","10000",1,0,0,0,0
"S92151P","73381","10000",1,0,0,0,0
"S92151S","9054","10000",1,0,0,0,0
"S92152A","82521","10000",1,0,0,0,0
"S92152B","82531","10000",1,0,0,0,0
"S92152D","V5416","10000",1,0,0,0,0
"S92152G","V5416","10000",1,0,0,0,0
"S92152K","73382","10000",1,0,0,0,0
"S92152P","73381","10000",1,0,0,0,0
"S92152S","9054","10000",1,0,0,0,0
"S92153A","82521","10000",1,0,0,0,0
"S92153B","82531","10000",1,0,0,0,0
"S92153D","V5416","10000",1,0,0,0,0
"S92153G","V5416","10000",1,0,0,0,0
"S92153K","73382","10000",1,0,0,0,0
"S92153P","73381","10000",1,0,0,0,0
"S92153S","9054","10000",1,0,0,0,0
"S92154A","82521","10000",1,0,0,0,0
"S92154B","82531","10000",1,0,0,0,0
"S92154D","V5416","10000",1,0,0,0,0
"S92154G","V5416","10000",1,0,0,0,0
"S92154K","73382","10000",1,0,0,0,0
"S92154P","73381","10000",1,0,0,0,0
"S92154S","9054","10000",1,0,0,0,0
"S92155A","82521","10000",1,0,0,0,0
"S92155B","82531","10000",1,0,0,0,0
"S92155D","V5416","10000",1,0,0,0,0
"S92155G","V5416","10000",1,0,0,0,0
"S92155K","73382","10000",1,0,0,0,0
"S92155P","73381","10000",1,0,0,0,0
"S92155S","9054","10000",1,0,0,0,0
"S92156A","82521","10000",1,0,0,0,0
"S92156B","82531","10000",1,0,0,0,0
"S92156D","V5416","10000",1,0,0,0,0
"S92156G","V5416","10000",1,0,0,0,0
"S92156K","73382","10000",1,0,0,0,0
"S92156P","73381","10000",1,0,0,0,0
"S92156S","9054","10000",1,0,0,0,0
"S92191A","82521","10000",1,0,0,0,0
"S92191B","82531","10000",1,0,0,0,0
"S92191D","V5416","10000",1,0,0,0,0
"S92191G","V5416","10000",1,0,0,0,0
"S92191K","73382","10000",1,0,0,0,0
"S92191P","73381","10000",1,0,0,0,0
"S92191S","9054","10000",1,0,0,0,0
"S92192A","82521","10000",1,0,0,0,0
"S92192B","82531","10000",1,0,0,0,0
"S92192D","V5416","10000",1,0,0,0,0
"S92192G","V5416","10000",1,0,0,0,0
"S92192K","73382","10000",1,0,0,0,0
"S92192P","73381","10000",1,0,0,0,0
"S92192S","9054","10000",1,0,0,0,0
"S92199A","82521","10000",1,0,0,0,0
"S92199B","82531","10000",1,0,0,0,0
"S92199D","V5416","10000",1,0,0,0,0
"S92199G","V5416","10000",1,0,0,0,0
"S92199K","73382","10000",1,0,0,0,0
"S92199P","73381","10000",1,0,0,0,0
"S92199S","9054","10000",1,0,0,0,0
"S92201A","82529","10000",1,0,0,0,0
"S92201B","82539","10000",1,0,0,0,0
"S92201D","V5416","10000",1,0,0,0,0
"S92201G","V5416","10000",1,0,0,0,0
"S92201K","73382","10000",1,0,0,0,0
"S92201P","73381","10000",1,0,0,0,0
"S92201S","9054","10000",1,0,0,0,0
"S92202A","82529","10000",1,0,0,0,0
"S92202B","82539","10000",1,0,0,0,0
"S92202D","V5416","10000",1,0,0,0,0
"S92202G","V5416","10000",1,0,0,0,0
"S92202K","73382","10000",1,0,0,0,0
"S92202P","73381","10000",1,0,0,0,0
"S92202S","9054","10000",1,0,0,0,0
"S92209A","82529","10000",1,0,0,0,0
"S92209B","82539","10000",1,0,0,0,0
"S92209D","V5416","10000",1,0,0,0,0
"S92209G","V5416","10000",1,0,0,0,0
"S92209K","73382","10000",1,0,0,0,0
"S92209P","73381","10000",1,0,0,0,0
"S92209S","9054","10000",1,0,0,0,0
"S92211A","82523","10000",1,0,0,0,0
"S92211B","82533","10000",1,0,0,0,0
"S92211D","V5416","10000",1,0,0,0,0
"S92211G","V5416","10000",1,0,0,0,0
"S92211K","73382","10000",1,0,0,0,0
"S92211P","73381","10000",1,0,0,0,0
"S92211S","9054","10000",1,0,0,0,0
"S92212A","82523","10000",1,0,0,0,0
"S92212B","82533","10000",1,0,0,0,0
"S92212D","V5416","10000",1,0,0,0,0
"S92212G","V5416","10000",1,0,0,0,0
"S92212K","73382","10000",1,0,0,0,0
"S92212P","73381","10000",1,0,0,0,0
"S92212S","9054","10000",1,0,0,0,0
"S92213A","82523","10000",1,0,0,0,0
"S92213B","82533","10000",1,0,0,0,0
"S92213D","V5416","10000",1,0,0,0,0
"S92213G","V5416","10000",1,0,0,0,0
"S92213K","73382","10000",1,0,0,0,0
"S92213P","73381","10000",1,0,0,0,0
"S92213S","9054","10000",1,0,0,0,0
"S92214A","82523","10000",1,0,0,0,0
"S92214B","82533","10000",1,0,0,0,0
"S92214D","V5416","10000",1,0,0,0,0
"S92214G","V5416","10000",1,0,0,0,0
"S92214K","73382","10000",1,0,0,0,0
"S92214P","73381","10000",1,0,0,0,0
"S92214S","9054","10000",1,0,0,0,0
"S92215A","82523","10000",1,0,0,0,0
"S92215B","82533","10000",1,0,0,0,0
"S92215D","V5416","10000",1,0,0,0,0
"S92215G","V5416","10000",1,0,0,0,0
"S92215K","73382","10000",1,0,0,0,0
"S92215P","73381","10000",1,0,0,0,0
"S92215S","9054","10000",1,0,0,0,0
"S92216A","82523","10000",1,0,0,0,0
"S92216B","82533","10000",1,0,0,0,0
"S92216D","V5416","10000",1,0,0,0,0
"S92216G","V5416","10000",1,0,0,0,0
"S92216K","73382","10000",1,0,0,0,0
"S92216P","73381","10000",1,0,0,0,0
"S92216S","9054","10000",1,0,0,0,0
"S92221A","82524","10000",1,0,0,0,0
"S92221B","82534","10000",1,0,0,0,0
"S92221D","V5416","10000",1,0,0,0,0
"S92221G","V5416","10000",1,0,0,0,0
"S92221K","73382","10000",1,0,0,0,0
"S92221P","73381","10000",1,0,0,0,0
"S92221S","9054","10000",1,0,0,0,0
"S92222A","82524","10000",1,0,0,0,0
"S92222B","82534","10000",1,0,0,0,0
"S92222D","V5416","10000",1,0,0,0,0
"S92222G","V5416","10000",1,0,0,0,0
"S92222K","73382","10000",1,0,0,0,0
"S92222P","73381","10000",1,0,0,0,0
"S92222S","9054","10000",1,0,0,0,0
"S92223A","82524","10000",1,0,0,0,0
"S92223B","82534","10000",1,0,0,0,0
"S92223D","V5416","10000",1,0,0,0,0
"S92223G","V5416","10000",1,0,0,0,0
"S92223K","73382","10000",1,0,0,0,0
"S92223P","73381","10000",1,0,0,0,0
"S92223S","9054","10000",1,0,0,0,0
"S92224A","82524","10000",1,0,0,0,0
"S92224B","82534","10000",1,0,0,0,0
"S92224D","V5416","10000",1,0,0,0,0
"S92224G","V5416","10000",1,0,0,0,0
"S92224K","73382","10000",1,0,0,0,0
"S92224P","73381","10000",1,0,0,0,0
"S92224S","9054","10000",1,0,0,0,0
"S92225A","82524","10000",1,0,0,0,0
"S92225B","82534","10000",1,0,0,0,0
"S92225D","V5416","10000",1,0,0,0,0
"S92225G","V5416","10000",1,0,0,0,0
"S92225K","73382","10000",1,0,0,0,0
"S92225P","73381","10000",1,0,0,0,0
"S92225S","9054","10000",1,0,0,0,0
"S92226A","82524","10000",1,0,0,0,0
"S92226B","82534","10000",1,0,0,0,0
"S92226D","V5416","10000",1,0,0,0,0
"S92226G","V5416","10000",1,0,0,0,0
"S92226K","73382","10000",1,0,0,0,0
"S92226P","73381","10000",1,0,0,0,0
"S92226S","9054","10000",1,0,0,0,0
"S92231A","82524","10000",1,0,0,0,0
"S92231B","82534","10000",1,0,0,0,0
"S92231D","V5416","10000",1,0,0,0,0
"S92231G","V5416","10000",1,0,0,0,0
"S92231K","73382","10000",1,0,0,0,0
"S92231P","73381","10000",1,0,0,0,0
"S92231S","9054","10000",1,0,0,0,0
"S92232A","82524","10000",1,0,0,0,0
"S92232B","82534","10000",1,0,0,0,0
"S92232D","V5416","10000",1,0,0,0,0
"S92232G","V5416","10000",1,0,0,0,0
"S92232K","73382","10000",1,0,0,0,0
"S92232P","73381","10000",1,0,0,0,0
"S92232S","9054","10000",1,0,0,0,0
"S92233A","82524","10000",1,0,0,0,0
"S92233B","82534","10000",1,0,0,0,0
"S92233D","V5416","10000",1,0,0,0,0
"S92233G","V5416","10000",1,0,0,0,0
"S92233K","73382","10000",1,0,0,0,0
"S92233P","73381","10000",1,0,0,0,0
"S92233S","9054","10000",1,0,0,0,0
"S92234A","82524","10000",1,0,0,0,0
"S92234B","82534","10000",1,0,0,0,0
"S92234D","V5416","10000",1,0,0,0,0
"S92234G","V5416","10000",1,0,0,0,0
"S92234K","73382","10000",1,0,0,0,0
"S92234P","73381","10000",1,0,0,0,0
"S92234S","9054","10000",1,0,0,0,0
"S92235A","82524","10000",1,0,0,0,0
"S92235B","82534","10000",1,0,0,0,0
"S92235D","V5416","10000",1,0,0,0,0
"S92235G","V5416","10000",1,0,0,0,0
"S92235K","73382","10000",1,0,0,0,0
"S92235P","73381","10000",1,0,0,0,0
"S92235S","9054","10000",1,0,0,0,0
"S92236A","82524","10000",1,0,0,0,0
"S92236B","82534","10000",1,0,0,0,0
"S92236D","V5416","10000",1,0,0,0,0
"S92236G","V5416","10000",1,0,0,0,0
"S92236K","73382","10000",1,0,0,0,0
"S92236P","73381","10000",1,0,0,0,0
"S92236S","9054","10000",1,0,0,0,0
"S92241A","82524","10000",1,0,0,0,0
"S92241B","82534","10000",1,0,0,0,0
"S92241D","V5416","10000",1,0,0,0,0
"S92241G","V5416","10000",1,0,0,0,0
"S92241K","73382","10000",1,0,0,0,0
"S92241P","73381","10000",1,0,0,0,0
"S92241S","9054","10000",1,0,0,0,0
"S92242A","82524","10000",1,0,0,0,0
"S92242B","82534","10000",1,0,0,0,0
"S92242D","V5416","10000",1,0,0,0,0
"S92242G","V5416","10000",1,0,0,0,0
"S92242K","73382","10000",1,0,0,0,0
"S92242P","73381","10000",1,0,0,0,0
"S92242S","9054","10000",1,0,0,0,0
"S92243A","82524","10000",1,0,0,0,0
"S92243B","82534","10000",1,0,0,0,0
"S92243D","V5416","10000",1,0,0,0,0
"S92243G","V5416","10000",1,0,0,0,0
"S92243K","73382","10000",1,0,0,0,0
"S92243P","73381","10000",1,0,0,0,0
"S92243S","9054","10000",1,0,0,0,0
"S92244A","82524","10000",1,0,0,0,0
"S92244B","82534","10000",1,0,0,0,0
"S92244D","V5416","10000",1,0,0,0,0
"S92244G","V5416","10000",1,0,0,0,0
"S92244K","73382","10000",1,0,0,0,0
"S92244P","73381","10000",1,0,0,0,0
"S92244S","9054","10000",1,0,0,0,0
"S92245A","82524","10000",1,0,0,0,0
"S92245B","82534","10000",1,0,0,0,0
"S92245D","V5416","10000",1,0,0,0,0
"S92245G","V5416","10000",1,0,0,0,0
"S92245K","73382","10000",1,0,0,0,0
"S92245P","73381","10000",1,0,0,0,0
"S92245S","9054","10000",1,0,0,0,0
"S92246A","82524","10000",1,0,0,0,0
"S92246B","82534","10000",1,0,0,0,0
"S92246D","V5416","10000",1,0,0,0,0
"S92246G","V5416","10000",1,0,0,0,0
"S92246K","73382","10000",1,0,0,0,0
"S92246P","73381","10000",1,0,0,0,0
"S92246S","9054","10000",1,0,0,0,0
"S92251A","82522","10000",1,0,0,0,0
"S92251B","82532","10000",1,0,0,0,0
"S92251D","V5416","10000",1,0,0,0,0
"S92251G","V5416","10000",1,0,0,0,0
"S92251K","73382","10000",1,0,0,0,0
"S92251P","73381","10000",1,0,0,0,0
"S92251S","9054","10000",1,0,0,0,0
"S92252A","82522","10000",1,0,0,0,0
"S92252B","82532","10000",1,0,0,0,0
"S92252D","V5416","10000",1,0,0,0,0
"S92252G","V5416","10000",1,0,0,0,0
"S92252K","73382","10000",1,0,0,0,0
"S92252P","73381","10000",1,0,0,0,0
"S92252S","9054","10000",1,0,0,0,0
"S92253A","82522","10000",1,0,0,0,0
"S92253B","82532","10000",1,0,0,0,0
"S92253D","V5416","10000",1,0,0,0,0
"S92253G","V5416","10000",1,0,0,0,0
"S92253K","73382","10000",1,0,0,0,0
"S92253P","73381","10000",1,0,0,0,0
"S92253S","9054","10000",1,0,0,0,0
"S92254A","82522","10000",1,0,0,0,0
"S92254B","82532","10000",1,0,0,0,0
"S92254D","V5416","10000",1,0,0,0,0
"S92254G","V5416","10000",1,0,0,0,0
"S92254K","73382","10000",1,0,0,0,0
"S92254P","73381","10000",1,0,0,0,0
"S92254S","9054","10000",1,0,0,0,0
"S92255A","82522","10000",1,0,0,0,0
"S92255B","82532","10000",1,0,0,0,0
"S92255D","V5416","10000",1,0,0,0,0
"S92255G","V5416","10000",1,0,0,0,0
"S92255K","73382","10000",1,0,0,0,0
"S92255P","73381","10000",1,0,0,0,0
"S92255S","9054","10000",1,0,0,0,0
"S92256A","82522","10000",1,0,0,0,0
"S92256B","82532","10000",1,0,0,0,0
"S92256D","V5416","10000",1,0,0,0,0
"S92256G","V5416","10000",1,0,0,0,0
"S92256K","73382","10000",1,0,0,0,0
"S92256P","73381","10000",1,0,0,0,0
"S92256S","9054","10000",1,0,0,0,0
"S92301A","82525","10000",1,0,0,0,0
"S92301A","82529","10000",1,0,0,0,0
"S92301B","82535","10000",1,0,0,0,0
"S92301D","V5416","10000",1,0,0,0,0
"S92301G","V5416","10000",1,0,0,0,0
"S92301K","73382","10000",1,0,0,0,0
"S92301P","73381","10000",1,0,0,0,0
"S92301S","9054","10000",1,0,0,0,0
"S92302A","82525","10000",1,0,0,0,0
"S92302A","82529","10000",1,0,0,0,0
"S92302B","82535","10000",1,0,0,0,0
"S92302D","V5416","10000",1,0,0,0,0
"S92302G","V5416","10000",1,0,0,0,0
"S92302K","73382","10000",1,0,0,0,0
"S92302P","73381","10000",1,0,0,0,0
"S92302S","9054","10000",1,0,0,0,0
"S92309A","82525","10000",1,0,0,0,0
"S92309A","82529","10000",1,0,0,0,0
"S92309B","82535","10000",1,0,0,0,0
"S92309D","V5416","10000",1,0,0,0,0
"S92309G","V5416","10000",1,0,0,0,0
"S92309K","73382","10000",1,0,0,0,0
"S92309P","73381","10000",1,0,0,0,0
"S92309S","9054","10000",1,0,0,0,0
"S92311A","82525","10000",1,0,0,0,0
"S92311B","82535","10000",1,0,0,0,0
"S92311D","V5416","10000",1,0,0,0,0
"S92311G","V5416","10000",1,0,0,0,0
"S92311K","73382","10000",1,0,0,0,0
"S92311P","73381","10000",1,0,0,0,0
"S92311S","9054","10000",1,0,0,0,0
"S92312A","82525","10000",1,0,0,0,0
"S92312B","82535","10000",1,0,0,0,0
"S92312D","V5416","10000",1,0,0,0,0
"S92312G","V5416","10000",1,0,0,0,0
"S92312K","73382","10000",1,0,0,0,0
"S92312P","73381","10000",1,0,0,0,0
"S92312S","9054","10000",1,0,0,0,0
"S92313A","82525","10000",1,0,0,0,0
"S92313B","82535","10000",1,0,0,0,0
"S92313D","V5416","10000",1,0,0,0,0
"S92313G","V5416","10000",1,0,0,0,0
"S92313K","73382","10000",1,0,0,0,0
"S92313P","73381","10000",1,0,0,0,0
"S92313S","9054","10000",1,0,0,0,0
"S92314A","82525","10000",1,0,0,0,0
"S92314B","82535","10000",1,0,0,0,0
"S92314D","V5416","10000",1,0,0,0,0
"S92314G","V5416","10000",1,0,0,0,0
"S92314K","73382","10000",1,0,0,0,0
"S92314P","73381","10000",1,0,0,0,0
"S92314S","9054","10000",1,0,0,0,0
"S92315A","82525","10000",1,0,0,0,0
"S92315B","82535","10000",1,0,0,0,0
"S92315D","V5416","10000",1,0,0,0,0
"S92315G","V5416","10000",1,0,0,0,0
"S92315K","73382","10000",1,0,0,0,0
"S92315P","73381","10000",1,0,0,0,0
"S92315S","9054","10000",1,0,0,0,0
"S92316A","82525","10000",1,0,0,0,0
"S92316B","82535","10000",1,0,0,0,0
"S92316D","V5416","10000",1,0,0,0,0
"S92316G","V5416","10000",1,0,0,0,0
"S92316K","73382","10000",1,0,0,0,0
"S92316P","73381","10000",1,0,0,0,0
"S92316S","9054","10000",1,0,0,0,0
"S92321A","82525","10000",1,0,0,0,0
"S92321B","82535","10000",1,0,0,0,0
"S92321D","V5416","10000",1,0,0,0,0
"S92321G","V5416","10000",1,0,0,0,0
"S92321K","73382","10000",1,0,0,0,0
"S92321P","73381","10000",1,0,0,0,0
"S92321S","9054","10000",1,0,0,0,0
"S92322A","82525","10000",1,0,0,0,0
"S92322B","82535","10000",1,0,0,0,0
"S92322D","V5416","10000",1,0,0,0,0
"S92322G","V5416","10000",1,0,0,0,0
"S92322K","73382","10000",1,0,0,0,0
"S92322P","73381","10000",1,0,0,0,0
"S92322S","9054","10000",1,0,0,0,0
"S92323A","82525","10000",1,0,0,0,0
"S92323B","82535","10000",1,0,0,0,0
"S92323D","V5416","10000",1,0,0,0,0
"S92323G","V5416","10000",1,0,0,0,0
"S92323K","73382","10000",1,0,0,0,0
"S92323P","73381","10000",1,0,0,0,0
"S92323S","9054","10000",1,0,0,0,0
"S92324A","82525","10000",1,0,0,0,0
"S92324B","82535","10000",1,0,0,0,0
"S92324D","V5416","10000",1,0,0,0,0
"S92324G","V5416","10000",1,0,0,0,0
"S92324K","73382","10000",1,0,0,0,0
"S92324P","73381","10000",1,0,0,0,0
"S92324S","9054","10000",1,0,0,0,0
"S92325A","82525","10000",1,0,0,0,0
"S92325B","82535","10000",1,0,0,0,0
"S92325D","V5416","10000",1,0,0,0,0
"S92325G","V5416","10000",1,0,0,0,0
"S92325K","73382","10000",1,0,0,0,0
"S92325P","73381","10000",1,0,0,0,0
"S92325S","9054","10000",1,0,0,0,0
"S92326A","82525","10000",1,0,0,0,0
"S92326B","82535","10000",1,0,0,0,0
"S92326D","V5416","10000",1,0,0,0,0
"S92326G","V5416","10000",1,0,0,0,0
"S92326K","73382","10000",1,0,0,0,0
"S92326P","73381","10000",1,0,0,0,0
"S92326S","9054","10000",1,0,0,0,0
"S92331A","82525","10000",1,0,0,0,0
"S92331B","82535","10000",1,0,0,0,0
"S92331D","V5416","10000",1,0,0,0,0
"S92331G","V5416","10000",1,0,0,0,0
"S92331K","73382","10000",1,0,0,0,0
"S92331P","73381","10000",1,0,0,0,0
"S92331S","9054","10000",1,0,0,0,0
"S92332A","82525","10000",1,0,0,0,0
"S92332B","82535","10000",1,0,0,0,0
"S92332D","V5416","10000",1,0,0,0,0
"S92332G","V5416","10000",1,0,0,0,0
"S92332K","73382","10000",1,0,0,0,0
"S92332P","73381","10000",1,0,0,0,0
"S92332S","9054","10000",1,0,0,0,0
"S92333A","82525","10000",1,0,0,0,0
"S92333B","82535","10000",1,0,0,0,0
"S92333D","V5416","10000",1,0,0,0,0
"S92333G","V5416","10000",1,0,0,0,0
"S92333K","73382","10000",1,0,0,0,0
"S92333P","73381","10000",1,0,0,0,0
"S92333S","9054","10000",1,0,0,0,0
"S92334A","82525","10000",1,0,0,0,0
"S92334B","82535","10000",1,0,0,0,0
"S92334D","V5416","10000",1,0,0,0,0
"S92334G","V5416","10000",1,0,0,0,0
"S92334K","73382","10000",1,0,0,0,0
"S92334P","73381","10000",1,0,0,0,0
"S92334S","9054","10000",1,0,0,0,0
"S92335A","82525","10000",1,0,0,0,0
"S92335B","82535","10000",1,0,0,0,0
"S92335D","V5416","10000",1,0,0,0,0
"S92335G","V5416","10000",1,0,0,0,0
"S92335K","73382","10000",1,0,0,0,0
"S92335P","73381","10000",1,0,0,0,0
"S92335S","9054","10000",1,0,0,0,0
"S92336A","82525","10000",1,0,0,0,0
"S92336B","82535","10000",1,0,0,0,0
"S92336D","V5416","10000",1,0,0,0,0
"S92336G","V5416","10000",1,0,0,0,0
"S92336K","73382","10000",1,0,0,0,0
"S92336P","73381","10000",1,0,0,0,0
"S92336S","9054","10000",1,0,0,0,0
"S92341A","82525","10000",1,0,0,0,0
"S92341B","82535","10000",1,0,0,0,0
"S92341D","V5416","10000",1,0,0,0,0
"S92341G","V5416","10000",1,0,0,0,0
"S92341K","73382","10000",1,0,0,0,0
"S92341P","73381","10000",1,0,0,0,0
"S92341S","9054","10000",1,0,0,0,0
"S92342A","82525","10000",1,0,0,0,0
"S92342B","82535","10000",1,0,0,0,0
"S92342D","V5416","10000",1,0,0,0,0
"S92342G","V5416","10000",1,0,0,0,0
"S92342K","73382","10000",1,0,0,0,0
"S92342P","73381","10000",1,0,0,0,0
"S92342S","9054","10000",1,0,0,0,0
"S92343A","82525","10000",1,0,0,0,0
"S92343B","82535","10000",1,0,0,0,0
"S92343D","V5416","10000",1,0,0,0,0
"S92343G","V5416","10000",1,0,0,0,0
"S92343K","73382","10000",1,0,0,0,0
"S92343P","73381","10000",1,0,0,0,0
"S92343S","9054","10000",1,0,0,0,0
"S92344A","82525","10000",1,0,0,0,0
"S92344B","82535","10000",1,0,0,0,0
"S92344D","V5416","10000",1,0,0,0,0
"S92344G","V5416","10000",1,0,0,0,0
"S92344K","73382","10000",1,0,0,0,0
"S92344P","73381","10000",1,0,0,0,0
"S92344S","9054","10000",1,0,0,0,0
"S92345A","82525","10000",1,0,0,0,0
"S92345B","82535","10000",1,0,0,0,0
"S92345D","V5416","10000",1,0,0,0,0
"S92345G","V5416","10000",1,0,0,0,0
"S92345K","73382","10000",1,0,0,0,0
"S92345P","73381","10000",1,0,0,0,0
"S92345S","9054","10000",1,0,0,0,0
"S92346A","82525","10000",1,0,0,0,0
"S92346B","82535","10000",1,0,0,0,0
"S92346D","V5416","10000",1,0,0,0,0
"S92346G","V5416","10000",1,0,0,0,0
"S92346K","73382","10000",1,0,0,0,0
"S92346P","73381","10000",1,0,0,0,0
"S92346S","9054","10000",1,0,0,0,0
"S92351A","82525","10000",1,0,0,0,0
"S92351B","82535","10000",1,0,0,0,0
"S92351D","V5416","10000",1,0,0,0,0
"S92351G","V5416","10000",1,0,0,0,0
"S92351K","73382","10000",1,0,0,0,0
"S92351P","73381","10000",1,0,0,0,0
"S92351S","9054","10000",1,0,0,0,0
"S92352A","82525","10000",1,0,0,0,0
"S92352B","82535","10000",1,0,0,0,0
"S92352D","V5416","10000",1,0,0,0,0
"S92352G","V5416","10000",1,0,0,0,0
"S92352K","73382","10000",1,0,0,0,0
"S92352P","73381","10000",1,0,0,0,0
"S92352S","9054","10000",1,0,0,0,0
"S92353A","82525","10000",1,0,0,0,0
"S92353B","82535","10000",1,0,0,0,0
"S92353D","V5416","10000",1,0,0,0,0
"S92353G","V5416","10000",1,0,0,0,0
"S92353K","73382","10000",1,0,0,0,0
"S92353P","73381","10000",1,0,0,0,0
"S92353S","9054","10000",1,0,0,0,0
"S92354A","82525","10000",1,0,0,0,0
"S92354B","82535","10000",1,0,0,0,0
"S92354D","V5416","10000",1,0,0,0,0
"S92354G","V5416","10000",1,0,0,0,0
"S92354K","73382","10000",1,0,0,0,0
"S92354P","73381","10000",1,0,0,0,0
"S92354S","9054","10000",1,0,0,0,0
"S92355A","82525","10000",1,0,0,0,0
"S92355B","82535","10000",1,0,0,0,0
"S92355D","V5416","10000",1,0,0,0,0
"S92355G","V5416","10000",1,0,0,0,0
"S92355K","73382","10000",1,0,0,0,0
"S92355P","73381","10000",1,0,0,0,0
"S92355S","9054","10000",1,0,0,0,0
"S92356A","82525","10000",1,0,0,0,0
"S92356B","82535","10000",1,0,0,0,0
"S92356D","V5416","10000",1,0,0,0,0
"S92356G","V5416","10000",1,0,0,0,0
"S92356K","73382","10000",1,0,0,0,0
"S92356P","73381","10000",1,0,0,0,0
"S92356S","9054","10000",1,0,0,0,0
"S92401A","8260","10000",1,0,0,0,0
"S92401B","8261","10000",1,0,0,0,0
"S92401D","V5416","10000",1,0,0,0,0
"S92401G","V5416","10000",1,0,0,0,0
"S92401K","73382","10000",1,0,0,0,0
"S92401P","73381","10000",1,0,0,0,0
"S92401S","9054","10000",1,0,0,0,0
"S92402A","8260","10000",1,0,0,0,0
"S92402B","8261","10000",1,0,0,0,0
"S92402D","V5416","10000",1,0,0,0,0
"S92402G","V5416","10000",1,0,0,0,0
"S92402K","73382","10000",1,0,0,0,0
"S92402P","73381","10000",1,0,0,0,0
"S92402S","9054","10000",1,0,0,0,0
"S92403A","8260","10000",1,0,0,0,0
"S92403B","8261","10000",1,0,0,0,0
"S92403D","V5416","10000",1,0,0,0,0
"S92403G","V5416","10000",1,0,0,0,0
"S92403K","73382","10000",1,0,0,0,0
"S92403P","73381","10000",1,0,0,0,0
"S92403S","9054","10000",1,0,0,0,0
"S92404A","8260","10000",1,0,0,0,0
"S92404B","8261","10000",1,0,0,0,0
"S92404D","V5416","10000",1,0,0,0,0
"S92404G","V5416","10000",1,0,0,0,0
"S92404K","73382","10000",1,0,0,0,0
"S92404P","73381","10000",1,0,0,0,0
"S92404S","9054","10000",1,0,0,0,0
"S92405A","8260","10000",1,0,0,0,0
"S92405B","8261","10000",1,0,0,0,0
"S92405D","V5416","10000",1,0,0,0,0
"S92405G","V5416","10000",1,0,0,0,0
"S92405K","73382","10000",1,0,0,0,0
"S92405P","73381","10000",1,0,0,0,0
"S92405S","9054","10000",1,0,0,0,0
"S92406A","8260","10000",1,0,0,0,0
"S92406B","8261","10000",1,0,0,0,0
"S92406D","V5416","10000",1,0,0,0,0
"S92406G","V5416","10000",1,0,0,0,0
"S92406K","73382","10000",1,0,0,0,0
"S92406P","73381","10000",1,0,0,0,0
"S92406S","9054","10000",1,0,0,0,0
"S92411A","8260","10000",1,0,0,0,0
"S92411B","8261","10000",1,0,0,0,0
"S92411D","V5416","10000",1,0,0,0,0
"S92411G","V5416","10000",1,0,0,0,0
"S92411K","73382","10000",1,0,0,0,0
"S92411P","73381","10000",1,0,0,0,0
"S92411S","9054","10000",1,0,0,0,0
"S92412A","8260","10000",1,0,0,0,0
"S92412B","8261","10000",1,0,0,0,0
"S92412D","V5416","10000",1,0,0,0,0
"S92412G","V5416","10000",1,0,0,0,0
"S92412K","73382","10000",1,0,0,0,0
"S92412P","73381","10000",1,0,0,0,0
"S92412S","9054","10000",1,0,0,0,0
"S92413A","8260","10000",1,0,0,0,0
"S92413B","8261","10000",1,0,0,0,0
"S92413D","V5416","10000",1,0,0,0,0
"S92413G","V5416","10000",1,0,0,0,0
"S92413K","73382","10000",1,0,0,0,0
"S92413P","73381","10000",1,0,0,0,0
"S92413S","9054","10000",1,0,0,0,0
"S92414A","8260","10000",1,0,0,0,0
"S92414B","8261","10000",1,0,0,0,0
"S92414D","V5416","10000",1,0,0,0,0
"S92414G","V5416","10000",1,0,0,0,0
"S92414K","73382","10000",1,0,0,0,0
"S92414P","73381","10000",1,0,0,0,0
"S92414S","9054","10000",1,0,0,0,0
"S92415A","8260","10000",1,0,0,0,0
"S92415B","8261","10000",1,0,0,0,0
"S92415D","V5416","10000",1,0,0,0,0
"S92415G","V5416","10000",1,0,0,0,0
"S92415K","73382","10000",1,0,0,0,0
"S92415P","73381","10000",1,0,0,0,0
"S92415S","9054","10000",1,0,0,0,0
"S92416A","8260","10000",1,0,0,0,0
"S92416B","8261","10000",1,0,0,0,0
"S92416D","V5416","10000",1,0,0,0,0
"S92416G","V5416","10000",1,0,0,0,0
"S92416K","73382","10000",1,0,0,0,0
"S92416P","73381","10000",1,0,0,0,0
"S92416S","9054","10000",1,0,0,0,0
"S92421A","8260","10000",1,0,0,0,0
"S92421B","8261","10000",1,0,0,0,0
"S92421D","V5416","10000",1,0,0,0,0
"S92421G","V5416","10000",1,0,0,0,0
"S92421K","73382","10000",1,0,0,0,0
"S92421P","73381","10000",1,0,0,0,0
"S92421S","9054","10000",1,0,0,0,0
"S92422A","8260","10000",1,0,0,0,0
"S92422B","8261","10000",1,0,0,0,0
"S92422D","V5416","10000",1,0,0,0,0
"S92422G","V5416","10000",1,0,0,0,0
"S92422K","73382","10000",1,0,0,0,0
"S92422P","73381","10000",1,0,0,0,0
"S92422S","9054","10000",1,0,0,0,0
"S92423A","8260","10000",1,0,0,0,0
"S92423B","8261","10000",1,0,0,0,0
"S92423D","V5416","10000",1,0,0,0,0
"S92423G","V5416","10000",1,0,0,0,0
"S92423K","73382","10000",1,0,0,0,0
"S92423P","73381","10000",1,0,0,0,0
"S92423S","9054","10000",1,0,0,0,0
"S92424A","8260","10000",1,0,0,0,0
"S92424B","8261","10000",1,0,0,0,0
"S92424D","V5416","10000",1,0,0,0,0
"S92424G","V5416","10000",1,0,0,0,0
"S92424K","73382","10000",1,0,0,0,0
"S92424P","73381","10000",1,0,0,0,0
"S92424S","9054","10000",1,0,0,0,0
"S92425A","8260","10000",1,0,0,0,0
"S92425B","8261","10000",1,0,0,0,0
"S92425D","V5416","10000",1,0,0,0,0
"S92425G","V5416","10000",1,0,0,0,0
"S92425K","73382","10000",1,0,0,0,0
"S92425P","73381","10000",1,0,0,0,0
"S92425S","9054","10000",1,0,0,0,0
"S92426A","8260","10000",1,0,0,0,0
"S92426B","8261","10000",1,0,0,0,0
"S92426D","V5416","10000",1,0,0,0,0
"S92426G","V5416","10000",1,0,0,0,0
"S92426K","73382","10000",1,0,0,0,0
"S92426P","73381","10000",1,0,0,0,0
"S92426S","9054","10000",1,0,0,0,0
"S92491A","8260","10000",1,0,0,0,0
"S92491B","8261","10000",1,0,0,0,0
"S92491D","V5416","10000",1,0,0,0,0
"S92491G","V5416","10000",1,0,0,0,0
"S92491K","73382","10000",1,0,0,0,0
"S92491P","73381","10000",1,0,0,0,0
"S92491S","9054","10000",1,0,0,0,0
"S92492A","8260","10000",1,0,0,0,0
"S92492B","8261","10000",1,0,0,0,0
"S92492D","V5416","10000",1,0,0,0,0
"S92492G","V5416","10000",1,0,0,0,0
"S92492K","73382","10000",1,0,0,0,0
"S92492P","73381","10000",1,0,0,0,0
"S92492S","9054","10000",1,0,0,0,0
"S92499A","8260","10000",1,0,0,0,0
"S92499B","8261","10000",1,0,0,0,0
"S92499D","V5416","10000",1,0,0,0,0
"S92499G","V5416","10000",1,0,0,0,0
"S92499K","73382","10000",1,0,0,0,0
"S92499P","73381","10000",1,0,0,0,0
"S92499S","9054","10000",1,0,0,0,0
"S92501A","8260","10000",1,0,0,0,0
"S92501B","8261","10000",1,0,0,0,0
"S92501D","V5416","10000",1,0,0,0,0
"S92501G","V5416","10000",1,0,0,0,0
"S92501K","73382","10000",1,0,0,0,0
"S92501P","73381","10000",1,0,0,0,0
"S92501S","9054","10000",1,0,0,0,0
"S92502A","8260","10000",1,0,0,0,0
"S92502B","8261","10000",1,0,0,0,0
"S92502D","V5416","10000",1,0,0,0,0
"S92502G","V5416","10000",1,0,0,0,0
"S92502K","73382","10000",1,0,0,0,0
"S92502P","73381","10000",1,0,0,0,0
"S92502S","9054","10000",1,0,0,0,0
"S92503A","8260","10000",1,0,0,0,0
"S92503B","8261","10000",1,0,0,0,0
"S92503D","V5416","10000",1,0,0,0,0
"S92503G","V5416","10000",1,0,0,0,0
"S92503K","73382","10000",1,0,0,0,0
"S92503P","73381","10000",1,0,0,0,0
"S92503S","9054","10000",1,0,0,0,0
"S92504A","8260","10000",1,0,0,0,0
"S92504B","8261","10000",1,0,0,0,0
"S92504D","V5416","10000",1,0,0,0,0
"S92504G","V5416","10000",1,0,0,0,0
"S92504K","73382","10000",1,0,0,0,0
"S92504P","73381","10000",1,0,0,0,0
"S92504S","9054","10000",1,0,0,0,0
"S92505A","8260","10000",1,0,0,0,0
"S92505B","8261","10000",1,0,0,0,0
"S92505D","V5416","10000",1,0,0,0,0
"S92505G","V5416","10000",1,0,0,0,0
"S92505K","73382","10000",1,0,0,0,0
"S92505P","73381","10000",1,0,0,0,0
"S92505S","9054","10000",1,0,0,0,0
"S92506A","8260","10000",1,0,0,0,0
"S92506B","8261","10000",1,0,0,0,0
"S92506D","V5416","10000",1,0,0,0,0
"S92506G","V5416","10000",1,0,0,0,0
"S92506K","73382","10000",1,0,0,0,0
"S92506P","73381","10000",1,0,0,0,0
"S92506S","9054","10000",1,0,0,0,0
"S92511A","8260","10000",1,0,0,0,0
"S92511B","8261","10000",1,0,0,0,0
"S92511D","V5416","10000",1,0,0,0,0
"S92511G","V5416","10000",1,0,0,0,0
"S92511K","73382","10000",1,0,0,0,0
"S92511P","73381","10000",1,0,0,0,0
"S92511S","9054","10000",1,0,0,0,0
"S92512A","8260","10000",1,0,0,0,0
"S92512B","8261","10000",1,0,0,0,0
"S92512D","V5416","10000",1,0,0,0,0
"S92512G","V5416","10000",1,0,0,0,0
"S92512K","73382","10000",1,0,0,0,0
"S92512P","73381","10000",1,0,0,0,0
"S92512S","9054","10000",1,0,0,0,0
"S92513A","8260","10000",1,0,0,0,0
"S92513B","8261","10000",1,0,0,0,0
"S92513D","V5416","10000",1,0,0,0,0
"S92513G","V5416","10000",1,0,0,0,0
"S92513K","73382","10000",1,0,0,0,0
"S92513P","73381","10000",1,0,0,0,0
"S92513S","9054","10000",1,0,0,0,0
"S92514A","8260","10000",1,0,0,0,0
"S92514B","8261","10000",1,0,0,0,0
"S92514D","V5416","10000",1,0,0,0,0
"S92514G","V5416","10000",1,0,0,0,0
"S92514K","73382","10000",1,0,0,0,0
"S92514P","73381","10000",1,0,0,0,0
"S92514S","9054","10000",1,0,0,0,0
"S92515A","8260","10000",1,0,0,0,0
"S92515B","8261","10000",1,0,0,0,0
"S92515D","V5416","10000",1,0,0,0,0
"S92515G","V5416","10000",1,0,0,0,0
"S92515K","73382","10000",1,0,0,0,0
"S92515P","73381","10000",1,0,0,0,0
"S92515S","9054","10000",1,0,0,0,0
"S92516A","8260","10000",1,0,0,0,0
"S92516B","8261","10000",1,0,0,0,0
"S92516D","V5416","10000",1,0,0,0,0
"S92516G","V5416","10000",1,0,0,0,0
"S92516K","73382","10000",1,0,0,0,0
"S92516P","73381","10000",1,0,0,0,0
"S92516S","9054","10000",1,0,0,0,0
"S92521A","8260","10000",1,0,0,0,0
"S92521B","8261","10000",1,0,0,0,0
"S92521D","V5416","10000",1,0,0,0,0
"S92521G","V5416","10000",1,0,0,0,0
"S92521K","73382","10000",1,0,0,0,0
"S92521P","73381","10000",1,0,0,0,0
"S92521S","9054","10000",1,0,0,0,0
"S92522A","8260","10000",1,0,0,0,0
"S92522B","8261","10000",1,0,0,0,0
"S92522D","V5416","10000",1,0,0,0,0
"S92522G","V5416","10000",1,0,0,0,0
"S92522K","73382","10000",1,0,0,0,0
"S92522P","73381","10000",1,0,0,0,0
"S92522S","9054","10000",1,0,0,0,0
"S92523A","8260","10000",1,0,0,0,0
"S92523B","8261","10000",1,0,0,0,0
"S92523D","V5416","10000",1,0,0,0,0
"S92523G","V5416","10000",1,0,0,0,0
"S92523K","73382","10000",1,0,0,0,0
"S92523P","73381","10000",1,0,0,0,0
"S92523S","9054","10000",1,0,0,0,0
"S92524A","8260","10000",1,0,0,0,0
"S92524B","8261","10000",1,0,0,0,0
"S92524D","V5416","10000",1,0,0,0,0
"S92524G","V5416","10000",1,0,0,0,0
"S92524K","73382","10000",1,0,0,0,0
"S92524P","73381","10000",1,0,0,0,0
"S92524S","9054","10000",1,0,0,0,0
"S92525A","8260","10000",1,0,0,0,0
"S92525B","8261","10000",1,0,0,0,0
"S92525D","V5416","10000",1,0,0,0,0
"S92525G","V5416","10000",1,0,0,0,0
"S92525K","73382","10000",1,0,0,0,0
"S92525P","73381","10000",1,0,0,0,0
"S92525S","9054","10000",1,0,0,0,0
"S92526A","8260","10000",1,0,0,0,0
"S92526B","8261","10000",1,0,0,0,0
"S92526D","V5416","10000",1,0,0,0,0
"S92526G","V5416","10000",1,0,0,0,0
"S92526K","73382","10000",1,0,0,0,0
"S92526P","73381","10000",1,0,0,0,0
"S92526S","9054","10000",1,0,0,0,0
"S92531A","8260","10000",1,0,0,0,0
"S92531B","8261","10000",1,0,0,0,0
"S92531D","V5416","10000",1,0,0,0,0
"S92531G","V5416","10000",1,0,0,0,0
"S92531K","73382","10000",1,0,0,0,0
"S92531P","73381","10000",1,0,0,0,0
"S92531S","9054","10000",1,0,0,0,0
"S92532A","8260","10000",1,0,0,0,0
"S92532B","8261","10000",1,0,0,0,0
"S92532D","V5416","10000",1,0,0,0,0
"S92532G","V5416","10000",1,0,0,0,0
"S92532K","73382","10000",1,0,0,0,0
"S92532P","73381","10000",1,0,0,0,0
"S92532S","9054","10000",1,0,0,0,0
"S92533A","8260","10000",1,0,0,0,0
"S92533B","8261","10000",1,0,0,0,0
"S92533D","V5416","10000",1,0,0,0,0
"S92533G","V5416","10000",1,0,0,0,0
"S92533K","73382","10000",1,0,0,0,0
"S92533P","73381","10000",1,0,0,0,0
"S92533S","9054","10000",1,0,0,0,0
"S92534A","8260","10000",1,0,0,0,0
"S92534B","8261","10000",1,0,0,0,0
"S92534D","V5416","10000",1,0,0,0,0
"S92534G","V5416","10000",1,0,0,0,0
"S92534K","73382","10000",1,0,0,0,0
"S92534P","73381","10000",1,0,0,0,0
"S92534S","9054","10000",1,0,0,0,0
"S92535A","8260","10000",1,0,0,0,0
"S92535B","8261","10000",1,0,0,0,0
"S92535D","V5416","10000",1,0,0,0,0
"S92535G","V5416","10000",1,0,0,0,0
"S92535K","73382","10000",1,0,0,0,0
"S92535P","73381","10000",1,0,0,0,0
"S92535S","9054","10000",1,0,0,0,0
"S92536A","8260","10000",1,0,0,0,0
"S92536B","8261","10000",1,0,0,0,0
"S92536D","V5416","10000",1,0,0,0,0
"S92536G","V5416","10000",1,0,0,0,0
"S92536K","73382","10000",1,0,0,0,0
"S92536P","73381","10000",1,0,0,0,0
"S92536S","9054","10000",1,0,0,0,0
"S92591A","8260","10000",1,0,0,0,0
"S92591B","8261","10000",1,0,0,0,0
"S92591D","V5416","10000",1,0,0,0,0
"S92591G","V5416","10000",1,0,0,0,0
"S92591K","73382","10000",1,0,0,0,0
"S92591P","73381","10000",1,0,0,0,0
"S92591S","9054","10000",1,0,0,0,0
"S92592A","8260","10000",1,0,0,0,0
"S92592B","8261","10000",1,0,0,0,0
"S92592D","V5416","10000",1,0,0,0,0
"S92592G","V5416","10000",1,0,0,0,0
"S92592K","73382","10000",1,0,0,0,0
"S92592P","73381","10000",1,0,0,0,0
"S92592S","9054","10000",1,0,0,0,0
"S92599A","8260","10000",1,0,0,0,0
"S92599B","8261","10000",1,0,0,0,0
"S92599D","V5416","10000",1,0,0,0,0
"S92599G","V5416","10000",1,0,0,0,0
"S92599K","73382","10000",1,0,0,0,0
"S92599P","73381","10000",1,0,0,0,0
"S92599S","9054","10000",1,0,0,0,0
"S92901A","82520","10000",1,0,0,0,0
"S92901B","82530","10000",1,0,0,0,0
"S92901D","V5416","10000",1,0,0,0,0
"S92901G","V5416","10000",1,0,0,0,0
"S92901K","73382","10000",1,0,0,0,0
"S92901P","73381","10000",1,0,0,0,0
"S92901S","9054","10000",1,0,0,0,0
"S92902A","82520","10000",1,0,0,0,0
"S92902B","82530","10000",1,0,0,0,0
"S92902D","V5416","10000",1,0,0,0,0
"S92902G","V5416","10000",1,0,0,0,0
"S92902K","73382","10000",1,0,0,0,0
"S92902P","73381","10000",1,0,0,0,0
"S92902S","9054","10000",1,0,0,0,0
"S92909A","82520","10000",1,0,0,0,0
"S92909B","82530","10000",1,0,0,0,0
"S92909D","V5416","10000",1,0,0,0,0
"S92909G","V5416","10000",1,0,0,0,0
"S92909K","73382","10000",1,0,0,0,0
"S92909P","73381","10000",1,0,0,0,0
"S92909S","9054","10000",1,0,0,0,0
"S92911A","8260","10000",1,0,0,0,0
"S92911B","8261","10000",1,0,0,0,0
"S92911D","V5416","10000",1,0,0,0,0
"S92911G","V5416","10000",1,0,0,0,0
"S92911K","73382","10000",1,0,0,0,0
"S92911P","73381","10000",1,0,0,0,0
"S92911S","9054","10000",1,0,0,0,0
"S92912A","8260","10000",1,0,0,0,0
"S92912B","8261","10000",1,0,0,0,0
"S92912D","V5416","10000",1,0,0,0,0
"S92912G","V5416","10000",1,0,0,0,0
"S92912K","73382","10000",1,0,0,0,0
"S92912P","73381","10000",1,0,0,0,0
"S92912S","9054","10000",1,0,0,0,0
"S92919A","8260","10000",1,0,0,0,0
"S92919B","8261","10000",1,0,0,0,0
"S92919D","V5416","10000",1,0,0,0,0
"S92919G","V5416","10000",1,0,0,0,0
"S92919K","73382","10000",1,0,0,0,0
"S92919P","73381","10000",1,0,0,0,0
"S92919S","9054","10000",1,0,0,0,0
"S9301XA","8370","10000",1,0,0,0,0
"S9301XD","V5889","10000",1,0,0,0,0
"S9301XS","9056","10000",1,0,0,0,0
"S9302XA","8370","10000",1,0,0,0,0
"S9302XD","V5889","10000",1,0,0,0,0
"S9302XS","9056","10000",1,0,0,0,0
"S9303XA","8370","10000",1,0,0,0,0
"S9303XD","V5889","10000",1,0,0,0,0
"S9303XS","9056","10000",1,0,0,0,0
"S9304XA","8370","10000",1,0,0,0,0
"S9304XD","V5889","10000",1,0,0,0,0
"S9304XS","9056","10000",1,0,0,0,0
"S9305XA","8370","10000",1,0,0,0,0
"S9305XD","V5889","10000",1,0,0,0,0
"S9305XS","9056","10000",1,0,0,0,0
"S9306XA","8370","10000",1,0,0,0,0
"S9306XD","V5889","10000",1,0,0,0,0
"S9306XS","9056","10000",1,0,0,0,0
"S93101A","83809","10000",1,0,0,0,0
"S93101D","V5889","10000",1,0,0,0,0
"S93101S","9056","10000",1,0,0,0,0
"S93102A","83809","10000",1,0,0,0,0
"S93102D","V5889","10000",1,0,0,0,0
"S93102S","9056","10000",1,0,0,0,0
"S93103A","83809","10000",1,0,0,0,0
"S93103D","V5889","10000",1,0,0,0,0
"S93103S","9056","10000",1,0,0,0,0
"S93104A","83809","10000",1,0,0,0,0
"S93104D","V5889","10000",1,0,0,0,0
"S93104S","9056","10000",1,0,0,0,0
"S93105A","83809","10000",1,0,0,0,0
"S93105D","V5889","10000",1,0,0,0,0
"S93105S","9056","10000",1,0,0,0,0
"S93106A","83809","10000",1,0,0,0,0
"S93106D","V5889","10000",1,0,0,0,0
"S93106S","9056","10000",1,0,0,0,0
"S93111A","83806","10000",1,0,0,0,0
"S93111D","V5889","10000",1,0,0,0,0
"S93111S","9056","10000",1,0,0,0,0
"S93112A","83806","10000",1,0,0,0,0
"S93112D","V5889","10000",1,0,0,0,0
"S93112S","9056","10000",1,0,0,0,0
"S93113A","83806","10000",1,0,0,0,0
"S93113D","V5889","10000",1,0,0,0,0
"S93113S","9056","10000",1,0,0,0,0
"S93114A","83806","10000",1,0,0,0,0
"S93114D","V5889","10000",1,0,0,0,0
"S93114S","9056","10000",1,0,0,0,0
"S93115A","83806","10000",1,0,0,0,0
"S93115D","V5889","10000",1,0,0,0,0
"S93115S","9056","10000",1,0,0,0,0
"S93116A","83806","10000",1,0,0,0,0
"S93116D","V5889","10000",1,0,0,0,0
"S93116S","9056","10000",1,0,0,0,0
"S93119A","83806","10000",1,0,0,0,0
"S93119D","V5889","10000",1,0,0,0,0
"S93119S","9056","10000",1,0,0,0,0
"S93121A","83805","10000",1,0,0,0,0
"S93121D","V5889","10000",1,0,0,0,0
"S93121S","9056","10000",1,0,0,0,0
"S93122A","83805","10000",1,0,0,0,0
"S93122D","V5889","10000",1,0,0,0,0
"S93122S","9056","10000",1,0,0,0,0
"S93123A","83805","10000",1,0,0,0,0
"S93123D","V5889","10000",1,0,0,0,0
"S93123S","9056","10000",1,0,0,0,0
"S93124A","83805","10000",1,0,0,0,0
"S93124D","V5889","10000",1,0,0,0,0
"S93124S","9056","10000",1,0,0,0,0
"S93125A","83805","10000",1,0,0,0,0
"S93125D","V5889","10000",1,0,0,0,0
"S93125S","9056","10000",1,0,0,0,0
"S93126A","83805","10000",1,0,0,0,0
"S93126D","V5889","10000",1,0,0,0,0
"S93126S","9056","10000",1,0,0,0,0
"S93129A","83805","10000",1,0,0,0,0
"S93129D","V5889","10000",1,0,0,0,0
"S93129S","9056","10000",1,0,0,0,0
"S93131A","83806","10000",1,0,0,0,0
"S93131D","V5889","10000",1,0,0,0,0
"S93131S","9056","10000",1,0,0,0,0
"S93132A","83806","10000",1,0,0,0,0
"S93132D","V5889","10000",1,0,0,0,0
"S93132S","9056","10000",1,0,0,0,0
"S93133A","83806","10000",1,0,0,0,0
"S93133D","V5889","10000",1,0,0,0,0
"S93133S","9056","10000",1,0,0,0,0
"S93134A","83806","10000",1,0,0,0,0
"S93134D","V5889","10000",1,0,0,0,0
"S93134S","9056","10000",1,0,0,0,0
"S93135A","83806","10000",1,0,0,0,0
"S93135D","V5889","10000",1,0,0,0,0
"S93135S","9056","10000",1,0,0,0,0
"S93136A","83806","10000",1,0,0,0,0
"S93136D","V5889","10000",1,0,0,0,0
"S93136S","9056","10000",1,0,0,0,0
"S93139A","83806","10000",1,0,0,0,0
"S93139D","V5889","10000",1,0,0,0,0
"S93139S","9056","10000",1,0,0,0,0
"S93141A","83805","10000",1,0,0,0,0
"S93141D","V5889","10000",1,0,0,0,0
"S93141S","9056","10000",1,0,0,0,0
"S93142A","83805","10000",1,0,0,0,0
"S93142D","V5889","10000",1,0,0,0,0
"S93142S","9056","10000",1,0,0,0,0
"S93143A","83805","10000",1,0,0,0,0
"S93143D","V5889","10000",1,0,0,0,0
"S93143S","9056","10000",1,0,0,0,0
"S93144A","83805","10000",1,0,0,0,0
"S93144D","V5889","10000",1,0,0,0,0
"S93144S","9056","10000",1,0,0,0,0
"S93145A","83805","10000",1,0,0,0,0
"S93145D","V5889","10000",1,0,0,0,0
"S93145S","9056","10000",1,0,0,0,0
"S93146A","83805","10000",1,0,0,0,0
"S93146D","V5889","10000",1,0,0,0,0
"S93146S","9056","10000",1,0,0,0,0
"S93149A","83805","10000",1,0,0,0,0
"S93149D","V5889","10000",1,0,0,0,0
"S93149S","9056","10000",1,0,0,0,0
"S93301A","83800","10000",1,0,0,0,0
"S93301D","V5889","10000",1,0,0,0,0
"S93301S","9056","10000",1,0,0,0,0
"S93302A","83800","10000",1,0,0,0,0
"S93302D","V5889","10000",1,0,0,0,0
"S93302S","9056","10000",1,0,0,0,0
"S93303A","83800","10000",1,0,0,0,0
"S93303D","V5889","10000",1,0,0,0,0
"S93303S","9056","10000",1,0,0,0,0
"S93304A","83800","10000",1,0,0,0,0
"S93304D","V5889","10000",1,0,0,0,0
"S93304S","9056","10000",1,0,0,0,0
"S93305A","83800","10000",1,0,0,0,0
"S93305D","V5889","10000",1,0,0,0,0
"S93305S","9056","10000",1,0,0,0,0
"S93306A","83800","10000",1,0,0,0,0
"S93306D","V5889","10000",1,0,0,0,0
"S93306S","9056","10000",1,0,0,0,0
"S93311A","83802","10000",1,0,0,0,0
"S93311D","V5889","10000",1,0,0,0,0
"S93311S","9056","10000",1,0,0,0,0
"S93312A","83802","10000",1,0,0,0,0
"S93312D","V5889","10000",1,0,0,0,0
"S93312S","9056","10000",1,0,0,0,0
"S93313A","83802","10000",1,0,0,0,0
"S93313D","V5889","10000",1,0,0,0,0
"S93313S","9056","10000",1,0,0,0,0
"S93314A","83802","10000",1,0,0,0,0
"S93314D","V5889","10000",1,0,0,0,0
"S93314S","9056","10000",1,0,0,0,0
"S93315A","83802","10000",1,0,0,0,0
"S93315D","V5889","10000",1,0,0,0,0
"S93315S","9056","10000",1,0,0,0,0
"S93316A","83802","10000",1,0,0,0,0
"S93316D","V5889","10000",1,0,0,0,0
"S93316S","9056","10000",1,0,0,0,0
"S93321A","83803","10000",1,0,0,0,0
"S93321D","V5889","10000",1,0,0,0,0
"S93321S","9056","10000",1,0,0,0,0
"S93322A","83803","10000",1,0,0,0,0
"S93322D","V5889","10000",1,0,0,0,0
"S93322S","9056","10000",1,0,0,0,0
"S93323A","83803","10000",1,0,0,0,0
"S93323D","V5889","10000",1,0,0,0,0
"S93323S","9056","10000",1,0,0,0,0
"S93324A","83803","10000",1,0,0,0,0
"S93324D","V5889","10000",1,0,0,0,0
"S93324S","9056","10000",1,0,0,0,0
"S93325A","83803","10000",1,0,0,0,0
"S93325D","V5889","10000",1,0,0,0,0
"S93325S","9056","10000",1,0,0,0,0
"S93326A","83803","10000",1,0,0,0,0
"S93326D","V5889","10000",1,0,0,0,0
"S93326S","9056","10000",1,0,0,0,0
"S93331A","83804","10000",1,0,0,0,0
"S93331D","V5889","10000",1,0,0,0,0
"S93331S","9056","10000",1,0,0,0,0
"S93332A","83804","10000",1,0,0,0,0
"S93332D","V5889","10000",1,0,0,0,0
"S93332S","9056","10000",1,0,0,0,0
"S93333A","83804","10000",1,0,0,0,0
"S93333D","V5889","10000",1,0,0,0,0
"S93333S","9056","10000",1,0,0,0,0
"S93334A","83804","10000",1,0,0,0,0
"S93334D","V5889","10000",1,0,0,0,0
"S93334S","9056","10000",1,0,0,0,0
"S93335A","83804","10000",1,0,0,0,0
"S93335D","V5889","10000",1,0,0,0,0
"S93335S","9056","10000",1,0,0,0,0
"S93336A","83804","10000",1,0,0,0,0
"S93336A","83809","10000",1,0,0,0,0
"S93336D","V5889","10000",1,0,0,0,0
"S93336S","9056","10000",1,0,0,0,0
"S93401A","84500","10000",1,0,0,0,0
"S93401D","V5889","10000",1,0,0,0,0
"S93401S","9057","10000",1,0,0,0,0
"S93402A","84500","10000",1,0,0,0,0
"S93402D","V5889","10000",1,0,0,0,0
"S93402S","9057","10000",1,0,0,0,0
"S93409A","84500","10000",1,0,0,0,0
"S93409D","V5889","10000",1,0,0,0,0
"S93409S","9057","10000",1,0,0,0,0
"S93411A","84502","10000",1,0,0,0,0
"S93411D","V5889","10000",1,0,0,0,0
"S93411S","9057","10000",1,0,0,0,0
"S93412A","84502","10000",1,0,0,0,0
"S93412D","V5889","10000",1,0,0,0,0
"S93412S","9057","10000",1,0,0,0,0
"S93419A","84502","10000",1,0,0,0,0
"S93419D","V5889","10000",1,0,0,0,0
"S93419S","9057","10000",1,0,0,0,0
"S93421A","84501","10000",1,0,0,0,0
"S93421D","V5889","10000",1,0,0,0,0
"S93421S","9057","10000",1,0,0,0,0
"S93422A","84501","10000",1,0,0,0,0
"S93422D","V5889","10000",1,0,0,0,0
"S93422S","9057","10000",1,0,0,0,0
"S93429A","84501","10000",1,0,0,0,0
"S93429D","V5889","10000",1,0,0,0,0
"S93429S","9057","10000",1,0,0,0,0
"S93431A","84503","10000",1,0,0,0,0
"S93431D","V5889","10000",1,0,0,0,0
"S93431S","9057","10000",1,0,0,0,0
"S93432A","84503","10000",1,0,0,0,0
"S93432D","V5889","10000",1,0,0,0,0
"S93432S","9057","10000",1,0,0,0,0
"S93439A","84503","10000",1,0,0,0,0
"S93439D","V5889","10000",1,0,0,0,0
"S93439S","9057","10000",1,0,0,0,0
"S93491A","84509","10000",1,0,0,0,0
"S93491D","V5889","10000",1,0,0,0,0
"S93491S","9057","10000",1,0,0,0,0
"S93492A","84509","10000",1,0,0,0,0
"S93492D","V5889","10000",1,0,0,0,0
"S93492S","9057","10000",1,0,0,0,0
"S93499A","84509","10000",1,0,0,0,0
"S93499D","V5889","10000",1,0,0,0,0
"S93499S","9057","10000",1,0,0,0,0
"S93501A","84519","10000",1,0,0,0,0
"S93501D","V5889","10000",1,0,0,0,0
"S93501S","9057","10000",1,0,0,0,0
"S93502A","84519","10000",1,0,0,0,0
"S93502D","V5889","10000",1,0,0,0,0
"S93502S","9057","10000",1,0,0,0,0
"S93503A","84519","10000",1,0,0,0,0
"S93503D","V5889","10000",1,0,0,0,0
"S93503S","9057","10000",1,0,0,0,0
"S93504A","84519","10000",1,0,0,0,0
"S93504D","V5889","10000",1,0,0,0,0
"S93504S","9057","10000",1,0,0,0,0
"S93505A","84519","10000",1,0,0,0,0
"S93505D","V5889","10000",1,0,0,0,0
"S93505S","9057","10000",1,0,0,0,0
"S93506A","84519","10000",1,0,0,0,0
"S93506D","V5889","10000",1,0,0,0,0
"S93506S","9057","10000",1,0,0,0,0
"S93509A","84519","10000",1,0,0,0,0
"S93509D","V5889","10000",1,0,0,0,0
"S93509S","9057","10000",1,0,0,0,0
"S93511A","84513","10000",1,0,0,0,0
"S93511D","V5889","10000",1,0,0,0,0
"S93511S","9057","10000",1,0,0,0,0
"S93512A","84513","10000",1,0,0,0,0
"S93512D","V5889","10000",1,0,0,0,0
"S93512S","9057","10000",1,0,0,0,0
"S93513A","84513","10000",1,0,0,0,0
"S93513D","V5889","10000",1,0,0,0,0
"S93513S","9057","10000",1,0,0,0,0
"S93514A","84513","10000",1,0,0,0,0
"S93514D","V5889","10000",1,0,0,0,0
"S93514S","9057","10000",1,0,0,0,0
"S93515A","84513","10000",1,0,0,0,0
"S93515D","V5889","10000",1,0,0,0,0
"S93515S","9057","10000",1,0,0,0,0
"S93516A","84513","10000",1,0,0,0,0
"S93516D","V5889","10000",1,0,0,0,0
"S93516S","9057","10000",1,0,0,0,0
"S93519A","84513","10000",1,0,0,0,0
"S93519D","V5889","10000",1,0,0,0,0
"S93519S","9057","10000",1,0,0,0,0
"S93521A","84512","10000",1,0,0,0,0
"S93521D","V5889","10000",1,0,0,0,0
"S93521S","9057","10000",1,0,0,0,0
"S93522A","84512","10000",1,0,0,0,0
"S93522D","V5889","10000",1,0,0,0,0
"S93522S","9057","10000",1,0,0,0,0
"S93523A","84512","10000",1,0,0,0,0
"S93523D","V5889","10000",1,0,0,0,0
"S93523S","9057","10000",1,0,0,0,0
"S93524A","84512","10000",1,0,0,0,0
"S93524D","V5889","10000",1,0,0,0,0
"S93524S","9057","10000",1,0,0,0,0
"S93525A","84512","10000",1,0,0,0,0
"S93525D","V5889","10000",1,0,0,0,0
"S93525S","9057","10000",1,0,0,0,0
"S93526A","84512","10000",1,0,0,0,0
"S93526D","V5889","10000",1,0,0,0,0
"S93526S","9057","10000",1,0,0,0,0
"S93529A","84512","10000",1,0,0,0,0
"S93529D","V5889","10000",1,0,0,0,0
"S93529S","9057","10000",1,0,0,0,0
"S93601A","84510","10000",1,0,0,0,0
"S93601D","V5889","10000",1,0,0,0,0
"S93601S","9057","10000",1,0,0,0,0
"S93602A","84510","10000",1,0,0,0,0
"S93602D","V5889","10000",1,0,0,0,0
"S93602S","9057","10000",1,0,0,0,0
"S93609A","84510","10000",1,0,0,0,0
"S93609D","V5889","10000",1,0,0,0,0
"S93609S","9057","10000",1,0,0,0,0
"S93611A","84519","10000",1,0,0,0,0
"S93611D","V5889","10000",1,0,0,0,0
"S93611S","9057","10000",1,0,0,0,0
"S93612A","84519","10000",1,0,0,0,0
"S93612D","V5889","10000",1,0,0,0,0
"S93612S","9057","10000",1,0,0,0,0
"S93619A","84519","10000",1,0,0,0,0
"S93619D","V5889","10000",1,0,0,0,0
"S93619S","9057","10000",1,0,0,0,0
"S93621A","84511","10000",1,0,0,0,0
"S93621D","V5889","10000",1,0,0,0,0
"S93621S","9057","10000",1,0,0,0,0
"S93622A","84511","10000",1,0,0,0,0
"S93622D","V5889","10000",1,0,0,0,0
"S93622S","9057","10000",1,0,0,0,0
"S93629A","84511","10000",1,0,0,0,0
"S93629D","V5889","10000",1,0,0,0,0
"S93629S","9057","10000",1,0,0,0,0
"S93691A","84519","10000",1,0,0,0,0
"S93691D","V5889","10000",1,0,0,0,0
"S93691S","9057","10000",1,0,0,0,0
"S93692A","84519","10000",1,0,0,0,0
"S93692D","V5889","10000",1,0,0,0,0
"S93692S","9057","10000",1,0,0,0,0
"S93699A","84519","10000",1,0,0,0,0
"S93699D","V5889","10000",1,0,0,0,0
"S93699S","9057","10000",1,0,0,0,0
"S9400XA","9565","10000",1,0,0,0,0
"S9400XD","V5889","10000",1,0,0,0,0
"S9400XS","9075","10000",1,0,0,0,0
"S9401XA","9565","10000",1,0,0,0,0
"S9401XD","V5889","10000",1,0,0,0,0
"S9401XS","9075","10000",1,0,0,0,0
"S9402XA","9565","10000",1,0,0,0,0
"S9402XD","V5889","10000",1,0,0,0,0
"S9402XS","9075","10000",1,0,0,0,0
"S9410XA","9565","10000",1,0,0,0,0
"S9410XD","V5889","10000",1,0,0,0,0
"S9410XS","9075","10000",1,0,0,0,0
"S9411XA","9565","10000",1,0,0,0,0
"S9411XD","V5889","10000",1,0,0,0,0
"S9411XS","9075","10000",1,0,0,0,0
"S9412XA","9565","10000",1,0,0,0,0
"S9412XD","V5889","10000",1,0,0,0,0
"S9412XS","9075","10000",1,0,0,0,0
"S9420XA","9563","10000",1,0,0,0,0
"S9420XD","V5889","10000",1,0,0,0,0
"S9420XS","9075","10000",1,0,0,0,0
"S9421XA","9563","10000",1,0,0,0,0
"S9421XD","V5889","10000",1,0,0,0,0
"S9421XS","9075","10000",1,0,0,0,0
"S9422XA","9563","10000",1,0,0,0,0
"S9422XD","V5889","10000",1,0,0,0,0
"S9422XS","9075","10000",1,0,0,0,0
"S9430XA","9564","10000",1,0,0,0,0
"S9430XD","V5889","10000",1,0,0,0,0
"S9430XS","9075","10000",1,0,0,0,0
"S9431XA","9564","10000",1,0,0,0,0
"S9431XD","V5889","10000",1,0,0,0,0
"S9431XS","9075","10000",1,0,0,0,0
"S9432XA","9564","10000",1,0,0,0,0
"S9432XD","V5889","10000",1,0,0,0,0
"S9432XS","9075","10000",1,0,0,0,0
"S948X1A","9565","10000",1,0,0,0,0
"S948X1A","9568","10000",1,0,0,0,0
"S948X1D","V5889","10000",1,0,0,0,0
"S948X1S","9075","10000",1,0,0,0,0
"S948X2A","9565","10000",1,0,0,0,0
"S948X2A","9568","10000",1,0,0,0,0
"S948X2D","V5889","10000",1,0,0,0,0
"S948X2S","9075","10000",1,0,0,0,0
"S948X9A","9565","10000",1,0,0,0,0
"S948X9A","9568","10000",1,0,0,0,0
"S948X9D","V5889","10000",1,0,0,0,0
"S948X9S","9075","10000",1,0,0,0,0
"S9490XA","9569","10000",1,0,0,0,0
"S9490XA","9579","10000",1,0,0,0,0
"S9490XD","V5889","10000",1,0,0,0,0
"S9490XS","9075","10000",1,0,0,0,0
"S9491XA","9569","10000",1,0,0,0,0
"S9491XA","9579","10000",1,0,0,0,0
"S9491XD","V5889","10000",1,0,0,0,0
"S9491XS","9075","10000",1,0,0,0,0
"S9492XA","9569","10000",1,0,0,0,0
"S9492XA","9579","10000",1,0,0,0,0
"S9492XD","V5889","10000",1,0,0,0,0
"S9492XS","9075","10000",1,0,0,0,0
"S95001A","9047","10000",1,0,0,0,0
"S95001D","V5889","10000",1,0,0,0,0
"S95001S","9083","10000",1,0,0,0,0
"S95002A","9047","10000",1,0,0,0,0
"S95002D","V5889","10000",1,0,0,0,0
"S95002S","9083","10000",1,0,0,0,0
"S95009A","9047","10000",1,0,0,0,0
"S95009D","V5889","10000",1,0,0,0,0
"S95009S","9083","10000",1,0,0,0,0
"S95011A","9047","10000",1,0,0,0,0
"S95011D","V5889","10000",1,0,0,0,0
"S95011S","9083","10000",1,0,0,0,0
"S95012A","9047","10000",1,0,0,0,0
"S95012D","V5889","10000",1,0,0,0,0
"S95012S","9083","10000",1,0,0,0,0
"S95019A","9047","10000",1,0,0,0,0
"S95019D","V5889","10000",1,0,0,0,0
"S95019S","9083","10000",1,0,0,0,0
"S95091A","9047","10000",1,0,0,0,0
"S95091D","V5889","10000",1,0,0,0,0
"S95091S","9083","10000",1,0,0,0,0
"S95092A","9047","10000",1,0,0,0,0
"S95092D","V5889","10000",1,0,0,0,0
"S95092S","9083","10000",1,0,0,0,0
"S95099A","9047","10000",1,0,0,0,0
"S95099D","V5889","10000",1,0,0,0,0
"S95099S","9083","10000",1,0,0,0,0
"S95101A","9046","10000",1,0,0,0,0
"S95101D","V5889","10000",1,0,0,0,0
"S95101S","9083","10000",1,0,0,0,0
"S95102A","9046","10000",1,0,0,0,0
"S95102D","V5889","10000",1,0,0,0,0
"S95102S","9083","10000",1,0,0,0,0
"S95109A","9046","10000",1,0,0,0,0
"S95109D","V5889","10000",1,0,0,0,0
"S95109S","9083","10000",1,0,0,0,0
"S95111A","9046","10000",1,0,0,0,0
"S95111D","V5889","10000",1,0,0,0,0
"S95111S","9083","10000",1,0,0,0,0
"S95112A","9046","10000",1,0,0,0,0
"S95112D","V5889","10000",1,0,0,0,0
"S95112S","9083","10000",1,0,0,0,0
"S95119A","9046","10000",1,0,0,0,0
"S95119D","V5889","10000",1,0,0,0,0
"S95119S","9083","10000",1,0,0,0,0
"S95191A","9046","10000",1,0,0,0,0
"S95191D","V5889","10000",1,0,0,0,0
"S95191S","9083","10000",1,0,0,0,0
"S95192A","9046","10000",1,0,0,0,0
"S95192D","V5889","10000",1,0,0,0,0
"S95192S","9083","10000",1,0,0,0,0
"S95199A","9046","10000",1,0,0,0,0
"S95199D","V5889","10000",1,0,0,0,0
"S95199S","9083","10000",1,0,0,0,0
"S95201A","9047","10000",1,0,0,0,0
"S95201D","V5889","10000",1,0,0,0,0
"S95201S","9083","10000",1,0,0,0,0
"S95202A","9047","10000",1,0,0,0,0
"S95202D","V5889","10000",1,0,0,0,0
"S95202S","9083","10000",1,0,0,0,0
"S95209A","9047","10000",1,0,0,0,0
"S95209D","V5889","10000",1,0,0,0,0
"S95209S","9083","10000",1,0,0,0,0
"S95211A","9047","10000",1,0,0,0,0
"S95211D","V5889","10000",1,0,0,0,0
"S95211S","9083","10000",1,0,0,0,0
"S95212A","9047","10000",1,0,0,0,0
"S95212D","V5889","10000",1,0,0,0,0
"S95212S","9083","10000",1,0,0,0,0
"S95219A","9047","10000",1,0,0,0,0
"S95219D","V5889","10000",1,0,0,0,0
"S95219S","9083","10000",1,0,0,0,0
"S95291A","9047","10000",1,0,0,0,0
"S95291D","V5889","10000",1,0,0,0,0
"S95291S","9083","10000",1,0,0,0,0
"S95292A","9047","10000",1,0,0,0,0
"S95292D","V5889","10000",1,0,0,0,0
"S95292S","9083","10000",1,0,0,0,0
"S95299A","9047","10000",1,0,0,0,0
"S95299D","V5889","10000",1,0,0,0,0
"S95299S","9083","10000",1,0,0,0,0
"S95801A","9047","10000",1,0,0,0,0
"S95801D","V5889","10000",1,0,0,0,0
"S95801S","9083","10000",1,0,0,0,0
"S95802A","9047","10000",1,0,0,0,0
"S95802D","V5889","10000",1,0,0,0,0
"S95802S","9083","10000",1,0,0,0,0
"S95809A","9047","10000",1,0,0,0,0
"S95809D","V5889","10000",1,0,0,0,0
"S95809S","9083","10000",1,0,0,0,0
"S95811A","9047","10000",1,0,0,0,0
"S95811D","V5889","10000",1,0,0,0,0
"S95811S","9083","10000",1,0,0,0,0
"S95812A","9047","10000",1,0,0,0,0
"S95812D","V5889","10000",1,0,0,0,0
"S95812S","9083","10000",1,0,0,0,0
"S95819A","9047","10000",1,0,0,0,0
"S95819D","V5889","10000",1,0,0,0,0
"S95819S","9083","10000",1,0,0,0,0
"S95891A","9047","10000",1,0,0,0,0
"S95891D","V5889","10000",1,0,0,0,0
"S95891S","9083","10000",1,0,0,0,0
"S95892A","9047","10000",1,0,0,0,0
"S95892D","V5889","10000",1,0,0,0,0
"S95892S","9083","10000",1,0,0,0,0
"S95899A","9047","10000",1,0,0,0,0
"S95899D","V5889","10000",1,0,0,0,0
"S95899S","9083","10000",1,0,0,0,0
"S95901A","9048","10000",1,0,0,0,0
"S95901D","V5889","10000",1,0,0,0,0
"S95901S","9083","10000",1,0,0,0,0
"S95902A","9048","10000",1,0,0,0,0
"S95902D","V5889","10000",1,0,0,0,0
"S95902S","9083","10000",1,0,0,0,0
"S95909A","9048","10000",1,0,0,0,0
"S95909D","V5889","10000",1,0,0,0,0
"S95909S","9083","10000",1,0,0,0,0
"S95911A","9048","10000",1,0,0,0,0
"S95911D","V5889","10000",1,0,0,0,0
"S95911S","9083","10000",1,0,0,0,0
"S95912A","9048","10000",1,0,0,0,0
"S95912D","V5889","10000",1,0,0,0,0
"S95912S","9083","10000",1,0,0,0,0
"S95919A","9048","10000",1,0,0,0,0
"S95919D","V5889","10000",1,0,0,0,0
"S95919S","9083","10000",1,0,0,0,0
"S95991A","9048","10000",1,0,0,0,0
"S95991D","V5889","10000",1,0,0,0,0
"S95991S","9083","10000",1,0,0,0,0
"S95992A","9048","10000",1,0,0,0,0
"S95992D","V5889","10000",1,0,0,0,0
"S95992S","9083","10000",1,0,0,0,0
"S95999A","9048","10000",1,0,0,0,0
"S95999D","V5889","10000",1,0,0,0,0
"S95999S","9083","10000",1,0,0,0,0
"S96001A","9597","10000",1,0,0,0,0
"S96001D","V5889","10000",1,0,0,0,0
"S96001S","9089","10000",1,0,0,0,0
"S96002A","9597","10000",1,0,0,0,0
"S96002D","V5889","10000",1,0,0,0,0
"S96002S","9089","10000",1,0,0,0,0
"S96009A","9597","10000",1,0,0,0,0
"S96009D","V5889","10000",1,0,0,0,0
"S96009S","9089","10000",1,0,0,0,0
"S96011A","84509","10000",1,0,0,0,0
"S96011A","84519","10000",1,0,0,0,0
"S96011D","V5889","10000",1,0,0,0,0
"S96011S","9057","10000",1,0,0,0,0
"S96012A","84509","10000",1,0,0,0,0
"S96012A","84519","10000",1,0,0,0,0
"S96012D","V5889","10000",1,0,0,0,0
"S96012S","9057","10000",1,0,0,0,0
"S96019A","84509","10000",1,0,0,0,0
"S96019A","84519","10000",1,0,0,0,0
"S96019D","V5889","10000",1,0,0,0,0
"S96019S","9057","10000",1,0,0,0,0
"S96021A","8912","10000",1,0,0,0,0
"S96021D","V5889","10000",1,0,0,0,0
"S96021S","9061","10000",1,0,0,0,0
"S96022A","8912","10000",1,0,0,0,0
"S96022D","V5889","10000",1,0,0,0,0
"S96022S","9061","10000",1,0,0,0,0
"S96029A","8912","10000",1,0,0,0,0
"S96029D","V5889","10000",1,0,0,0,0
"S96029S","9061","10000",1,0,0,0,0
"S96091A","9597","10000",1,0,0,0,0
"S96091D","V5889","10000",1,0,0,0,0
"S96091S","9089","10000",1,0,0,0,0
"S96092A","9597","10000",1,0,0,0,0
"S96092D","V5889","10000",1,0,0,0,0
"S96092S","9089","10000",1,0,0,0,0
"S96099A","9597","10000",1,0,0,0,0
"S96099D","V5889","10000",1,0,0,0,0
"S96099S","9089","10000",1,0,0,0,0
"S96101A","9597","10000",1,0,0,0,0
"S96101D","V5889","10000",1,0,0,0,0
"S96101S","9089","10000",1,0,0,0,0
"S96102A","9597","10000",1,0,0,0,0
"S96102D","V5889","10000",1,0,0,0,0
"S96102S","9089","10000",1,0,0,0,0
"S96109A","9597","10000",1,0,0,0,0
"S96109D","V5889","10000",1,0,0,0,0
"S96109S","9089","10000",1,0,0,0,0
"S96111A","84509","10000",1,0,0,0,0
"S96111A","84519","10000",1,0,0,0,0
"S96111D","V5889","10000",1,0,0,0,0
"S96111S","9057","10000",1,0,0,0,0
"S96112A","84509","10000",1,0,0,0,0
"S96112A","84519","10000",1,0,0,0,0
"S96112D","V5889","10000",1,0,0,0,0
"S96112S","9057","10000",1,0,0,0,0
"S96119A","84509","10000",1,0,0,0,0
"S96119A","84519","10000",1,0,0,0,0
"S96119D","V5889","10000",1,0,0,0,0
"S96119S","9057","10000",1,0,0,0,0
"S96121A","8912","10000",1,0,0,0,0
"S96121D","V5889","10000",1,0,0,0,0
"S96121S","9061","10000",1,0,0,0,0
"S96122A","8912","10000",1,0,0,0,0
"S96122D","V5889","10000",1,0,0,0,0
"S96122S","9061","10000",1,0,0,0,0
"S96129A","8912","10000",1,0,0,0,0
"S96129D","V5889","10000",1,0,0,0,0
"S96129S","9061","10000",1,0,0,0,0
"S96191A","9597","10000",1,0,0,0,0
"S96191D","V5889","10000",1,0,0,0,0
"S96191S","9089","10000",1,0,0,0,0
"S96192A","9597","10000",1,0,0,0,0
"S96192D","V5889","10000",1,0,0,0,0
"S96192S","9089","10000",1,0,0,0,0
"S96199A","9597","10000",1,0,0,0,0
"S96199D","V5889","10000",1,0,0,0,0
"S96199S","9089","10000",1,0,0,0,0
"S96201A","9597","10000",1,0,0,0,0
"S96201D","V5889","10000",1,0,0,0,0
"S96201S","9089","10000",1,0,0,0,0
"S96202A","9597","10000",1,0,0,0,0
"S96202D","V5889","10000",1,0,0,0,0
"S96202S","9089","10000",1,0,0,0,0
"S96209A","9597","10000",1,0,0,0,0
"S96209D","V5889","10000",1,0,0,0,0
"S96209S","9089","10000",1,0,0,0,0
"S96211A","84509","10000",1,0,0,0,0
"S96211A","84519","10000",1,0,0,0,0
"S96211D","V5889","10000",1,0,0,0,0
"S96211S","9057","10000",1,0,0,0,0
"S96212A","84509","10000",1,0,0,0,0
"S96212A","84519","10000",1,0,0,0,0
"S96212D","V5889","10000",1,0,0,0,0
"S96212S","9057","10000",1,0,0,0,0
"S96219A","84509","10000",1,0,0,0,0
"S96219A","84519","10000",1,0,0,0,0
"S96219D","V5889","10000",1,0,0,0,0
"S96219S","9057","10000",1,0,0,0,0
"S96221A","8912","10000",1,0,0,0,0
"S96221D","V5889","10000",1,0,0,0,0
"S96221S","9061","10000",1,0,0,0,0
"S96222A","8912","10000",1,0,0,0,0
"S96222D","V5889","10000",1,0,0,0,0
"S96222S","9061","10000",1,0,0,0,0
"S96229A","8912","10000",1,0,0,0,0
"S96229D","V5889","10000",1,0,0,0,0
"S96229S","9061","10000",1,0,0,0,0
"S96291A","9597","10000",1,0,0,0,0
"S96291D","V5889","10000",1,0,0,0,0
"S96291S","9089","10000",1,0,0,0,0
"S96292A","9597","10000",1,0,0,0,0
"S96292D","V5889","10000",1,0,0,0,0
"S96292S","9089","10000",1,0,0,0,0
"S96299A","9597","10000",1,0,0,0,0
"S96299D","V5889","10000",1,0,0,0,0
"S96299S","9089","10000",1,0,0,0,0
"S96801A","9597","10000",1,0,0,0,0
"S96801D","V5889","10000",1,0,0,0,0
"S96801S","9089","10000",1,0,0,0,0
"S96802A","9597","10000",1,0,0,0,0
"S96802D","V5889","10000",1,0,0,0,0
"S96802S","9089","10000",1,0,0,0,0
"S96809A","9597","10000",1,0,0,0,0
"S96809D","V5889","10000",1,0,0,0,0
"S96809S","9089","10000",1,0,0,0,0
"S96811A","84509","10000",1,0,0,0,0
"S96811A","84519","10000",1,0,0,0,0
"S96811D","V5889","10000",1,0,0,0,0
"S96811S","9057","10000",1,0,0,0,0
"S96812A","84509","10000",1,0,0,0,0
"S96812A","84519","10000",1,0,0,0,0
"S96812D","V5889","10000",1,0,0,0,0
"S96812S","9057","10000",1,0,0,0,0
"S96819A","84509","10000",1,0,0,0,0
"S96819A","84519","10000",1,0,0,0,0
"S96819D","V5889","10000",1,0,0,0,0
"S96819S","9057","10000",1,0,0,0,0
"S96821A","8912","10000",1,0,0,0,0
"S96821D","V5889","10000",1,0,0,0,0
"S96821S","9061","10000",1,0,0,0,0
"S96822A","8912","10000",1,0,0,0,0
"S96822D","V5889","10000",1,0,0,0,0
"S96822S","9061","10000",1,0,0,0,0
"S96829A","8912","10000",1,0,0,0,0
"S96829D","V5889","10000",1,0,0,0,0
"S96829S","9061","10000",1,0,0,0,0
"S96891A","9597","10000",1,0,0,0,0
"S96891D","V5889","10000",1,0,0,0,0
"S96891S","9089","10000",1,0,0,0,0
"S96892A","9597","10000",1,0,0,0,0
"S96892D","V5889","10000",1,0,0,0,0
"S96892S","9089","10000",1,0,0,0,0
"S96899A","9597","10000",1,0,0,0,0
"S96899D","V5889","10000",1,0,0,0,0
"S96899S","9089","10000",1,0,0,0,0
"S96901A","9597","10000",1,0,0,0,0
"S96901D","V5889","10000",1,0,0,0,0
"S96901S","9089","10000",1,0,0,0,0
"S96902A","9597","10000",1,0,0,0,0
"S96902D","V5889","10000",1,0,0,0,0
"S96902S","9089","10000",1,0,0,0,0
"S96909A","9597","10000",1,0,0,0,0
"S96909D","V5889","10000",1,0,0,0,0
"S96909S","9089","10000",1,0,0,0,0
"S96911A","84509","10000",1,0,0,0,0
"S96911A","84519","10000",1,0,0,0,0
"S96911D","V5889","10000",1,0,0,0,0
"S96911S","9057","10000",1,0,0,0,0
"S96912A","84509","10000",1,0,0,0,0
"S96912A","84519","10000",1,0,0,0,0
"S96912D","V5889","10000",1,0,0,0,0
"S96912S","9057","10000",1,0,0,0,0
"S96919A","84500","10000",1,0,0,0,0
"S96919A","84510","10000",1,0,0,0,0
"S96919D","V5889","10000",1,0,0,0,0
"S96919S","9057","10000",1,0,0,0,0
"S96921A","8912","10000",1,0,0,0,0
"S96921D","V5889","10000",1,0,0,0,0
"S96921S","9061","10000",1,0,0,0,0
"S96922A","8912","10000",1,0,0,0,0
"S96922D","V5889","10000",1,0,0,0,0
"S96922S","9061","10000",1,0,0,0,0
"S96929A","8912","10000",1,0,0,0,0
"S96929D","V5889","10000",1,0,0,0,0
"S96929S","9061","10000",1,0,0,0,0
"S96991A","9597","10000",1,0,0,0,0
"S96991D","V5889","10000",1,0,0,0,0
"S96991S","9089","10000",1,0,0,0,0
"S96992A","9597","10000",1,0,0,0,0
"S96992D","V5889","10000",1,0,0,0,0
"S96992S","9089","10000",1,0,0,0,0
"S96999A","9597","10000",1,0,0,0,0
"S96999D","V5889","10000",1,0,0,0,0
"S96999S","9089","10000",1,0,0,0,0
"S9700XA","92821","10000",1,0,0,0,0
"S9700XD","V5889","10000",1,0,0,0,0
"S9700XS","9064","10000",1,0,0,0,0
"S9701XA","92821","10000",1,0,0,0,0
"S9701XD","V5889","10000",1,0,0,0,0
"S9701XS","9064","10000",1,0,0,0,0
"S9702XA","92821","10000",1,0,0,0,0
"S9702XD","V5889","10000",1,0,0,0,0
"S9702XS","9064","10000",1,0,0,0,0
"S97101A","9283","10000",1,0,0,0,0
"S97101D","V5889","10000",1,0,0,0,0
"S97101S","9064","10000",1,0,0,0,0
"S97102A","9283","10000",1,0,0,0,0
"S97102D","V5889","10000",1,0,0,0,0
"S97102S","9064","10000",1,0,0,0,0
"S97109A","9283","10000",1,0,0,0,0
"S97109D","V5889","10000",1,0,0,0,0
"S97109S","9064","10000",1,0,0,0,0
"S97111A","9283","10000",1,0,0,0,0
"S97111D","V5889","10000",1,0,0,0,0
"S97111S","9064","10000",1,0,0,0,0
"S97112A","9283","10000",1,0,0,0,0
"S97112D","V5889","10000",1,0,0,0,0
"S97112S","9064","10000",1,0,0,0,0
"S97119A","9283","10000",1,0,0,0,0
"S97119D","V5889","10000",1,0,0,0,0
"S97119S","9064","10000",1,0,0,0,0
"S97121A","9283","10000",1,0,0,0,0
"S97121D","V5889","10000",1,0,0,0,0
"S97121S","9064","10000",1,0,0,0,0
"S97122A","9283","10000",1,0,0,0,0
"S97122D","V5889","10000",1,0,0,0,0
"S97122S","9064","10000",1,0,0,0,0
"S97129A","9283","10000",1,0,0,0,0
"S97129D","V5889","10000",1,0,0,0,0
"S97129S","9064","10000",1,0,0,0,0
"S9780XA","92820","10000",1,0,0,0,0
"S9780XD","V5889","10000",1,0,0,0,0
"S9780XS","9064","10000",1,0,0,0,0
"S9781XA","92820","10000",1,0,0,0,0
"S9781XD","V5889","10000",1,0,0,0,0
"S9781XS","9064","10000",1,0,0,0,0
"S9782XA","92820","10000",1,0,0,0,0
"S9782XD","V5889","10000",1,0,0,0,0
"S9782XS","9064","10000",1,0,0,0,0
"S98011A","8960","10000",1,0,0,0,0
"S98011D","V5889","10000",1,0,0,0,0
"S98011S","9059","10000",1,0,0,0,0
"S98012A","8960","10000",1,0,0,0,0
"S98012D","V5889","10000",1,0,0,0,0
"S98012S","9059","10000",1,0,0,0,0
"S98019A","8960","10000",1,0,0,0,0
"S98019D","V5889","10000",1,0,0,0,0
"S98019S","9059","10000",1,0,0,0,0
"S98021A","8960","10000",1,0,0,0,0
"S98021D","V5889","10000",1,0,0,0,0
"S98021S","9059","10000",1,0,0,0,0
"S98022A","8960","10000",1,0,0,0,0
"S98022D","V5889","10000",1,0,0,0,0
"S98022S","9059","10000",1,0,0,0,0
"S98029A","8960","10000",1,0,0,0,0
"S98029D","V5889","10000",1,0,0,0,0
"S98029S","9059","10000",1,0,0,0,0
"S98111A","8950","10000",1,0,0,0,0
"S98111D","V5889","10000",1,0,0,0,0
"S98111S","9059","10000",1,0,0,0,0
"S98112A","8950","10000",1,0,0,0,0
"S98112D","V5889","10000",1,0,0,0,0
"S98112S","9059","10000",1,0,0,0,0
"S98119A","8950","10000",1,0,0,0,0
"S98119D","V5889","10000",1,0,0,0,0
"S98119S","9059","10000",1,0,0,0,0
"S98121A","8950","10000",1,0,0,0,0
"S98121D","V5889","10000",1,0,0,0,0
"S98121S","9059","10000",1,0,0,0,0
"S98122A","8950","10000",1,0,0,0,0
"S98122D","V5889","10000",1,0,0,0,0
"S98122S","9059","10000",1,0,0,0,0
"S98129A","8950","10000",1,0,0,0,0
"S98129D","V5889","10000",1,0,0,0,0
"S98129S","9059","10000",1,0,0,0,0
"S98131A","8950","10000",1,0,0,0,0
"S98131D","V5889","10000",1,0,0,0,0
"S98131S","9059","10000",1,0,0,0,0
"S98132A","8950","10000",1,0,0,0,0
"S98132D","V5889","10000",1,0,0,0,0
"S98132S","9059","10000",1,0,0,0,0
"S98139A","8950","10000",1,0,0,0,0
"S98139D","V5889","10000",1,0,0,0,0
"S98139S","9059","10000",1,0,0,0,0
"S98141A","8950","10000",1,0,0,0,0
"S98141D","V5889","10000",1,0,0,0,0
"S98141S","9059","10000",1,0,0,0,0
"S98142A","8950","10000",1,0,0,0,0
"S98142D","V5889","10000",1,0,0,0,0
"S98142S","9059","10000",1,0,0,0,0
"S98149A","8950","10000",1,0,0,0,0
"S98149D","V5889","10000",1,0,0,0,0
"S98149S","9059","10000",1,0,0,0,0
"S98211A","8950","10000",1,0,0,0,0
"S98211D","V5889","10000",1,0,0,0,0
"S98211S","9059","10000",1,0,0,0,0
"S98212A","8950","10000",1,0,0,0,0
"S98212D","V5889","10000",1,0,0,0,0
"S98212S","9059","10000",1,0,0,0,0
"S98219A","8950","10000",1,0,0,0,0
"S98219D","V5889","10000",1,0,0,0,0
"S98219S","9059","10000",1,0,0,0,0
"S98221A","8950","10000",1,0,0,0,0
"S98221D","V5889","10000",1,0,0,0,0
"S98221S","9059","10000",1,0,0,0,0
"S98222A","8950","10000",1,0,0,0,0
"S98222D","V5889","10000",1,0,0,0,0
"S98222S","9059","10000",1,0,0,0,0
"S98229A","8950","10000",1,0,0,0,0
"S98229D","V5889","10000",1,0,0,0,0
"S98229S","9059","10000",1,0,0,0,0
"S98311A","8960","10000",1,0,0,0,0
"S98311D","V5889","10000",1,0,0,0,0
"S98311S","9059","10000",1,0,0,0,0
"S98312A","8960","10000",1,0,0,0,0
"S98312D","V5889","10000",1,0,0,0,0
"S98312S","9059","10000",1,0,0,0,0
"S98319A","8960","10000",1,0,0,0,0
"S98319D","V5889","10000",1,0,0,0,0
"S98319S","9059","10000",1,0,0,0,0
"S98321A","8960","10000",1,0,0,0,0
"S98321D","V5889","10000",1,0,0,0,0
"S98321S","9059","10000",1,0,0,0,0
"S98322A","8960","10000",1,0,0,0,0
"S98322D","V5889","10000",1,0,0,0,0
"S98322S","9059","10000",1,0,0,0,0
"S98329A","8960","10000",1,0,0,0,0
"S98329D","V5889","10000",1,0,0,0,0
"S98329S","9059","10000",1,0,0,0,0
"S98911A","8960","10000",1,0,0,0,0
"S98911D","V5889","10000",1,0,0,0,0
"S98911S","9059","10000",1,0,0,0,0
"S98912A","8960","10000",1,0,0,0,0
"S98912D","V5889","10000",1,0,0,0,0
"S98912S","9059","10000",1,0,0,0,0
"S98919A","8960","10000",1,0,0,0,0
"S98919D","V5889","10000",1,0,0,0,0
"S98919S","9059","10000",1,0,0,0,0
"S98921A","8960","10000",1,0,0,0,0
"S98921D","V5889","10000",1,0,0,0,0
"S98921S","9059","10000",1,0,0,0,0
"S98922A","8960","10000",1,0,0,0,0
"S98922D","V5889","10000",1,0,0,0,0
"S98922S","9059","10000",1,0,0,0,0
"S98929A","8960","10000",1,0,0,0,0
"S98929D","V5889","10000",1,0,0,0,0
"S98929S","9059","10000",1,0,0,0,0
"S99811A","9597","10000",1,0,0,0,0
"S99811D","V5889","10000",1,0,0,0,0
"S99811S","9089","10000",1,0,0,0,0
"S99812A","9597","10000",1,0,0,0,0
"S99812D","V5889","10000",1,0,0,0,0
"S99812S","9089","10000",1,0,0,0,0
"S99819A","9597","10000",1,0,0,0,0
"S99819D","V5889","10000",1,0,0,0,0
"S99819S","9089","10000",1,0,0,0,0
"S99821A","9597","10000",1,0,0,0,0
"S99821D","V5889","10000",1,0,0,0,0
"S99821S","9089","10000",1,0,0,0,0
"S99822A","9597","10000",1,0,0,0,0
"S99822D","V5889","10000",1,0,0,0,0
"S99822S","9089","10000",1,0,0,0,0
"S99829A","9597","10000",1,0,0,0,0
"S99829D","V5889","10000",1,0,0,0,0
"S99829S","9089","10000",1,0,0,0,0
"S99911A","9597","10000",1,0,0,0,0
"S99911D","V5889","10000",1,0,0,0,0
"S99911S","9089","10000",1,0,0,0,0
"S99912A","9597","10000",1,0,0,0,0
"S99912D","V5889","10000",1,0,0,0,0
"S99912S","9089","10000",1,0,0,0,0
"S99919A","9597","10000",1,0,0,0,0
"S99919D","V5889","10000",1,0,0,0,0
"S99919S","9089","10000",1,0,0,0,0
"S99921A","9597","10000",1,0,0,0,0
"S99921D","V5889","10000",1,0,0,0,0
"S99921S","9089","10000",1,0,0,0,0
"S99922A","9597","10000",1,0,0,0,0
"S99922D","V5889","10000",1,0,0,0,0
"S99922S","9089","10000",1,0,0,0,0
"S99929A","9597","10000",1,0,0,0,0
"S99929D","V5889","10000",1,0,0,0,0
"S99929S","9089","10000",1,0,0,0,0
"T07","9598","10000",1,0,0,0,0
"T148","9599","10000",1,0,0,0,0
"T1490","9599","10000",1,0,0,0,0
"T1491","9599","10111",1,0,1,1,1
"T1491","E9589","10112",1,0,1,1,2
"T1500XA","9300","10111",1,0,1,1,1
"T1500XA","E914","10112",1,0,1,1,2
"T1500XD","V5889","10000",1,0,0,0,0
"T1500XS","9085","10000",1,0,0,0,0
"T1501XA","9300","10111",1,0,1,1,1
"T1501XA","E914","10112",1,0,1,1,2
"T1501XD","V5889","10000",1,0,0,0,0
"T1501XS","9085","10000",1,0,0,0,0
"T1502XA","9300","10111",1,0,1,1,1
"T1502XA","E914","10112",1,0,1,1,2
"T1502XD","V5889","10000",1,0,0,0,0
"T1502XS","9085","10000",1,0,0,0,0
"T1510XA","9301","10111",1,0,1,1,1
"T1510XA","E914","10112",1,0,1,1,2
"T1510XD","V5889","10000",1,0,0,0,0
"T1510XS","9085","10000",1,0,0,0,0
"T1511XA","9301","10111",1,0,1,1,1
"T1511XA","E914","10112",1,0,1,1,2
"T1511XD","V5889","10000",1,0,0,0,0
"T1511XS","9085","10000",1,0,0,0,0
"T1512XA","9301","10111",1,0,1,1,1
"T1512XA","E914","10112",1,0,1,1,2
"T1512XD","V5889","10000",1,0,0,0,0
"T1512XS","9085","10000",1,0,0,0,0
"T1580XA","9302","10121",1,0,1,2,1
"T1580XA","9308","10111",1,0,1,1,1
"T1580XA","E914","10112",1,0,1,1,2
"T1580XA","E914","10122",1,0,1,2,2
"T1580XD","V5889","10000",1,0,0,0,0
"T1580XS","9085","10000",1,0,0,0,0
"T1581XA","9302","10121",1,0,1,2,1
"T1581XA","9308","10111",1,0,1,1,1
"T1581XA","E914","10112",1,0,1,1,2
"T1581XA","E914","10122",1,0,1,2,2
"T1581XD","V5889","10000",1,0,0,0,0
"T1581XS","9085","10000",1,0,0,0,0
"T1582XA","9302","10121",1,0,1,2,1
"T1582XA","9308","10111",1,0,1,1,1
"T1582XA","E914","10112",1,0,1,1,2
"T1582XA","E914","10122",1,0,1,2,2
"T1582XD","V5889","10000",1,0,0,0,0
"T1582XS","9085","10000",1,0,0,0,0
"T1590XA","9309","10111",1,0,1,1,1
"T1590XA","E914","10112",1,0,1,1,2
"T1590XD","V5889","10000",1,0,0,0,0
"T1590XS","9085","10000",1,0,0,0,0
"T1591XA","9309","10111",1,0,1,1,1
"T1591XA","E914","10112",1,0,1,1,2
"T1591XD","V5889","10000",1,0,0,0,0
"T1591XS","9085","10000",1,0,0,0,0
"T1592XA","9309","10111",1,0,1,1,1
"T1592XA","E914","10112",1,0,1,1,2
"T1592XD","V5889","10000",1,0,0,0,0
"T1592XS","9085","10000",1,0,0,0,0
"T161XXA","931","10111",1,0,1,1,1
"T161XXA","E915","10112",1,0,1,1,2
"T161XXD","V5889","10000",1,0,0,0,0
"T161XXS","9085","10000",1,0,0,0,0
"T162XXA","931","10111",1,0,1,1,1
"T162XXA","E915","10112",1,0,1,1,2
"T162XXD","V5889","10000",1,0,0,0,0
"T162XXS","9085","10000",1,0,0,0,0
"T169XXA","931","10111",1,0,1,1,1
"T169XXA","E915","10112",1,0,1,1,2
"T169XXD","V5889","10000",1,0,0,0,0
"T169XXS","9085","10000",1,0,0,0,0
"T170XXA","932","10111",1,0,1,1,1
"T170XXA","E915","10112",1,0,1,1,2
"T170XXD","V5889","10000",1,0,0,0,0
"T170XXS","9085","10000",1,0,0,0,0
"T171XXA","932","10111",1,0,1,1,1
"T171XXA","E915","10112",1,0,1,1,2
"T171XXD","V5889","10000",1,0,0,0,0
"T171XXS","9085","10000",1,0,0,0,0
"T17200A","9330","10111",1,0,1,1,1
"T17200A","E912","10112",1,0,1,1,2
"T17200D","V5889","10000",1,0,0,0,0
"T17200S","9085","10000",1,0,0,0,0
"T17208A","9330","10111",1,0,1,1,1
"T17208A","E915","10112",1,0,1,1,2
"T17208D","V5889","10000",1,0,0,0,0
"T17208S","9085","10000",1,0,0,0,0
"T17210A","9330","10111",1,0,1,1,1
"T17210A","E911","10112",1,0,1,1,2
"T17210D","V5889","10000",1,0,0,0,0
"T17210S","9085","10000",1,0,0,0,0
"T17218A","9330","10111",1,0,1,1,1
"T17218A","E911","10112",1,0,1,1,2
"T17218D","V5889","10000",1,0,0,0,0
"T17218S","9085","10000",1,0,0,0,0
"T17220A","9330","10111",1,0,1,1,1
"T17220A","E911","10112",1,0,1,1,2
"T17220D","V5889","10000",1,0,0,0,0
"T17220S","9085","10000",1,0,0,0,0
"T17228A","9330","10111",1,0,1,1,1
"T17228A","E911","10112",1,0,1,1,2
"T17228D","V5889","10000",1,0,0,0,0
"T17228S","9085","10000",1,0,0,0,0
"T17290A","9330","10111",1,0,1,1,1
"T17290A","E912","10112",1,0,1,1,2
"T17290D","V5889","10000",1,0,0,0,0
"T17290S","9085","10000",1,0,0,0,0
"T17298A","9330","10111",1,0,1,1,1
"T17298A","E915","10112",1,0,1,1,2
"T17298D","V5889","10000",1,0,0,0,0
"T17298S","9085","10000",1,0,0,0,0
"T17300A","9331","10111",1,0,1,1,1
"T17300A","E912","10112",1,0,1,1,2
"T17300D","V5889","10000",1,0,0,0,0
"T17300S","9085","10000",1,0,0,0,0
"T17308A","9331","10111",1,0,1,1,1
"T17308A","E915","10112",1,0,1,1,2
"T17308D","V5889","10000",1,0,0,0,0
"T17308S","9085","10000",1,0,0,0,0
"T17310A","9331","10111",1,0,1,1,1
"T17310A","E911","10112",1,0,1,1,2
"T17310D","V5889","10000",1,0,0,0,0
"T17310S","9085","10000",1,0,0,0,0
"T17318A","9331","10111",1,0,1,1,1
"T17318A","E911","10112",1,0,1,1,2
"T17318D","V5889","10000",1,0,0,0,0
"T17318S","9085","10000",1,0,0,0,0
"T17320A","9331","10111",1,0,1,1,1
"T17320A","E911","10112",1,0,1,1,2
"T17320D","V5889","10000",1,0,0,0,0
"T17320S","9085","10000",1,0,0,0,0
"T17328A","9331","10111",1,0,1,1,1
"T17328A","E911","10112",1,0,1,1,2
"T17328D","V5889","10000",1,0,0,0,0
"T17328S","9085","10000",1,0,0,0,0
"T17390A","9331","10111",1,0,1,1,1
"T17390A","E912","10112",1,0,1,1,2
"T17390D","V5889","10000",1,0,0,0,0
"T17390S","9085","10000",1,0,0,0,0
"T17398A","9331","10111",1,0,1,1,1
"T17398A","E915","10112",1,0,1,1,2
"T17398D","V5889","10000",1,0,0,0,0
"T17398S","9085","10000",1,0,0,0,0
"T17400A","9340","10111",1,0,1,1,1
"T17400A","E912","10112",1,0,1,1,2
"T17400D","V5889","10000",1,0,0,0,0
"T17400S","9085","10000",1,0,0,0,0
"T17408A","9340","10111",1,0,1,1,1
"T17408A","E915","10112",1,0,1,1,2
"T17408D","V5889","10000",1,0,0,0,0
"T17408S","9085","10000",1,0,0,0,0
"T17410A","9340","10111",1,0,1,1,1
"T17410A","E911","10112",1,0,1,1,2
"T17410D","V5889","10000",1,0,0,0,0
"T17410S","9085","10000",1,0,0,0,0
"T17418A","9340","10111",1,0,1,1,1
"T17418A","E911","10112",1,0,1,1,2
"T17418D","V5889","10000",1,0,0,0,0
"T17418S","9085","10000",1,0,0,0,0
"T17420A","9340","10111",1,0,1,1,1
"T17420A","E911","10112",1,0,1,1,2
"T17420D","V5889","10000",1,0,0,0,0
"T17420S","9085","10000",1,0,0,0,0
"T17428A","9340","10111",1,0,1,1,1
"T17428A","E911","10112",1,0,1,1,2
"T17428D","V5889","10000",1,0,0,0,0
"T17428S","9085","10000",1,0,0,0,0
"T17490A","9340","10111",1,0,1,1,1
"T17490A","E912","10112",1,0,1,1,2
"T17490D","V5889","10000",1,0,0,0,0
"T17490S","9085","10000",1,0,0,0,0
"T17498A","9340","10111",1,0,1,1,1
"T17498A","E915","10112",1,0,1,1,2
"T17498D","V5889","10000",1,0,0,0,0
"T17498S","9085","10000",1,0,0,0,0
"T17500A","9341","10111",1,0,1,1,1
"T17500A","E912","10112",1,0,1,1,2
"T17500D","V5889","10000",1,0,0,0,0
"T17500S","9085","10000",1,0,0,0,0
"T17508A","9341","10111",1,0,1,1,1
"T17508A","E915","10112",1,0,1,1,2
"T17508D","V5889","10000",1,0,0,0,0
"T17508S","9085","10000",1,0,0,0,0
"T17510A","9341","10111",1,0,1,1,1
"T17510A","E911","10112",1,0,1,1,2
"T17510D","V5889","10000",1,0,0,0,0
"T17510S","9085","10000",1,0,0,0,0
"T17518A","9341","10111",1,0,1,1,1
"T17518A","E911","10112",1,0,1,1,2
"T17518D","V5889","10000",1,0,0,0,0
"T17518S","9085","10000",1,0,0,0,0
"T17520A","9341","10111",1,0,1,1,1
"T17520A","E911","10112",1,0,1,1,2
"T17520D","V5889","10000",1,0,0,0,0
"T17520S","9085","10000",1,0,0,0,0
"T17528A","9341","10111",1,0,1,1,1
"T17528A","E911","10112",1,0,1,1,2
"T17528D","V5889","10000",1,0,0,0,0
"T17528S","9085","10000",1,0,0,0,0
"T17590A","9341","10111",1,0,1,1,1
"T17590A","E912","10112",1,0,1,1,2
"T17590D","V5889","10000",1,0,0,0,0
"T17590S","9085","10000",1,0,0,0,0
"T17598A","9341","10111",1,0,1,1,1
"T17598A","E915","10112",1,0,1,1,2
"T17598D","V5889","10000",1,0,0,0,0
"T17598S","9085","10000",1,0,0,0,0
"T17800A","9348","10111",1,0,1,1,1
"T17800A","E912","10112",1,0,1,1,2
"T17800D","V5889","10000",1,0,0,0,0
"T17800S","9085","10000",1,0,0,0,0
"T17808A","9348","10111",1,0,1,1,1
"T17808A","E915","10112",1,0,1,1,2
"T17808D","V5889","10000",1,0,0,0,0
"T17808S","9085","10000",1,0,0,0,0
"T17810A","9348","10111",1,0,1,1,1
"T17810A","E911","10112",1,0,1,1,2
"T17810D","V5889","10000",1,0,0,0,0
"T17810S","9085","10000",1,0,0,0,0
"T17818A","9348","10111",1,0,1,1,1
"T17818A","E911","10112",1,0,1,1,2
"T17818D","V5889","10000",1,0,0,0,0
"T17818S","9085","10000",1,0,0,0,0
"T17820A","9348","10111",1,0,1,1,1
"T17820A","E911","10112",1,0,1,1,2
"T17820D","V5889","10000",1,0,0,0,0
"T17820S","9085","10000",1,0,0,0,0
"T17828A","9348","10111",1,0,1,1,1
"T17828A","E911","10112",1,0,1,1,2
"T17828D","V5889","10000",1,0,0,0,0
"T17828S","9085","10000",1,0,0,0,0
"T17890A","9348","10111",1,0,1,1,1
"T17890A","E912","10112",1,0,1,1,2
"T17890D","V5889","10000",1,0,0,0,0
"T17890S","9085","10000",1,0,0,0,0
"T17898A","9348","10111",1,0,1,1,1
"T17898A","E912","10112",1,0,1,1,2
"T17898D","V5889","10000",1,0,0,0,0
"T17898S","9085","10000",1,0,0,0,0
"T17900A","9349","10111",1,0,1,1,1
"T17900A","E912","10112",1,0,1,1,2
"T17900D","V5889","10000",1,0,0,0,0
"T17900S","9085","10000",1,0,0,0,0
"T17908A","9349","10111",1,0,1,1,1
"T17908A","E915","10112",1,0,1,1,2
"T17908D","V5889","10000",1,0,0,0,0
"T17908S","9085","10000",1,0,0,0,0
"T17910A","9349","10111",1,0,1,1,1
"T17910A","E911","10112",1,0,1,1,2
"T17910D","V5889","10000",1,0,0,0,0
"T17910S","9085","10000",1,0,0,0,0
"T17918A","9349","10111",1,0,1,1,1
"T17918A","E911","10112",1,0,1,1,2
"T17918D","V5889","10000",1,0,0,0,0
"T17918S","9085","10000",1,0,0,0,0
"T17920A","9349","10111",1,0,1,1,1
"T17920A","E911","10112",1,0,1,1,2
"T17920D","V5889","10000",1,0,0,0,0
"T17920S","9085","10000",1,0,0,0,0
"T17928A","9349","10111",1,0,1,1,1
"T17928A","E911","10112",1,0,1,1,2
"T17928D","V5889","10000",1,0,0,0,0
"T17928S","9085","10000",1,0,0,0,0
"T17990A","9349","10111",1,0,1,1,1
"T17990A","E912","10112",1,0,1,1,2
"T17990D","V5889","10000",1,0,0,0,0
"T17990S","9085","10000",1,0,0,0,0
"T17998A","9349","10111",1,0,1,1,1
"T17998A","E915","10112",1,0,1,1,2
"T17998D","V5889","10000",1,0,0,0,0
"T17998S","9085","10000",1,0,0,0,0
"T180XXA","9350","10111",1,0,1,1,1
"T180XXA","E915","10112",1,0,1,1,2
"T180XXD","V5889","10000",1,0,0,0,0
"T180XXS","9085","10000",1,0,0,0,0
"T18100A","9351","10111",1,0,1,1,1
"T18100A","E912","10112",1,0,1,1,2
"T18100D","V5889","10000",1,0,0,0,0
"T18100S","9085","10000",1,0,0,0,0
"T18108A","9351","10111",1,0,1,1,1
"T18108A","E915","10112",1,0,1,1,2
"T18108D","V5889","10000",1,0,0,0,0
"T18108S","9085","10000",1,0,0,0,0
"T18110A","9351","10111",1,0,1,1,1
"T18110A","E911","10112",1,0,1,1,2
"T18110D","V5889","10000",1,0,0,0,0
"T18110S","9085","10000",1,0,0,0,0
"T18118A","9351","10111",1,0,1,1,1
"T18118A","E915","10112",1,0,1,1,2
"T18118D","V5889","10000",1,0,0,0,0
"T18118S","9085","10000",1,0,0,0,0
"T18120A","9351","10111",1,0,1,1,1
"T18120A","E911","10112",1,0,1,1,2
"T18120D","V5889","10000",1,0,0,0,0
"T18120S","9085","10000",1,0,0,0,0
"T18128A","9351","10111",1,0,1,1,1
"T18128A","E915","10112",1,0,1,1,2
"T18128D","V5889","10000",1,0,0,0,0
"T18128S","9085","10000",1,0,0,0,0
"T18190A","9351","10111",1,0,1,1,1
"T18190A","E912","10112",1,0,1,1,2
"T18190D","V5889","10000",1,0,0,0,0
"T18190S","9085","10000",1,0,0,0,0
"T18198A","9351","10111",1,0,1,1,1
"T18198A","E915","10112",1,0,1,1,2
"T18198D","V5889","10000",1,0,0,0,0
"T18198S","9085","10000",1,0,0,0,0
"T182XXA","9352","10111",1,0,1,1,1
"T182XXA","E915","10112",1,0,1,1,2
"T182XXD","V5889","10000",1,0,0,0,0
"T182XXS","9085","10000",1,0,0,0,0
"T183XXA","936","10111",1,0,1,1,1
"T183XXA","E915","10112",1,0,1,1,2
"T183XXD","V5889","10000",1,0,0,0,0
"T183XXS","9085","10000",1,0,0,0,0
"T184XXA","936","10111",1,0,1,1,1
"T184XXA","E915","10112",1,0,1,1,2
"T184XXD","V5889","10000",1,0,0,0,0
"T184XXS","9085","10000",1,0,0,0,0
"T185XXA","937","10111",1,0,1,1,1
"T185XXA","E915","10112",1,0,1,1,2
"T185XXD","V5889","10000",1,0,0,0,0
"T185XXS","9085","10000",1,0,0,0,0
"T188XXA","938","10111",1,0,1,1,1
"T188XXA","E915","10112",1,0,1,1,2
"T188XXD","V5889","10000",1,0,0,0,0
"T188XXS","9085","10000",1,0,0,0,0
"T189XXA","938","10111",1,0,1,1,1
"T189XXA","E915","10112",1,0,1,1,2
"T189XXD","V5889","10000",1,0,0,0,0
"T189XXS","9085","10000",1,0,0,0,0
"T190XXA","9390","10111",1,0,1,1,1
"T190XXA","E915","10112",1,0,1,1,2
"T190XXD","V5889","10000",1,0,0,0,0
"T190XXS","9085","10000",1,0,0,0,0
"T191XXA","9390","10111",1,0,1,1,1
"T191XXA","E915","10112",1,0,1,1,2
"T191XXD","V5889","10000",1,0,0,0,0
"T191XXS","9085","10000",1,0,0,0,0
"T192XXA","9392","10111",1,0,1,1,1
"T192XXA","E915","10112",1,0,1,1,2
"T192XXD","V5889","10000",1,0,0,0,0
"T192XXS","9085","10000",1,0,0,0,0
"T193XXA","9391","10111",1,0,1,1,1
"T193XXA","E915","10112",1,0,1,1,2
"T193XXD","V5889","10000",1,0,0,0,0
"T193XXS","9085","10000",1,0,0,0,0
"T194XXA","9393","10111",1,0,1,1,1
"T194XXA","E915","10112",1,0,1,1,2
"T194XXD","V5889","10000",1,0,0,0,0
"T194XXS","9085","10000",1,0,0,0,0
"T198XXA","9399","10111",1,0,1,1,1
"T198XXA","E915","10112",1,0,1,1,2
"T198XXD","V5889","10000",1,0,0,0,0
"T198XXS","9085","10000",1,0,0,0,0
"T199XXA","9399","10111",1,0,1,1,1
"T199XXA","E915","10112",1,0,1,1,2
"T199XXD","V5889","10000",1,0,0,0,0
"T199XXS","9085","10000",1,0,0,0,0
"T2000XA","94100","10000",1,0,0,0,0
"T2000XD","V5889","10000",1,0,0,0,0
"T2000XS","9065","10000",1,0,0,0,0
"T20011A","94101","10000",1,0,0,0,0
"T20011D","V5889","10000",1,0,0,0,0
"T20011S","9065","10000",1,0,0,0,0
"T20012A","94101","10000",1,0,0,0,0
"T20012D","V5889","10000",1,0,0,0,0
"T20012S","9065","10000",1,0,0,0,0
"T20019A","94101","10000",1,0,0,0,0
"T20019D","V5889","10000",1,0,0,0,0
"T20019S","9065","10000",1,0,0,0,0
"T2002XA","94103","10000",1,0,0,0,0
"T2002XD","V5889","10000",1,0,0,0,0
"T2002XS","9065","10000",1,0,0,0,0
"T2003XA","94104","10000",1,0,0,0,0
"T2003XD","V5889","10000",1,0,0,0,0
"T2003XS","9065","10000",1,0,0,0,0
"T2004XA","94105","10000",1,0,0,0,0
"T2004XD","V5889","10000",1,0,0,0,0
"T2004XS","9065","10000",1,0,0,0,0
"T2005XA","94106","10000",1,0,0,0,0
"T2005XD","V5889","10000",1,0,0,0,0
"T2005XS","9065","10000",1,0,0,0,0
"T2006XA","94107","10000",1,0,0,0,0
"T2006XD","V5889","10000",1,0,0,0,0
"T2006XS","9065","10000",1,0,0,0,0
"T2007XA","94108","10000",1,0,0,0,0
"T2007XD","V5889","10000",1,0,0,0,0
"T2007XS","9065","10000",1,0,0,0,0
"T2009XA","94109","10000",1,0,0,0,0
"T2009XD","V5889","10000",1,0,0,0,0
"T2009XS","9065","10000",1,0,0,0,0
"T2010XA","94110","10000",1,0,0,0,0
"T2010XD","V5889","10000",1,0,0,0,0
"T2010XS","9065","10000",1,0,0,0,0
"T20111A","94111","10000",1,0,0,0,0
"T20111D","V5889","10000",1,0,0,0,0
"T20111S","9065","10000",1,0,0,0,0
"T20112A","94111","10000",1,0,0,0,0
"T20112D","V5889","10000",1,0,0,0,0
"T20112S","9065","10000",1,0,0,0,0
"T20119A","94111","10000",1,0,0,0,0
"T20119D","V5889","10000",1,0,0,0,0
"T20119S","9065","10000",1,0,0,0,0
"T2012XA","94113","10000",1,0,0,0,0
"T2012XD","V5889","10000",1,0,0,0,0
"T2012XS","9065","10000",1,0,0,0,0
"T2013XA","94114","10000",1,0,0,0,0
"T2013XD","V5889","10000",1,0,0,0,0
"T2013XS","9065","10000",1,0,0,0,0
"T2014XA","94115","10000",1,0,0,0,0
"T2014XD","V5889","10000",1,0,0,0,0
"T2014XS","9065","10000",1,0,0,0,0
"T2015XA","94116","10000",1,0,0,0,0
"T2015XD","V5889","10000",1,0,0,0,0
"T2015XS","9065","10000",1,0,0,0,0
"T2016XA","94117","10000",1,0,0,0,0
"T2016XD","V5889","10000",1,0,0,0,0
"T2016XS","9065","10000",1,0,0,0,0
"T2017XA","94118","10000",1,0,0,0,0
"T2017XD","V5889","10000",1,0,0,0,0
"T2017XS","9065","10000",1,0,0,0,0
"T2019XA","94119","10000",1,0,0,0,0
"T2019XD","V5889","10000",1,0,0,0,0
"T2019XS","9065","10000",1,0,0,0,0
"T2020XA","94120","10000",1,0,0,0,0
"T2020XD","V5889","10000",1,0,0,0,0
"T2020XS","9065","10000",1,0,0,0,0
"T20211A","94121","10000",1,0,0,0,0
"T20211D","V5889","10000",1,0,0,0,0
"T20211S","9065","10000",1,0,0,0,0
"T20212A","94121","10000",1,0,0,0,0
"T20212D","V5889","10000",1,0,0,0,0
"T20212S","9065","10000",1,0,0,0,0
"T20219A","94121","10000",1,0,0,0,0
"T20219D","V5889","10000",1,0,0,0,0
"T20219S","9065","10000",1,0,0,0,0
"T2022XA","94123","10000",1,0,0,0,0
"T2022XD","V5889","10000",1,0,0,0,0
"T2022XS","9065","10000",1,0,0,0,0
"T2023XA","94124","10000",1,0,0,0,0
"T2023XD","V5889","10000",1,0,0,0,0
"T2023XS","9065","10000",1,0,0,0,0
"T2024XA","94125","10000",1,0,0,0,0
"T2024XD","V5889","10000",1,0,0,0,0
"T2024XS","9065","10000",1,0,0,0,0
"T2025XA","94126","10000",1,0,0,0,0
"T2025XD","V5889","10000",1,0,0,0,0
"T2025XS","9065","10000",1,0,0,0,0
"T2026XA","94127","10000",1,0,0,0,0
"T2026XD","V5889","10000",1,0,0,0,0
"T2026XS","9065","10000",1,0,0,0,0
"T2027XA","94128","10000",1,0,0,0,0
"T2027XD","V5889","10000",1,0,0,0,0
"T2027XS","9065","10000",1,0,0,0,0
"T2029XA","94129","10000",1,0,0,0,0
"T2029XD","V5889","10000",1,0,0,0,0
"T2029XS","9065","10000",1,0,0,0,0
"T2030XA","94130","10000",1,0,0,0,0
"T2030XA","94140","10000",1,0,0,0,0
"T2030XD","V5889","10000",1,0,0,0,0
"T2030XS","9065","10000",1,0,0,0,0
"T20311A","94131","10000",1,0,0,0,0
"T20311A","94141","10000",1,0,0,0,0
"T20311D","V5889","10000",1,0,0,0,0
"T20311S","9065","10000",1,0,0,0,0
"T20312A","94131","10000",1,0,0,0,0
"T20312A","94141","10000",1,0,0,0,0
"T20312D","V5889","10000",1,0,0,0,0
"T20312S","9065","10000",1,0,0,0,0
"T20319A","94131","10000",1,0,0,0,0
"T20319A","94141","10000",1,0,0,0,0
"T20319D","V5889","10000",1,0,0,0,0
"T20319S","9065","10000",1,0,0,0,0
"T2032XA","94133","10000",1,0,0,0,0
"T2032XA","94143","10000",1,0,0,0,0
"T2032XD","V5889","10000",1,0,0,0,0
"T2032XS","9065","10000",1,0,0,0,0
"T2033XA","94134","10000",1,0,0,0,0
"T2033XA","94144","10000",1,0,0,0,0
"T2033XD","V5889","10000",1,0,0,0,0
"T2033XS","9065","10000",1,0,0,0,0
"T2034XA","94135","10000",1,0,0,0,0
"T2034XA","94145","10000",1,0,0,0,0
"T2034XD","V5889","10000",1,0,0,0,0
"T2034XS","9065","10000",1,0,0,0,0
"T2035XA","94136","10000",1,0,0,0,0
"T2035XA","94146","10000",1,0,0,0,0
"T2035XD","V5889","10000",1,0,0,0,0
"T2035XS","9065","10000",1,0,0,0,0
"T2036XA","94137","10000",1,0,0,0,0
"T2036XA","94147","10000",1,0,0,0,0
"T2036XD","V5889","10000",1,0,0,0,0
"T2036XS","9065","10000",1,0,0,0,0
"T2037XA","94138","10000",1,0,0,0,0
"T2037XA","94148","10000",1,0,0,0,0
"T2037XD","V5889","10000",1,0,0,0,0
"T2037XS","9065","10000",1,0,0,0,0
"T2039XA","94139","10000",1,0,0,0,0
"T2039XA","94149","10000",1,0,0,0,0
"T2039XD","V5889","10000",1,0,0,0,0
"T2039XS","9065","10000",1,0,0,0,0
"T2040XA","94100","10000",1,0,0,0,0
"T2040XD","V5889","10000",1,0,0,0,0
"T2040XS","9065","10000",1,0,0,0,0
"T20411A","94101","10000",1,0,0,0,0
"T20411D","V5889","10000",1,0,0,0,0
"T20411S","9065","10000",1,0,0,0,0
"T20412A","94101","10000",1,0,0,0,0
"T20412D","V5889","10000",1,0,0,0,0
"T20412S","9065","10000",1,0,0,0,0
"T20419A","94101","10000",1,0,0,0,0
"T20419D","V5889","10000",1,0,0,0,0
"T20419S","9065","10000",1,0,0,0,0
"T2042XA","94103","10000",1,0,0,0,0
"T2042XD","V5889","10000",1,0,0,0,0
"T2042XS","9065","10000",1,0,0,0,0
"T2043XA","94104","10000",1,0,0,0,0
"T2043XD","V5889","10000",1,0,0,0,0
"T2043XS","9065","10000",1,0,0,0,0
"T2044XA","94105","10000",1,0,0,0,0
"T2044XD","V5889","10000",1,0,0,0,0
"T2044XS","9065","10000",1,0,0,0,0
"T2045XA","94106","10000",1,0,0,0,0
"T2045XD","V5889","10000",1,0,0,0,0
"T2045XS","9065","10000",1,0,0,0,0
"T2046XA","94107","10000",1,0,0,0,0
"T2046XD","V5889","10000",1,0,0,0,0
"T2046XS","9065","10000",1,0,0,0,0
"T2047XA","94108","10000",1,0,0,0,0
"T2047XD","V5889","10000",1,0,0,0,0
"T2047XS","9065","10000",1,0,0,0,0
"T2049XA","94109","10000",1,0,0,0,0
"T2049XD","V5889","10000",1,0,0,0,0
"T2049XS","9065","10000",1,0,0,0,0
"T2050XA","94110","10000",1,0,0,0,0
"T2050XD","V5889","10000",1,0,0,0,0
"T2050XS","9065","10000",1,0,0,0,0
"T20511A","94111","10000",1,0,0,0,0
"T20511D","V5889","10000",1,0,0,0,0
"T20511S","9065","10000",1,0,0,0,0
"T20512A","94111","10000",1,0,0,0,0
"T20512D","V5889","10000",1,0,0,0,0
"T20512S","9065","10000",1,0,0,0,0
"T20519A","94111","10000",1,0,0,0,0
"T20519D","V5889","10000",1,0,0,0,0
"T20519S","9065","10000",1,0,0,0,0
"T2052XA","94113","10000",1,0,0,0,0
"T2052XD","V5889","10000",1,0,0,0,0
"T2052XS","9065","10000",1,0,0,0,0
"T2053XA","94114","10000",1,0,0,0,0
"T2053XD","V5889","10000",1,0,0,0,0
"T2053XS","9065","10000",1,0,0,0,0
"T2054XA","94115","10000",1,0,0,0,0
"T2054XD","V5889","10000",1,0,0,0,0
"T2054XS","9065","10000",1,0,0,0,0
"T2055XA","94116","10000",1,0,0,0,0
"T2055XD","V5889","10000",1,0,0,0,0
"T2055XS","9065","10000",1,0,0,0,0
"T2056XA","94117","10000",1,0,0,0,0
"T2056XD","V5889","10000",1,0,0,0,0
"T2056XS","9065","10000",1,0,0,0,0
"T2057XA","94118","10000",1,0,0,0,0
"T2057XD","V5889","10000",1,0,0,0,0
"T2057XS","9065","10000",1,0,0,0,0
"T2059XA","94119","10000",1,0,0,0,0
"T2059XD","V5889","10000",1,0,0,0,0
"T2059XS","9065","10000",1,0,0,0,0
"T2060XA","94120","10000",1,0,0,0,0
"T2060XD","V5889","10000",1,0,0,0,0
"T2060XS","9065","10000",1,0,0,0,0
"T20611A","94121","10000",1,0,0,0,0
"T20611D","V5889","10000",1,0,0,0,0
"T20611S","9065","10000",1,0,0,0,0
"T20612A","94121","10000",1,0,0,0,0
"T20612D","V5889","10000",1,0,0,0,0
"T20612S","9065","10000",1,0,0,0,0
"T20619A","94121","10000",1,0,0,0,0
"T20619D","V5889","10000",1,0,0,0,0
"T20619S","9065","10000",1,0,0,0,0
"T2062XA","94123","10000",1,0,0,0,0
"T2062XD","V5889","10000",1,0,0,0,0
"T2062XS","9065","10000",1,0,0,0,0
"T2063XA","94124","10000",1,0,0,0,0
"T2063XD","V5889","10000",1,0,0,0,0
"T2063XS","9065","10000",1,0,0,0,0
"T2064XA","94125","10000",1,0,0,0,0
"T2064XD","V5889","10000",1,0,0,0,0
"T2064XS","9065","10000",1,0,0,0,0
"T2065XA","94126","10000",1,0,0,0,0
"T2065XD","V5889","10000",1,0,0,0,0
"T2065XS","9065","10000",1,0,0,0,0
"T2066XA","94127","10000",1,0,0,0,0
"T2066XD","V5889","10000",1,0,0,0,0
"T2066XS","9065","10000",1,0,0,0,0
"T2067XA","94128","10000",1,0,0,0,0
"T2067XD","V5889","10000",1,0,0,0,0
"T2067XS","9065","10000",1,0,0,0,0
"T2069XA","94129","10000",1,0,0,0,0
"T2069XD","V5889","10000",1,0,0,0,0
"T2069XS","9065","10000",1,0,0,0,0
"T2070XA","94130","10000",1,0,0,0,0
"T2070XA","94140","10000",1,0,0,0,0
"T2070XA","94150","10000",1,0,0,0,0
"T2070XD","V5889","10000",1,0,0,0,0
"T2070XS","9065","10000",1,0,0,0,0
"T20711A","94131","10000",1,0,0,0,0
"T20711A","94141","10000",1,0,0,0,0
"T20711D","V5889","10000",1,0,0,0,0
"T20711S","9065","10000",1,0,0,0,0
"T20712A","94131","10000",1,0,0,0,0
"T20712A","94141","10000",1,0,0,0,0
"T20712D","V5889","10000",1,0,0,0,0
"T20712S","9065","10000",1,0,0,0,0
"T20719A","94131","10000",1,0,0,0,0
"T20719A","94141","10000",1,0,0,0,0
"T20719A","94151","10000",1,0,0,0,0
"T20719D","V5889","10000",1,0,0,0,0
"T20719S","9065","10000",1,0,0,0,0
"T2072XA","94133","10000",1,0,0,0,0
"T2072XA","94143","10000",1,0,0,0,0
"T2072XA","94153","10000",1,0,0,0,0
"T2072XD","V5889","10000",1,0,0,0,0
"T2072XS","9065","10000",1,0,0,0,0
"T2073XA","94134","10000",1,0,0,0,0
"T2073XA","94144","10000",1,0,0,0,0
"T2073XA","94154","10000",1,0,0,0,0
"T2073XD","V5889","10000",1,0,0,0,0
"T2073XS","9065","10000",1,0,0,0,0
"T2074XA","94135","10000",1,0,0,0,0
"T2074XA","94145","10000",1,0,0,0,0
"T2074XA","94155","10000",1,0,0,0,0
"T2074XD","V5889","10000",1,0,0,0,0
"T2074XS","9065","10000",1,0,0,0,0
"T2075XA","94136","10000",1,0,0,0,0
"T2075XA","94146","10000",1,0,0,0,0
"T2075XA","94156","10000",1,0,0,0,0
"T2075XD","V5889","10000",1,0,0,0,0
"T2075XS","9065","10000",1,0,0,0,0
"T2076XA","94137","10000",1,0,0,0,0
"T2076XA","94147","10000",1,0,0,0,0
"T2076XA","94157","10000",1,0,0,0,0
"T2076XD","V5889","10000",1,0,0,0,0
"T2076XS","9065","10000",1,0,0,0,0
"T2077XA","94138","10000",1,0,0,0,0
"T2077XA","94148","10000",1,0,0,0,0
"T2077XA","94158","10000",1,0,0,0,0
"T2077XD","V5889","10000",1,0,0,0,0
"T2077XS","9065","10000",1,0,0,0,0
"T2079XA","94139","10000",1,0,0,0,0
"T2079XA","94149","10000",1,0,0,0,0
"T2079XA","94159","10000",1,0,0,0,0
"T2079XD","V5889","10000",1,0,0,0,0
"T2079XS","9065","10000",1,0,0,0,0
"T2100XA","94200","10000",1,0,0,0,0
"T2100XD","V5889","10000",1,0,0,0,0
"T2100XS","9068","10000",1,0,0,0,0
"T2101XA","94201","10000",1,0,0,0,0
"T2101XA","94202","10000",1,0,0,0,0
"T2101XD","V5889","10000",1,0,0,0,0
"T2101XS","9068","10000",1,0,0,0,0
"T2102XA","94203","10000",1,0,0,0,0
"T2102XD","V5889","10000",1,0,0,0,0
"T2102XS","9068","10000",1,0,0,0,0
"T2103XA","94204","10000",1,0,0,0,0
"T2103XD","V5889","10000",1,0,0,0,0
"T2103XS","9068","10000",1,0,0,0,0
"T2104XA","94204","10000",1,0,0,0,0
"T2104XD","V5889","10000",1,0,0,0,0
"T2104XS","9068","10000",1,0,0,0,0
"T2105XA","94204","10000",1,0,0,0,0
"T2105XD","V5889","10000",1,0,0,0,0
"T2105XS","9068","10000",1,0,0,0,0
"T2106XA","94205","10000",1,0,0,0,0
"T2106XD","V5889","10000",1,0,0,0,0
"T2106XS","9068","10000",1,0,0,0,0
"T2107XA","94205","10000",1,0,0,0,0
"T2107XD","V5889","10000",1,0,0,0,0
"T2107XS","9068","10000",1,0,0,0,0
"T2109XA","94209","10000",1,0,0,0,0
"T2109XD","V5889","10000",1,0,0,0,0
"T2109XS","9068","10000",1,0,0,0,0
"T2110XA","94210","10000",1,0,0,0,0
"T2110XD","V5889","10000",1,0,0,0,0
"T2110XS","9068","10000",1,0,0,0,0
"T2111XA","94211","10000",1,0,0,0,0
"T2111XA","94212","10000",1,0,0,0,0
"T2111XD","V5889","10000",1,0,0,0,0
"T2111XS","9068","10000",1,0,0,0,0
"T2112XA","94213","10000",1,0,0,0,0
"T2112XD","V5889","10000",1,0,0,0,0
"T2112XS","9068","10000",1,0,0,0,0
"T2113XA","94214","10000",1,0,0,0,0
"T2113XD","V5889","10000",1,0,0,0,0
"T2113XS","9068","10000",1,0,0,0,0
"T2114XA","94214","10000",1,0,0,0,0
"T2114XD","V5889","10000",1,0,0,0,0
"T2114XS","9068","10000",1,0,0,0,0
"T2115XA","94214","10000",1,0,0,0,0
"T2115XD","V5889","10000",1,0,0,0,0
"T2115XS","9068","10000",1,0,0,0,0
"T2116XA","94215","10000",1,0,0,0,0
"T2116XD","V5889","10000",1,0,0,0,0
"T2116XS","9068","10000",1,0,0,0,0
"T2117XA","94215","10000",1,0,0,0,0
"T2117XD","V5889","10000",1,0,0,0,0
"T2117XS","9068","10000",1,0,0,0,0
"T2119XA","94219","10000",1,0,0,0,0
"T2119XD","V5889","10000",1,0,0,0,0
"T2119XS","9068","10000",1,0,0,0,0
"T2120XA","94220","10000",1,0,0,0,0
"T2120XD","V5889","10000",1,0,0,0,0
"T2120XS","9068","10000",1,0,0,0,0
"T2121XA","94221","10000",1,0,0,0,0
"T2121XA","94222","10000",1,0,0,0,0
"T2121XD","V5889","10000",1,0,0,0,0
"T2121XS","9068","10000",1,0,0,0,0
"T2122XA","94223","10000",1,0,0,0,0
"T2122XD","V5889","10000",1,0,0,0,0
"T2122XS","9068","10000",1,0,0,0,0
"T2123XA","94224","10000",1,0,0,0,0
"T2123XD","V5889","10000",1,0,0,0,0
"T2123XS","9068","10000",1,0,0,0,0
"T2124XA","94224","10000",1,0,0,0,0
"T2124XD","V5889","10000",1,0,0,0,0
"T2124XS","9068","10000",1,0,0,0,0
"T2125XA","94224","10000",1,0,0,0,0
"T2125XD","V5889","10000",1,0,0,0,0
"T2125XS","9068","10000",1,0,0,0,0
"T2126XA","94225","10000",1,0,0,0,0
"T2126XD","V5889","10000",1,0,0,0,0
"T2126XS","9068","10000",1,0,0,0,0
"T2127XA","94225","10000",1,0,0,0,0
"T2127XD","V5889","10000",1,0,0,0,0
"T2127XS","9068","10000",1,0,0,0,0
"T2129XA","94229","10000",1,0,0,0,0
"T2129XD","V5889","10000",1,0,0,0,0
"T2129XS","9068","10000",1,0,0,0,0
"T2130XA","94230","10000",1,0,0,0,0
"T2130XA","94240","10000",1,0,0,0,0
"T2130XD","V5889","10000",1,0,0,0,0
"T2130XS","9068","10000",1,0,0,0,0
"T2131XA","94231","10000",1,0,0,0,0
"T2131XA","94232","10000",1,0,0,0,0
"T2131XA","94241","10000",1,0,0,0,0
"T2131XA","94242","10000",1,0,0,0,0
"T2131XD","V5889","10000",1,0,0,0,0
"T2131XS","9068","10000",1,0,0,0,0
"T2132XA","94233","10000",1,0,0,0,0
"T2132XA","94243","10000",1,0,0,0,0
"T2132XD","V5889","10000",1,0,0,0,0
"T2132XS","9068","10000",1,0,0,0,0
"T2133XA","94234","10000",1,0,0,0,0
"T2133XA","94244","10000",1,0,0,0,0
"T2133XD","V5889","10000",1,0,0,0,0
"T2133XS","9068","10000",1,0,0,0,0
"T2134XA","94234","10000",1,0,0,0,0
"T2134XA","94244","10000",1,0,0,0,0
"T2134XD","V5889","10000",1,0,0,0,0
"T2134XS","9068","10000",1,0,0,0,0
"T2135XA","94234","10000",1,0,0,0,0
"T2135XA","94244","10000",1,0,0,0,0
"T2135XD","V5889","10000",1,0,0,0,0
"T2135XS","9068","10000",1,0,0,0,0
"T2136XA","94235","10000",1,0,0,0,0
"T2136XA","94245","10000",1,0,0,0,0
"T2136XA","94255","10000",1,0,0,0,0
"T2136XD","V5889","10000",1,0,0,0,0
"T2136XS","9068","10000",1,0,0,0,0
"T2137XA","94235","10000",1,0,0,0,0
"T2137XA","94245","10000",1,0,0,0,0
"T2137XA","94255","10000",1,0,0,0,0
"T2137XD","V5889","10000",1,0,0,0,0
"T2137XS","9068","10000",1,0,0,0,0
"T2139XA","94239","10000",1,0,0,0,0
"T2139XA","94249","10000",1,0,0,0,0
"T2139XD","V5889","10000",1,0,0,0,0
"T2139XS","9068","10000",1,0,0,0,0
"T2140XA","94200","10000",1,0,0,0,0
"T2140XD","V5889","10000",1,0,0,0,0
"T2140XS","9068","10000",1,0,0,0,0
"T2141XA","94201","10000",1,0,0,0,0
"T2141XD","V5889","10000",1,0,0,0,0
"T2141XS","9068","10000",1,0,0,0,0
"T2142XA","94203","10000",1,0,0,0,0
"T2142XD","V5889","10000",1,0,0,0,0
"T2142XS","9068","10000",1,0,0,0,0
"T2143XA","94204","10000",1,0,0,0,0
"T2143XD","V5889","10000",1,0,0,0,0
"T2143XS","9068","10000",1,0,0,0,0
"T2144XA","94204","10000",1,0,0,0,0
"T2144XD","V5889","10000",1,0,0,0,0
"T2144XS","9068","10000",1,0,0,0,0
"T2145XA","94204","10000",1,0,0,0,0
"T2145XD","V5889","10000",1,0,0,0,0
"T2145XS","9068","10000",1,0,0,0,0
"T2146XA","94205","10000",1,0,0,0,0
"T2146XD","V5889","10000",1,0,0,0,0
"T2146XS","9068","10000",1,0,0,0,0
"T2147XA","94205","10000",1,0,0,0,0
"T2147XD","V5889","10000",1,0,0,0,0
"T2147XS","9068","10000",1,0,0,0,0
"T2149XA","94209","10000",1,0,0,0,0
"T2149XD","V5889","10000",1,0,0,0,0
"T2149XS","9068","10000",1,0,0,0,0
"T2150XA","94210","10000",1,0,0,0,0
"T2150XD","V5889","10000",1,0,0,0,0
"T2150XS","9068","10000",1,0,0,0,0
"T2151XA","94211","10000",1,0,0,0,0
"T2151XA","94212","10000",1,0,0,0,0
"T2151XD","V5889","10000",1,0,0,0,0
"T2151XS","9068","10000",1,0,0,0,0
"T2152XA","94213","10000",1,0,0,0,0
"T2152XD","V5889","10000",1,0,0,0,0
"T2152XS","9068","10000",1,0,0,0,0
"T2153XA","94214","10000",1,0,0,0,0
"T2153XD","V5889","10000",1,0,0,0,0
"T2153XS","9068","10000",1,0,0,0,0
"T2154XA","94214","10000",1,0,0,0,0
"T2154XD","V5889","10000",1,0,0,0,0
"T2154XS","9068","10000",1,0,0,0,0
"T2155XA","94214","10000",1,0,0,0,0
"T2155XD","V5889","10000",1,0,0,0,0
"T2155XS","9068","10000",1,0,0,0,0
"T2156XA","94215","10000",1,0,0,0,0
"T2156XD","V5889","10000",1,0,0,0,0
"T2156XS","9068","10000",1,0,0,0,0
"T2157XA","94215","10000",1,0,0,0,0
"T2157XD","V5889","10000",1,0,0,0,0
"T2157XS","9068","10000",1,0,0,0,0
"T2159XA","94219","10000",1,0,0,0,0
"T2159XD","V5889","10000",1,0,0,0,0
"T2159XS","9068","10000",1,0,0,0,0
"T2160XA","94220","10000",1,0,0,0,0
"T2160XD","V5889","10000",1,0,0,0,0
"T2160XS","9068","10000",1,0,0,0,0
"T2161XA","94221","10000",1,0,0,0,0
"T2161XA","94222","10000",1,0,0,0,0
"T2161XD","V5889","10000",1,0,0,0,0
"T2161XS","9068","10000",1,0,0,0,0
"T2162XA","94223","10000",1,0,0,0,0
"T2162XD","V5889","10000",1,0,0,0,0
"T2162XS","9068","10000",1,0,0,0,0
"T2163XA","94224","10000",1,0,0,0,0
"T2163XD","V5889","10000",1,0,0,0,0
"T2163XS","9068","10000",1,0,0,0,0
"T2164XA","94224","10000",1,0,0,0,0
"T2164XD","V5889","10000",1,0,0,0,0
"T2164XS","9068","10000",1,0,0,0,0
"T2165XA","94224","10000",1,0,0,0,0
"T2165XD","V5889","10000",1,0,0,0,0
"T2165XS","9068","10000",1,0,0,0,0
"T2166XA","94225","10000",1,0,0,0,0
"T2166XD","V5889","10000",1,0,0,0,0
"T2166XS","9068","10000",1,0,0,0,0
"T2167XA","94225","10000",1,0,0,0,0
"T2167XD","V5889","10000",1,0,0,0,0
"T2167XS","9068","10000",1,0,0,0,0
"T2169XA","94229","10000",1,0,0,0,0
"T2169XD","V5889","10000",1,0,0,0,0
"T2169XS","9068","10000",1,0,0,0,0
"T2170XA","94230","10000",1,0,0,0,0
"T2170XA","94240","10000",1,0,0,0,0
"T2170XA","94250","10000",1,0,0,0,0
"T2170XD","V5889","10000",1,0,0,0,0
"T2170XS","9068","10000",1,0,0,0,0
"T2171XA","94231","10000",1,0,0,0,0
"T2171XA","94232","10000",1,0,0,0,0
"T2171XA","94241","10000",1,0,0,0,0
"T2171XA","94242","10000",1,0,0,0,0
"T2171XA","94251","10000",1,0,0,0,0
"T2171XA","94252","10000",1,0,0,0,0
"T2171XD","V5889","10000",1,0,0,0,0
"T2171XS","9068","10000",1,0,0,0,0
"T2172XA","94233","10000",1,0,0,0,0
"T2172XA","94243","10000",1,0,0,0,0
"T2172XA","94253","10000",1,0,0,0,0
"T2172XD","V5889","10000",1,0,0,0,0
"T2172XS","9068","10000",1,0,0,0,0
"T2173XA","94234","10000",1,0,0,0,0
"T2173XA","94244","10000",1,0,0,0,0
"T2173XA","94254","10000",1,0,0,0,0
"T2173XD","V5889","10000",1,0,0,0,0
"T2173XS","9068","10000",1,0,0,0,0
"T2174XA","94234","10000",1,0,0,0,0
"T2174XA","94244","10000",1,0,0,0,0
"T2174XD","V5889","10000",1,0,0,0,0
"T2174XS","9068","10000",1,0,0,0,0
"T2175XA","94234","10000",1,0,0,0,0
"T2175XA","94244","10000",1,0,0,0,0
"T2175XD","V5889","10000",1,0,0,0,0
"T2175XS","9068","10000",1,0,0,0,0
"T2176XA","94235","10000",1,0,0,0,0
"T2176XA","94245","10000",1,0,0,0,0
"T2176XA","94255","10000",1,0,0,0,0
"T2176XD","V5889","10000",1,0,0,0,0
"T2176XS","9068","10000",1,0,0,0,0
"T2177XA","94235","10000",1,0,0,0,0
"T2177XA","94245","10000",1,0,0,0,0
"T2177XA","94255","10000",1,0,0,0,0
"T2177XD","V5889","10000",1,0,0,0,0
"T2177XS","9068","10000",1,0,0,0,0
"T2179XA","94239","10000",1,0,0,0,0
"T2179XA","94249","10000",1,0,0,0,0
"T2179XA","94259","10000",1,0,0,0,0
"T2179XD","V5889","10000",1,0,0,0,0
"T2179XS","9068","10000",1,0,0,0,0
"T2200XA","94300","10000",1,0,0,0,0
"T2200XD","V5889","10000",1,0,0,0,0
"T2200XS","9067","10000",1,0,0,0,0
"T22011A","94301","10000",1,0,0,0,0
"T22011D","V5889","10000",1,0,0,0,0
"T22011S","9067","10000",1,0,0,0,0
"T22012A","94301","10000",1,0,0,0,0
"T22012D","V5889","10000",1,0,0,0,0
"T22012S","9067","10000",1,0,0,0,0
"T22019A","94301","10000",1,0,0,0,0
"T22019D","V5889","10000",1,0,0,0,0
"T22019S","9067","10000",1,0,0,0,0
"T22021A","94302","10000",1,0,0,0,0
"T22021D","V5889","10000",1,0,0,0,0
"T22021S","9067","10000",1,0,0,0,0
"T22022A","94302","10000",1,0,0,0,0
"T22022D","V5889","10000",1,0,0,0,0
"T22022S","9067","10000",1,0,0,0,0
"T22029A","94302","10000",1,0,0,0,0
"T22029D","V5889","10000",1,0,0,0,0
"T22029S","9067","10000",1,0,0,0,0
"T22031A","94303","10000",1,0,0,0,0
"T22031D","V5889","10000",1,0,0,0,0
"T22031S","9067","10000",1,0,0,0,0
"T22032A","94303","10000",1,0,0,0,0
"T22032D","V5889","10000",1,0,0,0,0
"T22032S","9067","10000",1,0,0,0,0
"T22039A","94303","10000",1,0,0,0,0
"T22039D","V5889","10000",1,0,0,0,0
"T22039S","9067","10000",1,0,0,0,0
"T22041A","94304","10000",1,0,0,0,0
"T22041D","V5889","10000",1,0,0,0,0
"T22041S","9067","10000",1,0,0,0,0
"T22042A","94304","10000",1,0,0,0,0
"T22042D","V5889","10000",1,0,0,0,0
"T22042S","9067","10000",1,0,0,0,0
"T22049A","94304","10000",1,0,0,0,0
"T22049D","V5889","10000",1,0,0,0,0
"T22049S","9067","10000",1,0,0,0,0
"T22051A","94305","10000",1,0,0,0,0
"T22051D","V5889","10000",1,0,0,0,0
"T22051S","9067","10000",1,0,0,0,0
"T22052A","94305","10000",1,0,0,0,0
"T22052D","V5889","10000",1,0,0,0,0
"T22052S","9067","10000",1,0,0,0,0
"T22059A","94305","10000",1,0,0,0,0
"T22059D","V5889","10000",1,0,0,0,0
"T22059S","9067","10000",1,0,0,0,0
"T22061A","94306","10000",1,0,0,0,0
"T22061D","V5889","10000",1,0,0,0,0
"T22061S","9067","10000",1,0,0,0,0
"T22062A","94306","10000",1,0,0,0,0
"T22062D","V5889","10000",1,0,0,0,0
"T22062S","9067","10000",1,0,0,0,0
"T22069A","94306","10000",1,0,0,0,0
"T22069D","V5889","10000",1,0,0,0,0
"T22069S","9067","10000",1,0,0,0,0
"T22091A","94309","10000",1,0,0,0,0
"T22091D","V5889","10000",1,0,0,0,0
"T22091S","9067","10000",1,0,0,0,0
"T22092A","94309","10000",1,0,0,0,0
"T22092D","V5889","10000",1,0,0,0,0
"T22092S","9067","10000",1,0,0,0,0
"T22099A","94309","10000",1,0,0,0,0
"T22099D","V5889","10000",1,0,0,0,0
"T22099S","9067","10000",1,0,0,0,0
"T2210XA","94310","10000",1,0,0,0,0
"T2210XD","V5889","10000",1,0,0,0,0
"T2210XS","9067","10000",1,0,0,0,0
"T22111A","94311","10000",1,0,0,0,0
"T22111D","V5889","10000",1,0,0,0,0
"T22111S","9067","10000",1,0,0,0,0
"T22112A","94311","10000",1,0,0,0,0
"T22112D","V5889","10000",1,0,0,0,0
"T22112S","9067","10000",1,0,0,0,0
"T22119A","94311","10000",1,0,0,0,0
"T22119D","V5889","10000",1,0,0,0,0
"T22119S","9067","10000",1,0,0,0,0
"T22121A","94312","10000",1,0,0,0,0
"T22121D","V5889","10000",1,0,0,0,0
"T22121S","9067","10000",1,0,0,0,0
"T22122A","94312","10000",1,0,0,0,0
"T22122D","V5889","10000",1,0,0,0,0
"T22122S","9067","10000",1,0,0,0,0
"T22129A","94312","10000",1,0,0,0,0
"T22129D","V5889","10000",1,0,0,0,0
"T22129S","9067","10000",1,0,0,0,0
"T22131A","94313","10000",1,0,0,0,0
"T22131D","V5889","10000",1,0,0,0,0
"T22131S","9067","10000",1,0,0,0,0
"T22132A","94313","10000",1,0,0,0,0
"T22132D","V5889","10000",1,0,0,0,0
"T22132S","9067","10000",1,0,0,0,0
"T22139A","94313","10000",1,0,0,0,0
"T22139D","V5889","10000",1,0,0,0,0
"T22139S","9067","10000",1,0,0,0,0
"T22141A","94314","10000",1,0,0,0,0
"T22141D","V5889","10000",1,0,0,0,0
"T22141S","9067","10000",1,0,0,0,0
"T22142A","94314","10000",1,0,0,0,0
"T22142D","V5889","10000",1,0,0,0,0
"T22142S","9067","10000",1,0,0,0,0
"T22149A","94314","10000",1,0,0,0,0
"T22149D","V5889","10000",1,0,0,0,0
"T22149S","9067","10000",1,0,0,0,0
"T22151A","94315","10000",1,0,0,0,0
"T22151D","V5889","10000",1,0,0,0,0
"T22151S","9067","10000",1,0,0,0,0
"T22152A","94315","10000",1,0,0,0,0
"T22152D","V5889","10000",1,0,0,0,0
"T22152S","9067","10000",1,0,0,0,0
"T22159A","94315","10000",1,0,0,0,0
"T22159D","V5889","10000",1,0,0,0,0
"T22159S","9067","10000",1,0,0,0,0
"T22161A","94316","10000",1,0,0,0,0
"T22161D","V5889","10000",1,0,0,0,0
"T22161S","9067","10000",1,0,0,0,0
"T22162A","94316","10000",1,0,0,0,0
"T22162D","V5889","10000",1,0,0,0,0
"T22162S","9067","10000",1,0,0,0,0
"T22169A","94316","10000",1,0,0,0,0
"T22169D","V5889","10000",1,0,0,0,0
"T22169S","9067","10000",1,0,0,0,0
"T22191A","94319","10000",1,0,0,0,0
"T22191D","V5889","10000",1,0,0,0,0
"T22191S","9067","10000",1,0,0,0,0
"T22192A","94319","10000",1,0,0,0,0
"T22192D","V5889","10000",1,0,0,0,0
"T22192S","9067","10000",1,0,0,0,0
"T22199A","94319","10000",1,0,0,0,0
"T22199D","V5889","10000",1,0,0,0,0
"T22199S","9067","10000",1,0,0,0,0
"T2220XA","94320","10000",1,0,0,0,0
"T2220XD","V5889","10000",1,0,0,0,0
"T2220XS","9067","10000",1,0,0,0,0
"T22211A","94321","10000",1,0,0,0,0
"T22211D","V5889","10000",1,0,0,0,0
"T22211S","9067","10000",1,0,0,0,0
"T22212A","94321","10000",1,0,0,0,0
"T22212D","V5889","10000",1,0,0,0,0
"T22212S","9067","10000",1,0,0,0,0
"T22219A","94321","10000",1,0,0,0,0
"T22219D","V5889","10000",1,0,0,0,0
"T22219S","9067","10000",1,0,0,0,0
"T22221A","94322","10000",1,0,0,0,0
"T22221D","V5889","10000",1,0,0,0,0
"T22221S","9067","10000",1,0,0,0,0
"T22222A","94322","10000",1,0,0,0,0
"T22222D","V5889","10000",1,0,0,0,0
"T22222S","9067","10000",1,0,0,0,0
"T22229A","94322","10000",1,0,0,0,0
"T22229D","V5889","10000",1,0,0,0,0
"T22229S","9067","10000",1,0,0,0,0
"T22231A","94323","10000",1,0,0,0,0
"T22231D","V5889","10000",1,0,0,0,0
"T22231S","9067","10000",1,0,0,0,0
"T22232A","94323","10000",1,0,0,0,0
"T22232D","V5889","10000",1,0,0,0,0
"T22232S","9067","10000",1,0,0,0,0
"T22239A","94323","10000",1,0,0,0,0
"T22239D","V5889","10000",1,0,0,0,0
"T22239S","9067","10000",1,0,0,0,0
"T22241A","94324","10000",1,0,0,0,0
"T22241D","V5889","10000",1,0,0,0,0
"T22241S","9067","10000",1,0,0,0,0
"T22242A","94324","10000",1,0,0,0,0
"T22242D","V5889","10000",1,0,0,0,0
"T22242S","9067","10000",1,0,0,0,0
"T22249A","94324","10000",1,0,0,0,0
"T22249D","V5889","10000",1,0,0,0,0
"T22249S","9067","10000",1,0,0,0,0
"T22251A","94325","10000",1,0,0,0,0
"T22251D","V5889","10000",1,0,0,0,0
"T22251S","9067","10000",1,0,0,0,0
"T22252A","94325","10000",1,0,0,0,0
"T22252D","V5889","10000",1,0,0,0,0
"T22252S","9067","10000",1,0,0,0,0
"T22259A","94325","10000",1,0,0,0,0
"T22259D","V5889","10000",1,0,0,0,0
"T22259S","9067","10000",1,0,0,0,0
"T22261A","94326","10000",1,0,0,0,0
"T22261D","V5889","10000",1,0,0,0,0
"T22261S","9067","10000",1,0,0,0,0
"T22262A","94326","10000",1,0,0,0,0
"T22262D","V5889","10000",1,0,0,0,0
"T22262S","9067","10000",1,0,0,0,0
"T22269A","94326","10000",1,0,0,0,0
"T22269D","V5889","10000",1,0,0,0,0
"T22269S","9067","10000",1,0,0,0,0
"T22291A","94329","10000",1,0,0,0,0
"T22291D","V5889","10000",1,0,0,0,0
"T22291S","9067","10000",1,0,0,0,0
"T22292A","94329","10000",1,0,0,0,0
"T22292D","V5889","10000",1,0,0,0,0
"T22292S","9067","10000",1,0,0,0,0
"T22299A","94329","10000",1,0,0,0,0
"T22299D","V5889","10000",1,0,0,0,0
"T22299S","9067","10000",1,0,0,0,0
"T2230XA","94330","10000",1,0,0,0,0
"T2230XA","94340","10000",1,0,0,0,0
"T2230XD","V5889","10000",1,0,0,0,0
"T2230XS","9067","10000",1,0,0,0,0
"T22311A","94331","10000",1,0,0,0,0
"T22311A","94341","10000",1,0,0,0,0
"T22311A","94351","10000",1,0,0,0,0
"T22311D","V5889","10000",1,0,0,0,0
"T22311S","9067","10000",1,0,0,0,0
"T22312A","94331","10000",1,0,0,0,0
"T22312A","94341","10000",1,0,0,0,0
"T22312A","94351","10000",1,0,0,0,0
"T22312D","V5889","10000",1,0,0,0,0
"T22312S","9067","10000",1,0,0,0,0
"T22319A","94331","10000",1,0,0,0,0
"T22319A","94341","10000",1,0,0,0,0
"T22319D","V5889","10000",1,0,0,0,0
"T22319S","9067","10000",1,0,0,0,0
"T22321A","94332","10000",1,0,0,0,0
"T22321A","94342","10000",1,0,0,0,0
"T22321A","94352","10000",1,0,0,0,0
"T22321D","V5889","10000",1,0,0,0,0
"T22321S","9067","10000",1,0,0,0,0
"T22322A","94332","10000",1,0,0,0,0
"T22322A","94342","10000",1,0,0,0,0
"T22322A","94352","10000",1,0,0,0,0
"T22322D","V5889","10000",1,0,0,0,0
"T22322S","9067","10000",1,0,0,0,0
"T22329A","94332","10000",1,0,0,0,0
"T22329A","94342","10000",1,0,0,0,0
"T22329D","V5889","10000",1,0,0,0,0
"T22329S","9067","10000",1,0,0,0,0
"T22331A","94333","10000",1,0,0,0,0
"T22331A","94343","10000",1,0,0,0,0
"T22331A","94353","10000",1,0,0,0,0
"T22331D","V5889","10000",1,0,0,0,0
"T22331S","9067","10000",1,0,0,0,0
"T22332A","94333","10000",1,0,0,0,0
"T22332A","94343","10000",1,0,0,0,0
"T22332A","94353","10000",1,0,0,0,0
"T22332D","V5889","10000",1,0,0,0,0
"T22332S","9067","10000",1,0,0,0,0
"T22339A","94333","10000",1,0,0,0,0
"T22339A","94343","10000",1,0,0,0,0
"T22339D","V5889","10000",1,0,0,0,0
"T22339S","9067","10000",1,0,0,0,0
"T22341A","94334","10000",1,0,0,0,0
"T22341A","94344","10000",1,0,0,0,0
"T22341A","94354","10000",1,0,0,0,0
"T22341D","V5889","10000",1,0,0,0,0
"T22341S","9067","10000",1,0,0,0,0
"T22342A","94334","10000",1,0,0,0,0
"T22342A","94344","10000",1,0,0,0,0
"T22342A","94354","10000",1,0,0,0,0
"T22342D","V5889","10000",1,0,0,0,0
"T22342S","9067","10000",1,0,0,0,0
"T22349A","94334","10000",1,0,0,0,0
"T22349A","94344","10000",1,0,0,0,0
"T22349D","V5889","10000",1,0,0,0,0
"T22349S","9067","10000",1,0,0,0,0
"T22351A","94335","10000",1,0,0,0,0
"T22351A","94345","10000",1,0,0,0,0
"T22351A","94355","10000",1,0,0,0,0
"T22351D","V5889","10000",1,0,0,0,0
"T22351S","9067","10000",1,0,0,0,0
"T22352A","94335","10000",1,0,0,0,0
"T22352A","94345","10000",1,0,0,0,0
"T22352A","94355","10000",1,0,0,0,0
"T22352D","V5889","10000",1,0,0,0,0
"T22352S","9067","10000",1,0,0,0,0
"T22359A","94335","10000",1,0,0,0,0
"T22359A","94345","10000",1,0,0,0,0
"T22359D","V5889","10000",1,0,0,0,0
"T22359S","9067","10000",1,0,0,0,0
"T22361A","94336","10000",1,0,0,0,0
"T22361A","94346","10000",1,0,0,0,0
"T22361A","94356","10000",1,0,0,0,0
"T22361D","V5889","10000",1,0,0,0,0
"T22361S","9067","10000",1,0,0,0,0
"T22362A","94336","10000",1,0,0,0,0
"T22362A","94346","10000",1,0,0,0,0
"T22362A","94356","10000",1,0,0,0,0
"T22362D","V5889","10000",1,0,0,0,0
"T22362S","9067","10000",1,0,0,0,0
"T22369A","94336","10000",1,0,0,0,0
"T22369A","94346","10000",1,0,0,0,0
"T22369D","V5889","10000",1,0,0,0,0
"T22369S","9067","10000",1,0,0,0,0
"T22391A","94339","10000",1,0,0,0,0
"T22391A","94349","10000",1,0,0,0,0
"T22391A","94359","10000",1,0,0,0,0
"T22391D","V5889","10000",1,0,0,0,0
"T22391S","9067","10000",1,0,0,0,0
"T22392A","94339","10000",1,0,0,0,0
"T22392A","94349","10000",1,0,0,0,0
"T22392A","94359","10000",1,0,0,0,0
"T22392D","V5889","10000",1,0,0,0,0
"T22392S","9067","10000",1,0,0,0,0
"T22399A","94339","10000",1,0,0,0,0
"T22399A","94349","10000",1,0,0,0,0
"T22399D","V5889","10000",1,0,0,0,0
"T22399S","9067","10000",1,0,0,0,0
"T2240XA","94300","10000",1,0,0,0,0
"T2240XD","V5889","10000",1,0,0,0,0
"T2240XS","9067","10000",1,0,0,0,0
"T22411A","94301","10000",1,0,0,0,0
"T22411D","V5889","10000",1,0,0,0,0
"T22411S","9067","10000",1,0,0,0,0
"T22412A","94301","10000",1,0,0,0,0
"T22412D","V5889","10000",1,0,0,0,0
"T22412S","9067","10000",1,0,0,0,0
"T22419A","94301","10000",1,0,0,0,0
"T22419D","V5889","10000",1,0,0,0,0
"T22419S","9067","10000",1,0,0,0,0
"T22421A","94302","10000",1,0,0,0,0
"T22421D","V5889","10000",1,0,0,0,0
"T22421S","9067","10000",1,0,0,0,0
"T22422A","94302","10000",1,0,0,0,0
"T22422D","V5889","10000",1,0,0,0,0
"T22422S","9067","10000",1,0,0,0,0
"T22429A","94302","10000",1,0,0,0,0
"T22429D","V5889","10000",1,0,0,0,0
"T22429S","9067","10000",1,0,0,0,0
"T22431A","94303","10000",1,0,0,0,0
"T22431D","V5889","10000",1,0,0,0,0
"T22431S","9067","10000",1,0,0,0,0
"T22432A","94303","10000",1,0,0,0,0
"T22432D","V5889","10000",1,0,0,0,0
"T22432S","9067","10000",1,0,0,0,0
"T22439A","94303","10000",1,0,0,0,0
"T22439D","V5889","10000",1,0,0,0,0
"T22439S","9067","10000",1,0,0,0,0
"T22441A","94304","10000",1,0,0,0,0
"T22441D","V5889","10000",1,0,0,0,0
"T22441S","9067","10000",1,0,0,0,0
"T22442A","94304","10000",1,0,0,0,0
"T22442D","V5889","10000",1,0,0,0,0
"T22442S","9067","10000",1,0,0,0,0
"T22449A","94304","10000",1,0,0,0,0
"T22449D","V5889","10000",1,0,0,0,0
"T22449S","9067","10000",1,0,0,0,0
"T22451A","94305","10000",1,0,0,0,0
"T22451D","V5889","10000",1,0,0,0,0
"T22451S","9067","10000",1,0,0,0,0
"T22452A","94305","10000",1,0,0,0,0
"T22452D","V5889","10000",1,0,0,0,0
"T22452S","9067","10000",1,0,0,0,0
"T22459A","94305","10000",1,0,0,0,0
"T22459D","V5889","10000",1,0,0,0,0
"T22459S","9067","10000",1,0,0,0,0
"T22461A","94306","10000",1,0,0,0,0
"T22461D","V5889","10000",1,0,0,0,0
"T22461S","9067","10000",1,0,0,0,0
"T22462A","94306","10000",1,0,0,0,0
"T22462D","V5889","10000",1,0,0,0,0
"T22462S","9067","10000",1,0,0,0,0
"T22469A","94306","10000",1,0,0,0,0
"T22469D","V5889","10000",1,0,0,0,0
"T22469S","9067","10000",1,0,0,0,0
"T22491A","94309","10000",1,0,0,0,0
"T22491D","V5889","10000",1,0,0,0,0
"T22491S","9067","10000",1,0,0,0,0
"T22492A","94309","10000",1,0,0,0,0
"T22492D","V5889","10000",1,0,0,0,0
"T22492S","9067","10000",1,0,0,0,0
"T22499A","94309","10000",1,0,0,0,0
"T22499D","V5889","10000",1,0,0,0,0
"T22499S","9067","10000",1,0,0,0,0
"T2250XA","94310","10000",1,0,0,0,0
"T2250XD","V5889","10000",1,0,0,0,0
"T2250XS","9067","10000",1,0,0,0,0
"T22511A","94311","10000",1,0,0,0,0
"T22511D","V5889","10000",1,0,0,0,0
"T22511S","9067","10000",1,0,0,0,0
"T22512A","94311","10000",1,0,0,0,0
"T22512D","V5889","10000",1,0,0,0,0
"T22512S","9067","10000",1,0,0,0,0
"T22519A","94311","10000",1,0,0,0,0
"T22519D","V5889","10000",1,0,0,0,0
"T22519S","9067","10000",1,0,0,0,0
"T22521A","94312","10000",1,0,0,0,0
"T22521D","V5889","10000",1,0,0,0,0
"T22521S","9067","10000",1,0,0,0,0
"T22522A","94312","10000",1,0,0,0,0
"T22522D","V5889","10000",1,0,0,0,0
"T22522S","9067","10000",1,0,0,0,0
"T22529A","94312","10000",1,0,0,0,0
"T22529D","V5889","10000",1,0,0,0,0
"T22529S","9067","10000",1,0,0,0,0
"T22531A","94313","10000",1,0,0,0,0
"T22531D","V5889","10000",1,0,0,0,0
"T22531S","9067","10000",1,0,0,0,0
"T22532A","94313","10000",1,0,0,0,0
"T22532D","V5889","10000",1,0,0,0,0
"T22532S","9067","10000",1,0,0,0,0
"T22539A","94313","10000",1,0,0,0,0
"T22539D","V5889","10000",1,0,0,0,0
"T22539S","9067","10000",1,0,0,0,0
"T22541A","94314","10000",1,0,0,0,0
"T22541D","V5889","10000",1,0,0,0,0
"T22541S","9067","10000",1,0,0,0,0
"T22542A","94314","10000",1,0,0,0,0
"T22542D","V5889","10000",1,0,0,0,0
"T22542S","9067","10000",1,0,0,0,0
"T22549A","94314","10000",1,0,0,0,0
"T22549D","V5889","10000",1,0,0,0,0
"T22549S","9067","10000",1,0,0,0,0
"T22551A","94315","10000",1,0,0,0,0
"T22551D","V5889","10000",1,0,0,0,0
"T22551S","9067","10000",1,0,0,0,0
"T22552A","94315","10000",1,0,0,0,0
"T22552D","V5889","10000",1,0,0,0,0
"T22552S","9067","10000",1,0,0,0,0
"T22559A","94315","10000",1,0,0,0,0
"T22559D","V5889","10000",1,0,0,0,0
"T22559S","9067","10000",1,0,0,0,0
"T22561A","94316","10000",1,0,0,0,0
"T22561D","V5889","10000",1,0,0,0,0
"T22561S","9067","10000",1,0,0,0,0
"T22562A","94316","10000",1,0,0,0,0
"T22562D","V5889","10000",1,0,0,0,0
"T22562S","9067","10000",1,0,0,0,0
"T22569A","94316","10000",1,0,0,0,0
"T22569D","V5889","10000",1,0,0,0,0
"T22569S","9067","10000",1,0,0,0,0
"T22591A","94319","10000",1,0,0,0,0
"T22591D","V5889","10000",1,0,0,0,0
"T22591S","9067","10000",1,0,0,0,0
"T22592A","94319","10000",1,0,0,0,0
"T22592D","V5889","10000",1,0,0,0,0
"T22592S","9067","10000",1,0,0,0,0
"T22599A","94319","10000",1,0,0,0,0
"T22599D","V5889","10000",1,0,0,0,0
"T22599S","9067","10000",1,0,0,0,0
"T2260XA","94320","10000",1,0,0,0,0
"T2260XD","V5889","10000",1,0,0,0,0
"T2260XS","9067","10000",1,0,0,0,0
"T22611A","94321","10000",1,0,0,0,0
"T22611D","V5889","10000",1,0,0,0,0
"T22611S","9067","10000",1,0,0,0,0
"T22612A","94321","10000",1,0,0,0,0
"T22612D","V5889","10000",1,0,0,0,0
"T22612S","9067","10000",1,0,0,0,0
"T22619A","94321","10000",1,0,0,0,0
"T22619D","V5889","10000",1,0,0,0,0
"T22619S","9067","10000",1,0,0,0,0
"T22621A","94322","10000",1,0,0,0,0
"T22621D","V5889","10000",1,0,0,0,0
"T22621S","9067","10000",1,0,0,0,0
"T22622A","94322","10000",1,0,0,0,0
"T22622D","V5889","10000",1,0,0,0,0
"T22622S","9067","10000",1,0,0,0,0
"T22629A","94322","10000",1,0,0,0,0
"T22629D","V5889","10000",1,0,0,0,0
"T22629S","9067","10000",1,0,0,0,0
"T22631A","94323","10000",1,0,0,0,0
"T22631D","V5889","10000",1,0,0,0,0
"T22631S","9067","10000",1,0,0,0,0
"T22632A","94323","10000",1,0,0,0,0
"T22632D","V5889","10000",1,0,0,0,0
"T22632S","9067","10000",1,0,0,0,0
"T22639A","94323","10000",1,0,0,0,0
"T22639D","V5889","10000",1,0,0,0,0
"T22639S","9067","10000",1,0,0,0,0
"T22641A","94324","10000",1,0,0,0,0
"T22641D","V5889","10000",1,0,0,0,0
"T22641S","9067","10000",1,0,0,0,0
"T22642A","94324","10000",1,0,0,0,0
"T22642D","V5889","10000",1,0,0,0,0
"T22642S","9067","10000",1,0,0,0,0
"T22649A","94324","10000",1,0,0,0,0
"T22649D","V5889","10000",1,0,0,0,0
"T22649S","9067","10000",1,0,0,0,0
"T22651A","94325","10000",1,0,0,0,0
"T22651D","V5889","10000",1,0,0,0,0
"T22651S","9067","10000",1,0,0,0,0
"T22652A","94325","10000",1,0,0,0,0
"T22652D","V5889","10000",1,0,0,0,0
"T22652S","9067","10000",1,0,0,0,0
"T22659A","94325","10000",1,0,0,0,0
"T22659D","V5889","10000",1,0,0,0,0
"T22659S","9067","10000",1,0,0,0,0
"T22661A","94326","10000",1,0,0,0,0
"T22661D","V5889","10000",1,0,0,0,0
"T22661S","9067","10000",1,0,0,0,0
"T22662A","94326","10000",1,0,0,0,0
"T22662D","V5889","10000",1,0,0,0,0
"T22662S","9067","10000",1,0,0,0,0
"T22669A","94326","10000",1,0,0,0,0
"T22669D","V5889","10000",1,0,0,0,0
"T22669S","9067","10000",1,0,0,0,0
"T22691A","94329","10000",1,0,0,0,0
"T22691D","V5889","10000",1,0,0,0,0
"T22691S","9067","10000",1,0,0,0,0
"T22692A","94329","10000",1,0,0,0,0
"T22692D","V5889","10000",1,0,0,0,0
"T22692S","9067","10000",1,0,0,0,0
"T22699A","94329","10000",1,0,0,0,0
"T22699D","V5889","10000",1,0,0,0,0
"T22699S","9067","10000",1,0,0,0,0
"T2270XA","94330","10000",1,0,0,0,0
"T2270XA","94340","10000",1,0,0,0,0
"T2270XD","V5889","10000",1,0,0,0,0
"T2270XS","9067","10000",1,0,0,0,0
"T22711A","94331","10000",1,0,0,0,0
"T22711A","94341","10000",1,0,0,0,0
"T22711A","94351","10000",1,0,0,0,0
"T22711D","V5889","10000",1,0,0,0,0
"T22711S","9067","10000",1,0,0,0,0
"T22712A","94331","10000",1,0,0,0,0
"T22712A","94341","10000",1,0,0,0,0
"T22712A","94351","10000",1,0,0,0,0
"T22712D","V5889","10000",1,0,0,0,0
"T22712S","9067","10000",1,0,0,0,0
"T22719A","94331","10000",1,0,0,0,0
"T22719A","94341","10000",1,0,0,0,0
"T22719D","V5889","10000",1,0,0,0,0
"T22719S","9067","10000",1,0,0,0,0
"T22721A","94332","10000",1,0,0,0,0
"T22721A","94342","10000",1,0,0,0,0
"T22721A","94352","10000",1,0,0,0,0
"T22721D","V5889","10000",1,0,0,0,0
"T22721S","9067","10000",1,0,0,0,0
"T22722A","94332","10000",1,0,0,0,0
"T22722A","94342","10000",1,0,0,0,0
"T22722A","94352","10000",1,0,0,0,0
"T22722D","V5889","10000",1,0,0,0,0
"T22722S","9067","10000",1,0,0,0,0
"T22729A","94332","10000",1,0,0,0,0
"T22729A","94342","10000",1,0,0,0,0
"T22729D","V5889","10000",1,0,0,0,0
"T22729S","9067","10000",1,0,0,0,0
"T22731A","94333","10000",1,0,0,0,0
"T22731A","94343","10000",1,0,0,0,0
"T22731A","94353","10000",1,0,0,0,0
"T22731D","V5889","10000",1,0,0,0,0
"T22731S","9067","10000",1,0,0,0,0
"T22732A","94333","10000",1,0,0,0,0
"T22732A","94343","10000",1,0,0,0,0
"T22732A","94353","10000",1,0,0,0,0
"T22732D","V5889","10000",1,0,0,0,0
"T22732S","9067","10000",1,0,0,0,0
"T22739A","94333","10000",1,0,0,0,0
"T22739A","94343","10000",1,0,0,0,0
"T22739D","V5889","10000",1,0,0,0,0
"T22739S","9067","10000",1,0,0,0,0
"T22741A","94334","10000",1,0,0,0,0
"T22741A","94344","10000",1,0,0,0,0
"T22741A","94354","10000",1,0,0,0,0
"T22741D","V5889","10000",1,0,0,0,0
"T22741S","9067","10000",1,0,0,0,0
"T22742A","94334","10000",1,0,0,0,0
"T22742A","94344","10000",1,0,0,0,0
"T22742A","94354","10000",1,0,0,0,0
"T22742D","V5889","10000",1,0,0,0,0
"T22742S","9067","10000",1,0,0,0,0
"T22749A","94334","10000",1,0,0,0,0
"T22749A","94344","10000",1,0,0,0,0
"T22749D","V5889","10000",1,0,0,0,0
"T22749S","9067","10000",1,0,0,0,0
"T22751A","94335","10000",1,0,0,0,0
"T22751A","94345","10000",1,0,0,0,0
"T22751A","94355","10000",1,0,0,0,0
"T22751D","V5889","10000",1,0,0,0,0
"T22751S","9067","10000",1,0,0,0,0
"T22752A","94335","10000",1,0,0,0,0
"T22752A","94345","10000",1,0,0,0,0
"T22752A","94355","10000",1,0,0,0,0
"T22752D","V5889","10000",1,0,0,0,0
"T22752S","9067","10000",1,0,0,0,0
"T22759A","94335","10000",1,0,0,0,0
"T22759A","94345","10000",1,0,0,0,0
"T22759D","V5889","10000",1,0,0,0,0
"T22759S","9067","10000",1,0,0,0,0
"T22761A","94336","10000",1,0,0,0,0
"T22761A","94346","10000",1,0,0,0,0
"T22761A","94356","10000",1,0,0,0,0
"T22761D","V5889","10000",1,0,0,0,0
"T22761S","9067","10000",1,0,0,0,0
"T22762A","94336","10000",1,0,0,0,0
"T22762A","94346","10000",1,0,0,0,0
"T22762A","94356","10000",1,0,0,0,0
"T22762D","V5889","10000",1,0,0,0,0
"T22762S","9067","10000",1,0,0,0,0
"T22769A","94336","10000",1,0,0,0,0
"T22769A","94346","10000",1,0,0,0,0
"T22769D","V5889","10000",1,0,0,0,0
"T22769S","9067","10000",1,0,0,0,0
"T22791A","94339","10000",1,0,0,0,0
"T22791A","94349","10000",1,0,0,0,0
"T22791A","94359","10000",1,0,0,0,0
"T22791D","V5889","10000",1,0,0,0,0
"T22791S","9067","10000",1,0,0,0,0
"T22792A","94339","10000",1,0,0,0,0
"T22792A","94349","10000",1,0,0,0,0
"T22792A","94359","10000",1,0,0,0,0
"T22792D","V5889","10000",1,0,0,0,0
"T22792S","9067","10000",1,0,0,0,0
"T22799A","94339","10000",1,0,0,0,0
"T22799A","94349","10000",1,0,0,0,0
"T22799D","V5889","10000",1,0,0,0,0
"T22799S","9067","10000",1,0,0,0,0
"T23001A","94400","10000",1,0,0,0,0
"T23001D","V5889","10000",1,0,0,0,0
"T23001S","9066","10000",1,0,0,0,0
"T23002A","94400","10000",1,0,0,0,0
"T23002D","V5889","10000",1,0,0,0,0
"T23002S","9066","10000",1,0,0,0,0
"T23009A","94400","10000",1,0,0,0,0
"T23009D","V5889","10000",1,0,0,0,0
"T23009S","9066","10000",1,0,0,0,0
"T23011A","94402","10000",1,0,0,0,0
"T23011D","V5889","10000",1,0,0,0,0
"T23011S","9066","10000",1,0,0,0,0
"T23012A","94402","10000",1,0,0,0,0
"T23012D","V5889","10000",1,0,0,0,0
"T23012S","9066","10000",1,0,0,0,0
"T23019A","94402","10000",1,0,0,0,0
"T23019D","V5889","10000",1,0,0,0,0
"T23019S","9066","10000",1,0,0,0,0
"T23021A","94401","10000",1,0,0,0,0
"T23021D","V5889","10000",1,0,0,0,0
"T23021S","9066","10000",1,0,0,0,0
"T23022A","94401","10000",1,0,0,0,0
"T23022D","V5889","10000",1,0,0,0,0
"T23022S","9066","10000",1,0,0,0,0
"T23029A","94401","10000",1,0,0,0,0
"T23029D","V5889","10000",1,0,0,0,0
"T23029S","9066","10000",1,0,0,0,0
"T23031A","94403","10000",1,0,0,0,0
"T23031D","V5889","10000",1,0,0,0,0
"T23031S","9066","10000",1,0,0,0,0
"T23032A","94403","10000",1,0,0,0,0
"T23032D","V5889","10000",1,0,0,0,0
"T23032S","9066","10000",1,0,0,0,0
"T23039A","94403","10000",1,0,0,0,0
"T23039D","V5889","10000",1,0,0,0,0
"T23039S","9066","10000",1,0,0,0,0
"T23041A","94404","10000",1,0,0,0,0
"T23041D","V5889","10000",1,0,0,0,0
"T23041S","9066","10000",1,0,0,0,0
"T23042A","94404","10000",1,0,0,0,0
"T23042D","V5889","10000",1,0,0,0,0
"T23042S","9066","10000",1,0,0,0,0
"T23049A","94404","10000",1,0,0,0,0
"T23049D","V5889","10000",1,0,0,0,0
"T23049S","9066","10000",1,0,0,0,0
"T23051A","94405","10000",1,0,0,0,0
"T23051D","V5889","10000",1,0,0,0,0
"T23051S","9066","10000",1,0,0,0,0
"T23052A","94405","10000",1,0,0,0,0
"T23052D","V5889","10000",1,0,0,0,0
"T23052S","9066","10000",1,0,0,0,0
"T23059A","94405","10000",1,0,0,0,0
"T23059D","V5889","10000",1,0,0,0,0
"T23059S","9066","10000",1,0,0,0,0
"T23061A","94406","10000",1,0,0,0,0
"T23061D","V5889","10000",1,0,0,0,0
"T23061S","9066","10000",1,0,0,0,0
"T23062A","94406","10000",1,0,0,0,0
"T23062D","V5889","10000",1,0,0,0,0
"T23062S","9066","10000",1,0,0,0,0
"T23069A","94406","10000",1,0,0,0,0
"T23069D","V5889","10000",1,0,0,0,0
"T23069S","9066","10000",1,0,0,0,0
"T23071A","94407","10000",1,0,0,0,0
"T23071D","V5889","10000",1,0,0,0,0
"T23071S","9066","10000",1,0,0,0,0
"T23072A","94407","10000",1,0,0,0,0
"T23072D","V5889","10000",1,0,0,0,0
"T23072S","9066","10000",1,0,0,0,0
"T23079A","94407","10000",1,0,0,0,0
"T23079D","V5889","10000",1,0,0,0,0
"T23079S","9066","10000",1,0,0,0,0
"T23091A","94408","10000",1,0,0,0,0
"T23091D","V5889","10000",1,0,0,0,0
"T23091S","9066","10000",1,0,0,0,0
"T23092A","94408","10000",1,0,0,0,0
"T23092D","V5889","10000",1,0,0,0,0
"T23092S","9066","10000",1,0,0,0,0
"T23099A","94408","10000",1,0,0,0,0
"T23099D","V5889","10000",1,0,0,0,0
"T23099S","9066","10000",1,0,0,0,0
"T23101A","94410","10000",1,0,0,0,0
"T23101D","V5889","10000",1,0,0,0,0
"T23101S","9066","10000",1,0,0,0,0
"T23102A","94410","10000",1,0,0,0,0
"T23102D","V5889","10000",1,0,0,0,0
"T23102S","9066","10000",1,0,0,0,0
"T23109A","94410","10000",1,0,0,0,0
"T23109D","V5889","10000",1,0,0,0,0
"T23109S","9066","10000",1,0,0,0,0
"T23111A","94412","10000",1,0,0,0,0
"T23111D","V5889","10000",1,0,0,0,0
"T23111S","9066","10000",1,0,0,0,0
"T23112A","94412","10000",1,0,0,0,0
"T23112D","V5889","10000",1,0,0,0,0
"T23112S","9066","10000",1,0,0,0,0
"T23119A","94412","10000",1,0,0,0,0
"T23119D","V5889","10000",1,0,0,0,0
"T23119S","9066","10000",1,0,0,0,0
"T23121A","94411","10000",1,0,0,0,0
"T23121D","V5889","10000",1,0,0,0,0
"T23121S","9066","10000",1,0,0,0,0
"T23122A","94411","10000",1,0,0,0,0
"T23122D","V5889","10000",1,0,0,0,0
"T23122S","9066","10000",1,0,0,0,0
"T23129A","94411","10000",1,0,0,0,0
"T23129D","V5889","10000",1,0,0,0,0
"T23129S","9066","10000",1,0,0,0,0
"T23131A","94413","10000",1,0,0,0,0
"T23131D","V5889","10000",1,0,0,0,0
"T23131S","9066","10000",1,0,0,0,0
"T23132A","94413","10000",1,0,0,0,0
"T23132D","V5889","10000",1,0,0,0,0
"T23132S","9066","10000",1,0,0,0,0
"T23139A","94413","10000",1,0,0,0,0
"T23139D","V5889","10000",1,0,0,0,0
"T23139S","9066","10000",1,0,0,0,0
"T23141A","94414","10000",1,0,0,0,0
"T23141D","V5889","10000",1,0,0,0,0
"T23141S","9066","10000",1,0,0,0,0
"T23142A","94414","10000",1,0,0,0,0
"T23142D","V5889","10000",1,0,0,0,0
"T23142S","9066","10000",1,0,0,0,0
"T23149A","94414","10000",1,0,0,0,0
"T23149D","V5889","10000",1,0,0,0,0
"T23149S","9066","10000",1,0,0,0,0
"T23151A","94415","10000",1,0,0,0,0
"T23151D","V5889","10000",1,0,0,0,0
"T23151S","9066","10000",1,0,0,0,0
"T23152A","94415","10000",1,0,0,0,0
"T23152D","V5889","10000",1,0,0,0,0
"T23152S","9066","10000",1,0,0,0,0
"T23159A","94415","10000",1,0,0,0,0
"T23159D","V5889","10000",1,0,0,0,0
"T23159S","9066","10000",1,0,0,0,0
"T23161A","94416","10000",1,0,0,0,0
"T23161D","V5889","10000",1,0,0,0,0
"T23161S","9066","10000",1,0,0,0,0
"T23162A","94416","10000",1,0,0,0,0
"T23162D","V5889","10000",1,0,0,0,0
"T23162S","9066","10000",1,0,0,0,0
"T23169A","94416","10000",1,0,0,0,0
"T23169D","V5889","10000",1,0,0,0,0
"T23169S","9066","10000",1,0,0,0,0
"T23171A","94417","10000",1,0,0,0,0
"T23171D","V5889","10000",1,0,0,0,0
"T23171S","9066","10000",1,0,0,0,0
"T23172A","94417","10000",1,0,0,0,0
"T23172D","V5889","10000",1,0,0,0,0
"T23172S","9066","10000",1,0,0,0,0
"T23179A","94417","10000",1,0,0,0,0
"T23179D","V5889","10000",1,0,0,0,0
"T23179S","9066","10000",1,0,0,0,0
"T23191A","94418","10000",1,0,0,0,0
"T23191D","V5889","10000",1,0,0,0,0
"T23191S","9066","10000",1,0,0,0,0
"T23192A","94418","10000",1,0,0,0,0
"T23192D","V5889","10000",1,0,0,0,0
"T23192S","9066","10000",1,0,0,0,0
"T23199A","94418","10000",1,0,0,0,0
"T23199D","V5889","10000",1,0,0,0,0
"T23199S","9066","10000",1,0,0,0,0
"T23201A","94420","10000",1,0,0,0,0
"T23201D","V5889","10000",1,0,0,0,0
"T23201S","9066","10000",1,0,0,0,0
"T23202A","94420","10000",1,0,0,0,0
"T23202D","V5889","10000",1,0,0,0,0
"T23202S","9066","10000",1,0,0,0,0
"T23209A","94420","10000",1,0,0,0,0
"T23209D","V5889","10000",1,0,0,0,0
"T23209S","9066","10000",1,0,0,0,0
"T23211A","94422","10000",1,0,0,0,0
"T23211D","V5889","10000",1,0,0,0,0
"T23211S","9066","10000",1,0,0,0,0
"T23212A","94422","10000",1,0,0,0,0
"T23212D","V5889","10000",1,0,0,0,0
"T23212S","9066","10000",1,0,0,0,0
"T23219A","94422","10000",1,0,0,0,0
"T23219D","V5889","10000",1,0,0,0,0
"T23219S","9066","10000",1,0,0,0,0
"T23221A","94421","10000",1,0,0,0,0
"T23221D","V5889","10000",1,0,0,0,0
"T23221S","9066","10000",1,0,0,0,0
"T23222A","94421","10000",1,0,0,0,0
"T23222D","V5889","10000",1,0,0,0,0
"T23222S","9066","10000",1,0,0,0,0
"T23229A","94421","10000",1,0,0,0,0
"T23229D","V5889","10000",1,0,0,0,0
"T23229S","9066","10000",1,0,0,0,0
"T23231A","94423","10000",1,0,0,0,0
"T23231D","V5889","10000",1,0,0,0,0
"T23231S","9066","10000",1,0,0,0,0
"T23232A","94423","10000",1,0,0,0,0
"T23232D","V5889","10000",1,0,0,0,0
"T23232S","9066","10000",1,0,0,0,0
"T23239A","94423","10000",1,0,0,0,0
"T23239D","V5889","10000",1,0,0,0,0
"T23239S","9066","10000",1,0,0,0,0
"T23241A","94424","10000",1,0,0,0,0
"T23241D","V5889","10000",1,0,0,0,0
"T23241S","9066","10000",1,0,0,0,0
"T23242A","94424","10000",1,0,0,0,0
"T23242D","V5889","10000",1,0,0,0,0
"T23242S","9066","10000",1,0,0,0,0
"T23249A","94424","10000",1,0,0,0,0
"T23249D","V5889","10000",1,0,0,0,0
"T23249S","9066","10000",1,0,0,0,0
"T23251A","94425","10000",1,0,0,0,0
"T23251D","V5889","10000",1,0,0,0,0
"T23251S","9066","10000",1,0,0,0,0
"T23252A","94425","10000",1,0,0,0,0
"T23252D","V5889","10000",1,0,0,0,0
"T23252S","9066","10000",1,0,0,0,0
"T23259A","94425","10000",1,0,0,0,0
"T23259D","V5889","10000",1,0,0,0,0
"T23259S","9066","10000",1,0,0,0,0
"T23261A","94426","10000",1,0,0,0,0
"T23261D","V5889","10000",1,0,0,0,0
"T23261S","9066","10000",1,0,0,0,0
"T23262A","94426","10000",1,0,0,0,0
"T23262D","V5889","10000",1,0,0,0,0
"T23262S","9066","10000",1,0,0,0,0
"T23269A","94426","10000",1,0,0,0,0
"T23269D","V5889","10000",1,0,0,0,0
"T23269S","9066","10000",1,0,0,0,0
"T23271A","94427","10000",1,0,0,0,0
"T23271D","V5889","10000",1,0,0,0,0
"T23271S","9066","10000",1,0,0,0,0
"T23272A","94427","10000",1,0,0,0,0
"T23272D","V5889","10000",1,0,0,0,0
"T23272S","9066","10000",1,0,0,0,0
"T23279A","94427","10000",1,0,0,0,0
"T23279D","V5889","10000",1,0,0,0,0
"T23279S","9066","10000",1,0,0,0,0
"T23291A","94428","10000",1,0,0,0,0
"T23291D","V5889","10000",1,0,0,0,0
"T23291S","9066","10000",1,0,0,0,0
"T23292A","94428","10000",1,0,0,0,0
"T23292D","V5889","10000",1,0,0,0,0
"T23292S","9066","10000",1,0,0,0,0
"T23299A","94428","10000",1,0,0,0,0
"T23299D","V5889","10000",1,0,0,0,0
"T23299S","9066","10000",1,0,0,0,0
"T23301A","94430","10000",1,0,0,0,0
"T23301A","94440","10000",1,0,0,0,0
"T23301A","94450","10000",1,0,0,0,0
"T23301D","V5889","10000",1,0,0,0,0
"T23301S","9066","10000",1,0,0,0,0
"T23302A","94430","10000",1,0,0,0,0
"T23302A","94440","10000",1,0,0,0,0
"T23302A","94450","10000",1,0,0,0,0
"T23302D","V5889","10000",1,0,0,0,0
"T23302S","9066","10000",1,0,0,0,0
"T23309A","94430","10000",1,0,0,0,0
"T23309A","94440","10000",1,0,0,0,0
"T23309D","V5889","10000",1,0,0,0,0
"T23309S","9066","10000",1,0,0,0,0
"T23311A","94432","10000",1,0,0,0,0
"T23311A","94442","10000",1,0,0,0,0
"T23311A","94452","10000",1,0,0,0,0
"T23311D","V5889","10000",1,0,0,0,0
"T23311S","9066","10000",1,0,0,0,0
"T23312A","94432","10000",1,0,0,0,0
"T23312A","94442","10000",1,0,0,0,0
"T23312A","94452","10000",1,0,0,0,0
"T23312D","V5889","10000",1,0,0,0,0
"T23312S","9066","10000",1,0,0,0,0
"T23319A","94432","10000",1,0,0,0,0
"T23319A","94442","10000",1,0,0,0,0
"T23319D","V5889","10000",1,0,0,0,0
"T23319S","9066","10000",1,0,0,0,0
"T23321A","94431","10000",1,0,0,0,0
"T23321A","94441","10000",1,0,0,0,0
"T23321A","94451","10000",1,0,0,0,0
"T23321D","V5889","10000",1,0,0,0,0
"T23321S","9066","10000",1,0,0,0,0
"T23322A","94431","10000",1,0,0,0,0
"T23322A","94441","10000",1,0,0,0,0
"T23322A","94451","10000",1,0,0,0,0
"T23322D","V5889","10000",1,0,0,0,0
"T23322S","9066","10000",1,0,0,0,0
"T23329A","94431","10000",1,0,0,0,0
"T23329A","94441","10000",1,0,0,0,0
"T23329D","V5889","10000",1,0,0,0,0
"T23329S","9066","10000",1,0,0,0,0
"T23331A","94433","10000",1,0,0,0,0
"T23331A","94443","10000",1,0,0,0,0
"T23331A","94453","10000",1,0,0,0,0
"T23331D","V5889","10000",1,0,0,0,0
"T23331S","9066","10000",1,0,0,0,0
"T23332A","94433","10000",1,0,0,0,0
"T23332A","94443","10000",1,0,0,0,0
"T23332A","94453","10000",1,0,0,0,0
"T23332D","V5889","10000",1,0,0,0,0
"T23332S","9066","10000",1,0,0,0,0
"T23339A","94433","10000",1,0,0,0,0
"T23339A","94443","10000",1,0,0,0,0
"T23339D","V5889","10000",1,0,0,0,0
"T23339S","9066","10000",1,0,0,0,0
"T23341A","94434","10000",1,0,0,0,0
"T23341A","94444","10000",1,0,0,0,0
"T23341A","94454","10000",1,0,0,0,0
"T23341D","V5889","10000",1,0,0,0,0
"T23341S","9066","10000",1,0,0,0,0
"T23342A","94434","10000",1,0,0,0,0
"T23342A","94444","10000",1,0,0,0,0
"T23342A","94454","10000",1,0,0,0,0
"T23342D","V5889","10000",1,0,0,0,0
"T23342S","9066","10000",1,0,0,0,0
"T23349A","94434","10000",1,0,0,0,0
"T23349A","94444","10000",1,0,0,0,0
"T23349D","V5889","10000",1,0,0,0,0
"T23349S","9066","10000",1,0,0,0,0
"T23351A","94435","10000",1,0,0,0,0
"T23351A","94445","10000",1,0,0,0,0
"T23351A","94455","10000",1,0,0,0,0
"T23351D","V5889","10000",1,0,0,0,0
"T23351S","9066","10000",1,0,0,0,0
"T23352A","94435","10000",1,0,0,0,0
"T23352A","94445","10000",1,0,0,0,0
"T23352A","94455","10000",1,0,0,0,0
"T23352D","V5889","10000",1,0,0,0,0
"T23352S","9066","10000",1,0,0,0,0
"T23359A","94435","10000",1,0,0,0,0
"T23359A","94445","10000",1,0,0,0,0
"T23359D","V5889","10000",1,0,0,0,0
"T23359S","9066","10000",1,0,0,0,0
"T23361A","94436","10000",1,0,0,0,0
"T23361A","94446","10000",1,0,0,0,0
"T23361A","94456","10000",1,0,0,0,0
"T23361D","V5889","10000",1,0,0,0,0
"T23361S","9066","10000",1,0,0,0,0
"T23362A","94436","10000",1,0,0,0,0
"T23362A","94446","10000",1,0,0,0,0
"T23362A","94456","10000",1,0,0,0,0
"T23362D","V5889","10000",1,0,0,0,0
"T23362S","9066","10000",1,0,0,0,0
"T23369A","94436","10000",1,0,0,0,0
"T23369A","94446","10000",1,0,0,0,0
"T23369D","V5889","10000",1,0,0,0,0
"T23369S","9066","10000",1,0,0,0,0
"T23371A","94437","10000",1,0,0,0,0
"T23371A","94447","10000",1,0,0,0,0
"T23371A","94457","10000",1,0,0,0,0
"T23371D","V5889","10000",1,0,0,0,0
"T23371S","9066","10000",1,0,0,0,0
"T23372A","94437","10000",1,0,0,0,0
"T23372A","94447","10000",1,0,0,0,0
"T23372A","94457","10000",1,0,0,0,0
"T23372D","V5889","10000",1,0,0,0,0
"T23372S","9066","10000",1,0,0,0,0
"T23379A","94437","10000",1,0,0,0,0
"T23379A","94447","10000",1,0,0,0,0
"T23379D","V5889","10000",1,0,0,0,0
"T23379S","9066","10000",1,0,0,0,0
"T23391A","94438","10000",1,0,0,0,0
"T23391A","94448","10000",1,0,0,0,0
"T23391A","94458","10000",1,0,0,0,0
"T23391D","V5889","10000",1,0,0,0,0
"T23391S","9066","10000",1,0,0,0,0
"T23392A","94438","10000",1,0,0,0,0
"T23392A","94448","10000",1,0,0,0,0
"T23392A","94458","10000",1,0,0,0,0
"T23392D","V5889","10000",1,0,0,0,0
"T23392S","9066","10000",1,0,0,0,0
"T23399A","94438","10000",1,0,0,0,0
"T23399A","94448","10000",1,0,0,0,0
"T23399D","V5889","10000",1,0,0,0,0
"T23399S","9066","10000",1,0,0,0,0
"T23401A","94400","10000",1,0,0,0,0
"T23401D","V5889","10000",1,0,0,0,0
"T23401S","9066","10000",1,0,0,0,0
"T23402A","94400","10000",1,0,0,0,0
"T23402D","V5889","10000",1,0,0,0,0
"T23402S","9066","10000",1,0,0,0,0
"T23409A","94400","10000",1,0,0,0,0
"T23409D","V5889","10000",1,0,0,0,0
"T23409S","9066","10000",1,0,0,0,0
"T23411A","94402","10000",1,0,0,0,0
"T23411D","V5889","10000",1,0,0,0,0
"T23411S","9066","10000",1,0,0,0,0
"T23412A","94402","10000",1,0,0,0,0
"T23412D","V5889","10000",1,0,0,0,0
"T23412S","9066","10000",1,0,0,0,0
"T23419A","94402","10000",1,0,0,0,0
"T23419D","V5889","10000",1,0,0,0,0
"T23419S","9066","10000",1,0,0,0,0
"T23421A","94401","10000",1,0,0,0,0
"T23421D","V5889","10000",1,0,0,0,0
"T23421S","9066","10000",1,0,0,0,0
"T23422A","94401","10000",1,0,0,0,0
"T23422D","V5889","10000",1,0,0,0,0
"T23422S","9066","10000",1,0,0,0,0
"T23429A","94401","10000",1,0,0,0,0
"T23429D","V5889","10000",1,0,0,0,0
"T23429S","9066","10000",1,0,0,0,0
"T23431A","94403","10000",1,0,0,0,0
"T23431D","V5889","10000",1,0,0,0,0
"T23431S","9066","10000",1,0,0,0,0
"T23432A","94403","10000",1,0,0,0,0
"T23432D","V5889","10000",1,0,0,0,0
"T23432S","9066","10000",1,0,0,0,0
"T23439A","94403","10000",1,0,0,0,0
"T23439D","V5889","10000",1,0,0,0,0
"T23439S","9066","10000",1,0,0,0,0
"T23441A","94404","10000",1,0,0,0,0
"T23441D","V5889","10000",1,0,0,0,0
"T23441S","9066","10000",1,0,0,0,0
"T23442A","94404","10000",1,0,0,0,0
"T23442D","V5889","10000",1,0,0,0,0
"T23442S","9066","10000",1,0,0,0,0
"T23449A","94404","10000",1,0,0,0,0
"T23449D","V5889","10000",1,0,0,0,0
"T23449S","9066","10000",1,0,0,0,0
"T23451A","94405","10000",1,0,0,0,0
"T23451D","V5889","10000",1,0,0,0,0
"T23451S","9066","10000",1,0,0,0,0
"T23452A","94405","10000",1,0,0,0,0
"T23452D","V5889","10000",1,0,0,0,0
"T23452S","9066","10000",1,0,0,0,0
"T23459A","94405","10000",1,0,0,0,0
"T23459D","V5889","10000",1,0,0,0,0
"T23459S","9066","10000",1,0,0,0,0
"T23461A","94406","10000",1,0,0,0,0
"T23461D","V5889","10000",1,0,0,0,0
"T23461S","9066","10000",1,0,0,0,0
"T23462A","94406","10000",1,0,0,0,0
"T23462D","V5889","10000",1,0,0,0,0
"T23462S","9066","10000",1,0,0,0,0
"T23469A","94406","10000",1,0,0,0,0
"T23469D","V5889","10000",1,0,0,0,0
"T23469S","9066","10000",1,0,0,0,0
"T23471A","94407","10000",1,0,0,0,0
"T23471D","V5889","10000",1,0,0,0,0
"T23471S","9066","10000",1,0,0,0,0
"T23472A","94407","10000",1,0,0,0,0
"T23472D","V5889","10000",1,0,0,0,0
"T23472S","9066","10000",1,0,0,0,0
"T23479A","94407","10000",1,0,0,0,0
"T23479D","V5889","10000",1,0,0,0,0
"T23479S","9066","10000",1,0,0,0,0
"T23491A","94408","10000",1,0,0,0,0
"T23491D","V5889","10000",1,0,0,0,0
"T23491S","9066","10000",1,0,0,0,0
"T23492A","94408","10000",1,0,0,0,0
"T23492D","V5889","10000",1,0,0,0,0
"T23492S","9066","10000",1,0,0,0,0
"T23499A","94408","10000",1,0,0,0,0
"T23499D","V5889","10000",1,0,0,0,0
"T23499S","9066","10000",1,0,0,0,0
"T23501A","94410","10000",1,0,0,0,0
"T23501D","V5889","10000",1,0,0,0,0
"T23501S","9066","10000",1,0,0,0,0
"T23502A","94410","10000",1,0,0,0,0
"T23502D","V5889","10000",1,0,0,0,0
"T23502S","9066","10000",1,0,0,0,0
"T23509A","94410","10000",1,0,0,0,0
"T23509D","V5889","10000",1,0,0,0,0
"T23509S","9066","10000",1,0,0,0,0
"T23511A","94412","10000",1,0,0,0,0
"T23511D","V5889","10000",1,0,0,0,0
"T23511S","9066","10000",1,0,0,0,0
"T23512A","94412","10000",1,0,0,0,0
"T23512D","V5889","10000",1,0,0,0,0
"T23512S","9066","10000",1,0,0,0,0
"T23519A","94412","10000",1,0,0,0,0
"T23519D","V5889","10000",1,0,0,0,0
"T23519S","9066","10000",1,0,0,0,0
"T23521A","94411","10000",1,0,0,0,0
"T23521D","V5889","10000",1,0,0,0,0
"T23521S","9066","10000",1,0,0,0,0
"T23522A","94411","10000",1,0,0,0,0
"T23522D","V5889","10000",1,0,0,0,0
"T23522S","9066","10000",1,0,0,0,0
"T23529A","94411","10000",1,0,0,0,0
"T23529D","V5889","10000",1,0,0,0,0
"T23529S","9066","10000",1,0,0,0,0
"T23531A","94413","10000",1,0,0,0,0
"T23531D","V5889","10000",1,0,0,0,0
"T23531S","9066","10000",1,0,0,0,0
"T23532A","94413","10000",1,0,0,0,0
"T23532D","V5889","10000",1,0,0,0,0
"T23532S","9066","10000",1,0,0,0,0
"T23539A","94413","10000",1,0,0,0,0
"T23539D","V5889","10000",1,0,0,0,0
"T23539S","9066","10000",1,0,0,0,0
"T23541A","94414","10000",1,0,0,0,0
"T23541D","V5889","10000",1,0,0,0,0
"T23541S","9066","10000",1,0,0,0,0
"T23542A","94414","10000",1,0,0,0,0
"T23542D","V5889","10000",1,0,0,0,0
"T23542S","9066","10000",1,0,0,0,0
"T23549A","94414","10000",1,0,0,0,0
"T23549D","V5889","10000",1,0,0,0,0
"T23549S","9066","10000",1,0,0,0,0
"T23551A","94415","10000",1,0,0,0,0
"T23551D","V5889","10000",1,0,0,0,0
"T23551S","9066","10000",1,0,0,0,0
"T23552A","94415","10000",1,0,0,0,0
"T23552D","V5889","10000",1,0,0,0,0
"T23552S","9066","10000",1,0,0,0,0
"T23559A","94415","10000",1,0,0,0,0
"T23559D","V5889","10000",1,0,0,0,0
"T23559S","9066","10000",1,0,0,0,0
"T23561A","94416","10000",1,0,0,0,0
"T23561D","V5889","10000",1,0,0,0,0
"T23561S","9066","10000",1,0,0,0,0
"T23562A","94416","10000",1,0,0,0,0
"T23562D","V5889","10000",1,0,0,0,0
"T23562S","9066","10000",1,0,0,0,0
"T23569A","94416","10000",1,0,0,0,0
"T23569D","V5889","10000",1,0,0,0,0
"T23569S","9066","10000",1,0,0,0,0
"T23571A","94417","10000",1,0,0,0,0
"T23571D","V5889","10000",1,0,0,0,0
"T23571S","9066","10000",1,0,0,0,0
"T23572A","94417","10000",1,0,0,0,0
"T23572D","V5889","10000",1,0,0,0,0
"T23572S","9066","10000",1,0,0,0,0
"T23579A","94417","10000",1,0,0,0,0
"T23579D","V5889","10000",1,0,0,0,0
"T23579S","9066","10000",1,0,0,0,0
"T23591A","94418","10000",1,0,0,0,0
"T23591D","V5889","10000",1,0,0,0,0
"T23591S","9066","10000",1,0,0,0,0
"T23592A","94418","10000",1,0,0,0,0
"T23592D","V5889","10000",1,0,0,0,0
"T23592S","9066","10000",1,0,0,0,0
"T23599A","94418","10000",1,0,0,0,0
"T23599D","V5889","10000",1,0,0,0,0
"T23599S","9066","10000",1,0,0,0,0
"T23601A","94420","10000",1,0,0,0,0
"T23601D","V5889","10000",1,0,0,0,0
"T23601S","9066","10000",1,0,0,0,0
"T23602A","94420","10000",1,0,0,0,0
"T23602D","V5889","10000",1,0,0,0,0
"T23602S","9066","10000",1,0,0,0,0
"T23609A","94420","10000",1,0,0,0,0
"T23609D","V5889","10000",1,0,0,0,0
"T23609S","9066","10000",1,0,0,0,0
"T23611A","94422","10000",1,0,0,0,0
"T23611D","V5889","10000",1,0,0,0,0
"T23611S","9066","10000",1,0,0,0,0
"T23612A","94422","10000",1,0,0,0,0
"T23612D","V5889","10000",1,0,0,0,0
"T23612S","9066","10000",1,0,0,0,0
"T23619A","94422","10000",1,0,0,0,0
"T23619D","V5889","10000",1,0,0,0,0
"T23619S","9066","10000",1,0,0,0,0
"T23621A","94421","10000",1,0,0,0,0
"T23621D","V5889","10000",1,0,0,0,0
"T23621S","9066","10000",1,0,0,0,0
"T23622A","94421","10000",1,0,0,0,0
"T23622D","V5889","10000",1,0,0,0,0
"T23622S","9066","10000",1,0,0,0,0
"T23629A","94421","10000",1,0,0,0,0
"T23629D","V5889","10000",1,0,0,0,0
"T23629S","9066","10000",1,0,0,0,0
"T23631A","94423","10000",1,0,0,0,0
"T23631D","V5889","10000",1,0,0,0,0
"T23631S","9066","10000",1,0,0,0,0
"T23632A","94423","10000",1,0,0,0,0
"T23632D","V5889","10000",1,0,0,0,0
"T23632S","9066","10000",1,0,0,0,0
"T23639A","94423","10000",1,0,0,0,0
"T23639D","V5889","10000",1,0,0,0,0
"T23639S","9066","10000",1,0,0,0,0
"T23641A","94424","10000",1,0,0,0,0
"T23641D","V5889","10000",1,0,0,0,0
"T23641S","9066","10000",1,0,0,0,0
"T23642A","94424","10000",1,0,0,0,0
"T23642D","V5889","10000",1,0,0,0,0
"T23642S","9066","10000",1,0,0,0,0
"T23649A","94424","10000",1,0,0,0,0
"T23649D","V5889","10000",1,0,0,0,0
"T23649S","9066","10000",1,0,0,0,0
"T23651A","94425","10000",1,0,0,0,0
"T23651D","V5889","10000",1,0,0,0,0
"T23651S","9066","10000",1,0,0,0,0
"T23652A","94425","10000",1,0,0,0,0
"T23652D","V5889","10000",1,0,0,0,0
"T23652S","9066","10000",1,0,0,0,0
"T23659A","94425","10000",1,0,0,0,0
"T23659D","V5889","10000",1,0,0,0,0
"T23659S","9066","10000",1,0,0,0,0
"T23661A","94426","10000",1,0,0,0,0
"T23661D","V5889","10000",1,0,0,0,0
"T23661S","9066","10000",1,0,0,0,0
"T23662A","94426","10000",1,0,0,0,0
"T23662D","V5889","10000",1,0,0,0,0
"T23662S","9066","10000",1,0,0,0,0
"T23669A","94426","10000",1,0,0,0,0
"T23669D","V5889","10000",1,0,0,0,0
"T23669S","9066","10000",1,0,0,0,0
"T23671A","94427","10000",1,0,0,0,0
"T23671D","V5889","10000",1,0,0,0,0
"T23671S","9066","10000",1,0,0,0,0
"T23672A","94427","10000",1,0,0,0,0
"T23672D","V5889","10000",1,0,0,0,0
"T23672S","9066","10000",1,0,0,0,0
"T23679A","94427","10000",1,0,0,0,0
"T23679D","V5889","10000",1,0,0,0,0
"T23679S","9066","10000",1,0,0,0,0
"T23691A","94428","10000",1,0,0,0,0
"T23691D","V5889","10000",1,0,0,0,0
"T23691S","9066","10000",1,0,0,0,0
"T23692A","94428","10000",1,0,0,0,0
"T23692D","V5889","10000",1,0,0,0,0
"T23692S","9066","10000",1,0,0,0,0
"T23699A","94428","10000",1,0,0,0,0
"T23699D","V5889","10000",1,0,0,0,0
"T23699S","9066","10000",1,0,0,0,0
"T23701A","94430","10000",1,0,0,0,0
"T23701A","94440","10000",1,0,0,0,0
"T23701A","94450","10000",1,0,0,0,0
"T23701D","V5889","10000",1,0,0,0,0
"T23701S","9066","10000",1,0,0,0,0
"T23702A","94430","10000",1,0,0,0,0
"T23702A","94440","10000",1,0,0,0,0
"T23702A","94450","10000",1,0,0,0,0
"T23702D","V5889","10000",1,0,0,0,0
"T23702S","9066","10000",1,0,0,0,0
"T23709A","94430","10000",1,0,0,0,0
"T23709A","94440","10000",1,0,0,0,0
"T23709D","V5889","10000",1,0,0,0,0
"T23709S","9066","10000",1,0,0,0,0
"T23711A","94432","10000",1,0,0,0,0
"T23711A","94442","10000",1,0,0,0,0
"T23711A","94452","10000",1,0,0,0,0
"T23711D","V5889","10000",1,0,0,0,0
"T23711S","9066","10000",1,0,0,0,0
"T23712A","94432","10000",1,0,0,0,0
"T23712A","94442","10000",1,0,0,0,0
"T23712A","94452","10000",1,0,0,0,0
"T23712D","V5889","10000",1,0,0,0,0
"T23712S","9066","10000",1,0,0,0,0
"T23719A","94432","10000",1,0,0,0,0
"T23719A","94442","10000",1,0,0,0,0
"T23719D","V5889","10000",1,0,0,0,0
"T23719S","9066","10000",1,0,0,0,0
"T23721A","94431","10000",1,0,0,0,0
"T23721A","94441","10000",1,0,0,0,0
"T23721A","94451","10000",1,0,0,0,0
"T23721D","V5889","10000",1,0,0,0,0
"T23721S","9066","10000",1,0,0,0,0
"T23722A","94431","10000",1,0,0,0,0
"T23722A","94441","10000",1,0,0,0,0
"T23722A","94451","10000",1,0,0,0,0
"T23722D","V5889","10000",1,0,0,0,0
"T23722S","9066","10000",1,0,0,0,0
"T23729A","94431","10000",1,0,0,0,0
"T23729A","94441","10000",1,0,0,0,0
"T23729D","V5889","10000",1,0,0,0,0
"T23729S","9066","10000",1,0,0,0,0
"T23731A","94433","10000",1,0,0,0,0
"T23731A","94443","10000",1,0,0,0,0
"T23731A","94453","10000",1,0,0,0,0
"T23731D","V5889","10000",1,0,0,0,0
"T23731S","9066","10000",1,0,0,0,0
"T23732A","94433","10000",1,0,0,0,0
"T23732A","94443","10000",1,0,0,0,0
"T23732A","94453","10000",1,0,0,0,0
"T23732D","V5889","10000",1,0,0,0,0
"T23732S","9066","10000",1,0,0,0,0
"T23739A","94433","10000",1,0,0,0,0
"T23739A","94443","10000",1,0,0,0,0
"T23739D","V5889","10000",1,0,0,0,0
"T23739S","9066","10000",1,0,0,0,0
"T23741A","94434","10000",1,0,0,0,0
"T23741A","94444","10000",1,0,0,0,0
"T23741A","94454","10000",1,0,0,0,0
"T23741D","V5889","10000",1,0,0,0,0
"T23741S","9066","10000",1,0,0,0,0
"T23742A","94434","10000",1,0,0,0,0
"T23742A","94444","10000",1,0,0,0,0
"T23742A","94454","10000",1,0,0,0,0
"T23742D","V5889","10000",1,0,0,0,0
"T23742S","9066","10000",1,0,0,0,0
"T23749A","94434","10000",1,0,0,0,0
"T23749A","94444","10000",1,0,0,0,0
"T23749D","V5889","10000",1,0,0,0,0
"T23749S","9066","10000",1,0,0,0,0
"T23751A","94435","10000",1,0,0,0,0
"T23751A","94445","10000",1,0,0,0,0
"T23751A","94455","10000",1,0,0,0,0
"T23751D","V5889","10000",1,0,0,0,0
"T23751S","9066","10000",1,0,0,0,0
"T23752A","94435","10000",1,0,0,0,0
"T23752A","94445","10000",1,0,0,0,0
"T23752A","94455","10000",1,0,0,0,0
"T23752D","V5889","10000",1,0,0,0,0
"T23752S","9066","10000",1,0,0,0,0
"T23759A","94435","10000",1,0,0,0,0
"T23759A","94445","10000",1,0,0,0,0
"T23759D","V5889","10000",1,0,0,0,0
"T23759S","9066","10000",1,0,0,0,0
"T23761A","94436","10000",1,0,0,0,0
"T23761A","94446","10000",1,0,0,0,0
"T23761A","94456","10000",1,0,0,0,0
"T23761D","V5889","10000",1,0,0,0,0
"T23761S","9066","10000",1,0,0,0,0
"T23762A","94436","10000",1,0,0,0,0
"T23762A","94446","10000",1,0,0,0,0
"T23762A","94456","10000",1,0,0,0,0
"T23762D","V5889","10000",1,0,0,0,0
"T23762S","9066","10000",1,0,0,0,0
"T23769A","94436","10000",1,0,0,0,0
"T23769A","94446","10000",1,0,0,0,0
"T23769D","V5889","10000",1,0,0,0,0
"T23769S","9066","10000",1,0,0,0,0
"T23771A","94437","10000",1,0,0,0,0
"T23771A","94447","10000",1,0,0,0,0
"T23771A","94457","10000",1,0,0,0,0
"T23771D","V5889","10000",1,0,0,0,0
"T23771S","9066","10000",1,0,0,0,0
"T23772A","94437","10000",1,0,0,0,0
"T23772A","94447","10000",1,0,0,0,0
"T23772A","94457","10000",1,0,0,0,0
"T23772D","V5889","10000",1,0,0,0,0
"T23772S","9066","10000",1,0,0,0,0
"T23779A","94437","10000",1,0,0,0,0
"T23779A","94447","10000",1,0,0,0,0
"T23779D","V5889","10000",1,0,0,0,0
"T23779S","9066","10000",1,0,0,0,0
"T23791A","94438","10000",1,0,0,0,0
"T23791A","94448","10000",1,0,0,0,0
"T23791A","94458","10000",1,0,0,0,0
"T23791D","V5889","10000",1,0,0,0,0
"T23791S","9066","10000",1,0,0,0,0
"T23792A","94438","10000",1,0,0,0,0
"T23792A","94448","10000",1,0,0,0,0
"T23792A","94458","10000",1,0,0,0,0
"T23792D","V5889","10000",1,0,0,0,0
"T23792S","9066","10000",1,0,0,0,0
"T23799A","94438","10000",1,0,0,0,0
"T23799A","94448","10000",1,0,0,0,0
"T23799D","V5889","10000",1,0,0,0,0
"T23799S","9066","10000",1,0,0,0,0
"T24001A","94500","10000",1,0,0,0,0
"T24001D","V5889","10000",1,0,0,0,0
"T24001S","9067","10000",1,0,0,0,0
"T24002A","94500","10000",1,0,0,0,0
"T24002D","V5889","10000",1,0,0,0,0
"T24002S","9067","10000",1,0,0,0,0
"T24009A","94500","10000",1,0,0,0,0
"T24009D","V5889","10000",1,0,0,0,0
"T24009S","9067","10000",1,0,0,0,0
"T24011A","94506","10000",1,0,0,0,0
"T24011D","V5889","10000",1,0,0,0,0
"T24011S","9067","10000",1,0,0,0,0
"T24012A","94506","10000",1,0,0,0,0
"T24012D","V5889","10000",1,0,0,0,0
"T24012S","9067","10000",1,0,0,0,0
"T24019A","94506","10000",1,0,0,0,0
"T24019D","V5889","10000",1,0,0,0,0
"T24019S","9067","10000",1,0,0,0,0
"T24021A","94505","10000",1,0,0,0,0
"T24021D","V5889","10000",1,0,0,0,0
"T24021S","9067","10000",1,0,0,0,0
"T24022A","94505","10000",1,0,0,0,0
"T24022D","V5889","10000",1,0,0,0,0
"T24022S","9067","10000",1,0,0,0,0
"T24029A","94505","10000",1,0,0,0,0
"T24029D","V5889","10000",1,0,0,0,0
"T24029S","9067","10000",1,0,0,0,0
"T24031A","94504","10000",1,0,0,0,0
"T24031D","V5889","10000",1,0,0,0,0
"T24031S","9067","10000",1,0,0,0,0
"T24032A","94504","10000",1,0,0,0,0
"T24032D","V5889","10000",1,0,0,0,0
"T24032S","9067","10000",1,0,0,0,0
"T24039A","94504","10000",1,0,0,0,0
"T24039D","V5889","10000",1,0,0,0,0
"T24039S","9067","10000",1,0,0,0,0
"T24091A","94509","10000",1,0,0,0,0
"T24091D","V5889","10000",1,0,0,0,0
"T24091S","9067","10000",1,0,0,0,0
"T24092A","94509","10000",1,0,0,0,0
"T24092D","V5889","10000",1,0,0,0,0
"T24092S","9067","10000",1,0,0,0,0
"T24099A","94509","10000",1,0,0,0,0
"T24099D","V5889","10000",1,0,0,0,0
"T24099S","9067","10000",1,0,0,0,0
"T24101A","94510","10000",1,0,0,0,0
"T24101D","V5889","10000",1,0,0,0,0
"T24101S","9067","10000",1,0,0,0,0
"T24102A","94510","10000",1,0,0,0,0
"T24102D","V5889","10000",1,0,0,0,0
"T24102S","9067","10000",1,0,0,0,0
"T24109A","94510","10000",1,0,0,0,0
"T24109D","V5889","10000",1,0,0,0,0
"T24109S","9067","10000",1,0,0,0,0
"T24111A","94516","10000",1,0,0,0,0
"T24111D","V5889","10000",1,0,0,0,0
"T24111S","9067","10000",1,0,0,0,0
"T24112A","94516","10000",1,0,0,0,0
"T24112D","V5889","10000",1,0,0,0,0
"T24112S","9067","10000",1,0,0,0,0
"T24119A","94516","10000",1,0,0,0,0
"T24119D","V5889","10000",1,0,0,0,0
"T24119S","9067","10000",1,0,0,0,0
"T24121A","94515","10000",1,0,0,0,0
"T24121D","V5889","10000",1,0,0,0,0
"T24121S","9067","10000",1,0,0,0,0
"T24122A","94515","10000",1,0,0,0,0
"T24122D","V5889","10000",1,0,0,0,0
"T24122S","9067","10000",1,0,0,0,0
"T24129A","94515","10000",1,0,0,0,0
"T24129D","V5889","10000",1,0,0,0,0
"T24129S","9067","10000",1,0,0,0,0
"T24131A","94514","10000",1,0,0,0,0
"T24131D","V5889","10000",1,0,0,0,0
"T24131S","9067","10000",1,0,0,0,0
"T24132A","94514","10000",1,0,0,0,0
"T24132D","V5889","10000",1,0,0,0,0
"T24132S","9067","10000",1,0,0,0,0
"T24139A","94514","10000",1,0,0,0,0
"T24139D","V5889","10000",1,0,0,0,0
"T24139S","9067","10000",1,0,0,0,0
"T24191A","94519","10000",1,0,0,0,0
"T24191D","V5889","10000",1,0,0,0,0
"T24191S","9067","10000",1,0,0,0,0
"T24192A","94519","10000",1,0,0,0,0
"T24192D","V5889","10000",1,0,0,0,0
"T24192S","9067","10000",1,0,0,0,0
"T24199A","94519","10000",1,0,0,0,0
"T24199D","V5889","10000",1,0,0,0,0
"T24199S","9067","10000",1,0,0,0,0
"T24201A","94520","10000",1,0,0,0,0
"T24201D","V5889","10000",1,0,0,0,0
"T24201S","9067","10000",1,0,0,0,0
"T24202A","94520","10000",1,0,0,0,0
"T24202D","V5889","10000",1,0,0,0,0
"T24202S","9067","10000",1,0,0,0,0
"T24209A","94520","10000",1,0,0,0,0
"T24209D","V5889","10000",1,0,0,0,0
"T24209S","9067","10000",1,0,0,0,0
"T24211A","94526","10000",1,0,0,0,0
"T24211D","V5889","10000",1,0,0,0,0
"T24211S","9067","10000",1,0,0,0,0
"T24212A","94526","10000",1,0,0,0,0
"T24212D","V5889","10000",1,0,0,0,0
"T24212S","9067","10000",1,0,0,0,0
"T24219A","94526","10000",1,0,0,0,0
"T24219D","V5889","10000",1,0,0,0,0
"T24219S","9067","10000",1,0,0,0,0
"T24221A","94525","10000",1,0,0,0,0
"T24221D","V5889","10000",1,0,0,0,0
"T24221S","9067","10000",1,0,0,0,0
"T24222A","94525","10000",1,0,0,0,0
"T24222D","V5889","10000",1,0,0,0,0
"T24222S","9067","10000",1,0,0,0,0
"T24229A","94525","10000",1,0,0,0,0
"T24229D","V5889","10000",1,0,0,0,0
"T24229S","9067","10000",1,0,0,0,0
"T24231A","94524","10000",1,0,0,0,0
"T24231D","V5889","10000",1,0,0,0,0
"T24231S","9067","10000",1,0,0,0,0
"T24232A","94524","10000",1,0,0,0,0
"T24232D","V5889","10000",1,0,0,0,0
"T24232S","9067","10000",1,0,0,0,0
"T24239A","94524","10000",1,0,0,0,0
"T24239D","V5889","10000",1,0,0,0,0
"T24239S","9067","10000",1,0,0,0,0
"T24291A","94529","10000",1,0,0,0,0
"T24291D","V5889","10000",1,0,0,0,0
"T24291S","9067","10000",1,0,0,0,0
"T24292A","94529","10000",1,0,0,0,0
"T24292D","V5889","10000",1,0,0,0,0
"T24292S","9067","10000",1,0,0,0,0
"T24299A","94529","10000",1,0,0,0,0
"T24299D","V5889","10000",1,0,0,0,0
"T24299S","9067","10000",1,0,0,0,0
"T24301A","94530","10000",1,0,0,0,0
"T24301A","94540","10000",1,0,0,0,0
"T24301A","94550","10000",1,0,0,0,0
"T24301D","V5889","10000",1,0,0,0,0
"T24301S","9067","10000",1,0,0,0,0
"T24302A","94530","10000",1,0,0,0,0
"T24302A","94540","10000",1,0,0,0,0
"T24302A","94550","10000",1,0,0,0,0
"T24302D","V5889","10000",1,0,0,0,0
"T24302S","9067","10000",1,0,0,0,0
"T24309A","94530","10000",1,0,0,0,0
"T24309A","94540","10000",1,0,0,0,0
"T24309D","V5889","10000",1,0,0,0,0
"T24309S","9067","10000",1,0,0,0,0
"T24311A","94536","10000",1,0,0,0,0
"T24311A","94546","10000",1,0,0,0,0
"T24311A","94556","10000",1,0,0,0,0
"T24311D","V5889","10000",1,0,0,0,0
"T24311S","9067","10000",1,0,0,0,0
"T24312A","94536","10000",1,0,0,0,0
"T24312A","94546","10000",1,0,0,0,0
"T24312A","94556","10000",1,0,0,0,0
"T24312D","V5889","10000",1,0,0,0,0
"T24312S","9067","10000",1,0,0,0,0
"T24319A","94536","10000",1,0,0,0,0
"T24319A","94546","10000",1,0,0,0,0
"T24319D","V5889","10000",1,0,0,0,0
"T24319S","9067","10000",1,0,0,0,0
"T24321A","94535","10000",1,0,0,0,0
"T24321A","94545","10000",1,0,0,0,0
"T24321A","94555","10000",1,0,0,0,0
"T24321D","V5889","10000",1,0,0,0,0
"T24321S","9067","10000",1,0,0,0,0
"T24322A","94535","10000",1,0,0,0,0
"T24322A","94545","10000",1,0,0,0,0
"T24322A","94555","10000",1,0,0,0,0
"T24322D","V5889","10000",1,0,0,0,0
"T24322S","9067","10000",1,0,0,0,0
"T24329A","94535","10000",1,0,0,0,0
"T24329A","94545","10000",1,0,0,0,0
"T24329D","V5889","10000",1,0,0,0,0
"T24329S","9067","10000",1,0,0,0,0
"T24331A","94534","10000",1,0,0,0,0
"T24331A","94544","10000",1,0,0,0,0
"T24331A","94554","10000",1,0,0,0,0
"T24331D","V5889","10000",1,0,0,0,0
"T24331S","9067","10000",1,0,0,0,0
"T24332A","94534","10000",1,0,0,0,0
"T24332A","94544","10000",1,0,0,0,0
"T24332A","94554","10000",1,0,0,0,0
"T24332D","V5889","10000",1,0,0,0,0
"T24332S","9067","10000",1,0,0,0,0
"T24339A","94534","10000",1,0,0,0,0
"T24339A","94544","10000",1,0,0,0,0
"T24339D","V5889","10000",1,0,0,0,0
"T24339S","9067","10000",1,0,0,0,0
"T24391A","94539","10000",1,0,0,0,0
"T24391A","94549","10000",1,0,0,0,0
"T24391A","94559","10000",1,0,0,0,0
"T24391D","V5889","10000",1,0,0,0,0
"T24391S","9067","10000",1,0,0,0,0
"T24392A","94539","10000",1,0,0,0,0
"T24392A","94549","10000",1,0,0,0,0
"T24392A","94559","10000",1,0,0,0,0
"T24392D","V5889","10000",1,0,0,0,0
"T24392S","9067","10000",1,0,0,0,0
"T24399A","94539","10000",1,0,0,0,0
"T24399A","94549","10000",1,0,0,0,0
"T24399D","V5889","10000",1,0,0,0,0
"T24399S","9067","10000",1,0,0,0,0
"T24401A","94500","10000",1,0,0,0,0
"T24401D","V5889","10000",1,0,0,0,0
"T24401S","9067","10000",1,0,0,0,0
"T24402A","94500","10000",1,0,0,0,0
"T24402D","V5889","10000",1,0,0,0,0
"T24402S","9067","10000",1,0,0,0,0
"T24409A","94500","10000",1,0,0,0,0
"T24409D","V5889","10000",1,0,0,0,0
"T24409S","9067","10000",1,0,0,0,0
"T24411A","94506","10000",1,0,0,0,0
"T24411D","V5889","10000",1,0,0,0,0
"T24411S","9067","10000",1,0,0,0,0
"T24412A","94506","10000",1,0,0,0,0
"T24412D","V5889","10000",1,0,0,0,0
"T24412S","9067","10000",1,0,0,0,0
"T24419A","94506","10000",1,0,0,0,0
"T24419D","V5889","10000",1,0,0,0,0
"T24419S","9067","10000",1,0,0,0,0
"T24421A","94505","10000",1,0,0,0,0
"T24421D","V5889","10000",1,0,0,0,0
"T24421S","9067","10000",1,0,0,0,0
"T24422A","94505","10000",1,0,0,0,0
"T24422D","V5889","10000",1,0,0,0,0
"T24422S","9067","10000",1,0,0,0,0
"T24429A","94505","10000",1,0,0,0,0
"T24429D","V5889","10000",1,0,0,0,0
"T24429S","9067","10000",1,0,0,0,0
"T24431A","94504","10000",1,0,0,0,0
"T24431D","V5889","10000",1,0,0,0,0
"T24431S","9067","10000",1,0,0,0,0
"T24432A","94504","10000",1,0,0,0,0
"T24432D","V5889","10000",1,0,0,0,0
"T24432S","9067","10000",1,0,0,0,0
"T24439A","94504","10000",1,0,0,0,0
"T24439D","V5889","10000",1,0,0,0,0
"T24439S","9067","10000",1,0,0,0,0
"T24491A","94509","10000",1,0,0,0,0
"T24491D","V5889","10000",1,0,0,0,0
"T24491S","9067","10000",1,0,0,0,0
"T24492A","94509","10000",1,0,0,0,0
"T24492D","V5889","10000",1,0,0,0,0
"T24492S","9067","10000",1,0,0,0,0
"T24499A","94509","10000",1,0,0,0,0
"T24499D","V5889","10000",1,0,0,0,0
"T24499S","9067","10000",1,0,0,0,0
"T24501A","94510","10000",1,0,0,0,0
"T24501D","V5889","10000",1,0,0,0,0
"T24501S","9067","10000",1,0,0,0,0
"T24502A","94510","10000",1,0,0,0,0
"T24502D","V5889","10000",1,0,0,0,0
"T24502S","9067","10000",1,0,0,0,0
"T24509A","94510","10000",1,0,0,0,0
"T24509D","V5889","10000",1,0,0,0,0
"T24509S","9067","10000",1,0,0,0,0
"T24511A","94516","10000",1,0,0,0,0
"T24511D","V5889","10000",1,0,0,0,0
"T24511S","9067","10000",1,0,0,0,0
"T24512A","94516","10000",1,0,0,0,0
"T24512D","V5889","10000",1,0,0,0,0
"T24512S","9067","10000",1,0,0,0,0
"T24519A","94516","10000",1,0,0,0,0
"T24519D","V5889","10000",1,0,0,0,0
"T24519S","9067","10000",1,0,0,0,0
"T24521A","94515","10000",1,0,0,0,0
"T24521D","V5889","10000",1,0,0,0,0
"T24521S","9067","10000",1,0,0,0,0
"T24522A","94515","10000",1,0,0,0,0
"T24522D","V5889","10000",1,0,0,0,0
"T24522S","9067","10000",1,0,0,0,0
"T24529A","94515","10000",1,0,0,0,0
"T24529D","V5889","10000",1,0,0,0,0
"T24529S","9067","10000",1,0,0,0,0
"T24531A","94514","10000",1,0,0,0,0
"T24531D","V5889","10000",1,0,0,0,0
"T24531S","9067","10000",1,0,0,0,0
"T24532A","94514","10000",1,0,0,0,0
"T24532D","V5889","10000",1,0,0,0,0
"T24532S","9067","10000",1,0,0,0,0
"T24539A","94514","10000",1,0,0,0,0
"T24539D","V5889","10000",1,0,0,0,0
"T24539S","9067","10000",1,0,0,0,0
"T24591A","94519","10000",1,0,0,0,0
"T24591D","V5889","10000",1,0,0,0,0
"T24591S","9067","10000",1,0,0,0,0
"T24592A","94519","10000",1,0,0,0,0
"T24592D","V5889","10000",1,0,0,0,0
"T24592S","9067","10000",1,0,0,0,0
"T24599A","94519","10000",1,0,0,0,0
"T24599D","V5889","10000",1,0,0,0,0
"T24599S","9067","10000",1,0,0,0,0
"T24601A","94520","10000",1,0,0,0,0
"T24601D","V5889","10000",1,0,0,0,0
"T24601S","9067","10000",1,0,0,0,0
"T24602A","94520","10000",1,0,0,0,0
"T24602D","V5889","10000",1,0,0,0,0
"T24602S","9067","10000",1,0,0,0,0
"T24609A","94520","10000",1,0,0,0,0
"T24609D","V5889","10000",1,0,0,0,0
"T24609S","9067","10000",1,0,0,0,0
"T24611A","94526","10000",1,0,0,0,0
"T24611D","V5889","10000",1,0,0,0,0
"T24611S","9067","10000",1,0,0,0,0
"T24612A","94526","10000",1,0,0,0,0
"T24612D","V5889","10000",1,0,0,0,0
"T24612S","9067","10000",1,0,0,0,0
"T24619A","94526","10000",1,0,0,0,0
"T24619D","V5889","10000",1,0,0,0,0
"T24619S","9067","10000",1,0,0,0,0
"T24621A","94525","10000",1,0,0,0,0
"T24621D","V5889","10000",1,0,0,0,0
"T24621S","9067","10000",1,0,0,0,0
"T24622A","94525","10000",1,0,0,0,0
"T24622D","V5889","10000",1,0,0,0,0
"T24622S","9067","10000",1,0,0,0,0
"T24629A","94525","10000",1,0,0,0,0
"T24629D","V5889","10000",1,0,0,0,0
"T24629S","9067","10000",1,0,0,0,0
"T24631A","94524","10000",1,0,0,0,0
"T24631D","V5889","10000",1,0,0,0,0
"T24631S","9067","10000",1,0,0,0,0
"T24632A","94524","10000",1,0,0,0,0
"T24632D","V5889","10000",1,0,0,0,0
"T24632S","9067","10000",1,0,0,0,0
"T24639A","94524","10000",1,0,0,0,0
"T24639D","V5889","10000",1,0,0,0,0
"T24639S","9067","10000",1,0,0,0,0
"T24691A","94529","10000",1,0,0,0,0
"T24691D","V5889","10000",1,0,0,0,0
"T24691S","9067","10000",1,0,0,0,0
"T24692A","94529","10000",1,0,0,0,0
"T24692D","V5889","10000",1,0,0,0,0
"T24692S","9067","10000",1,0,0,0,0
"T24699A","94529","10000",1,0,0,0,0
"T24699D","V5889","10000",1,0,0,0,0
"T24699S","9067","10000",1,0,0,0,0
"T24701A","94530","10000",1,0,0,0,0
"T24701A","94540","10000",1,0,0,0,0
"T24701A","94550","10000",1,0,0,0,0
"T24701D","V5889","10000",1,0,0,0,0
"T24701S","9067","10000",1,0,0,0,0
"T24702A","94530","10000",1,0,0,0,0
"T24702A","94540","10000",1,0,0,0,0
"T24702A","94550","10000",1,0,0,0,0
"T24702D","V5889","10000",1,0,0,0,0
"T24702S","9067","10000",1,0,0,0,0
"T24709A","94530","10000",1,0,0,0,0
"T24709A","94540","10000",1,0,0,0,0
"T24709D","V5889","10000",1,0,0,0,0
"T24709S","9067","10000",1,0,0,0,0
"T24711A","94536","10000",1,0,0,0,0
"T24711A","94546","10000",1,0,0,0,0
"T24711A","94556","10000",1,0,0,0,0
"T24711D","V5889","10000",1,0,0,0,0
"T24711S","9067","10000",1,0,0,0,0
"T24712A","94536","10000",1,0,0,0,0
"T24712A","94546","10000",1,0,0,0,0
"T24712A","94556","10000",1,0,0,0,0
"T24712D","V5889","10000",1,0,0,0,0
"T24712S","9067","10000",1,0,0,0,0
"T24719A","94536","10000",1,0,0,0,0
"T24719A","94546","10000",1,0,0,0,0
"T24719D","V5889","10000",1,0,0,0,0
"T24719S","9067","10000",1,0,0,0,0
"T24721A","94535","10000",1,0,0,0,0
"T24721A","94545","10000",1,0,0,0,0
"T24721A","94555","10000",1,0,0,0,0
"T24721D","V5889","10000",1,0,0,0,0
"T24721S","9067","10000",1,0,0,0,0
"T24722A","94535","10000",1,0,0,0,0
"T24722A","94545","10000",1,0,0,0,0
"T24722A","94555","10000",1,0,0,0,0
"T24722D","V5889","10000",1,0,0,0,0
"T24722S","9067","10000",1,0,0,0,0
"T24729A","94535","10000",1,0,0,0,0
"T24729A","94545","10000",1,0,0,0,0
"T24729D","V5889","10000",1,0,0,0,0
"T24729S","9067","10000",1,0,0,0,0
"T24731A","94534","10000",1,0,0,0,0
"T24731A","94544","10000",1,0,0,0,0
"T24731A","94554","10000",1,0,0,0,0
"T24731D","V5889","10000",1,0,0,0,0
"T24731S","9067","10000",1,0,0,0,0
"T24732A","94534","10000",1,0,0,0,0
"T24732A","94544","10000",1,0,0,0,0
"T24732A","94554","10000",1,0,0,0,0
"T24732D","V5889","10000",1,0,0,0,0
"T24732S","9067","10000",1,0,0,0,0
"T24739A","94534","10000",1,0,0,0,0
"T24739A","94544","10000",1,0,0,0,0
"T24739D","V5889","10000",1,0,0,0,0
"T24739S","9067","10000",1,0,0,0,0
"T24791A","94539","10000",1,0,0,0,0
"T24791A","94549","10000",1,0,0,0,0
"T24791A","94559","10000",1,0,0,0,0
"T24791D","V5889","10000",1,0,0,0,0
"T24791S","9067","10000",1,0,0,0,0
"T24792A","94539","10000",1,0,0,0,0
"T24792A","94549","10000",1,0,0,0,0
"T24792A","94559","10000",1,0,0,0,0
"T24792D","V5889","10000",1,0,0,0,0
"T24792S","9067","10000",1,0,0,0,0
"T24799A","94539","10000",1,0,0,0,0
"T24799A","94549","10000",1,0,0,0,0
"T24799D","V5889","10000",1,0,0,0,0
"T24799S","9067","10000",1,0,0,0,0
"T25011A","94503","10000",1,0,0,0,0
"T25011D","V5889","10000",1,0,0,0,0
"T25011S","9067","10000",1,0,0,0,0
"T25012A","94503","10000",1,0,0,0,0
"T25012D","V5889","10000",1,0,0,0,0
"T25012S","9067","10000",1,0,0,0,0
"T25019A","94503","10000",1,0,0,0,0
"T25019D","V5889","10000",1,0,0,0,0
"T25019S","9067","10000",1,0,0,0,0
"T25021A","94502","10000",1,0,0,0,0
"T25021D","V5889","10000",1,0,0,0,0
"T25021S","9067","10000",1,0,0,0,0
"T25022A","94502","10000",1,0,0,0,0
"T25022D","V5889","10000",1,0,0,0,0
"T25022S","9067","10000",1,0,0,0,0
"T25029A","94502","10000",1,0,0,0,0
"T25029D","V5889","10000",1,0,0,0,0
"T25029S","9067","10000",1,0,0,0,0
"T25031A","94501","10000",1,0,0,0,0
"T25031D","V5889","10000",1,0,0,0,0
"T25031S","9067","10000",1,0,0,0,0
"T25032A","94501","10000",1,0,0,0,0
"T25032D","V5889","10000",1,0,0,0,0
"T25032S","9067","10000",1,0,0,0,0
"T25039A","94501","10000",1,0,0,0,0
"T25039D","V5889","10000",1,0,0,0,0
"T25039S","9067","10000",1,0,0,0,0
"T25091A","94509","10000",1,0,0,0,0
"T25091D","V5889","10000",1,0,0,0,0
"T25091S","9067","10000",1,0,0,0,0
"T25092A","94509","10000",1,0,0,0,0
"T25092D","V5889","10000",1,0,0,0,0
"T25092S","9067","10000",1,0,0,0,0
"T25099A","94509","10000",1,0,0,0,0
"T25099D","V5889","10000",1,0,0,0,0
"T25099S","9067","10000",1,0,0,0,0
"T25111A","94513","10000",1,0,0,0,0
"T25111D","V5889","10000",1,0,0,0,0
"T25111S","9067","10000",1,0,0,0,0
"T25112A","94513","10000",1,0,0,0,0
"T25112D","V5889","10000",1,0,0,0,0
"T25112S","9067","10000",1,0,0,0,0
"T25119A","94513","10000",1,0,0,0,0
"T25119D","V5889","10000",1,0,0,0,0
"T25119S","9067","10000",1,0,0,0,0
"T25121A","94512","10000",1,0,0,0,0
"T25121D","V5889","10000",1,0,0,0,0
"T25121S","9067","10000",1,0,0,0,0
"T25122A","94512","10000",1,0,0,0,0
"T25122D","V5889","10000",1,0,0,0,0
"T25122S","9067","10000",1,0,0,0,0
"T25129A","94512","10000",1,0,0,0,0
"T25129D","V5889","10000",1,0,0,0,0
"T25129S","9067","10000",1,0,0,0,0
"T25131A","94511","10000",1,0,0,0,0
"T25131D","V5889","10000",1,0,0,0,0
"T25131S","9067","10000",1,0,0,0,0
"T25132A","94511","10000",1,0,0,0,0
"T25132D","V5889","10000",1,0,0,0,0
"T25132S","9067","10000",1,0,0,0,0
"T25139A","94511","10000",1,0,0,0,0
"T25139D","V5889","10000",1,0,0,0,0
"T25139S","9067","10000",1,0,0,0,0
"T25191A","94519","10000",1,0,0,0,0
"T25191D","V5889","10000",1,0,0,0,0
"T25191S","9067","10000",1,0,0,0,0
"T25192A","94519","10000",1,0,0,0,0
"T25192D","V5889","10000",1,0,0,0,0
"T25192S","9067","10000",1,0,0,0,0
"T25199A","94519","10000",1,0,0,0,0
"T25199D","V5889","10000",1,0,0,0,0
"T25199S","9067","10000",1,0,0,0,0
"T25211A","94523","10000",1,0,0,0,0
"T25211D","V5889","10000",1,0,0,0,0
"T25211S","9067","10000",1,0,0,0,0
"T25212A","94523","10000",1,0,0,0,0
"T25212D","V5889","10000",1,0,0,0,0
"T25212S","9067","10000",1,0,0,0,0
"T25219A","94523","10000",1,0,0,0,0
"T25219D","V5889","10000",1,0,0,0,0
"T25219S","9067","10000",1,0,0,0,0
"T25221A","94522","10000",1,0,0,0,0
"T25221D","V5889","10000",1,0,0,0,0
"T25221S","9067","10000",1,0,0,0,0
"T25222A","94522","10000",1,0,0,0,0
"T25222D","V5889","10000",1,0,0,0,0
"T25222S","9067","10000",1,0,0,0,0
"T25229A","94522","10000",1,0,0,0,0
"T25229D","V5889","10000",1,0,0,0,0
"T25229S","9067","10000",1,0,0,0,0
"T25231A","94521","10000",1,0,0,0,0
"T25231D","V5889","10000",1,0,0,0,0
"T25231S","9067","10000",1,0,0,0,0
"T25232A","94521","10000",1,0,0,0,0
"T25232D","V5889","10000",1,0,0,0,0
"T25232S","9067","10000",1,0,0,0,0
"T25239A","94521","10000",1,0,0,0,0
"T25239D","V5889","10000",1,0,0,0,0
"T25239S","9067","10000",1,0,0,0,0
"T25291A","94529","10000",1,0,0,0,0
"T25291D","V5889","10000",1,0,0,0,0
"T25291S","9067","10000",1,0,0,0,0
"T25292A","94529","10000",1,0,0,0,0
"T25292D","V5889","10000",1,0,0,0,0
"T25292S","9067","10000",1,0,0,0,0
"T25299A","94529","10000",1,0,0,0,0
"T25299D","V5889","10000",1,0,0,0,0
"T25299S","9067","10000",1,0,0,0,0
"T25311A","94533","10000",1,0,0,0,0
"T25311A","94543","10000",1,0,0,0,0
"T25311A","94553","10000",1,0,0,0,0
"T25311D","V5889","10000",1,0,0,0,0
"T25311S","9067","10000",1,0,0,0,0
"T25312A","94533","10000",1,0,0,0,0
"T25312A","94543","10000",1,0,0,0,0
"T25312A","94553","10000",1,0,0,0,0
"T25312D","V5889","10000",1,0,0,0,0
"T25312S","9067","10000",1,0,0,0,0
"T25319A","94533","10000",1,0,0,0,0
"T25319A","94543","10000",1,0,0,0,0
"T25319D","V5889","10000",1,0,0,0,0
"T25319S","9067","10000",1,0,0,0,0
"T25321A","94532","10000",1,0,0,0,0
"T25321A","94542","10000",1,0,0,0,0
"T25321A","94552","10000",1,0,0,0,0
"T25321D","V5889","10000",1,0,0,0,0
"T25321S","9067","10000",1,0,0,0,0
"T25322A","94532","10000",1,0,0,0,0
"T25322A","94542","10000",1,0,0,0,0
"T25322A","94552","10000",1,0,0,0,0
"T25322D","V5889","10000",1,0,0,0,0
"T25322S","9067","10000",1,0,0,0,0
"T25329A","94532","10000",1,0,0,0,0
"T25329A","94542","10000",1,0,0,0,0
"T25329D","V5889","10000",1,0,0,0,0
"T25329S","9067","10000",1,0,0,0,0
"T25331A","94531","10000",1,0,0,0,0
"T25331A","94541","10000",1,0,0,0,0
"T25331A","94551","10000",1,0,0,0,0
"T25331D","V5889","10000",1,0,0,0,0
"T25331S","9067","10000",1,0,0,0,0
"T25332A","94531","10000",1,0,0,0,0
"T25332A","94541","10000",1,0,0,0,0
"T25332A","94551","10000",1,0,0,0,0
"T25332D","V5889","10000",1,0,0,0,0
"T25332S","9067","10000",1,0,0,0,0
"T25339A","94531","10000",1,0,0,0,0
"T25339A","94541","10000",1,0,0,0,0
"T25339D","V5889","10000",1,0,0,0,0
"T25339S","9067","10000",1,0,0,0,0
"T25391A","94539","10000",1,0,0,0,0
"T25391A","94549","10000",1,0,0,0,0
"T25391A","94559","10000",1,0,0,0,0
"T25391D","V5889","10000",1,0,0,0,0
"T25391S","9067","10000",1,0,0,0,0
"T25392A","94539","10000",1,0,0,0,0
"T25392A","94549","10000",1,0,0,0,0
"T25392A","94559","10000",1,0,0,0,0
"T25392D","V5889","10000",1,0,0,0,0
"T25392S","9067","10000",1,0,0,0,0
"T25399A","94539","10000",1,0,0,0,0
"T25399A","94549","10000",1,0,0,0,0
"T25399D","V5889","10000",1,0,0,0,0
"T25399S","9067","10000",1,0,0,0,0
"T25411A","94503","10000",1,0,0,0,0
"T25411D","V5889","10000",1,0,0,0,0
"T25411S","9067","10000",1,0,0,0,0
"T25412A","94503","10000",1,0,0,0,0
"T25412D","V5889","10000",1,0,0,0,0
"T25412S","9067","10000",1,0,0,0,0
"T25419A","94503","10000",1,0,0,0,0
"T25419D","V5889","10000",1,0,0,0,0
"T25419S","9067","10000",1,0,0,0,0
"T25421A","94502","10000",1,0,0,0,0
"T25421D","V5889","10000",1,0,0,0,0
"T25421S","9067","10000",1,0,0,0,0
"T25422A","94502","10000",1,0,0,0,0
"T25422D","V5889","10000",1,0,0,0,0
"T25422S","9067","10000",1,0,0,0,0
"T25429A","94502","10000",1,0,0,0,0
"T25429D","V5889","10000",1,0,0,0,0
"T25429S","9067","10000",1,0,0,0,0
"T25431A","94501","10000",1,0,0,0,0
"T25431D","V5889","10000",1,0,0,0,0
"T25431S","9067","10000",1,0,0,0,0
"T25432A","94501","10000",1,0,0,0,0
"T25432D","V5889","10000",1,0,0,0,0
"T25432S","9067","10000",1,0,0,0,0
"T25439A","94501","10000",1,0,0,0,0
"T25439D","V5889","10000",1,0,0,0,0
"T25439S","9067","10000",1,0,0,0,0
"T25491A","94509","10000",1,0,0,0,0
"T25491D","V5889","10000",1,0,0,0,0
"T25491S","9067","10000",1,0,0,0,0
"T25492A","94509","10000",1,0,0,0,0
"T25492D","V5889","10000",1,0,0,0,0
"T25492S","9067","10000",1,0,0,0,0
"T25499A","94509","10000",1,0,0,0,0
"T25499D","V5889","10000",1,0,0,0,0
"T25499S","9067","10000",1,0,0,0,0
"T25511A","94513","10000",1,0,0,0,0
"T25511D","V5889","10000",1,0,0,0,0
"T25511S","9067","10000",1,0,0,0,0
"T25512A","94513","10000",1,0,0,0,0
"T25512D","V5889","10000",1,0,0,0,0
"T25512S","9067","10000",1,0,0,0,0
"T25519A","94513","10000",1,0,0,0,0
"T25519D","V5889","10000",1,0,0,0,0
"T25519S","9067","10000",1,0,0,0,0
"T25521A","94512","10000",1,0,0,0,0
"T25521D","V5889","10000",1,0,0,0,0
"T25521S","9067","10000",1,0,0,0,0
"T25522A","94512","10000",1,0,0,0,0
"T25522D","V5889","10000",1,0,0,0,0
"T25522S","9067","10000",1,0,0,0,0
"T25529A","94512","10000",1,0,0,0,0
"T25529D","V5889","10000",1,0,0,0,0
"T25529S","9067","10000",1,0,0,0,0
"T25531A","94511","10000",1,0,0,0,0
"T25531D","V5889","10000",1,0,0,0,0
"T25531S","9067","10000",1,0,0,0,0
"T25532A","94511","10000",1,0,0,0,0
"T25532D","V5889","10000",1,0,0,0,0
"T25532S","9067","10000",1,0,0,0,0
"T25539A","94511","10000",1,0,0,0,0
"T25539D","V5889","10000",1,0,0,0,0
"T25539S","9067","10000",1,0,0,0,0
"T25591A","94519","10000",1,0,0,0,0
"T25591D","V5889","10000",1,0,0,0,0
"T25591S","9067","10000",1,0,0,0,0
"T25592A","94519","10000",1,0,0,0,0
"T25592D","V5889","10000",1,0,0,0,0
"T25592S","9067","10000",1,0,0,0,0
"T25599A","94519","10000",1,0,0,0,0
"T25599D","V5889","10000",1,0,0,0,0
"T25599S","9067","10000",1,0,0,0,0
"T25611A","94523","10000",1,0,0,0,0
"T25611D","V5889","10000",1,0,0,0,0
"T25611S","9067","10000",1,0,0,0,0
"T25612A","94523","10000",1,0,0,0,0
"T25612D","V5889","10000",1,0,0,0,0
"T25612S","9067","10000",1,0,0,0,0
"T25619A","94523","10000",1,0,0,0,0
"T25619D","V5889","10000",1,0,0,0,0
"T25619S","9067","10000",1,0,0,0,0
"T25621A","94522","10000",1,0,0,0,0
"T25621D","V5889","10000",1,0,0,0,0
"T25621S","9067","10000",1,0,0,0,0
"T25622A","94522","10000",1,0,0,0,0
"T25622D","V5889","10000",1,0,0,0,0
"T25622S","9067","10000",1,0,0,0,0
"T25629A","94522","10000",1,0,0,0,0
"T25629D","V5889","10000",1,0,0,0,0
"T25629S","9067","10000",1,0,0,0,0
"T25631A","94521","10000",1,0,0,0,0
"T25631D","V5889","10000",1,0,0,0,0
"T25631S","9067","10000",1,0,0,0,0
"T25632A","94521","10000",1,0,0,0,0
"T25632D","V5889","10000",1,0,0,0,0
"T25632S","9067","10000",1,0,0,0,0
"T25639A","94521","10000",1,0,0,0,0
"T25639D","V5889","10000",1,0,0,0,0
"T25639S","9067","10000",1,0,0,0,0
"T25691A","94529","10000",1,0,0,0,0
"T25691D","V5889","10000",1,0,0,0,0
"T25691S","9067","10000",1,0,0,0,0
"T25692A","94529","10000",1,0,0,0,0
"T25692D","V5889","10000",1,0,0,0,0
"T25692S","9067","10000",1,0,0,0,0
"T25699A","94529","10000",1,0,0,0,0
"T25699D","V5889","10000",1,0,0,0,0
"T25699S","9067","10000",1,0,0,0,0
"T25711A","94533","10000",1,0,0,0,0
"T25711A","94543","10000",1,0,0,0,0
"T25711A","94553","10000",1,0,0,0,0
"T25711D","V5889","10000",1,0,0,0,0
"T25711S","9067","10000",1,0,0,0,0
"T25712A","94533","10000",1,0,0,0,0
"T25712A","94543","10000",1,0,0,0,0
"T25712A","94553","10000",1,0,0,0,0
"T25712D","V5889","10000",1,0,0,0,0
"T25712S","9067","10000",1,0,0,0,0
"T25719A","94533","10000",1,0,0,0,0
"T25719A","94543","10000",1,0,0,0,0
"T25719D","V5889","10000",1,0,0,0,0
"T25719S","9067","10000",1,0,0,0,0
"T25721A","94532","10000",1,0,0,0,0
"T25721A","94542","10000",1,0,0,0,0
"T25721A","94552","10000",1,0,0,0,0
"T25721D","V5889","10000",1,0,0,0,0
"T25721S","9067","10000",1,0,0,0,0
"T25722A","94532","10000",1,0,0,0,0
"T25722A","94542","10000",1,0,0,0,0
"T25722A","94552","10000",1,0,0,0,0
"T25722D","V5889","10000",1,0,0,0,0
"T25722S","9067","10000",1,0,0,0,0
"T25729A","94532","10000",1,0,0,0,0
"T25729A","94542","10000",1,0,0,0,0
"T25729D","V5889","10000",1,0,0,0,0
"T25729S","9067","10000",1,0,0,0,0
"T25731A","94531","10000",1,0,0,0,0
"T25731A","94541","10000",1,0,0,0,0
"T25731A","94551","10000",1,0,0,0,0
"T25731D","V5889","10000",1,0,0,0,0
"T25731S","9067","10000",1,0,0,0,0
"T25732A","94531","10000",1,0,0,0,0
"T25732A","94541","10000",1,0,0,0,0
"T25732A","94551","10000",1,0,0,0,0
"T25732D","V5889","10000",1,0,0,0,0
"T25732S","9067","10000",1,0,0,0,0
"T25739A","94531","10000",1,0,0,0,0
"T25739A","94541","10000",1,0,0,0,0
"T25739D","V5889","10000",1,0,0,0,0
"T25739S","9067","10000",1,0,0,0,0
"T25791A","94539","10000",1,0,0,0,0
"T25791A","94549","10000",1,0,0,0,0
"T25791A","94559","10000",1,0,0,0,0
"T25791D","V5889","10000",1,0,0,0,0
"T25791S","9067","10000",1,0,0,0,0
"T25792A","94539","10000",1,0,0,0,0
"T25792A","94549","10000",1,0,0,0,0
"T25792A","94559","10000",1,0,0,0,0
"T25792D","V5889","10000",1,0,0,0,0
"T25792S","9067","10000",1,0,0,0,0
"T25799A","94539","10000",1,0,0,0,0
"T25799A","94549","10000",1,0,0,0,0
"T25799D","V5889","10000",1,0,0,0,0
"T25799S","9067","10000",1,0,0,0,0
"T2600XA","9401","10000",1,0,0,0,0
"T2600XD","V5889","10000",1,0,0,0,0
"T2600XS","9068","10000",1,0,0,0,0
"T2601XA","9401","10000",1,0,0,0,0
"T2601XD","V5889","10000",1,0,0,0,0
"T2601XS","9068","10000",1,0,0,0,0
"T2602XA","9401","10000",1,0,0,0,0
"T2602XD","V5889","10000",1,0,0,0,0
"T2602XS","9068","10000",1,0,0,0,0
"T2610XA","9404","10000",1,0,0,0,0
"T2610XD","V5889","10000",1,0,0,0,0
"T2610XS","9068","10000",1,0,0,0,0
"T2611XA","9404","10000",1,0,0,0,0
"T2611XD","V5889","10000",1,0,0,0,0
"T2611XS","9068","10000",1,0,0,0,0
"T2612XA","9404","10000",1,0,0,0,0
"T2612XD","V5889","10000",1,0,0,0,0
"T2612XS","9068","10000",1,0,0,0,0
"T2620XA","9405","10000",1,0,0,0,0
"T2620XA","94152","10000",1,0,0,0,0
"T2620XD","V5889","10000",1,0,0,0,0
"T2620XS","9068","10000",1,0,0,0,0
"T2621XA","9405","10000",1,0,0,0,0
"T2621XA","94152","10000",1,0,0,0,0
"T2621XD","V5889","10000",1,0,0,0,0
"T2621XS","9068","10000",1,0,0,0,0
"T2622XA","9405","10000",1,0,0,0,0
"T2622XA","94152","10000",1,0,0,0,0
"T2622XD","V5889","10000",1,0,0,0,0
"T2622XS","9068","10000",1,0,0,0,0
"T2630XA","9409","10000",1,0,0,0,0
"T2630XD","V5889","10000",1,0,0,0,0
"T2630XS","9068","10000",1,0,0,0,0
"T2631XA","9409","10000",1,0,0,0,0
"T2631XD","V5889","10000",1,0,0,0,0
"T2631XS","9068","10000",1,0,0,0,0
"T2632XA","9409","10000",1,0,0,0,0
"T2632XD","V5889","10000",1,0,0,0,0
"T2632XS","9068","10000",1,0,0,0,0
"T2640XA","9409","10000",1,0,0,0,0
"T2640XD","V5889","10000",1,0,0,0,0
"T2640XS","9068","10000",1,0,0,0,0
"T2641XA","9409","10000",1,0,0,0,0
"T2641XD","V5889","10000",1,0,0,0,0
"T2641XS","9068","10000",1,0,0,0,0
"T2642XA","9409","10000",1,0,0,0,0
"T2642XD","V5889","10000",1,0,0,0,0
"T2642XS","9068","10000",1,0,0,0,0
"T2650XA","9400","10000",1,0,0,0,0
"T2650XD","V5889","10000",1,0,0,0,0
"T2650XS","9068","10000",1,0,0,0,0
"T2651XA","9400","10000",1,0,0,0,0
"T2651XD","V5889","10000",1,0,0,0,0
"T2651XS","9068","10000",1,0,0,0,0
"T2652XA","9400","10000",1,0,0,0,0
"T2652XD","V5889","10000",1,0,0,0,0
"T2652XS","9068","10000",1,0,0,0,0
"T2660XA","9402","10000",1,0,0,0,0
"T2660XA","9403","10000",1,0,0,0,0
"T2660XD","V5889","10000",1,0,0,0,0
"T2660XS","9068","10000",1,0,0,0,0
"T2661XA","9402","10000",1,0,0,0,0
"T2661XA","9403","10000",1,0,0,0,0
"T2661XD","V5889","10000",1,0,0,0,0
"T2661XS","9068","10000",1,0,0,0,0
"T2662XA","9402","10000",1,0,0,0,0
"T2662XA","9403","10000",1,0,0,0,0
"T2662XD","V5889","10000",1,0,0,0,0
"T2662XS","9068","10000",1,0,0,0,0
"T2670XA","9405","10000",1,0,0,0,0
"T2670XD","V5889","10000",1,0,0,0,0
"T2670XS","9068","10000",1,0,0,0,0
"T2671XA","9405","10000",1,0,0,0,0
"T2671XD","V5889","10000",1,0,0,0,0
"T2671XS","9068","10000",1,0,0,0,0
"T2672XA","9405","10000",1,0,0,0,0
"T2672XD","V5889","10000",1,0,0,0,0
"T2672XS","9068","10000",1,0,0,0,0
"T2680XA","9409","10000",1,0,0,0,0
"T2680XD","V5889","10000",1,0,0,0,0
"T2680XS","9068","10000",1,0,0,0,0
"T2681XA","9409","10000",1,0,0,0,0
"T2681XD","V5889","10000",1,0,0,0,0
"T2681XS","9068","10000",1,0,0,0,0
"T2682XA","9409","10000",1,0,0,0,0
"T2682XD","V5889","10000",1,0,0,0,0
"T2682XS","9068","10000",1,0,0,0,0
"T2690XA","9409","10000",1,0,0,0,0
"T2690XD","V5889","10000",1,0,0,0,0
"T2690XS","9068","10000",1,0,0,0,0
"T2691XA","9409","10000",1,0,0,0,0
"T2691XD","V5889","10000",1,0,0,0,0
"T2691XS","9068","10000",1,0,0,0,0
"T2692XA","9409","10000",1,0,0,0,0
"T2692XD","V5889","10000",1,0,0,0,0
"T2692XS","9068","10000",1,0,0,0,0
"T270XXA","9471","10000",1,0,0,0,0
"T270XXD","V5889","10000",1,0,0,0,0
"T270XXS","9068","10000",1,0,0,0,0
"T271XXA","9471","10000",1,0,0,0,0
"T271XXD","V5889","10000",1,0,0,0,0
"T271XXS","9068","10000",1,0,0,0,0
"T272XXA","9471","10000",1,0,0,0,0
"T272XXD","V5889","10000",1,0,0,0,0
"T272XXS","9068","10000",1,0,0,0,0
"T273XXA","9471","10000",1,0,0,0,0
"T273XXD","V5889","10000",1,0,0,0,0
"T273XXS","9068","10000",1,0,0,0,0
"T274XXA","9471","10000",1,0,0,0,0
"T274XXD","V5889","10000",1,0,0,0,0
"T274XXS","9068","10000",1,0,0,0,0
"T275XXA","9471","10000",1,0,0,0,0
"T275XXD","V5889","10000",1,0,0,0,0
"T275XXS","9068","10000",1,0,0,0,0
"T276XXA","9471","10000",1,0,0,0,0
"T276XXD","V5889","10000",1,0,0,0,0
"T276XXS","9068","10000",1,0,0,0,0
"T277XXA","9471","10000",1,0,0,0,0
"T277XXD","V5889","10000",1,0,0,0,0
"T277XXS","9068","10000",1,0,0,0,0
"T280XXA","9470","10000",1,0,0,0,0
"T280XXD","V5889","10000",1,0,0,0,0
"T280XXS","9068","10000",1,0,0,0,0
"T281XXA","9472","10000",1,0,0,0,0
"T281XXD","V5889","10000",1,0,0,0,0
"T281XXS","9068","10000",1,0,0,0,0
"T282XXA","9473","10000",1,0,0,0,0
"T282XXD","V5889","10000",1,0,0,0,0
"T282XXS","9068","10000",1,0,0,0,0
"T283XXA","9474","10000",1,0,0,0,0
"T283XXA","9478","10000",1,0,0,0,0
"T283XXD","V5889","10000",1,0,0,0,0
"T283XXS","9068","10000",1,0,0,0,0
"T2840XA","9479","10000",1,0,0,0,0
"T2840XD","V5889","10000",1,0,0,0,0
"T2840XS","9068","10000",1,0,0,0,0
"T28411A","9478","10000",1,0,0,0,0
"T28411D","V5889","10000",1,0,0,0,0
"T28411S","9068","10000",1,0,0,0,0
"T28412A","9478","10000",1,0,0,0,0
"T28412D","V5889","10000",1,0,0,0,0
"T28412S","9068","10000",1,0,0,0,0
"T28419A","9478","10000",1,0,0,0,0
"T28419D","V5889","10000",1,0,0,0,0
"T28419S","9068","10000",1,0,0,0,0
"T2849XA","9478","10000",1,0,0,0,0
"T2849XD","V5889","10000",1,0,0,0,0
"T2849XS","9068","10000",1,0,0,0,0
"T285XXA","9470","10000",1,0,0,0,0
"T285XXD","V5889","10000",1,0,0,0,0
"T285XXS","9068","10000",1,0,0,0,0
"T286XXA","9472","10000",1,0,0,0,0
"T286XXD","V5889","10000",1,0,0,0,0
"T286XXS","9068","10000",1,0,0,0,0
"T287XXA","9473","10000",1,0,0,0,0
"T287XXD","V5889","10000",1,0,0,0,0
"T287XXS","9068","10000",1,0,0,0,0
"T288XXA","9474","10000",1,0,0,0,0
"T288XXA","9478","10000",1,0,0,0,0
"T288XXD","V5889","10000",1,0,0,0,0
"T288XXS","9068","10000",1,0,0,0,0
"T2890XA","9479","10000",1,0,0,0,0
"T2890XD","V5889","10000",1,0,0,0,0
"T2890XS","9068","10000",1,0,0,0,0
"T28911A","9478","10000",1,0,0,0,0
"T28911D","V5889","10000",1,0,0,0,0
"T28911S","9068","10000",1,0,0,0,0
"T28912A","9478","10000",1,0,0,0,0
"T28912D","V5889","10000",1,0,0,0,0
"T28912S","9068","10000",1,0,0,0,0
"T28919A","9478","10000",1,0,0,0,0
"T28919D","V5889","10000",1,0,0,0,0
"T28919S","9068","10000",1,0,0,0,0
"T2899XA","9478","10000",1,0,0,0,0
"T2899XD","V5889","10000",1,0,0,0,0
"T2899XS","9068","10000",1,0,0,0,0
"T300","9490","10000",1,0,0,0,0
"T304","9490","10000",1,0,0,0,0
"T310","94800","10000",1,0,0,0,0
"T3110","94810","10000",1,0,0,0,0
"T3111","94811","10000",1,0,0,0,0
"T3120","94820","10000",1,0,0,0,0
"T3121","94821","10000",1,0,0,0,0
"T3122","94822","10000",1,0,0,0,0
"T3130","94830","10000",1,0,0,0,0
"T3131","94831","10000",1,0,0,0,0
"T3132","94832","10000",1,0,0,0,0
"T3133","94833","10000",1,0,0,0,0
"T3140","94840","10000",1,0,0,0,0
"T3141","94841","10000",1,0,0,0,0
"T3142","94842","10000",1,0,0,0,0
"T3143","94843","10000",1,0,0,0,0
"T3144","94844","10000",1,0,0,0,0
"T3150","94850","10000",1,0,0,0,0
"T3151","94851","10000",1,0,0,0,0
"T3152","94852","10000",1,0,0,0,0
"T3153","94853","10000",1,0,0,0,0
"T3154","94854","10000",1,0,0,0,0
"T3155","94855","10000",1,0,0,0,0
"T3160","94860","10000",1,0,0,0,0
"T3161","94861","10000",1,0,0,0,0
"T3162","94862","10000",1,0,0,0,0
"T3163","94863","10000",1,0,0,0,0
"T3164","94864","10000",1,0,0,0,0
"T3165","94865","10000",1,0,0,0,0
"T3166","94866","10000",1,0,0,0,0
"T3170","94870","10000",1,0,0,0,0
"T3171","94871","10000",1,0,0,0,0
"T3172","94872","10000",1,0,0,0,0
"T3173","94873","10000",1,0,0,0,0
"T3174","94874","10000",1,0,0,0,0
"T3175","94875","10000",1,0,0,0,0
"T3176","94876","10000",1,0,0,0,0
"T3177","94877","10000",1,0,0,0,0
"T3180","94880","10000",1,0,0,0,0
"T3181","94881","10000",1,0,0,0,0
"T3182","94882","10000",1,0,0,0,0
"T3183","94883","10000",1,0,0,0,0
"T3184","94884","10000",1,0,0,0,0
"T3185","94885","10000",1,0,0,0,0
"T3186","94886","10000",1,0,0,0,0
"T3187","94887","10000",1,0,0,0,0
"T3188","94888","10000",1,0,0,0,0
"T3190","94890","10000",1,0,0,0,0
"T3191","94891","10000",1,0,0,0,0
"T3192","94892","10000",1,0,0,0,0
"T3193","94893","10000",1,0,0,0,0
"T3194","94894","10000",1,0,0,0,0
"T3195","94895","10000",1,0,0,0,0
"T3196","94896","10000",1,0,0,0,0
"T3197","94897","10000",1,0,0,0,0
"T3198","94898","10000",1,0,0,0,0
"T3199","94899","10000",1,0,0,0,0
"T320","94800","10000",1,0,0,0,0
"T3210","94810","10000",1,0,0,0,0
"T3211","94811","10000",1,0,0,0,0
"T3220","94820","10000",1,0,0,0,0
"T3221","94821","10000",1,0,0,0,0
"T3222","94822","10000",1,0,0,0,0
"T3230","94830","10000",1,0,0,0,0
"T3231","94831","10000",1,0,0,0,0
"T3232","94832","10000",1,0,0,0,0
"T3233","94833","10000",1,0,0,0,0
"T3240","94840","10000",1,0,0,0,0
"T3241","94841","10000",1,0,0,0,0
"T3242","94842","10000",1,0,0,0,0
"T3243","94843","10000",1,0,0,0,0
"T3244","94844","10000",1,0,0,0,0
"T3250","94850","10000",1,0,0,0,0
"T3251","94851","10000",1,0,0,0,0
"T3252","94852","10000",1,0,0,0,0
"T3253","94853","10000",1,0,0,0,0
"T3254","94854","10000",1,0,0,0,0
"T3255","94855","10000",1,0,0,0,0
"T3260","94860","10000",1,0,0,0,0
"T3261","94861","10000",1,0,0,0,0
"T3262","94862","10000",1,0,0,0,0
"T3263","94863","10000",1,0,0,0,0
"T3264","94864","10000",1,0,0,0,0
"T3265","94865","10000",1,0,0,0,0
"T3266","94866","10000",1,0,0,0,0
"T3270","94870","10000",1,0,0,0,0
"T3271","94871","10000",1,0,0,0,0
"T3272","94872","10000",1,0,0,0,0
"T3273","94873","10000",1,0,0,0,0
"T3274","94874","10000",1,0,0,0,0
"T3275","94875","10000",1,0,0,0,0
"T3276","94876","10000",1,0,0,0,0
"T3277","94877","10000",1,0,0,0,0
"T3280","94880","10000",1,0,0,0,0
"T3281","94881","10000",1,0,0,0,0
"T3282","94882","10000",1,0,0,0,0
"T3283","94883","10000",1,0,0,0,0
"T3284","94884","10000",1,0,0,0,0
"T3285","94885","10000",1,0,0,0,0
"T3286","94886","10000",1,0,0,0,0
"T3287","94887","10000",1,0,0,0,0
"T3288","94888","10000",1,0,0,0,0
"T3290","94890","10000",1,0,0,0,0
"T3291","94891","10000",1,0,0,0,0
"T3292","94892","10000",1,0,0,0,0
"T3293","94893","10000",1,0,0,0,0
"T3294","94894","10000",1,0,0,0,0
"T3295","94895","10000",1,0,0,0,0
"T3296","94896","10000",1,0,0,0,0
"T3297","94897","10000",1,0,0,0,0
"T3298","94898","10000",1,0,0,0,0
"T3299","94899","10000",1,0,0,0,0
"T33011A","9910","10000",1,0,0,0,0
"T33011D","V5889","10000",1,0,0,0,0
"T33011S","9094","10000",1,0,0,0,0
"T33012A","9910","10000",1,0,0,0,0
"T33012D","V5889","10000",1,0,0,0,0
"T33012S","9094","10000",1,0,0,0,0
"T33019A","9910","10000",1,0,0,0,0
"T33019D","V5889","10000",1,0,0,0,0
"T33019S","9094","10000",1,0,0,0,0
"T3302XA","9910","10000",1,0,0,0,0
"T3302XD","V5889","10000",1,0,0,0,0
"T3302XS","9094","10000",1,0,0,0,0
"T3309XA","9910","10000",1,0,0,0,0
"T3309XD","V5889","10000",1,0,0,0,0
"T3309XS","9094","10000",1,0,0,0,0
"T331XXA","9910","10000",1,0,0,0,0
"T331XXD","V5889","10000",1,0,0,0,0
"T331XXS","9094","10000",1,0,0,0,0
"T332XXA","9913","10000",1,0,0,0,0
"T332XXD","V5889","10000",1,0,0,0,0
"T332XXS","9094","10000",1,0,0,0,0
"T333XXA","9913","10000",1,0,0,0,0
"T333XXD","V5889","10000",1,0,0,0,0
"T333XXS","9094","10000",1,0,0,0,0
"T3340XA","9913","10000",1,0,0,0,0
"T3340XD","V5889","10000",1,0,0,0,0
"T3340XS","9094","10000",1,0,0,0,0
"T3341XA","9913","10000",1,0,0,0,0
"T3341XD","V5889","10000",1,0,0,0,0
"T3341XS","9094","10000",1,0,0,0,0
"T3342XA","9913","10000",1,0,0,0,0
"T3342XD","V5889","10000",1,0,0,0,0
"T3342XS","9094","10000",1,0,0,0,0
"T33511A","9911","10000",1,0,0,0,0
"T33511D","V5889","10000",1,0,0,0,0
"T33511S","9094","10000",1,0,0,0,0
"T33512A","9911","10000",1,0,0,0,0
"T33512D","V5889","10000",1,0,0,0,0
"T33512S","9094","10000",1,0,0,0,0
"T33519A","9911","10000",1,0,0,0,0
"T33519D","V5889","10000",1,0,0,0,0
"T33519S","9094","10000",1,0,0,0,0
"T33521A","9911","10000",1,0,0,0,0
"T33521D","V5889","10000",1,0,0,0,0
"T33521S","9094","10000",1,0,0,0,0
"T33522A","9911","10000",1,0,0,0,0
"T33522D","V5889","10000",1,0,0,0,0
"T33522S","9094","10000",1,0,0,0,0
"T33529A","9911","10000",1,0,0,0,0
"T33529D","V5889","10000",1,0,0,0,0
"T33529S","9094","10000",1,0,0,0,0
"T33531A","9911","10000",1,0,0,0,0
"T33531D","V5889","10000",1,0,0,0,0
"T33531S","9094","10000",1,0,0,0,0
"T33532A","9911","10000",1,0,0,0,0
"T33532D","V5889","10000",1,0,0,0,0
"T33532S","9094","10000",1,0,0,0,0
"T33539A","9911","10000",1,0,0,0,0
"T33539D","V5889","10000",1,0,0,0,0
"T33539S","9094","10000",1,0,0,0,0
"T3360XA","9913","10000",1,0,0,0,0
"T3360XD","V5889","10000",1,0,0,0,0
"T3360XS","9094","10000",1,0,0,0,0
"T3361XA","9913","10000",1,0,0,0,0
"T3361XD","V5889","10000",1,0,0,0,0
"T3361XS","9094","10000",1,0,0,0,0
"T3362XA","9913","10000",1,0,0,0,0
"T3362XD","V5889","10000",1,0,0,0,0
"T3362XS","9094","10000",1,0,0,0,0
"T3370XA","9913","10000",1,0,0,0,0
"T3370XD","V5889","10000",1,0,0,0,0
"T3370XS","9094","10000",1,0,0,0,0
"T3371XA","9913","10000",1,0,0,0,0
"T3371XD","V5889","10000",1,0,0,0,0
"T3371XS","9094","10000",1,0,0,0,0
"T3372XA","9913","10000",1,0,0,0,0
"T3372XD","V5889","10000",1,0,0,0,0
"T3372XS","9094","10000",1,0,0,0,0
"T33811A","9912","10000",1,0,0,0,0
"T33811D","V5889","10000",1,0,0,0,0
"T33811S","9094","10000",1,0,0,0,0
"T33812A","9912","10000",1,0,0,0,0
"T33812D","V5889","10000",1,0,0,0,0
"T33812S","9094","10000",1,0,0,0,0
"T33819A","9912","10000",1,0,0,0,0
"T33819D","V5889","10000",1,0,0,0,0
"T33819S","9094","10000",1,0,0,0,0
"T33821A","9912","10000",1,0,0,0,0
"T33821D","V5889","10000",1,0,0,0,0
"T33821S","9094","10000",1,0,0,0,0
"T33822A","9912","10000",1,0,0,0,0
"T33822D","V5889","10000",1,0,0,0,0
"T33822S","9094","10000",1,0,0,0,0
"T33829A","9912","10000",1,0,0,0,0
"T33829D","V5889","10000",1,0,0,0,0
"T33829S","9094","10000",1,0,0,0,0
"T33831A","9912","10000",1,0,0,0,0
"T33831D","V5889","10000",1,0,0,0,0
"T33831S","9094","10000",1,0,0,0,0
"T33832A","9912","10000",1,0,0,0,0
"T33832D","V5889","10000",1,0,0,0,0
"T33832S","9094","10000",1,0,0,0,0
"T33839A","9912","10000",1,0,0,0,0
"T33839D","V5889","10000",1,0,0,0,0
"T33839S","9094","10000",1,0,0,0,0
"T3390XA","9913","10000",1,0,0,0,0
"T3390XD","V5889","10000",1,0,0,0,0
"T3390XS","9094","10000",1,0,0,0,0
"T3399XA","9913","10000",1,0,0,0,0
"T3399XD","V5889","10000",1,0,0,0,0
"T3399XS","9094","10000",1,0,0,0,0
"T34011A","9910","10000",1,0,0,0,0
"T34011D","V5889","10000",1,0,0,0,0
"T34011S","9094","10000",1,0,0,0,0
"T34012A","9910","10000",1,0,0,0,0
"T34012D","V5889","10000",1,0,0,0,0
"T34012S","9094","10000",1,0,0,0,0
"T34019A","9910","10000",1,0,0,0,0
"T34019D","V5889","10000",1,0,0,0,0
"T34019S","9094","10000",1,0,0,0,0
"T3402XA","9910","10000",1,0,0,0,0
"T3402XD","V5889","10000",1,0,0,0,0
"T3402XS","9094","10000",1,0,0,0,0
"T3409XA","9910","10000",1,0,0,0,0
"T3409XD","V5889","10000",1,0,0,0,0
"T3409XS","9094","10000",1,0,0,0,0
"T341XXA","9910","10000",1,0,0,0,0
"T341XXD","V5889","10000",1,0,0,0,0
"T341XXS","9094","10000",1,0,0,0,0
"T342XXA","9913","10000",1,0,0,0,0
"T342XXD","V5889","10000",1,0,0,0,0
"T342XXS","9094","10000",1,0,0,0,0
"T343XXA","9913","10000",1,0,0,0,0
"T343XXD","V5889","10000",1,0,0,0,0
"T343XXS","9094","10000",1,0,0,0,0
"T3440XA","9913","10000",1,0,0,0,0
"T3440XD","V5889","10000",1,0,0,0,0
"T3440XS","9094","10000",1,0,0,0,0
"T3441XA","9913","10000",1,0,0,0,0
"T3441XD","V5889","10000",1,0,0,0,0
"T3441XS","9094","10000",1,0,0,0,0
"T3442XA","9913","10000",1,0,0,0,0
"T3442XD","V5889","10000",1,0,0,0,0
"T3442XS","9094","10000",1,0,0,0,0
"T34511A","9911","10000",1,0,0,0,0
"T34511D","V5889","10000",1,0,0,0,0
"T34511S","9094","10000",1,0,0,0,0
"T34512A","9911","10000",1,0,0,0,0
"T34512D","V5889","10000",1,0,0,0,0
"T34512S","9094","10000",1,0,0,0,0
"T34519A","9911","10000",1,0,0,0,0
"T34519D","V5889","10000",1,0,0,0,0
"T34519S","9094","10000",1,0,0,0,0
"T34521A","9911","10000",1,0,0,0,0
"T34521D","V5889","10000",1,0,0,0,0
"T34521S","9094","10000",1,0,0,0,0
"T34522A","9911","10000",1,0,0,0,0
"T34522D","V5889","10000",1,0,0,0,0
"T34522S","9094","10000",1,0,0,0,0
"T34529A","9911","10000",1,0,0,0,0
"T34529D","V5889","10000",1,0,0,0,0
"T34529S","9094","10000",1,0,0,0,0
"T34531A","9911","10000",1,0,0,0,0
"T34531D","V5889","10000",1,0,0,0,0
"T34531S","9094","10000",1,0,0,0,0
"T34532A","9911","10000",1,0,0,0,0
"T34532D","V5889","10000",1,0,0,0,0
"T34532S","9094","10000",1,0,0,0,0
"T34539A","9911","10000",1,0,0,0,0
"T34539D","V5889","10000",1,0,0,0,0
"T34539S","9094","10000",1,0,0,0,0
"T3460XA","9913","10000",1,0,0,0,0
"T3460XD","V5889","10000",1,0,0,0,0
"T3460XS","9094","10000",1,0,0,0,0
"T3461XA","9913","10000",1,0,0,0,0
"T3461XD","V5889","10000",1,0,0,0,0
"T3461XS","9094","10000",1,0,0,0,0
"T3462XA","9913","10000",1,0,0,0,0
"T3462XD","V5889","10000",1,0,0,0,0
"T3462XS","9094","10000",1,0,0,0,0
"T3470XA","9913","10000",1,0,0,0,0
"T3470XD","V5889","10000",1,0,0,0,0
"T3470XS","9094","10000",1,0,0,0,0
"T3471XA","9913","10000",1,0,0,0,0
"T3471XD","V5889","10000",1,0,0,0,0
"T3471XS","9094","10000",1,0,0,0,0
"T3472XA","9913","10000",1,0,0,0,0
"T3472XD","V5889","10000",1,0,0,0,0
"T3472XS","9094","10000",1,0,0,0,0
"T34811A","9912","10000",1,0,0,0,0
"T34811D","V5889","10000",1,0,0,0,0
"T34811S","9094","10000",1,0,0,0,0
"T34812A","9912","10000",1,0,0,0,0
"T34812D","V5889","10000",1,0,0,0,0
"T34812S","9094","10000",1,0,0,0,0
"T34819A","9912","10000",1,0,0,0,0
"T34819D","V5889","10000",1,0,0,0,0
"T34819S","9094","10000",1,0,0,0,0
"T34821A","9912","10000",1,0,0,0,0
"T34821D","V5889","10000",1,0,0,0,0
"T34821S","9094","10000",1,0,0,0,0
"T34822A","9912","10000",1,0,0,0,0
"T34822D","V5889","10000",1,0,0,0,0
"T34822S","9094","10000",1,0,0,0,0
"T34829A","9912","10000",1,0,0,0,0
"T34829D","V5889","10000",1,0,0,0,0
"T34829S","9094","10000",1,0,0,0,0
"T34831A","9912","10000",1,0,0,0,0
"T34831D","V5889","10000",1,0,0,0,0
"T34831S","9094","10000",1,0,0,0,0
"T34832A","9912","10000",1,0,0,0,0
"T34832D","V5889","10000",1,0,0,0,0
"T34832S","9094","10000",1,0,0,0,0
"T34839A","9912","10000",1,0,0,0,0
"T34839D","V5889","10000",1,0,0,0,0
"T34839S","9094","10000",1,0,0,0,0
"T3490XA","9913","10000",1,0,0,0,0
"T3490XD","V5889","10000",1,0,0,0,0
"T3490XS","9094","10000",1,0,0,0,0
"T3499XA","9913","10000",1,0,0,0,0
"T3499XD","V5889","10000",1,0,0,0,0
"T3499XS","9094","10000",1,0,0,0,0
"T360X1A","9600","10111",1,0,1,1,1
"T360X1A","E856","10112",1,0,1,1,2
"T360X1D","V5889","10000",1,0,0,0,0
"T360X1S","9090","10111",1,0,1,1,1
"T360X1S","E9292","10112",1,0,1,1,2
"T360X2A","9600","10111",1,0,1,1,1
"T360X2A","E9504","10112",1,0,1,1,2
"T360X2D","V5889","10000",1,0,0,0,0
"T360X2S","9090","10111",1,0,1,1,1
"T360X2S","E959","10112",1,0,1,1,2
"T360X3A","9600","10111",1,0,1,1,1
"T360X3A","E9620","10112",1,0,1,1,2
"T360X3D","V5889","10000",1,0,0,0,0
"T360X3S","9090","10111",1,0,1,1,1
"T360X3S","E969","10112",1,0,1,1,2
"T360X4A","9600","10111",1,0,1,1,1
"T360X4A","E9804","10112",1,0,1,1,2
"T360X4D","V5889","10000",1,0,0,0,0
"T360X4S","9090","10111",1,0,1,1,1
"T360X4S","E989","10112",1,0,1,1,2
"T360X5A","99529","10111",1,0,1,1,1
"T360X5A","E9300","10112",1,0,1,1,2
"T360X5D","V5889","10000",1,0,0,0,0
"T360X5S","9095","10111",1,0,1,1,1
"T360X5S","E9300","10112",1,0,1,1,2
"T360X6A","NoDx","11000",1,1,0,0,0
"T360X6D","NoDx","11000",1,1,0,0,0
"T360X6S","NoDx","11000",1,1,0,0,0
"T361X1A","9605","10111",1,0,1,1,1
"T361X1A","E856","10112",1,0,1,1,2
"T361X1D","V5889","10000",1,0,0,0,0
"T361X1S","9090","10111",1,0,1,1,1
"T361X1S","E9292","10112",1,0,1,1,2
"T361X2A","9605","10111",1,0,1,1,1
"T361X2A","E9504","10112",1,0,1,1,2
"T361X2D","V5889","10000",1,0,0,0,0
"T361X2S","9090","10111",1,0,1,1,1
"T361X2S","E959","10112",1,0,1,1,2
"T361X3A","9605","10111",1,0,1,1,1
"T361X3A","E9620","10112",1,0,1,1,2
"T361X3D","V5889","10000",1,0,0,0,0
"T361X3S","9090","10111",1,0,1,1,1
"T361X3S","E969","10112",1,0,1,1,2
"T361X4A","9605","10111",1,0,1,1,1
"T361X4A","E9804","10112",1,0,1,1,2
"T361X4D","V5889","10000",1,0,0,0,0
"T361X4S","9090","10111",1,0,1,1,1
"T361X4S","E989","10112",1,0,1,1,2
"T361X5A","99529","10111",1,0,1,1,1
"T361X5A","E9305","10112",1,0,1,1,2
"T361X5D","V5889","10000",1,0,0,0,0
"T361X5S","9095","10111",1,0,1,1,1
"T361X5S","E9305","10112",1,0,1,1,2
"T361X6A","NoDx","11000",1,1,0,0,0
"T361X6D","NoDx","11000",1,1,0,0,0
"T361X6S","NoDx","11000",1,1,0,0,0
"T362X1A","9602","10111",1,0,1,1,1
"T362X1A","E856","10112",1,0,1,1,2
"T362X1D","V5889","10000",1,0,0,0,0
"T362X1S","9090","10111",1,0,1,1,1
"T362X1S","E9292","10112",1,0,1,1,2
"T362X2A","9602","10111",1,0,1,1,1
"T362X2A","E9504","10112",1,0,1,1,2
"T362X2D","V5889","10000",1,0,0,0,0
"T362X2S","9090","10111",1,0,1,1,1
"T362X2S","E959","10112",1,0,1,1,2
"T362X3A","9602","10111",1,0,1,1,1
"T362X3A","E9620","10112",1,0,1,1,2
"T362X3D","V5889","10000",1,0,0,0,0
"T362X3S","9090","10111",1,0,1,1,1
"T362X3S","E969","10112",1,0,1,1,2
"T362X4A","9602","10111",1,0,1,1,1
"T362X4A","E9804","10112",1,0,1,1,2
"T362X4D","V5889","10000",1,0,0,0,0
"T362X4S","9090","10111",1,0,1,1,1
"T362X4S","E989","10112",1,0,1,1,2
"T362X5A","99529","10111",1,0,1,1,1
"T362X5A","E9302","10112",1,0,1,1,2
"T362X5D","V5889","10000",1,0,0,0,0
"T362X5S","9095","10111",1,0,1,1,1
"T362X5S","E9302","10112",1,0,1,1,2
"T362X6A","NoDx","11000",1,1,0,0,0
"T362X6D","NoDx","11000",1,1,0,0,0
"T362X6S","NoDx","11000",1,1,0,0,0
"T363X1A","9603","10111",1,0,1,1,1
"T363X1A","E856","10112",1,0,1,1,2
"T363X1D","V5889","10000",1,0,0,0,0
"T363X1S","9090","10111",1,0,1,1,1
"T363X1S","E9292","10112",1,0,1,1,2
"T363X2A","9603","10111",1,0,1,1,1
"T363X2A","E9504","10112",1,0,1,1,2
"T363X2D","V5889","10000",1,0,0,0,0
"T363X2S","9090","10111",1,0,1,1,1
"T363X2S","E959","10112",1,0,1,1,2
"T363X3A","9603","10111",1,0,1,1,1
"T363X3A","E9620","10112",1,0,1,1,2
"T363X3D","V5889","10000",1,0,0,0,0
"T363X3S","9090","10111",1,0,1,1,1
"T363X3S","E969","10112",1,0,1,1,2
"T363X4A","9603","10111",1,0,1,1,1
"T363X4A","E9804","10112",1,0,1,1,2
"T363X4D","V5889","10000",1,0,0,0,0
"T363X4S","9090","10111",1,0,1,1,1
"T363X4S","E989","10112",1,0,1,1,2
"T363X5A","99529","10111",1,0,1,1,1
"T363X5A","E9303","10112",1,0,1,1,2
"T363X5D","V5889","10000",1,0,0,0,0
"T363X5S","9095","10111",1,0,1,1,1
"T363X5S","E9303","10112",1,0,1,1,2
"T363X6A","NoDx","11000",1,1,0,0,0
"T363X6D","NoDx","11000",1,1,0,0,0
"T363X6S","NoDx","11000",1,1,0,0,0
"T364X1A","9604","10111",1,0,1,1,1
"T364X1A","E856","10112",1,0,1,1,2
"T364X1D","V5889","10000",1,0,0,0,0
"T364X1S","9090","10111",1,0,1,1,1
"T364X1S","E9292","10112",1,0,1,1,2
"T364X2A","9604","10111",1,0,1,1,1
"T364X2A","E9504","10112",1,0,1,1,2
"T364X2D","V5889","10000",1,0,0,0,0
"T364X2S","9090","10111",1,0,1,1,1
"T364X2S","E959","10112",1,0,1,1,2
"T364X3A","9604","10111",1,0,1,1,1
"T364X3A","E9620","10112",1,0,1,1,2
"T364X3D","V5889","10000",1,0,0,0,0
"T364X3S","9090","10111",1,0,1,1,1
"T364X3S","E969","10112",1,0,1,1,2
"T364X4A","9604","10111",1,0,1,1,1
"T364X4A","E9804","10112",1,0,1,1,2
"T364X4D","V5889","10000",1,0,0,0,0
"T364X4S","9090","10111",1,0,1,1,1
"T364X4S","E989","10112",1,0,1,1,2
"T364X5A","99529","10111",1,0,1,1,1
"T364X5A","E9304","10112",1,0,1,1,2
"T364X5D","V5889","10000",1,0,0,0,0
"T364X5S","9095","10111",1,0,1,1,1
"T364X5S","E9304","10112",1,0,1,1,2
"T364X6A","NoDx","11000",1,1,0,0,0
"T364X6D","NoDx","11000",1,1,0,0,0
"T364X6S","NoDx","11000",1,1,0,0,0
"T365X1A","9608","10111",1,0,1,1,1
"T365X1A","E856","10112",1,0,1,1,2
"T365X1D","V5889","10000",1,0,0,0,0
"T365X1S","9090","10111",1,0,1,1,1
"T365X1S","E9292","10112",1,0,1,1,2
"T365X2A","9608","10111",1,0,1,1,1
"T365X2A","E9504","10112",1,0,1,1,2
"T365X2D","V5889","10000",1,0,0,0,0
"T365X2S","9090","10111",1,0,1,1,1
"T365X2S","E959","10112",1,0,1,1,2
"T365X3A","9608","10111",1,0,1,1,1
"T365X3A","E9620","10112",1,0,1,1,2
"T365X3D","V5889","10000",1,0,0,0,0
"T365X3S","9090","10111",1,0,1,1,1
"T365X3S","E969","10112",1,0,1,1,2
"T365X4A","9608","10111",1,0,1,1,1
"T365X4A","E9504","10112",1,0,1,1,2
"T365X4D","V5889","10000",1,0,0,0,0
"T365X4S","9090","10111",1,0,1,1,1
"T365X4S","E989","10112",1,0,1,1,2
"T365X5A","99529","10111",1,0,1,1,1
"T365X5A","E9308","10112",1,0,1,1,2
"T365X5D","V5889","10000",1,0,0,0,0
"T365X5S","9095","10111",1,0,1,1,1
"T365X5S","E9308","10112",1,0,1,1,2
"T365X6A","NoDx","11000",1,1,0,0,0
"T365X6D","NoDx","11000",1,1,0,0,0
"T365X6S","NoDx","11000",1,1,0,0,0
"T366X1A","9606","10111",1,0,1,1,1
"T366X1A","E856","10112",1,0,1,1,2
"T366X1D","V5889","10000",1,0,0,0,0
"T366X1S","9090","10111",1,0,1,1,1
"T366X1S","E9292","10112",1,0,1,1,2
"T366X2A","9606","10111",1,0,1,1,1
"T366X2A","E9504","10112",1,0,1,1,2
"T366X2D","V5889","10000",1,0,0,0,0
"T366X2S","9090","10111",1,0,1,1,1
"T366X2S","E959","10112",1,0,1,1,2
"T366X3A","9606","10111",1,0,1,1,1
"T366X3A","E9620","10112",1,0,1,1,2
"T366X3D","V5889","10000",1,0,0,0,0
"T366X3S","9090","10111",1,0,1,1,1
"T366X3S","E969","10112",1,0,1,1,2
"T366X4A","9606","10111",1,0,1,1,1
"T366X4A","E9804","10112",1,0,1,1,2
"T366X4D","V5889","10000",1,0,0,0,0
"T366X4S","9090","10111",1,0,1,1,1
"T366X4S","E989","10112",1,0,1,1,2
"T366X5A","99529","10111",1,0,1,1,1
"T366X5A","E9306","10112",1,0,1,1,2
"T366X5D","V5889","10000",1,0,0,0,0
"T366X5S","9095","10111",1,0,1,1,1
"T366X5S","E9306","10112",1,0,1,1,2
"T366X6A","NoDx","11000",1,1,0,0,0
"T366X6D","NoDx","11000",1,1,0,0,0
"T366X6S","NoDx","11000",1,1,0,0,0
"T367X1A","9601","10111",1,0,1,1,1
"T367X1A","E856","10112",1,0,1,1,2
"T367X1D","V5889","10000",1,0,0,0,0
"T367X1S","9090","10111",1,0,1,1,1
"T367X1S","E9292","10112",1,0,1,1,2
"T367X2A","9601","10111",1,0,1,1,1
"T367X2A","E9504","10112",1,0,1,1,2
"T367X2D","V5889","10000",1,0,0,0,0
"T367X2S","9090","10111",1,0,1,1,1
"T367X2S","E959","10112",1,0,1,1,2
"T367X3A","9601","10111",1,0,1,1,1
"T367X3A","E9620","10112",1,0,1,1,2
"T367X3D","V5889","10000",1,0,0,0,0
"T367X3S","9090","10111",1,0,1,1,1
"T367X3S","E969","10112",1,0,1,1,2
"T367X4A","9601","10111",1,0,1,1,1
"T367X4A","E9804","10112",1,0,1,1,2
"T367X4D","V5889","10000",1,0,0,0,0
"T367X4S","9090","10111",1,0,1,1,1
"T367X4S","E989","10112",1,0,1,1,2
"T367X5A","99529","10111",1,0,1,1,1
"T367X5A","E9301","10112",1,0,1,1,2
"T367X5D","V5889","10000",1,0,0,0,0
"T367X5S","9095","10111",1,0,1,1,1
"T367X5S","E9301","10112",1,0,1,1,2
"T367X6A","NoDx","11000",1,1,0,0,0
"T367X6D","NoDx","11000",1,1,0,0,0
"T367X6S","NoDx","11000",1,1,0,0,0
"T368X1A","9608","10111",1,0,1,1,1
"T368X1A","E856","10112",1,0,1,1,2
"T368X1D","V5889","10000",1,0,0,0,0
"T368X1S","9090","10111",1,0,1,1,1
"T368X1S","E9292","10112",1,0,1,1,2
"T368X2A","9608","10111",1,0,1,1,1
"T368X2A","E9504","10112",1,0,1,1,2
"T368X2D","V5889","10000",1,0,0,0,0
"T368X2S","9090","10111",1,0,1,1,1
"T368X2S","E959","10112",1,0,1,1,2
"T368X3A","9608","10111",1,0,1,1,1
"T368X3A","E9620","10112",1,0,1,1,2
"T368X3D","V5889","10000",1,0,0,0,0
"T368X3S","9090","10111",1,0,1,1,1
"T368X3S","E969","10112",1,0,1,1,2
"T368X4A","9608","10111",1,0,1,1,1
"T368X4A","E9804","10112",1,0,1,1,2
"T368X4D","V5889","10000",1,0,0,0,0
"T368X4S","9090","10111",1,0,1,1,1
"T368X4S","E989","10112",1,0,1,1,2
"T368X5A","99529","10111",1,0,1,1,1
"T368X5A","E9308","10112",1,0,1,1,2
"T368X5D","V5889","10000",1,0,0,0,0
"T368X5S","9095","10111",1,0,1,1,1
"T368X5S","E9308","10112",1,0,1,1,2
"T368X6A","NoDx","11000",1,1,0,0,0
"T368X6D","NoDx","11000",1,1,0,0,0
"T368X6S","NoDx","11000",1,1,0,0,0
"T3691XA","9609","10111",1,0,1,1,1
"T3691XA","E856","10112",1,0,1,1,2
"T3691XD","V5889","10000",1,0,0,0,0
"T3691XS","9090","10111",1,0,1,1,1
"T3691XS","E9292","10112",1,0,1,1,2
"T3692XA","9609","10111",1,0,1,1,1
"T3692XA","E9504","10112",1,0,1,1,2
"T3692XD","V5889","10000",1,0,0,0,0
"T3692XS","9090","10111",1,0,1,1,1
"T3692XS","E959","10112",1,0,1,1,2
"T3693XA","9609","10111",1,0,1,1,1
"T3693XA","E9620","10112",1,0,1,1,2
"T3693XD","V5889","10000",1,0,0,0,0
"T3693XS","9090","10111",1,0,1,1,1
"T3693XS","E969","10112",1,0,1,1,2
"T3694XA","9609","10111",1,0,1,1,1
"T3694XA","E9804","10112",1,0,1,1,2
"T3694XD","V5889","10000",1,0,0,0,0
"T3694XS","9090","10111",1,0,1,1,1
"T3694XS","E989","10112",1,0,1,1,2
"T3695XA","99529","10111",1,0,1,1,1
"T3695XA","E9308","10112",1,0,1,1,2
"T3695XD","V5889","10000",1,0,0,0,0
"T3695XS","9095","10111",1,0,1,1,1
"T3695XS","E9308","10112",1,0,1,1,2
"T3696XA","NoDx","11000",1,1,0,0,0
"T3696XD","NoDx","11000",1,1,0,0,0
"T3696XS","NoDx","11000",1,1,0,0,0
"T370X1A","9610","10111",1,0,1,1,1
"T370X1A","E857","10112",1,0,1,1,2
"T370X1D","V5889","10000",1,0,0,0,0
"T370X1S","9090","10111",1,0,1,1,1
"T370X1S","E9292","10112",1,0,1,1,2
"T370X2A","9610","10111",1,0,1,1,1
"T370X2A","E9504","10112",1,0,1,1,2
"T370X2D","V5889","10000",1,0,0,0,0
"T370X2S","9090","10111",1,0,1,1,1
"T370X2S","E959","10112",1,0,1,1,2
"T370X3A","9610","10111",1,0,1,1,1
"T370X3A","E9620","10112",1,0,1,1,2
"T370X3D","V5889","10000",1,0,0,0,0
"T370X3S","9090","10111",1,0,1,1,1
"T370X3S","E969","10112",1,0,1,1,2
"T370X4A","9610","10111",1,0,1,1,1
"T370X4A","E9804","10112",1,0,1,1,2
"T370X4D","V5889","10000",1,0,0,0,0
"T370X4S","9090","10111",1,0,1,1,1
"T370X4S","E989","10112",1,0,1,1,2
"T370X5A","99529","10111",1,0,1,1,1
"T370X5A","E9310","10112",1,0,1,1,2
"T370X5D","V5889","10000",1,0,0,0,0
"T370X5S","9095","10111",1,0,1,1,1
"T370X5S","E9310","10112",1,0,1,1,2
"T370X6A","NoDx","11000",1,1,0,0,0
"T370X6D","NoDx","11000",1,1,0,0,0
"T370X6S","NoDx","11000",1,1,0,0,0
"T371X1A","9618","10111",1,0,1,1,1
"T371X1A","E857","10112",1,0,1,1,2
"T371X1D","V5889","10000",1,0,0,0,0
"T371X1S","9090","10111",1,0,1,1,1
"T371X1S","E9292","10112",1,0,1,1,2
"T371X2A","9618","10111",1,0,1,1,1
"T371X2A","E9504","10112",1,0,1,1,2
"T371X2D","V5889","10000",1,0,0,0,0
"T371X2S","9090","10111",1,0,1,1,1
"T371X2S","E959","10112",1,0,1,1,2
"T371X3A","9618","10111",1,0,1,1,1
"T371X3A","E9620","10112",1,0,1,1,2
"T371X3D","V5889","10000",1,0,0,0,0
"T371X3S","9090","10111",1,0,1,1,1
"T371X3S","E969","10112",1,0,1,1,2
"T371X4A","9618","10111",1,0,1,1,1
"T371X4A","E9804","10112",1,0,1,1,2
"T371X4D","V5889","10000",1,0,0,0,0
"T371X4S","9090","10111",1,0,1,1,1
"T371X4S","E989","10112",1,0,1,1,2
"T371X5A","99529","10111",1,0,1,1,1
"T371X5A","E9306","10112",1,0,1,1,2
"T371X5D","V5889","10000",1,0,0,0,0
"T371X5S","9095","10111",1,0,1,1,1
"T371X5S","E9306","10112",1,0,1,1,2
"T371X6A","NoDx","11000",1,1,0,0,0
"T371X6D","NoDx","11000",1,1,0,0,0
"T371X6S","NoDx","11000",1,1,0,0,0
"T372X1A","9614","10111",1,0,1,1,1
"T372X1A","E857","10112",1,0,1,1,2
"T372X1D","V5889","10000",1,0,0,0,0
"T372X1S","9090","10111",1,0,1,1,1
"T372X1S","E9292","10112",1,0,1,1,2
"T372X2A","9614","10111",1,0,1,1,1
"T372X2A","E9504","10112",1,0,1,1,2
"T372X2D","V5889","10000",1,0,0,0,0
"T372X2S","9090","10111",1,0,1,1,1
"T372X2S","E959","10112",1,0,1,1,2
"T372X3A","9614","10111",1,0,1,1,1
"T372X3A","E9620","10112",1,0,1,1,2
"T372X3D","V5889","10000",1,0,0,0,0
"T372X3S","9090","10111",1,0,1,1,1
"T372X3S","E969","10112",1,0,1,1,2
"T372X4A","9614","10111",1,0,1,1,1
"T372X4A","E9804","10112",1,0,1,1,2
"T372X4D","V5889","10000",1,0,0,0,0
"T372X4S","9090","10111",1,0,1,1,1
"T372X4S","E989","10112",1,0,1,1,2
"T372X5A","99529","10111",1,0,1,1,1
"T372X5A","E9314","10112",1,0,1,1,2
"T372X5D","V5889","10000",1,0,0,0,0
"T372X5S","9095","10111",1,0,1,1,1
"T372X5S","E9314","10112",1,0,1,1,2
"T372X6A","NoDx","11000",1,1,0,0,0
"T372X6D","NoDx","11000",1,1,0,0,0
"T372X6S","NoDx","11000",1,1,0,0,0
"T373X1A","9615","10111",1,0,1,1,1
"T373X1A","E857","10112",1,0,1,1,2
"T373X1D","V5889","10000",1,0,0,0,0
"T373X1S","9090","10111",1,0,1,1,1
"T373X1S","E9292","10112",1,0,1,1,2
"T373X2A","9615","10111",1,0,1,1,1
"T373X2A","E9504","10112",1,0,1,1,2
"T373X2D","V5889","10000",1,0,0,0,0
"T373X2S","9090","10111",1,0,1,1,1
"T373X2S","E959","10112",1,0,1,1,2
"T373X3A","9615","10111",1,0,1,1,1
"T373X3A","E9620","10112",1,0,1,1,2
"T373X3D","V5889","10000",1,0,0,0,0
"T373X3S","9090","10111",1,0,1,1,1
"T373X3S","E969","10112",1,0,1,1,2
"T373X4A","9615","10111",1,0,1,1,1
"T373X4A","E9804","10112",1,0,1,1,2
"T373X4D","V5889","10000",1,0,0,0,0
"T373X4S","9090","10111",1,0,1,1,1
"T373X4S","E989","10112",1,0,1,1,2
"T373X5A","99529","10111",1,0,1,1,1
"T373X5A","E9315","10112",1,0,1,1,2
"T373X5D","V5889","10000",1,0,0,0,0
"T373X5S","9095","10111",1,0,1,1,1
"T373X5S","E9315","10112",1,0,1,1,2
"T373X6A","NoDx","11000",1,1,0,0,0
"T373X6D","NoDx","11000",1,1,0,0,0
"T373X6S","NoDx","11000",1,1,0,0,0
"T374X1A","9616","10111",1,0,1,1,1
"T374X1A","E857","10112",1,0,1,1,2
"T374X1D","V5889","10000",1,0,0,0,0
"T374X1S","9090","10111",1,0,1,1,1
"T374X1S","E9292","10112",1,0,1,1,2
"T374X2A","9616","10111",1,0,1,1,1
"T374X2A","E9504","10112",1,0,1,1,2
"T374X2D","V5889","10000",1,0,0,0,0
"T374X2S","9090","10111",1,0,1,1,1
"T374X2S","E959","10112",1,0,1,1,2
"T374X3A","9616","10111",1,0,1,1,1
"T374X3A","E9620","10112",1,0,1,1,2
"T374X3D","V5889","10000",1,0,0,0,0
"T374X3S","9090","10111",1,0,1,1,1
"T374X3S","E969","10112",1,0,1,1,2
"T374X4A","9616","10111",1,0,1,1,1
"T374X4A","E9804","10112",1,0,1,1,2
"T374X4D","V5889","10000",1,0,0,0,0
"T374X4S","9090","10111",1,0,1,1,1
"T374X4S","E989","10112",1,0,1,1,2
"T374X5A","99529","10111",1,0,1,1,1
"T374X5A","E9316","10112",1,0,1,1,2
"T374X5D","V5889","10000",1,0,0,0,0
"T374X5S","9095","10111",1,0,1,1,1
"T374X5S","E9316","10112",1,0,1,1,2
"T374X6A","NoDx","11000",1,1,0,0,0
"T374X6D","NoDx","11000",1,1,0,0,0
"T374X6S","NoDx","11000",1,1,0,0,0
"T375X1A","9617","10111",1,0,1,1,1
"T375X1A","E857","10112",1,0,1,1,2
"T375X1D","V5889","10000",1,0,0,0,0
"T375X1S","9090","10111",1,0,1,1,1
"T375X1S","E9292","10112",1,0,1,1,2
"T375X2A","9617","10111",1,0,1,1,1
"T375X2A","E9504","10112",1,0,1,1,2
"T375X2D","V5889","10000",1,0,0,0,0
"T375X2S","9090","10111",1,0,1,1,1
"T375X2S","E959","10112",1,0,1,1,2
"T375X3A","9617","10111",1,0,1,1,1
"T375X3A","E9620","10112",1,0,1,1,2
"T375X3D","V5889","10000",1,0,0,0,0
"T375X3S","9090","10111",1,0,1,1,1
"T375X3S","E969","10112",1,0,1,1,2
"T375X4A","9617","10111",1,0,1,1,1
"T375X4A","E9804","10112",1,0,1,1,2
"T375X4D","V5889","10000",1,0,0,0,0
"T375X4S","9090","10111",1,0,1,1,1
"T375X4S","E989","10112",1,0,1,1,2
"T375X5A","99529","10111",1,0,1,1,1
"T375X5A","E9317","10112",1,0,1,1,2
"T375X5D","V5889","10000",1,0,0,0,0
"T375X5S","9095","10111",1,0,1,1,1
"T375X5S","E9317","10112",1,0,1,1,2
"T375X6A","NoDx","11000",1,1,0,0,0
"T375X6D","NoDx","11000",1,1,0,0,0
"T375X6S","NoDx","11000",1,1,0,0,0
"T378X1A","9619","10111",1,0,1,1,1
"T378X1A","E857","10112",1,0,1,1,2
"T378X1D","V5889","10000",1,0,0,0,0
"T378X1S","9090","10111",1,0,1,1,1
"T378X1S","E9292","10112",1,0,1,1,2
"T378X2A","9619","10111",1,0,1,1,1
"T378X2A","E9504","10112",1,0,1,1,2
"T378X2D","V5889","10000",1,0,0,0,0
"T378X2S","9090","10111",1,0,1,1,1
"T378X2S","E959","10112",1,0,1,1,2
"T378X3A","9619","10111",1,0,1,1,1
"T378X3A","E9620","10112",1,0,1,1,2
"T378X3D","V5889","10000",1,0,0,0,0
"T378X3S","9090","10111",1,0,1,1,1
"T378X3S","E969","10112",1,0,1,1,2
"T378X4A","9619","10111",1,0,1,1,1
"T378X4A","E9804","10112",1,0,1,1,2
"T378X4D","V5889","10000",1,0,0,0,0
"T378X4S","9090","10111",1,0,1,1,1
"T378X4S","E989","10112",1,0,1,1,2
"T378X5A","99529","10111",1,0,1,1,1
"T378X5A","E9319","10112",1,0,1,1,2
"T378X5D","V5889","10000",1,0,0,0,0
"T378X5S","9095","10111",1,0,1,1,1
"T378X5S","E9319","10112",1,0,1,1,2
"T378X6A","NoDx","11000",1,1,0,0,0
"T378X6D","NoDx","11000",1,1,0,0,0
"T378X6S","NoDx","11000",1,1,0,0,0
"T3791XA","9619","10111",1,0,1,1,1
"T3791XA","E857","10112",1,0,1,1,2
"T3791XD","V5889","10000",1,0,0,0,0
"T3791XS","9090","10111",1,0,1,1,1
"T3791XS","E9292","10112",1,0,1,1,2
"T3792XA","9619","10111",1,0,1,1,1
"T3792XA","E9504","10112",1,0,1,1,2
"T3792XD","V5889","10000",1,0,0,0,0
"T3792XS","9090","10111",1,0,1,1,1
"T3792XS","E959","10112",1,0,1,1,2
"T3793XA","9619","10111",1,0,1,1,1
"T3793XA","E9620","10112",1,0,1,1,2
"T3793XD","V5889","10000",1,0,0,0,0
"T3793XS","9090","10111",1,0,1,1,1
"T3793XS","E969","10112",1,0,1,1,2
"T3794XA","9619","10111",1,0,1,1,1
"T3794XA","E9804","10112",1,0,1,1,2
"T3794XD","V5889","10000",1,0,0,0,0
"T3794XS","9090","10111",1,0,1,1,1
"T3794XS","E989","10112",1,0,1,1,2
"T3795XA","99529","10111",1,0,1,1,1
"T3795XA","E9319","10112",1,0,1,1,2
"T3795XD","V5889","10000",1,0,0,0,0
"T3795XS","9095","10111",1,0,1,1,1
"T3795XS","E9319","10112",1,0,1,1,2
"T3796XA","NoDx","11000",1,1,0,0,0
"T3796XD","NoDx","11000",1,1,0,0,0
"T3796XS","NoDx","11000",1,1,0,0,0
"T380X1A","9620","10111",1,0,1,1,1
"T380X1A","E8580","10112",1,0,1,1,2
"T380X1D","V5889","10000",1,0,0,0,0
"T380X1S","9090","10111",1,0,1,1,1
"T380X1S","E9292","10112",1,0,1,1,2
"T380X2A","9620","10111",1,0,1,1,1
"T380X2A","E9504","10112",1,0,1,1,2
"T380X2D","V5889","10000",1,0,0,0,0
"T380X2S","9090","10111",1,0,1,1,1
"T380X2S","E959","10112",1,0,1,1,2
"T380X3A","9620","10111",1,0,1,1,1
"T380X3A","E9620","10112",1,0,1,1,2
"T380X3D","V5889","10000",1,0,0,0,0
"T380X3S","9090","10111",1,0,1,1,1
"T380X3S","E969","10112",1,0,1,1,2
"T380X4A","9620","10111",1,0,1,1,1
"T380X4A","E9804","10112",1,0,1,1,2
"T380X4D","V5889","10000",1,0,0,0,0
"T380X4S","9090","10111",1,0,1,1,1
"T380X4S","E989","10112",1,0,1,1,2
"T380X5A","99529","10111",1,0,1,1,1
"T380X5A","E9320","10112",1,0,1,1,2
"T380X5D","V5889","10000",1,0,0,0,0
"T380X5S","9095","10111",1,0,1,1,1
"T380X5S","E9320","10112",1,0,1,1,2
"T380X6A","NoDx","11000",1,1,0,0,0
"T380X6D","NoDx","11000",1,1,0,0,0
"T380X6S","NoDx","11000",1,1,0,0,0
"T381X1A","9627","10111",1,0,1,1,1
"T381X1A","E8580","10112",1,0,1,1,2
"T381X1D","V5889","10000",1,0,0,0,0
"T381X1S","9090","10111",1,0,1,1,1
"T381X1S","E9292","10112",1,0,1,1,2
"T381X2A","9627","10111",1,0,1,1,1
"T381X2A","E9504","10112",1,0,1,1,2
"T381X2D","V5889","10000",1,0,0,0,0
"T381X2S","9090","10111",1,0,1,1,1
"T381X2S","E959","10112",1,0,1,1,2
"T381X3A","9627","10111",1,0,1,1,1
"T381X3A","E9620","10112",1,0,1,1,2
"T381X3D","V5889","10000",1,0,0,0,0
"T381X3S","9090","10111",1,0,1,1,1
"T381X3S","E969","10112",1,0,1,1,2
"T381X4A","9627","10111",1,0,1,1,1
"T381X4A","E9804","10112",1,0,1,1,2
"T381X4D","V5889","10000",1,0,0,0,0
"T381X4S","9090","10111",1,0,1,1,1
"T381X4S","E989","10112",1,0,1,1,2
"T381X5A","99529","10111",1,0,1,1,1
"T381X5A","E9327","10112",1,0,1,1,2
"T381X5D","V5889","10000",1,0,0,0,0
"T381X5S","9095","10111",1,0,1,1,1
"T381X5S","E9327","10112",1,0,1,1,2
"T381X6A","NoDx","11000",1,1,0,0,0
"T381X6D","NoDx","11000",1,1,0,0,0
"T381X6S","NoDx","11000",1,1,0,0,0
"T382X1A","9628","10111",1,0,1,1,1
"T382X1A","E8580","10112",1,0,1,1,2
"T382X1D","V5889","10000",1,0,0,0,0
"T382X1S","9090","10111",1,0,1,1,1
"T382X1S","E9292","10112",1,0,1,1,2
"T382X2A","9628","10111",1,0,1,1,1
"T382X2A","E9504","10112",1,0,1,1,2
"T382X2D","V5889","10000",1,0,0,0,0
"T382X2S","9090","10111",1,0,1,1,1
"T382X2S","E959","10112",1,0,1,1,2
"T382X3A","9628","10111",1,0,1,1,1
"T382X3A","E9620","10112",1,0,1,1,2
"T382X3D","V5889","10000",1,0,0,0,0
"T382X3S","9090","10111",1,0,1,1,1
"T382X3S","E969","10112",1,0,1,1,2
"T382X4A","9628","10111",1,0,1,1,1
"T382X4A","E9804","10112",1,0,1,1,2
"T382X4D","V5889","10000",1,0,0,0,0
"T382X4S","9090","10111",1,0,1,1,1
"T382X4S","E989","10112",1,0,1,1,2
"T382X5A","99529","10111",1,0,1,1,1
"T382X5A","E9328","10112",1,0,1,1,2
"T382X5D","V5889","10000",1,0,0,0,0
"T382X5S","9095","10111",1,0,1,1,1
"T382X5S","E9328","10112",1,0,1,1,2
"T382X6A","NoDx","11000",1,1,0,0,0
"T382X6D","NoDx","11000",1,1,0,0,0
"T382X6S","NoDx","11000",1,1,0,0,0
"T383X1A","9623","10111",1,0,1,1,1
"T383X1A","E8588","10112",1,0,1,1,2
"T383X1D","V5889","10000",1,0,0,0,0
"T383X1S","9090","10111",1,0,1,1,1
"T383X1S","E9292","10112",1,0,1,1,2
"T383X2A","9623","10111",1,0,1,1,1
"T383X2A","E9504","10112",1,0,1,1,2
"T383X2D","V5889","10000",1,0,0,0,0
"T383X2S","9090","10111",1,0,1,1,1
"T383X2S","E959","10112",1,0,1,1,2
"T383X3A","9623","10111",1,0,1,1,1
"T383X3A","E9620","10112",1,0,1,1,2
"T383X3D","V5889","10000",1,0,0,0,0
"T383X3S","9090","10111",1,0,1,1,1
"T383X3S","E969","10112",1,0,1,1,2
"T383X4A","9623","10111",1,0,1,1,1
"T383X4A","E9804","10112",1,0,1,1,2
"T383X4D","V5889","10000",1,0,0,0,0
"T383X4S","9090","10111",1,0,1,1,1
"T383X4S","E989","10112",1,0,1,1,2
"T383X5A","99523","10111",1,0,1,1,1
"T383X5A","E9323","10112",1,0,1,1,2
"T383X5D","V5889","10000",1,0,0,0,0
"T383X5S","9095","10111",1,0,1,1,1
"T383X5S","E9323","10112",1,0,1,1,2
"T383X6A","NoDx","11000",1,1,0,0,0
"T383X6D","NoDx","11000",1,1,0,0,0
"T383X6S","NoDx","11000",1,1,0,0,0
"T384X1A","9622","10111",1,0,1,1,1
"T384X1A","E8580","10112",1,0,1,1,2
"T384X1D","V5889","10000",1,0,0,0,0
"T384X1S","9090","10111",1,0,1,1,1
"T384X1S","E9292","10112",1,0,1,1,2
"T384X2A","9622","10111",1,0,1,1,1
"T384X2A","E9504","10112",1,0,1,1,2
"T384X2D","V5889","10000",1,0,0,0,0
"T384X2S","9090","10111",1,0,1,1,1
"T384X2S","E959","10112",1,0,1,1,2
"T384X3A","9622","10111",1,0,1,1,1
"T384X3A","E9620","10112",1,0,1,1,2
"T384X3D","V5889","10000",1,0,0,0,0
"T384X3S","9090","10111",1,0,1,1,1
"T384X3S","E969","10112",1,0,1,1,2
"T384X4A","9622","10111",1,0,1,1,1
"T384X4A","E9804","10112",1,0,1,1,2
"T384X4D","V5889","10000",1,0,0,0,0
"T384X4S","9090","10111",1,0,1,1,1
"T384X4S","E989","10112",1,0,1,1,2
"T384X5A","99529","10111",1,0,1,1,1
"T384X5A","E9322","10112",1,0,1,1,2
"T384X5D","V5889","10000",1,0,0,0,0
"T384X5S","9095","10111",1,0,1,1,1
"T384X5S","E9322","10112",1,0,1,1,2
"T384X6A","NoDx","11000",1,1,0,0,0
"T384X6D","NoDx","11000",1,1,0,0,0
"T384X6S","NoDx","11000",1,1,0,0,0
"T385X1A","9622","10111",1,0,1,1,1
"T385X1A","E8580","10112",1,0,1,1,2
"T385X1D","V5889","10000",1,0,0,0,0
"T385X1S","9090","10111",1,0,1,1,1
"T385X1S","E9292","10112",1,0,1,1,2
"T385X2A","9622","10111",1,0,1,1,1
"T385X2A","E9504","10112",1,0,1,1,2
"T385X2D","V5889","10000",1,0,0,0,0
"T385X2S","9090","10111",1,0,1,1,1
"T385X2S","E959","10112",1,0,1,1,2
"T385X3A","9622","10111",1,0,1,1,1
"T385X3A","E9620","10112",1,0,1,1,2
"T385X3D","V5889","10000",1,0,0,0,0
"T385X3S","9090","10111",1,0,1,1,1
"T385X3S","E969","10112",1,0,1,1,2
"T385X4A","9622","10111",1,0,1,1,1
"T385X4A","E9804","10112",1,0,1,1,2
"T385X4D","V5889","10000",1,0,0,0,0
"T385X4S","9090","10111",1,0,1,1,1
"T385X4S","E989","10112",1,0,1,1,2
"T385X5A","99529","10111",1,0,1,1,1
"T385X5A","E9322","10112",1,0,1,1,2
"T385X5D","V5889","10000",1,0,0,0,0
"T385X5S","9095","10111",1,0,1,1,1
"T385X5S","E9322","10112",1,0,1,1,2
"T385X6A","NoDx","11000",1,1,0,0,0
"T385X6D","NoDx","11000",1,1,0,0,0
"T385X6S","NoDx","11000",1,1,0,0,0
"T386X1A","9621","10111",1,0,1,1,1
"T386X1A","E8580","10112",1,0,1,1,2
"T386X1D","V5889","10000",1,0,0,0,0
"T386X1S","9090","10111",1,0,1,1,1
"T386X1S","E9292","10112",1,0,1,1,2
"T386X2A","9621","10111",1,0,1,1,1
"T386X2A","E9504","10112",1,0,1,1,2
"T386X2D","V5889","10000",1,0,0,0,0
"T386X2S","9090","10111",1,0,1,1,1
"T386X2S","E959","10112",1,0,1,1,2
"T386X3A","9621","10111",1,0,1,1,1
"T386X3A","E9620","10112",1,0,1,1,2
"T386X3D","V5889","10000",1,0,0,0,0
"T386X3S","9090","10111",1,0,1,1,1
"T386X3S","E969","10112",1,0,1,1,2
"T386X4A","9621","10111",1,0,1,1,1
"T386X4A","E9804","10112",1,0,1,1,2
"T386X4D","V5889","10000",1,0,0,0,0
"T386X4S","9090","10111",1,0,1,1,1
"T386X4S","E989","10112",1,0,1,1,2
"T386X5A","99529","10111",1,0,1,1,1
"T386X5A","E9329","10112",1,0,1,1,2
"T386X5D","V5889","10000",1,0,0,0,0
"T386X5S","9095","10111",1,0,1,1,1
"T386X5S","E9329","10112",1,0,1,1,2
"T386X6A","NoDx","11000",1,1,0,0,0
"T386X6D","NoDx","11000",1,1,0,0,0
"T386X6S","NoDx","11000",1,1,0,0,0
"T387X1A","9621","10111",1,0,1,1,1
"T387X1A","E8580","10112",1,0,1,1,2
"T387X1D","V5889","10000",1,0,0,0,0
"T387X1S","9090","10111",1,0,1,1,1
"T387X1S","E9292","10112",1,0,1,1,2
"T387X2A","9621","10111",1,0,1,1,1
"T387X2A","E9504","10112",1,0,1,1,2
"T387X2D","V5889","10000",1,0,0,0,0
"T387X2S","9090","10111",1,0,1,1,1
"T387X2S","E959","10112",1,0,1,1,2
"T387X3A","9621","10111",1,0,1,1,1
"T387X3A","E9620","10112",1,0,1,1,2
"T387X3D","V5889","10000",1,0,0,0,0
"T387X3S","9090","10111",1,0,1,1,1
"T387X3S","E969","10112",1,0,1,1,2
"T387X4A","9621","10111",1,0,1,1,1
"T387X4A","E9804","10112",1,0,1,1,2
"T387X4D","V5889","10000",1,0,0,0,0
"T387X4S","9090","10111",1,0,1,1,1
"T387X4S","E989","10112",1,0,1,1,2
"T387X5A","99529","10111",1,0,1,1,1
"T387X5A","E9321","10112",1,0,1,1,2
"T387X5D","V5889","10000",1,0,0,0,0
"T387X5S","9095","10111",1,0,1,1,1
"T387X5S","E9321","10112",1,0,1,1,2
"T387X6A","NoDx","11000",1,1,0,0,0
"T387X6D","NoDx","11000",1,1,0,0,0
"T387X6S","NoDx","11000",1,1,0,0,0
"T38801A","9629","10111",1,0,1,1,1
"T38801A","E8580","10112",1,0,1,1,2
"T38801D","V5889","10000",1,0,0,0,0
"T38801S","9090","10111",1,0,1,1,1
"T38801S","E9292","10112",1,0,1,1,2
"T38802A","9629","10111",1,0,1,1,1
"T38802A","E9504","10112",1,0,1,1,2
"T38802D","V5889","10000",1,0,0,0,0
"T38802S","9090","10111",1,0,1,1,1
"T38802S","E959","10112",1,0,1,1,2
"T38803A","9629","10111",1,0,1,1,1
"T38803A","E9620","10112",1,0,1,1,2
"T38803D","V5889","10000",1,0,0,0,0
"T38803S","9090","10111",1,0,1,1,1
"T38803S","E969","10112",1,0,1,1,2
"T38804A","9629","10111",1,0,1,1,1
"T38804A","E9804","10112",1,0,1,1,2
"T38804D","V5889","10000",1,0,0,0,0
"T38804S","9090","10111",1,0,1,1,1
"T38804S","E989","10112",1,0,1,1,2
"T38805A","99529","10111",1,0,1,1,1
"T38805A","E9329","10112",1,0,1,1,2
"T38805D","V5889","10000",1,0,0,0,0
"T38805S","9095","10111",1,0,1,1,1
"T38805S","E9329","10112",1,0,1,1,2
"T38806A","NoDx","11000",1,1,0,0,0
"T38806D","NoDx","11000",1,1,0,0,0
"T38806S","NoDx","11000",1,1,0,0,0
"T38811A","9624","10111",1,0,1,1,1
"T38811A","E8580","10112",1,0,1,1,2
"T38811D","V5889","10000",1,0,0,0,0
"T38811S","9090","10111",1,0,1,1,1
"T38811S","E9292","10112",1,0,1,1,2
"T38812A","9624","10111",1,0,1,1,1
"T38812A","E9504","10112",1,0,1,1,2
"T38812D","V5889","10000",1,0,0,0,0
"T38812S","9090","10111",1,0,1,1,1
"T38812S","E959","10112",1,0,1,1,2
"T38813A","9624","10111",1,0,1,1,1
"T38813A","E9620","10112",1,0,1,1,2
"T38813D","V5889","10000",1,0,0,0,0
"T38813S","9090","10111",1,0,1,1,1
"T38813S","E969","10112",1,0,1,1,2
"T38814A","9624","10111",1,0,1,1,1
"T38814A","E9804","10112",1,0,1,1,2
"T38814D","V5889","10000",1,0,0,0,0
"T38814S","9090","10111",1,0,1,1,1
"T38814S","E989","10112",1,0,1,1,2
"T38815A","99529","10111",1,0,1,1,1
"T38815A","E9324","10112",1,0,1,1,2
"T38815D","V5889","10000",1,0,0,0,0
"T38815S","9095","10111",1,0,1,1,1
"T38815S","E9324","10112",1,0,1,1,2
"T38816A","NoDx","11000",1,1,0,0,0
"T38816D","NoDx","11000",1,1,0,0,0
"T38816S","NoDx","11000",1,1,0,0,0
"T38891A","9629","10111",1,0,1,1,1
"T38891A","E8580","10112",1,0,1,1,2
"T38891D","V5889","10000",1,0,0,0,0
"T38891S","9090","10111",1,0,1,1,1
"T38891S","E9292","10112",1,0,1,1,2
"T38892A","9629","10111",1,0,1,1,1
"T38892A","E9504","10112",1,0,1,1,2
"T38892D","V5889","10000",1,0,0,0,0
"T38892S","9090","10111",1,0,1,1,1
"T38892S","E959","10112",1,0,1,1,2
"T38893A","9629","10111",1,0,1,1,1
"T38893A","E9620","10112",1,0,1,1,2
"T38893D","V5889","10000",1,0,0,0,0
"T38893S","9090","10111",1,0,1,1,1
"T38893S","E969","10112",1,0,1,1,2
"T38894A","9629","10111",1,0,1,1,1
"T38894A","E9804","10112",1,0,1,1,2
"T38894D","V5889","10000",1,0,0,0,0
"T38894S","9090","10111",1,0,1,1,1
"T38894S","E989","10112",1,0,1,1,2
"T38895A","99529","10111",1,0,1,1,1
"T38895A","E9329","10112",1,0,1,1,2
"T38895D","V5889","10000",1,0,0,0,0
"T38895S","9095","10111",1,0,1,1,1
"T38895S","E9329","10112",1,0,1,1,2
"T38896A","NoDx","11000",1,1,0,0,0
"T38896D","NoDx","11000",1,1,0,0,0
"T38896S","NoDx","11000",1,1,0,0,0
"T38901A","9629","10111",1,0,1,1,1
"T38901A","E8580","10112",1,0,1,1,2
"T38901D","V5889","10000",1,0,0,0,0
"T38901S","9090","10111",1,0,1,1,1
"T38901S","E9292","10112",1,0,1,1,2
"T38902A","9629","10111",1,0,1,1,1
"T38902A","E9504","10112",1,0,1,1,2
"T38902D","V5889","10000",1,0,0,0,0
"T38902S","9090","10111",1,0,1,1,1
"T38902S","E959","10112",1,0,1,1,2
"T38903A","9629","10111",1,0,1,1,1
"T38903A","E9620","10112",1,0,1,1,2
"T38903D","V5889","10000",1,0,0,0,0
"T38903S","9090","10111",1,0,1,1,1
"T38903S","E969","10112",1,0,1,1,2
"T38904A","9629","10111",1,0,1,1,1
"T38904A","E9804","10112",1,0,1,1,2
"T38904D","V5889","10000",1,0,0,0,0
"T38904S","9090","10111",1,0,1,1,1
"T38904S","E989","10112",1,0,1,1,2
"T38905A","99529","10111",1,0,1,1,1
"T38905A","E9329","10112",1,0,1,1,2
"T38905D","V5889","10000",1,0,0,0,0
"T38905S","9095","10111",1,0,1,1,1
"T38905S","E9329","10112",1,0,1,1,2
"T38906A","NoDx","11000",1,1,0,0,0
"T38906D","NoDx","11000",1,1,0,0,0
"T38906S","NoDx","11000",1,1,0,0,0
"T38991A","9629","10111",1,0,1,1,1
"T38991A","E8580","10112",1,0,1,1,2
"T38991D","V5889","10000",1,0,0,0,0
"T38991S","9090","10111",1,0,1,1,1
"T38991S","E9292","10112",1,0,1,1,2
"T38992A","9629","10111",1,0,1,1,1
"T38992A","E9504","10112",1,0,1,1,2
"T38992D","V5889","10000",1,0,0,0,0
"T38992S","9090","10111",1,0,1,1,1
"T38992S","E959","10112",1,0,1,1,2
"T38993A","9629","10111",1,0,1,1,1
"T38993A","E9620","10112",1,0,1,1,2
"T38993D","V5889","10000",1,0,0,0,0
"T38993S","9090","10111",1,0,1,1,1
"T38993S","E969","10112",1,0,1,1,2
"T38994A","9629","10111",1,0,1,1,1
"T38994A","E9804","10112",1,0,1,1,2
"T38994D","V5889","10000",1,0,0,0,0
"T38994S","9090","10111",1,0,1,1,1
"T38994S","E989","10112",1,0,1,1,2
"T38995A","99529","10111",1,0,1,1,1
"T38995A","E9329","10112",1,0,1,1,2
"T38995D","V5889","10000",1,0,0,0,0
"T38995S","9095","10111",1,0,1,1,1
"T38995S","E9329","10112",1,0,1,1,2
"T38996A","NoDx","11000",1,1,0,0,0
"T38996D","NoDx","11000",1,1,0,0,0
"T38996S","NoDx","11000",1,1,0,0,0
"T39011A","9651","10111",1,0,1,1,1
"T39011A","E8503","10112",1,0,1,1,2
"T39011D","V5889","10000",1,0,0,0,0
"T39011S","9090","10111",1,0,1,1,1
"T39011S","E9292","10112",1,0,1,1,2
"T39012A","9651","10111",1,0,1,1,1
"T39012A","E9500","10112",1,0,1,1,2
"T39012D","V5889","10000",1,0,0,0,0
"T39012S","9090","10111",1,0,1,1,1
"T39012S","E959","10112",1,0,1,1,2
"T39013A","9651","10111",1,0,1,1,1
"T39013A","E9620","10112",1,0,1,1,2
"T39013D","V5889","10000",1,0,0,0,0
"T39013S","9090","10111",1,0,1,1,1
"T39013S","E969","10112",1,0,1,1,2
"T39014A","9651","10111",1,0,1,1,1
"T39014A","E9800","10112",1,0,1,1,2
"T39014D","V5889","10000",1,0,0,0,0
"T39014S","9090","10111",1,0,1,1,1
"T39014S","E989","10112",1,0,1,1,2
"T39015A","99529","10111",1,0,1,1,1
"T39015A","E9353","10112",1,0,1,1,2
"T39015D","V5889","10000",1,0,0,0,0
"T39015S","9095","10111",1,0,1,1,1
"T39015S","E9353","10112",1,0,1,1,2
"T39016A","NoDx","11000",1,1,0,0,0
"T39016D","NoDx","11000",1,1,0,0,0
"T39016S","NoDx","11000",1,1,0,0,0
"T39091A","9651","10111",1,0,1,1,1
"T39091A","E8503","10112",1,0,1,1,2
"T39091D","V5889","10000",1,0,0,0,0
"T39091S","9090","10111",1,0,1,1,1
"T39091S","E9292","10112",1,0,1,1,2
"T39092A","9651","10111",1,0,1,1,1
"T39092A","E9500","10112",1,0,1,1,2
"T39092D","V5889","10000",1,0,0,0,0
"T39092S","9090","10111",1,0,1,1,1
"T39092S","E959","10112",1,0,1,1,2
"T39093A","9651","10111",1,0,1,1,1
"T39093A","E9620","10112",1,0,1,1,2
"T39093D","V5889","10000",1,0,0,0,0
"T39093S","9090","10111",1,0,1,1,1
"T39093S","E969","10112",1,0,1,1,2
"T39094A","9651","10111",1,0,1,1,1
"T39094A","E9800","10112",1,0,1,1,2
"T39094D","V5889","10000",1,0,0,0,0
"T39094S","9090","10111",1,0,1,1,1
"T39094S","E989","10112",1,0,1,1,2
"T39095A","99529","10111",1,0,1,1,1
"T39095A","E9353","10112",1,0,1,1,2
"T39095D","V5889","10000",1,0,0,0,0
"T39095S","9095","10111",1,0,1,1,1
"T39095S","E9353","10112",1,0,1,1,2
"T39096A","NoDx","11000",1,1,0,0,0
"T39096D","NoDx","11000",1,1,0,0,0
"T39096S","NoDx","11000",1,1,0,0,0
"T391X1A","9654","10111",1,0,1,1,1
"T391X1A","E8504","10112",1,0,1,1,2
"T391X1D","V5889","10000",1,0,0,0,0
"T391X1S","9090","10111",1,0,1,1,1
"T391X1S","E9292","10112",1,0,1,1,2
"T391X2A","9654","10111",1,0,1,1,1
"T391X2A","E9500","10112",1,0,1,1,2
"T391X2D","V5889","10000",1,0,0,0,0
"T391X2S","9090","10111",1,0,1,1,1
"T391X2S","E959","10112",1,0,1,1,2
"T391X3A","9654","10111",1,0,1,1,1
"T391X3A","E9620","10112",1,0,1,1,2
"T391X3D","V5889","10000",1,0,0,0,0
"T391X3S","9090","10111",1,0,1,1,1
"T391X3S","E969","10112",1,0,1,1,2
"T391X4A","9654","10111",1,0,1,1,1
"T391X4A","E9800","10112",1,0,1,1,2
"T391X4D","V5889","10000",1,0,0,0,0
"T391X4S","9090","10111",1,0,1,1,1
"T391X4S","E989","10112",1,0,1,1,2
"T391X5A","99529","10111",1,0,1,1,1
"T391X5A","E9353","10112",1,0,1,1,2
"T391X5D","V5889","10000",1,0,0,0,0
"T391X5S","9095","10111",1,0,1,1,1
"T391X5S","E9353","10112",1,0,1,1,2
"T391X6A","NoDx","11000",1,1,0,0,0
"T391X6D","NoDx","11000",1,1,0,0,0
"T391X6S","NoDx","11000",1,1,0,0,0
"T392X1A","9655","10111",1,0,1,1,1
"T392X1A","E8505","10112",1,0,1,1,2
"T392X1D","V5889","10000",1,0,0,0,0
"T392X1S","9090","10111",1,0,1,1,1
"T392X1S","E9292","10112",1,0,1,1,2
"T392X2A","9655","10111",1,0,1,1,1
"T392X2A","E9500","10112",1,0,1,1,2
"T392X2D","V5889","10000",1,0,0,0,0
"T392X2S","9090","10111",1,0,1,1,1
"T392X2S","E959","10112",1,0,1,1,2
"T392X3A","9655","10111",1,0,1,1,1
"T392X3A","E9620","10112",1,0,1,1,2
"T392X3D","V5889","10000",1,0,0,0,0
"T392X3S","9090","10111",1,0,1,1,1
"T392X3S","E969","10112",1,0,1,1,2
"T392X4A","9655","10111",1,0,1,1,1
"T392X4A","E9800","10112",1,0,1,1,2
"T392X4D","V5889","10000",1,0,0,0,0
"T392X4S","9090","10111",1,0,1,1,1
"T392X4S","E989","10112",1,0,1,1,2
"T392X5A","99529","10111",1,0,1,1,1
"T392X5A","E9355","10112",1,0,1,1,2
"T392X5D","V5889","10000",1,0,0,0,0
"T392X5S","9095","10111",1,0,1,1,1
"T392X5S","E9355","10112",1,0,1,1,2
"T392X6A","NoDx","11000",1,1,0,0,0
"T392X6D","NoDx","11000",1,1,0,0,0
"T392X6S","NoDx","11000",1,1,0,0,0
"T39311A","96561","10111",1,0,1,1,1
"T39311A","E8507","10112",1,0,1,1,2
"T39311D","V5889","10000",1,0,0,0,0
"T39311S","9090","10111",1,0,1,1,1
"T39311S","E9292","10112",1,0,1,1,2
"T39312A","96561","10111",1,0,1,1,1
"T39312A","E9500","10112",1,0,1,1,2
"T39312D","V5889","10000",1,0,0,0,0
"T39312S","9090","10111",1,0,1,1,1
"T39312S","E959","10112",1,0,1,1,2
"T39313A","96561","10111",1,0,1,1,1
"T39313A","E9620","10112",1,0,1,1,2
"T39313D","V5889","10000",1,0,0,0,0
"T39313S","9090","10111",1,0,1,1,1
"T39313S","E969","10112",1,0,1,1,2
"T39314A","9651","10111",1,0,1,1,1
"T39314A","E9800","10112",1,0,1,1,2
"T39314D","V5889","10000",1,0,0,0,0
"T39314S","9090","10111",1,0,1,1,1
"T39314S","E989","10112",1,0,1,1,2
"T39315A","99529","10111",1,0,1,1,1
"T39315A","E9357","10112",1,0,1,1,2
"T39315D","V5889","10000",1,0,0,0,0
"T39315S","9095","10111",1,0,1,1,1
"T39315S","E9357","10112",1,0,1,1,2
"T39316A","NoDx","11000",1,1,0,0,0
"T39316D","NoDx","11000",1,1,0,0,0
"T39316S","NoDx","11000",1,1,0,0,0
"T39391A","96561","10111",1,0,1,1,1
"T39391A","E8506","10112",1,0,1,1,2
"T39391D","V5889","10000",1,0,0,0,0
"T39391S","9090","10111",1,0,1,1,1
"T39391S","E9292","10112",1,0,1,1,2
"T39392A","96561","10111",1,0,1,1,1
"T39392A","E9500","10112",1,0,1,1,2
"T39392D","V5889","10000",1,0,0,0,0
"T39392S","9090","10111",1,0,1,1,1
"T39392S","E959","10112",1,0,1,1,2
"T39393A","96561","10111",1,0,1,1,1
"T39393A","E9620","10112",1,0,1,1,2
"T39393D","V5889","10000",1,0,0,0,0
"T39393S","9090","10111",1,0,1,1,1
"T39393S","E969","10112",1,0,1,1,2
"T39394A","96561","10111",1,0,1,1,1
"T39394A","E9800","10112",1,0,1,1,2
"T39394D","V5889","10000",1,0,0,0,0
"T39394S","9090","10111",1,0,1,1,1
"T39394S","E989","10112",1,0,1,1,2
"T39395A","99529","10111",1,0,1,1,1
"T39395A","E9357","10112",1,0,1,1,2
"T39395D","V5889","10000",1,0,0,0,0
"T39395S","9095","10111",1,0,1,1,1
"T39395S","E9357","10112",1,0,1,1,2
"T39396A","NoDx","11000",1,1,0,0,0
"T39396D","NoDx","11000",1,1,0,0,0
"T39396S","NoDx","11000",1,1,0,0,0
"T394X1A","96569","10111",1,0,1,1,1
"T394X1A","E8506","10112",1,0,1,1,2
"T394X1D","V5889","10000",1,0,0,0,0
"T394X1S","9090","10111",1,0,1,1,1
"T394X1S","E9292","10112",1,0,1,1,2
"T394X2A","96569","10111",1,0,1,1,1
"T394X2A","E9500","10112",1,0,1,1,2
"T394X2D","V5889","10000",1,0,0,0,0
"T394X2S","9090","10111",1,0,1,1,1
"T394X2S","E959","10112",1,0,1,1,2
"T394X3A","96569","10111",1,0,1,1,1
"T394X3A","E9620","10112",1,0,1,1,2
"T394X3D","V5889","10000",1,0,0,0,0
"T394X3S","9090","10111",1,0,1,1,1
"T394X3S","E969","10112",1,0,1,1,2
"T394X4A","96569","10111",1,0,1,1,1
"T394X4A","E9800","10112",1,0,1,1,2
"T394X4D","V5889","10000",1,0,0,0,0
"T394X4S","9090","10111",1,0,1,1,1
"T394X4S","E989","10112",1,0,1,1,2
"T394X5A","99529","10111",1,0,1,1,1
"T394X5A","E9356","10112",1,0,1,1,2
"T394X5D","V5889","10000",1,0,0,0,0
"T394X5S","9095","10111",1,0,1,1,1
"T394X5S","E9356","10112",1,0,1,1,2
"T394X6A","NoDx","11000",1,1,0,0,0
"T394X6D","NoDx","11000",1,1,0,0,0
"T394X6S","NoDx","11000",1,1,0,0,0
"T398X1A","9657","10111",1,0,1,1,1
"T398X1A","E8507","10112",1,0,1,1,2
"T398X1D","V5889","10000",1,0,0,0,0
"T398X1S","9090","10111",1,0,1,1,1
"T398X1S","E9292","10112",1,0,1,1,2
"T398X2A","9657","10111",1,0,1,1,1
"T398X2A","E9500","10112",1,0,1,1,2
"T398X2D","V5889","10000",1,0,0,0,0
"T398X2S","9090","10111",1,0,1,1,1
"T398X2S","E959","10112",1,0,1,1,2
"T398X3A","9657","10111",1,0,1,1,1
"T398X3A","E9620","10112",1,0,1,1,2
"T398X3D","V5889","10000",1,0,0,0,0
"T398X3S","9090","10111",1,0,1,1,1
"T398X3S","E969","10112",1,0,1,1,2
"T398X4A","9657","10111",1,0,1,1,1
"T398X4A","E9800","10112",1,0,1,1,2
"T398X4D","V5889","10000",1,0,0,0,0
"T398X4S","9090","10111",1,0,1,1,1
"T398X4S","E989","10112",1,0,1,1,2
"T398X5A","99529","10111",1,0,1,1,1
"T398X5A","E9357","10112",1,0,1,1,2
"T398X5D","V5889","10000",1,0,0,0,0
"T398X5S","9095","10111",1,0,1,1,1
"T398X5S","E9357","10112",1,0,1,1,2
"T398X6A","NoDx","11000",1,1,0,0,0
"T398X6D","NoDx","11000",1,1,0,0,0
"T398X6S","NoDx","11000",1,1,0,0,0
"T3991XA","9659","10111",1,0,1,1,1
"T3991XA","E8507","10112",1,0,1,1,2
"T3991XD","V5889","10000",1,0,0,0,0
"T3991XS","9090","10111",1,0,1,1,1
"T3991XS","E9292","10112",1,0,1,1,2
"T3992XA","9659","10111",1,0,1,1,1
"T3992XA","E9500","10112",1,0,1,1,2
"T3992XD","V5889","10000",1,0,0,0,0
"T3992XS","9090","10111",1,0,1,1,1
"T3992XS","E959","10112",1,0,1,1,2
"T3993XA","9659","10111",1,0,1,1,1
"T3993XA","E9620","10112",1,0,1,1,2
"T3993XD","V5889","10000",1,0,0,0,0
"T3993XS","9090","10111",1,0,1,1,1
"T3993XS","E969","10112",1,0,1,1,2
"T3994XA","9659","10111",1,0,1,1,1
"T3994XA","E9800","10112",1,0,1,1,2
"T3994XD","V5889","10000",1,0,0,0,0
"T3994XS","9090","10111",1,0,1,1,1
"T3994XS","E989","10112",1,0,1,1,2
"T3995XA","99529","10111",1,0,1,1,1
"T3995XA","E9357","10112",1,0,1,1,2
"T3995XD","V5889","10000",1,0,0,0,0
"T3995XS","9095","10111",1,0,1,1,1
"T3995XS","E9357","10112",1,0,1,1,2
"T3996XA","NoDx","11000",1,1,0,0,0
"T3996XD","NoDx","11000",1,1,0,0,0
"T3996XS","NoDx","11000",1,1,0,0,0
"T400X1A","96500","10111",1,0,1,1,1
"T400X1A","E8502","10112",1,0,1,1,2
"T400X1D","V5889","10000",1,0,0,0,0
"T400X1S","9090","10111",1,0,1,1,1
"T400X1S","E9292","10112",1,0,1,1,2
"T400X2A","96500","10111",1,0,1,1,1
"T400X2A","E9500","10112",1,0,1,1,2
"T400X2D","V5889","10000",1,0,0,0,0
"T400X2S","9090","10111",1,0,1,1,1
"T400X2S","E959","10112",1,0,1,1,2
"T400X3A","96500","10111",1,0,1,1,1
"T400X3A","E9620","10112",1,0,1,1,2
"T400X3D","V5889","10000",1,0,0,0,0
"T400X3S","9090","10111",1,0,1,1,1
"T400X3S","E969","10112",1,0,1,1,2
"T400X4A","96500","10111",1,0,1,1,1
"T400X4A","E9800","10112",1,0,1,1,2
"T400X4D","V5889","10000",1,0,0,0,0
"T400X4S","9090","10111",1,0,1,1,1
"T400X4S","E989","10112",1,0,1,1,2
"T400X5A","99529","10111",1,0,1,1,1
"T400X5A","E9352","10112",1,0,1,1,2
"T400X5D","V5889","10000",1,0,0,0,0
"T400X5S","9095","10111",1,0,1,1,1
"T400X5S","E9352","10112",1,0,1,1,2
"T400X6A","NoDx","11000",1,1,0,0,0
"T400X6D","NoDx","11000",1,1,0,0,0
"T400X6S","NoDx","11000",1,1,0,0,0
"T401X1A","96501","10111",1,0,1,1,1
"T401X1A","E8500","10112",1,0,1,1,2
"T401X1D","V5889","10000",1,0,0,0,0
"T401X1S","9090","10111",1,0,1,1,1
"T401X1S","E9292","10112",1,0,1,1,2
"T401X2A","96501","10111",1,0,1,1,1
"T401X2A","E9500","10112",1,0,1,1,2
"T401X2D","V5889","10000",1,0,0,0,0
"T401X2S","9090","10111",1,0,1,1,1
"T401X2S","E959","10112",1,0,1,1,2
"T401X3A","96501","10111",1,0,1,1,1
"T401X3A","E9620","10112",1,0,1,1,2
"T401X3D","V5889","10000",1,0,0,0,0
"T401X3S","9090","10111",1,0,1,1,1
"T401X3S","E969","10112",1,0,1,1,2
"T401X4A","96501","10111",1,0,1,1,1
"T401X4A","E9800","10112",1,0,1,1,2
"T401X4D","V5889","10000",1,0,0,0,0
"T401X4S","9090","10111",1,0,1,1,1
"T401X4S","E989","10112",1,0,1,1,2
"T401X5A","99529","10111",1,0,1,1,1
"T401X5A","E9350","10112",1,0,1,1,2
"T401X5D","V5889","10000",1,0,0,0,0
"T401X5S","9095","10111",1,0,1,1,1
"T401X5S","E9350","10112",1,0,1,1,2
"T402X1A","96509","10111",1,0,1,1,1
"T402X1A","E8502","10112",1,0,1,1,2
"T402X1D","V5889","10000",1,0,0,0,0
"T402X1S","9090","10111",1,0,1,1,1
"T402X1S","E9292","10112",1,0,1,1,2
"T402X2A","96509","10111",1,0,1,1,1
"T402X2A","E9500","10112",1,0,1,1,2
"T402X2D","V5889","10000",1,0,0,0,0
"T402X2S","9090","10111",1,0,1,1,1
"T402X2S","E959","10112",1,0,1,1,2
"T402X3A","96509","10111",1,0,1,1,1
"T402X3A","E9620","10112",1,0,1,1,2
"T402X3D","V5889","10000",1,0,0,0,0
"T402X3S","9090","10111",1,0,1,1,1
"T402X3S","E969","10112",1,0,1,1,2
"T402X4A","96509","10111",1,0,1,1,1
"T402X4A","E9800","10112",1,0,1,1,2
"T402X4D","V5889","10000",1,0,0,0,0
"T402X4S","9090","10111",1,0,1,1,1
"T402X4S","E989","10112",1,0,1,1,2
"T402X5A","99529","10111",1,0,1,1,1
"T402X5A","E9352","10112",1,0,1,1,2
"T402X5D","V5889","10000",1,0,0,0,0
"T402X5S","9095","10111",1,0,1,1,1
"T402X5S","E9352","10112",1,0,1,1,2
"T402X6A","NoDx","11000",1,1,0,0,0
"T402X6D","NoDx","11000",1,1,0,0,0
"T402X6S","NoDx","11000",1,1,0,0,0
"T403X1A","96502","10111",1,0,1,1,1
"T403X1A","E8501","10112",1,0,1,1,2
"T403X1D","V5889","10000",1,0,0,0,0
"T403X1S","9090","10111",1,0,1,1,1
"T403X1S","E9292","10112",1,0,1,1,2
"T403X2A","96502","10111",1,0,1,1,1
"T403X2A","E9500","10112",1,0,1,1,2
"T403X2D","V5889","10000",1,0,0,0,0
"T403X2S","9090","10111",1,0,1,1,1
"T403X2S","E959","10112",1,0,1,1,2
"T403X3A","96502","10111",1,0,1,1,1
"T403X3A","E9620","10112",1,0,1,1,2
"T403X3D","V5889","10000",1,0,0,0,0
"T403X3S","9090","10111",1,0,1,1,1
"T403X3S","E969","10112",1,0,1,1,2
"T403X4A","96502","10111",1,0,1,1,1
"T403X4A","E9800","10112",1,0,1,1,2
"T403X4D","V5889","10000",1,0,0,0,0
"T403X4S","9090","10111",1,0,1,1,1
"T403X4S","E989","10112",1,0,1,1,2
"T403X5A","99529","10111",1,0,1,1,1
"T403X5A","E9351","10112",1,0,1,1,2
"T403X5D","V5889","10000",1,0,0,0,0
"T403X5S","9095","10111",1,0,1,1,1
"T403X5S","E9351","10112",1,0,1,1,2
"T403X6A","NoDx","11000",1,1,0,0,0
"T403X6D","NoDx","11000",1,1,0,0,0
"T403X6S","NoDx","11000",1,1,0,0,0
"T404X1A","96509","10111",1,0,1,1,1
"T404X1A","E8502","10112",1,0,1,1,2
"T404X1D","V5889","10000",1,0,0,0,0
"T404X1S","9090","10111",1,0,1,1,1
"T404X1S","E9292","10112",1,0,1,1,2
"T404X2A","96509","10111",1,0,1,1,1
"T404X2A","E9500","10112",1,0,1,1,2
"T404X2D","V5889","10000",1,0,0,0,0
"T404X2S","9090","10111",1,0,1,1,1
"T404X2S","E959","10112",1,0,1,1,2
"T404X3A","96509","10111",1,0,1,1,1
"T404X3A","E9620","10112",1,0,1,1,2
"T404X3D","V5889","10000",1,0,0,0,0
"T404X3S","9090","10111",1,0,1,1,1
"T404X3S","E969","10112",1,0,1,1,2
"T404X4A","96509","10111",1,0,1,1,1
"T404X4A","E9800","10112",1,0,1,1,2
"T404X4D","V5889","10000",1,0,0,0,0
"T404X4S","9090","10111",1,0,1,1,1
"T404X4S","E989","10112",1,0,1,1,2
"T404X5A","99529","10111",1,0,1,1,1
"T404X5A","E9352","10112",1,0,1,1,2
"T404X5D","V5889","10000",1,0,0,0,0
"T404X5S","9095","10111",1,0,1,1,1
"T404X5S","E9352","10112",1,0,1,1,2
"T404X6A","NoDx","11000",1,1,0,0,0
"T404X6D","NoDx","11000",1,1,0,0,0
"T404X6S","NoDx","11000",1,1,0,0,0
"T405X1A","97081","10111",1,0,1,1,1
"T405X1A","E8542","10112",1,0,1,1,2
"T405X1D","V5889","10000",1,0,0,0,0
"T405X1S","9090","10111",1,0,1,1,1
"T405X1S","E9292","10112",1,0,1,1,2
"T405X2A","97081","10111",1,0,1,1,1
"T405X2A","E9504","10112",1,0,1,1,2
"T405X2D","V5889","10000",1,0,0,0,0
"T405X2S","9090","10111",1,0,1,1,1
"T405X2S","E959","10112",1,0,1,1,2
"T405X3A","97081","10111",1,0,1,1,1
"T405X3A","E9620","10112",1,0,1,1,2
"T405X3D","V5889","10000",1,0,0,0,0
"T405X3S","9090","10111",1,0,1,1,1
"T405X3S","E969","10112",1,0,1,1,2
"T405X4A","97081","10111",1,0,1,1,1
"T405X4A","E9804","10112",1,0,1,1,2
"T405X4D","V5889","10000",1,0,0,0,0
"T405X4S","9090","10111",1,0,1,1,1
"T405X4S","E989","10112",1,0,1,1,2
"T405X5A","99529","10111",1,0,1,1,1
"T405X5A","E9397","10112",1,0,1,1,2
"T405X5D","V5889","10000",1,0,0,0,0
"T405X5S","9095","10111",1,0,1,1,1
"T405X5S","E9397","10112",1,0,1,1,2
"T405X6A","NoDx","11000",1,1,0,0,0
"T405X6D","NoDx","11000",1,1,0,0,0
"T405X6S","NoDx","11000",1,1,0,0,0
"T40601A","96509","10111",1,0,1,1,1
"T40601A","E8502","10112",1,0,1,1,2
"T40601D","V5889","10000",1,0,0,0,0
"T40601S","9090","10111",1,0,1,1,1
"T40601S","E9292","10112",1,0,1,1,2
"T40602A","96509","10111",1,0,1,1,1
"T40602A","E9504","10112",1,0,1,1,2
"T40602D","V5889","10000",1,0,0,0,0
"T40602S","9090","10111",1,0,1,1,1
"T40602S","E959","10112",1,0,1,1,2
"T40603A","96509","10111",1,0,1,1,1
"T40603A","E9620","10112",1,0,1,1,2
"T40603D","V5889","10000",1,0,0,0,0
"T40603S","9090","10111",1,0,1,1,1
"T40603S","E969","10112",1,0,1,1,2
"T40604A","96509","10111",1,0,1,1,1
"T40604A","E9804","10112",1,0,1,1,2
"T40604D","V5889","10000",1,0,0,0,0
"T40604S","9090","10111",1,0,1,1,1
"T40604S","E989","10112",1,0,1,1,2
"T40605A","99529","10111",1,0,1,1,1
"T40605A","E9352","10112",1,0,1,1,2
"T40605D","V5889","10000",1,0,0,0,0
"T40605S","9095","10111",1,0,1,1,1
"T40605S","E9352","10112",1,0,1,1,2
"T40606A","NoDx","11000",1,1,0,0,0
"T40606D","NoDx","11000",1,1,0,0,0
"T40606S","NoDx","11000",1,1,0,0,0
"T40691A","96509","10111",1,0,1,1,1
"T40691A","E8502","10112",1,0,1,1,2
"T40691D","V5889","10000",1,0,0,0,0
"T40691S","9090","10111",1,0,1,1,1
"T40691S","E9292","10112",1,0,1,1,2
"T40692A","96509","10111",1,0,1,1,1
"T40692A","E9504","10112",1,0,1,1,2
"T40692D","V5889","10000",1,0,0,0,0
"T40692S","9090","10111",1,0,1,1,1
"T40692S","E959","10112",1,0,1,1,2
"T40693A","96509","10111",1,0,1,1,1
"T40693A","E9620","10112",1,0,1,1,2
"T40693D","V5889","10000",1,0,0,0,0
"T40693S","9090","10111",1,0,1,1,1
"T40693S","E969","10112",1,0,1,1,2
"T40694A","96509","10111",1,0,1,1,1
"T40694A","E9804","10112",1,0,1,1,2
"T40694D","V5889","10000",1,0,0,0,0
"T40694S","9090","10111",1,0,1,1,1
"T40694S","E989","10112",1,0,1,1,2
"T40695A","99529","10111",1,0,1,1,1
"T40695A","E9352","10112",1,0,1,1,2
"T40695D","V5889","10000",1,0,0,0,0
"T40695S","9095","10111",1,0,1,1,1
"T40695S","E9352","10112",1,0,1,1,2
"T40696A","NoDx","11000",1,1,0,0,0
"T40696D","NoDx","11000",1,1,0,0,0
"T40696S","NoDx","11000",1,1,0,0,0
"T407X1A","9696","10111",1,0,1,1,1
"T407X1A","E8541","10112",1,0,1,1,2
"T407X1D","V5889","10000",1,0,0,0,0
"T407X1S","9090","10111",1,0,1,1,1
"T407X1S","E9292","10112",1,0,1,1,2
"T407X2A","9696","10111",1,0,1,1,1
"T407X2A","E9502","10112",1,0,1,1,2
"T407X2D","V5889","10000",1,0,0,0,0
"T407X2S","9090","10111",1,0,1,1,1
"T407X2S","E959","10112",1,0,1,1,2
"T407X3A","9696","10111",1,0,1,1,1
"T407X3A","E9620","10112",1,0,1,1,2
"T407X3D","V5889","10000",1,0,0,0,0
"T407X3S","9090","10111",1,0,1,1,1
"T407X3S","E969","10112",1,0,1,1,2
"T407X4A","9696","10111",1,0,1,1,1
"T407X4A","E9802","10112",1,0,1,1,2
"T407X4D","V5889","10000",1,0,0,0,0
"T407X4S","9090","10111",1,0,1,1,1
"T407X4S","E989","10112",1,0,1,1,2
"T407X5A","99529","10111",1,0,1,1,1
"T407X5A","E9396","10112",1,0,1,1,2
"T407X5D","V5889","10000",1,0,0,0,0
"T407X5S","9095","10111",1,0,1,1,1
"T407X5S","E9396","10112",1,0,1,1,2
"T407X6A","NoDx","11000",1,1,0,0,0
"T407X6D","NoDx","11000",1,1,0,0,0
"T407X6S","NoDx","11000",1,1,0,0,0
"T408X1A","9696","10111",1,0,1,1,1
"T408X1A","E8541","10112",1,0,1,1,2
"T408X1D","V5889","10000",1,0,0,0,0
"T408X1S","9090","10111",1,0,1,1,1
"T408X1S","E9292","10112",1,0,1,1,2
"T408X2A","9696","10111",1,0,1,1,1
"T408X2A","E9503","10112",1,0,1,1,2
"T408X2D","V5889","10000",1,0,0,0,0
"T408X2S","9090","10111",1,0,1,1,1
"T408X2S","E959","10112",1,0,1,1,2
"T408X3A","9696","10111",1,0,1,1,1
"T408X3A","E9620","10112",1,0,1,1,2
"T408X3D","V5889","10000",1,0,0,0,0
"T408X3S","9090","10111",1,0,1,1,1
"T408X3S","E969","10112",1,0,1,1,2
"T408X4A","9696","10111",1,0,1,1,1
"T408X4A","E9802","10112",1,0,1,1,2
"T408X4D","V5889","10000",1,0,0,0,0
"T408X4S","9090","10111",1,0,1,1,1
"T408X4S","E989","10112",1,0,1,1,2
"T408X5A","99529","10111",1,0,1,1,1
"T408X5A","E9396","10112",1,0,1,1,2
"T408X5D","V5889","10000",1,0,0,0,0
"T408X5S","9095","10111",1,0,1,1,1
"T408X5S","E9396","10112",1,0,1,1,2
"T40901A","9696","10111",1,0,1,1,1
"T40901A","E8541","10112",1,0,1,1,2
"T40901D","V5889","10000",1,0,0,0,0
"T40901S","9090","10111",1,0,1,1,1
"T40901S","E9292","10112",1,0,1,1,2
"T40902A","9696","10111",1,0,1,1,1
"T40902A","E9503","10112",1,0,1,1,2
"T40902D","V5889","10000",1,0,0,0,0
"T40902S","9090","10111",1,0,1,1,1
"T40902S","E959","10112",1,0,1,1,2
"T40903A","9696","10111",1,0,1,1,1
"T40903A","E9620","10112",1,0,1,1,2
"T40903D","V5889","10000",1,0,0,0,0
"T40903S","9090","10111",1,0,1,1,1
"T40903S","E969","10112",1,0,1,1,2
"T40904A","9696","10111",1,0,1,1,1
"T40904A","E9802","10112",1,0,1,1,2
"T40904D","V5889","10000",1,0,0,0,0
"T40904S","9090","10111",1,0,1,1,1
"T40904S","E989","10112",1,0,1,1,2
"T40905A","99529","10111",1,0,1,1,1
"T40905A","E9396","10112",1,0,1,1,2
"T40905D","V5889","10000",1,0,0,0,0
"T40905S","9095","10111",1,0,1,1,1
"T40905S","E9396","10112",1,0,1,1,2
"T40906A","NoDx","11000",1,1,0,0,0
"T40906D","NoDx","11000",1,1,0,0,0
"T40906S","NoDx","11000",1,1,0,0,0
"T40991A","9696","10111",1,0,1,1,1
"T40991A","E8541","10112",1,0,1,1,2
"T40991D","V5889","10000",1,0,0,0,0
"T40991S","9090","10111",1,0,1,1,1
"T40991S","E9292","10112",1,0,1,1,2
"T40992A","9696","10111",1,0,1,1,1
"T40992A","E9503","10112",1,0,1,1,2
"T40992D","V5889","10000",1,0,0,0,0
"T40992S","9090","10111",1,0,1,1,1
"T40992S","E959","10112",1,0,1,1,2
"T40993A","9696","10111",1,0,1,1,1
"T40993A","E9620","10112",1,0,1,1,2
"T40993D","V5889","10000",1,0,0,0,0
"T40993S","9090","10111",1,0,1,1,1
"T40993S","E969","10112",1,0,1,1,2
"T40994A","9696","10111",1,0,1,1,1
"T40994A","E9802","10112",1,0,1,1,2
"T40994D","V5889","10000",1,0,0,0,0
"T40994S","9090","10111",1,0,1,1,1
"T40994S","E989","10112",1,0,1,1,2
"T40995A","99529","10111",1,0,1,1,1
"T40995A","E9396","10112",1,0,1,1,2
"T40995D","V5889","10000",1,0,0,0,0
"T40995S","9095","10111",1,0,1,1,1
"T40995S","E9396","10112",1,0,1,1,2
"T40996A","NoDx","11000",1,1,0,0,0
"T40996D","NoDx","11000",1,1,0,0,0
"T40996S","NoDx","11000",1,1,0,0,0
"T410X1A","9682","10111",1,0,1,1,1
"T410X1A","E8551","10112",1,0,1,1,2
"T410X1D","V5889","10000",1,0,0,0,0
"T410X1S","9090","10111",1,0,1,1,1
"T410X1S","E9292","10112",1,0,1,1,2
"T410X2A","9682","10111",1,0,1,1,1
"T410X2A","E9528","10112",1,0,1,1,2
"T410X2D","V5889","10000",1,0,0,0,0
"T410X2S","9090","10111",1,0,1,1,1
"T410X2S","E959","10112",1,0,1,1,2
"T410X3A","9682","10111",1,0,1,1,1
"T410X3A","E9620","10112",1,0,1,1,2
"T410X3D","V5889","10000",1,0,0,0,0
"T410X3S","9090","10111",1,0,1,1,1
"T410X3S","E969","10112",1,0,1,1,2
"T410X4A","9682","10111",1,0,1,1,1
"T410X4A","E9804","10112",1,0,1,1,2
"T410X4D","V5889","10000",1,0,0,0,0
"T410X4S","9090","10111",1,0,1,1,1
"T410X4S","E989","10112",1,0,1,1,2
"T410X5A","99522","10111",1,0,1,1,1
"T410X5A","E9382","10112",1,0,1,1,2
"T410X5D","V5889","10000",1,0,0,0,0
"T410X5S","9095","10111",1,0,1,1,1
"T410X5S","E9382","10112",1,0,1,1,2
"T410X6A","NoDx","11000",1,1,0,0,0
"T410X6D","NoDx","11000",1,1,0,0,0
"T410X6S","NoDx","11000",1,1,0,0,0
"T411X1A","9683","10111",1,0,1,1,1
"T411X1A","E8551","10112",1,0,1,1,2
"T411X1D","V5889","10000",1,0,0,0,0
"T411X1S","9090","10111",1,0,1,1,1
"T411X1S","E9292","10112",1,0,1,1,2
"T411X2A","9683","10111",1,0,1,1,1
"T411X2A","E9500","10112",1,0,1,1,2
"T411X2D","V5889","10000",1,0,0,0,0
"T411X2S","9090","10111",1,0,1,1,1
"T411X2S","E959","10112",1,0,1,1,2
"T411X3A","9683","10111",1,0,1,1,1
"T411X3A","E9620","10112",1,0,1,1,2
"T411X3D","V5889","10000",1,0,0,0,0
"T411X3S","9090","10111",1,0,1,1,1
"T411X3S","E969","10112",1,0,1,1,2
"T411X4A","9683","10111",1,0,1,1,1
"T411X4A","E9804","10112",1,0,1,1,2
"T411X4D","V5889","10000",1,0,0,0,0
"T411X4S","9090","10111",1,0,1,1,1
"T411X4S","E989","10112",1,0,1,1,2
"T411X5A","99522","10111",1,0,1,1,1
"T411X5A","E9383","10112",1,0,1,1,2
"T411X5D","V5889","10000",1,0,0,0,0
"T411X5S","9095","10111",1,0,1,1,1
"T411X5S","E9383","10112",1,0,1,1,2
"T411X6A","NoDx","11000",1,1,0,0,0
"T411X6D","NoDx","11000",1,1,0,0,0
"T411X6S","NoDx","11000",1,1,0,0,0
"T41201A","9684","10111",1,0,1,1,1
"T41201A","E8551","10112",1,0,1,1,2
"T41201D","V5889","10000",1,0,0,0,0
"T41201S","9090","10111",1,0,1,1,1
"T41201S","E9292","10112",1,0,1,1,2
"T41202A","9684","10111",1,0,1,1,1
"T41202A","E9500","10112",1,0,1,1,2
"T41202D","V5889","10000",1,0,0,0,0
"T41202S","9090","10111",1,0,1,1,1
"T41202S","E959","10112",1,0,1,1,2
"T41203A","9684","10111",1,0,1,1,1
"T41203A","E9620","10112",1,0,1,1,2
"T41203D","V5889","10000",1,0,0,0,0
"T41203S","9090","10111",1,0,1,1,1
"T41203S","E969","10112",1,0,1,1,2
"T41204A","9684","10111",1,0,1,1,1
"T41204A","E9804","10112",1,0,1,1,2
"T41204D","V5889","10000",1,0,0,0,0
"T41204S","9090","10111",1,0,1,1,1
"T41204S","E989","10112",1,0,1,1,2
"T41205A","99522","10111",1,0,1,1,1
"T41205A","E9384","10112",1,0,1,1,2
"T41205D","V5889","10000",1,0,0,0,0
"T41205S","9095","10111",1,0,1,1,1
"T41205S","E9384","10112",1,0,1,1,2
"T41206A","NoDx","11000",1,1,0,0,0
"T41206D","NoDx","11000",1,1,0,0,0
"T41206S","NoDx","11000",1,1,0,0,0
"T41291A","9684","10111",1,0,1,1,1
"T41291A","E8551","10112",1,0,1,1,2
"T41291D","V5889","10000",1,0,0,0,0
"T41291S","9090","10111",1,0,1,1,1
"T41291S","E9292","10112",1,0,1,1,2
"T41292A","9684","10111",1,0,1,1,1
"T41292A","E9500","10112",1,0,1,1,2
"T41292D","V5889","10000",1,0,0,0,0
"T41292S","9090","10111",1,0,1,1,1
"T41292S","E959","10112",1,0,1,1,2
"T41293A","9684","10111",1,0,1,1,1
"T41293A","E9620","10112",1,0,1,1,2
"T41293D","V5889","10000",1,0,0,0,0
"T41293S","9090","10111",1,0,1,1,1
"T41293S","E969","10112",1,0,1,1,2
"T41294A","9684","10111",1,0,1,1,1
"T41294A","E9804","10112",1,0,1,1,2
"T41294D","V5889","10000",1,0,0,0,0
"T41294S","9090","10111",1,0,1,1,1
"T41294S","E989","10112",1,0,1,1,2
"T41295A","99522","10111",1,0,1,1,1
"T41295A","E9384","10112",1,0,1,1,2
"T41295D","V5889","10000",1,0,0,0,0
"T41295S","9095","10111",1,0,1,1,1
"T41295S","E9384","10112",1,0,1,1,2
"T41296A","NoDx","11000",1,1,0,0,0
"T41296D","NoDx","11000",1,1,0,0,0
"T41296S","NoDx","11000",1,1,0,0,0
"T413X1A","9685","10111",1,0,1,1,1
"T413X1A","9689","10111",1,0,1,1,1
"T413X1A","E8552","10112",1,0,1,1,2
"T413X1D","V5889","10000",1,0,0,0,0
"T413X1S","9090","10111",1,0,1,1,1
"T413X1S","E9292","10112",1,0,1,1,2
"T413X2A","9685","10111",1,0,1,1,1
"T413X2A","9689","10111",1,0,1,1,1
"T413X2A","E9500","10112",1,0,1,1,2
"T413X2D","V5889","10000",1,0,0,0,0
"T413X2S","9090","10111",1,0,1,1,1
"T413X2S","E959","10112",1,0,1,1,2
"T413X3A","9685","10111",1,0,1,1,1
"T413X3A","9689","10111",1,0,1,1,1
"T413X3A","E9620","10112",1,0,1,1,2
"T413X3D","V5889","10000",1,0,0,0,0
"T413X3S","9090","10111",1,0,1,1,1
"T413X3S","E969","10112",1,0,1,1,2
"T413X4A","9685","10111",1,0,1,1,1
"T413X4A","9689","10111",1,0,1,1,1
"T413X4A","E9804","10112",1,0,1,1,2
"T413X4D","V5889","10000",1,0,0,0,0
"T413X4S","9090","10111",1,0,1,1,1
"T413X4S","E989","10112",1,0,1,1,2
"T413X5A","99522","10111",1,0,1,1,1
"T413X5A","E9389","10112",1,0,1,1,2
"T413X5D","V5889","10000",1,0,0,0,0
"T413X5S","9095","10111",1,0,1,1,1
"T413X5S","E9389","10112",1,0,1,1,2
"T413X6A","NoDx","11000",1,1,0,0,0
"T413X6D","NoDx","11000",1,1,0,0,0
"T413X6S","NoDx","11000",1,1,0,0,0
"T4141XA","9689","10111",1,0,1,1,1
"T4141XA","E8551","10112",1,0,1,1,2
"T4141XD","V5889","10000",1,0,0,0,0
"T4141XS","9090","10111",1,0,1,1,1
"T4141XS","E9292","10112",1,0,1,1,2
"T4142XA","9689","10111",1,0,1,1,1
"T4142XA","E9500","10112",1,0,1,1,2
"T4142XD","V5889","10000",1,0,0,0,0
"T4142XS","9090","10111",1,0,1,1,1
"T4142XS","E959","10112",1,0,1,1,2
"T4143XA","9689","10111",1,0,1,1,1
"T4143XA","E9620","10112",1,0,1,1,2
"T4143XD","V5889","10000",1,0,0,0,0
"T4143XS","9090","10111",1,0,1,1,1
"T4143XS","E969","10112",1,0,1,1,2
"T4144XA","9689","10111",1,0,1,1,1
"T4144XA","E9804","10112",1,0,1,1,2
"T4144XD","V5889","10000",1,0,0,0,0
"T4144XS","9090","10111",1,0,1,1,1
"T4144XS","E989","10112",1,0,1,1,2
"T4145XA","99522","10111",1,0,1,1,1
"T4145XA","E9389","10112",1,0,1,1,2
"T4145XD","V5889","10000",1,0,0,0,0
"T4145XS","9095","10111",1,0,1,1,1
"T4145XS","E9389","10112",1,0,1,1,2
"T4146XA","NoDx","11000",1,1,0,0,0
"T4146XD","NoDx","11000",1,1,0,0,0
"T4146XS","NoDx","11000",1,1,0,0,0
"T415X1A","9758","10111",1,0,1,1,1
"T415X1A","E8586","10112",1,0,1,1,2
"T415X1D","V5889","10000",1,0,0,0,0
"T415X1S","9090","10111",1,0,1,1,1
"T415X1S","E9292","10112",1,0,1,1,2
"T415X2A","9758","10111",1,0,1,1,1
"T415X2A","E9528","10112",1,0,1,1,2
"T415X2D","V5889","10000",1,0,0,0,0
"T415X2S","9090","10111",1,0,1,1,1
"T415X2S","E959","10112",1,0,1,1,2
"T415X3A","9758","10111",1,0,1,1,1
"T415X3A","E9620","10112",1,0,1,1,2
"T415X3D","V5889","10000",1,0,0,0,0
"T415X3S","9090","10111",1,0,1,1,1
"T415X3S","E969","10112",1,0,1,1,2
"T415X4A","9758","10111",1,0,1,1,1
"T415X4A","E9804","10112",1,0,1,1,2
"T415X4D","V5889","10000",1,0,0,0,0
"T415X4S","9090","10111",1,0,1,1,1
"T415X4S","E989","10112",1,0,1,1,2
"T415X5A","99529","10111",1,0,1,1,1
"T415X5A","E9458","10112",1,0,1,1,2
"T415X5D","V5889","10000",1,0,0,0,0
"T415X5S","9095","10111",1,0,1,1,1
"T415X5S","E9458","10112",1,0,1,1,2
"T415X6A","NoDx","11000",1,1,0,0,0
"T415X6D","NoDx","11000",1,1,0,0,0
"T415X6S","NoDx","11000",1,1,0,0,0
"T420X1A","9661","10111",1,0,1,1,1
"T420X1A","E8550","10112",1,0,1,1,2
"T420X1D","V5889","10000",1,0,0,0,0
"T420X1S","9090","10111",1,0,1,1,1
"T420X1S","E9292","10112",1,0,1,1,2
"T420X2A","9661","10111",1,0,1,1,1
"T420X2A","E9504","10112",1,0,1,1,2
"T420X2D","V5889","10000",1,0,0,0,0
"T420X2S","9090","10111",1,0,1,1,1
"T420X2S","E959","10112",1,0,1,1,2
"T420X3A","9661","10111",1,0,1,1,1
"T420X3A","E9620","10112",1,0,1,1,2
"T420X3D","V5889","10000",1,0,0,0,0
"T420X3S","9090","10111",1,0,1,1,1
"T420X3S","E969","10112",1,0,1,1,2
"T420X4A","9661","10111",1,0,1,1,1
"T420X4A","E9804","10112",1,0,1,1,2
"T420X4D","V5889","10000",1,0,0,0,0
"T420X4S","9090","10111",1,0,1,1,1
"T420X4S","E989","10112",1,0,1,1,2
"T420X5A","99529","10111",1,0,1,1,1
"T420X5A","E9361","10112",1,0,1,1,2
"T420X5D","V5889","10000",1,0,0,0,0
"T420X5S","9095","10111",1,0,1,1,1
"T420X5S","E9361","10112",1,0,1,1,2
"T420X6A","NoDx","11000",1,1,0,0,0
"T420X6D","NoDx","11000",1,1,0,0,0
"T420X6S","NoDx","11000",1,1,0,0,0
"T421X1A","9663","10111",1,0,1,1,1
"T421X1A","E8558","10112",1,0,1,1,2
"T421X1D","V5889","10000",1,0,0,0,0
"T421X1S","9090","10111",1,0,1,1,1
"T421X1S","E9292","10112",1,0,1,1,2
"T421X2A","9663","10111",1,0,1,1,1
"T421X2A","E9504","10112",1,0,1,1,2
"T421X2D","V5889","10000",1,0,0,0,0
"T421X2S","9090","10111",1,0,1,1,1
"T421X2S","E959","10112",1,0,1,1,2
"T421X3A","9663","10111",1,0,1,1,1
"T421X3A","E9620","10112",1,0,1,1,2
"T421X3D","V5889","10000",1,0,0,0,0
"T421X3S","9090","10111",1,0,1,1,1
"T421X3S","E969","10112",1,0,1,1,2
"T421X4A","9663","10111",1,0,1,1,1
"T421X4A","E9804","10112",1,0,1,1,2
"T421X4D","V5889","10000",1,0,0,0,0
"T421X4S","9090","10111",1,0,1,1,1
"T421X4S","E989","10112",1,0,1,1,2
"T421X5A","99529","10111",1,0,1,1,1
"T421X5A","E9363","10112",1,0,1,1,2
"T421X5D","V5889","10000",1,0,0,0,0
"T421X5S","9095","10111",1,0,1,1,1
"T421X5S","E9363","10112",1,0,1,1,2
"T421X6A","NoDx","11000",1,1,0,0,0
"T421X6D","NoDx","11000",1,1,0,0,0
"T421X6S","NoDx","11000",1,1,0,0,0
"T422X1A","9660","10121",1,0,1,2,1
"T422X1A","9662","10111",1,0,1,1,1
"T422X1A","E8558","10112",1,0,1,1,2
"T422X1A","E8558","10122",1,0,1,2,2
"T422X1D","V5889","10000",1,0,0,0,0
"T422X1S","9090","10111",1,0,1,1,1
"T422X1S","E9292","10112",1,0,1,1,2
"T422X2A","9660","10121",1,0,1,2,1
"T422X2A","9662","10111",1,0,1,1,1
"T422X2A","E9504","10112",1,0,1,1,2
"T422X2A","E9504","10122",1,0,1,2,2
"T422X2D","V5889","10000",1,0,0,0,0
"T422X2S","9090","10111",1,0,1,1,1
"T422X2S","E959","10112",1,0,1,1,2
"T422X3A","9660","10121",1,0,1,2,1
"T422X3A","9662","10111",1,0,1,1,1
"T422X3A","E9620","10112",1,0,1,1,2
"T422X3A","E9620","10122",1,0,1,2,2
"T422X3D","V5889","10000",1,0,0,0,0
"T422X3S","9090","10111",1,0,1,1,1
"T422X3S","E969","10112",1,0,1,1,2
"T422X4A","9660","10121",1,0,1,2,1
"T422X4A","9662","10111",1,0,1,1,1
"T422X4A","E9804","10112",1,0,1,1,2
"T422X4A","E9804","10122",1,0,1,2,2
"T422X4D","V5889","10000",1,0,0,0,0
"T422X4S","9090","10111",1,0,1,1,1
"T422X4S","E989","10112",1,0,1,1,2
"T422X5A","99529","10111",1,0,1,1,1
"T422X5A","99529","10121",1,0,1,2,1
"T422X5A","E9360","10122",1,0,1,2,2
"T422X5A","E9362","10112",1,0,1,1,2
"T422X5D","V5889","10000",1,0,0,0,0
"T422X5S","9095","10111",1,0,1,1,1
"T422X5S","9095","10121",1,0,1,2,1
"T422X5S","E9360","10122",1,0,1,2,2
"T422X5S","E9362","10112",1,0,1,1,2
"T422X6A","NoDx","11000",1,1,0,0,0
"T422X6D","NoDx","11000",1,1,0,0,0
"T422X6S","NoDx","11000",1,1,0,0,0
"T423X1A","9670","10111",1,0,1,1,1
"T423X1A","E851","10112",1,0,1,1,2
"T423X1D","V5889","10000",1,0,0,0,0
"T423X1S","9090","10111",1,0,1,1,1
"T423X1S","E9292","10112",1,0,1,1,2
"T423X2A","9670","10111",1,0,1,1,1
"T423X2A","E9501","10112",1,0,1,1,2
"T423X2D","V5889","10000",1,0,0,0,0
"T423X2S","9090","10111",1,0,1,1,1
"T423X2S","E959","10112",1,0,1,1,2
"T423X3A","9670","10111",1,0,1,1,1
"T423X3A","E9620","10112",1,0,1,1,2
"T423X3D","V5889","10000",1,0,0,0,0
"T423X3S","9090","10111",1,0,1,1,1
"T423X3S","E969","10112",1,0,1,1,2
"T423X4A","9670","10111",1,0,1,1,1
"T423X4A","E9801","10112",1,0,1,1,2
"T423X4D","V5889","10000",1,0,0,0,0
"T423X4S","9090","10111",1,0,1,1,1
"T423X4S","E989","10112",1,0,1,1,2
"T423X5A","99529","10111",1,0,1,1,1
"T423X5A","E9370","10112",1,0,1,1,2
"T423X5D","V5889","10000",1,0,0,0,0
"T423X5S","9095","10111",1,0,1,1,1
"T423X5S","E9370","10112",1,0,1,1,2
"T423X6A","NoDx","11000",1,1,0,0,0
"T423X6D","NoDx","11000",1,1,0,0,0
"T423X6S","NoDx","11000",1,1,0,0,0
"T424X1A","9694","10111",1,0,1,1,1
"T424X1A","E8532","10112",1,0,1,1,2
"T424X1D","V5889","10000",1,0,0,0,0
"T424X1S","9090","10111",1,0,1,1,1
"T424X1S","E9292","10112",1,0,1,1,2
"T424X2A","9694","10111",1,0,1,1,1
"T424X2A","E9502","10112",1,0,1,1,2
"T424X2D","V5889","10000",1,0,0,0,0
"T424X2S","9090","10111",1,0,1,1,1
"T424X2S","E959","10112",1,0,1,1,2
"T424X3A","9694","10111",1,0,1,1,1
"T424X3A","E9620","10112",1,0,1,1,2
"T424X3D","V5889","10000",1,0,0,0,0
"T424X3S","9090","10111",1,0,1,1,1
"T424X3S","E969","10112",1,0,1,1,2
"T424X4A","9694","10111",1,0,1,1,1
"T424X4A","E9802","10112",1,0,1,1,2
"T424X4D","V5889","10000",1,0,0,0,0
"T424X4S","9090","10111",1,0,1,1,1
"T424X4S","E989","10112",1,0,1,1,2
"T424X5A","99529","10111",1,0,1,1,1
"T424X5A","E9394","10112",1,0,1,1,2
"T424X5D","V5889","10000",1,0,0,0,0
"T424X5S","9095","10111",1,0,1,1,1
"T424X5S","E9394","10112",1,0,1,1,2
"T424X6A","NoDx","11000",1,1,0,0,0
"T424X6D","NoDx","11000",1,1,0,0,0
"T424X6S","NoDx","11000",1,1,0,0,0
"T425X1A","9663","10111",1,0,1,1,1
"T425X1A","E8558","10112",1,0,1,1,2
"T425X1D","V5889","10000",1,0,0,0,0
"T425X1S","9090","10111",1,0,1,1,1
"T425X1S","E9292","10112",1,0,1,1,2
"T425X2A","9663","10111",1,0,1,1,1
"T425X2A","E9504","10112",1,0,1,1,2
"T425X2D","V5889","10000",1,0,0,0,0
"T425X2S","9090","10111",1,0,1,1,1
"T425X2S","E959","10112",1,0,1,1,2
"T425X3A","9663","10111",1,0,1,1,1
"T425X3A","E9620","10112",1,0,1,1,2
"T425X3D","V5889","10000",1,0,0,0,0
"T425X3S","9090","10111",1,0,1,1,1
"T425X3S","E969","10112",1,0,1,1,2
"T425X4A","9663","10111",1,0,1,1,1
"T425X4A","E9804","10112",1,0,1,1,2
"T425X4D","V5889","10000",1,0,0,0,0
"T425X4S","9090","10111",1,0,1,1,1
"T425X4S","E989","10112",1,0,1,1,2
"T425X5A","99529","10111",1,0,1,1,1
"T425X5A","E9363","10112",1,0,1,1,2
"T425X5D","V5889","10000",1,0,0,0,0
"T425X5S","9095","10111",1,0,1,1,1
"T425X5S","E9363","10112",1,0,1,1,2
"T425X6A","NoDx","11000",1,1,0,0,0
"T425X6D","NoDx","11000",1,1,0,0,0
"T425X6S","NoDx","11000",1,1,0,0,0
"T426X1A","9663","10111",1,0,1,1,1
"T426X1A","9678","10121",1,0,1,2,1
"T426X1A","E8528","10122",1,0,1,2,2
"T426X1A","E8588","10112",1,0,1,1,2
"T426X1D","V5889","10000",1,0,0,0,0
"T426X1S","9090","10111",1,0,1,1,1
"T426X1S","E9292","10112",1,0,1,1,2
"T426X2A","9663","10111",1,0,1,1,1
"T426X2A","9678","10121",1,0,1,2,1
"T426X2A","E9502","10122",1,0,1,2,2
"T426X2A","E9504","10112",1,0,1,1,2
"T426X2D","V5889","10000",1,0,0,0,0
"T426X2S","9090","10111",1,0,1,1,1
"T426X2S","E959","10112",1,0,1,1,2
"T426X3A","9663","10111",1,0,1,1,1
"T426X3A","9678","10121",1,0,1,2,1
"T426X3A","E9620","10112",1,0,1,1,2
"T426X3A","E9620","10122",1,0,1,2,2
"T426X3D","V5889","10000",1,0,0,0,0
"T426X3S","9090","10111",1,0,1,1,1
"T426X3S","E969","10112",1,0,1,1,2
"T426X4A","9663","10111",1,0,1,1,1
"T426X4A","9678","10121",1,0,1,2,1
"T426X4A","E9502","10122",1,0,1,2,2
"T426X4A","E9804","10112",1,0,1,1,2
"T426X4D","V5889","10000",1,0,0,0,0
"T426X4S","9090","10111",1,0,1,1,1
"T426X4S","E989","10112",1,0,1,1,2
"T426X5A","99529","10111",1,0,1,1,1
"T426X5A","99529","10121",1,0,1,2,1
"T426X5A","E9363","10112",1,0,1,1,2
"T426X5A","E9378","10122",1,0,1,2,2
"T426X5D","V5889","10000",1,0,0,0,0
"T426X5S","9095","10111",1,0,1,1,1
"T426X5S","9095","10121",1,0,1,2,1
"T426X5S","E9363","10112",1,0,1,1,2
"T426X5S","E9378","10122",1,0,1,2,2
"T426X6A","NoDx","11000",1,1,0,0,0
"T426X6D","NoDx","11000",1,1,0,0,0
"T426X6S","NoDx","11000",1,1,0,0,0
"T4271XA","9663","10111",1,0,1,1,1
"T4271XA","9679","10121",1,0,1,2,1
"T4271XA","E8528","10122",1,0,1,2,2
"T4271XA","E8588","10112",1,0,1,1,2
"T4271XD","V5889","10000",1,0,0,0,0
"T4271XS","9090","10111",1,0,1,1,1
"T4271XS","E9292","10112",1,0,1,1,2
"T4272XA","9663","10111",1,0,1,1,1
"T4272XA","9679","10121",1,0,1,2,1
"T4272XA","E9503","10122",1,0,1,2,2
"T4272XA","E9504","10112",1,0,1,1,2
"T4272XD","V5889","10000",1,0,0,0,0
"T4272XS","9090","10111",1,0,1,1,1
"T4272XS","E959","10112",1,0,1,1,2
"T4273XA","9663","10111",1,0,1,1,1
"T4273XA","9679","10121",1,0,1,2,1
"T4273XA","E9620","10112",1,0,1,1,2
"T4273XA","E9620","10122",1,0,1,2,2
"T4273XD","V5889","10000",1,0,0,0,0
"T4273XS","9090","10111",1,0,1,1,1
"T4273XS","E969","10112",1,0,1,1,2
"T4274XA","9663","10111",1,0,1,1,1
"T4274XA","9679","10121",1,0,1,2,1
"T4274XA","E9804","10112",1,0,1,1,2
"T4274XA","E9804","10122",1,0,1,2,2
"T4274XD","V5889","10000",1,0,0,0,0
"T4274XS","9090","10111",1,0,1,1,1
"T4274XS","E989","10112",1,0,1,1,2
"T4275XA","99529","10111",1,0,1,1,1
"T4275XA","99529","10121",1,0,1,2,1
"T4275XA","E9363","10112",1,0,1,1,2
"T4275XA","E9379","10122",1,0,1,2,2
"T4275XD","V5889","10000",1,0,0,0,0
"T4275XS","9095","10111",1,0,1,1,1
"T4275XS","9095","10121",1,0,1,2,1
"T4275XS","E9363","10112",1,0,1,1,2
"T4275XS","E9379","10122",1,0,1,2,2
"T4276XA","NoDx","11000",1,1,0,0,0
"T4276XD","NoDx","11000",1,1,0,0,0
"T4276XS","NoDx","11000",1,1,0,0,0
"T428X1A","9664","10111",1,0,1,1,1
"T428X1A","9680","10111",1,0,1,1,1
"T428X1A","E8550","10112",1,0,1,1,2
"T428X1D","V5889","10000",1,0,0,0,0
"T428X1S","9090","10111",1,0,1,1,1
"T428X1S","E9292","10112",1,0,1,1,2
"T428X2A","9664","10111",1,0,1,1,1
"T428X2A","9680","10111",1,0,1,1,1
"T428X2A","E9504","10112",1,0,1,1,2
"T428X2D","V5889","10000",1,0,0,0,0
"T428X2S","9090","10111",1,0,1,1,1
"T428X2S","E959","10112",1,0,1,1,2
"T428X3A","9664","10111",1,0,1,1,1
"T428X3A","9680","10111",1,0,1,1,1
"T428X3A","E9620","10112",1,0,1,1,2
"T428X3D","V5889","10000",1,0,0,0,0
"T428X3S","9090","10111",1,0,1,1,1
"T428X3S","E969","10112",1,0,1,1,2
"T428X4A","9664","10111",1,0,1,1,1
"T428X4A","9680","10111",1,0,1,1,1
"T428X4A","E9804","10112",1,0,1,1,2
"T428X4D","V5889","10000",1,0,0,0,0
"T428X4S","9090","10111",1,0,1,1,1
"T428X4S","E989","10112",1,0,1,1,2
"T428X5A","99529","10111",1,0,1,1,1
"T428X5A","E9364","10112",1,0,1,1,2
"T428X5D","V5889","10000",1,0,0,0,0
"T428X5S","9095","10111",1,0,1,1,1
"T428X5S","E9364","10112",1,0,1,1,2
"T428X6A","NoDx","11000",1,1,0,0,0
"T428X6D","NoDx","11000",1,1,0,0,0
"T428X6S","NoDx","11000",1,1,0,0,0
"T43011A","96905","10111",1,0,1,1,1
"T43011A","E8540","10112",1,0,1,1,2
"T43011D","V5889","10000",1,0,0,0,0
"T43011S","9090","10111",1,0,1,1,1
"T43011S","E9292","10112",1,0,1,1,2
"T43012A","96905","10111",1,0,1,1,1
"T43012A","E9503","10112",1,0,1,1,2
"T43012D","V5889","10000",1,0,0,0,0
"T43012S","9090","10111",1,0,1,1,1
"T43012S","E959","10112",1,0,1,1,2
"T43013A","96905","10111",1,0,1,1,1
"T43013A","E9620","10112",1,0,1,1,2
"T43013D","V5889","10000",1,0,0,0,0
"T43013S","9090","10111",1,0,1,1,1
"T43013S","E969","10112",1,0,1,1,2
"T43014A","96905","10111",1,0,1,1,1
"T43014A","E9803","10112",1,0,1,1,2
"T43014D","V5889","10000",1,0,0,0,0
"T43014S","9090","10111",1,0,1,1,1
"T43014S","E989","10112",1,0,1,1,2
"T43015A","99529","10111",1,0,1,1,1
"T43015A","E9390","10112",1,0,1,1,2
"T43015D","V5889","10000",1,0,0,0,0
"T43015S","9095","10111",1,0,1,1,1
"T43015S","E9390","10112",1,0,1,1,2
"T43016A","NoDx","11000",1,1,0,0,0
"T43016D","NoDx","11000",1,1,0,0,0
"T43016S","NoDx","11000",1,1,0,0,0
"T43021A","96904","10111",1,0,1,1,1
"T43021A","E8540","10112",1,0,1,1,2
"T43021D","V5889","10000",1,0,0,0,0
"T43021S","9090","10111",1,0,1,1,1
"T43021S","E9292","10112",1,0,1,1,2
"T43022A","96904","10111",1,0,1,1,1
"T43022A","E9503","10112",1,0,1,1,2
"T43022D","V5889","10000",1,0,0,0,0
"T43022S","9090","10111",1,0,1,1,1
"T43022S","E959","10112",1,0,1,1,2
"T43023A","96904","10111",1,0,1,1,1
"T43023A","E9620","10112",1,0,1,1,2
"T43023D","V5889","10000",1,0,0,0,0
"T43023S","9090","10111",1,0,1,1,1
"T43023S","E969","10112",1,0,1,1,2
"T43024A","96904","10111",1,0,1,1,1
"T43024A","E9803","10112",1,0,1,1,2
"T43024D","V5889","10000",1,0,0,0,0
"T43024S","9090","10111",1,0,1,1,1
"T43024S","E989","10112",1,0,1,1,2
"T43025A","99529","10111",1,0,1,1,1
"T43025A","E9390","10112",1,0,1,1,2
"T43025D","V5889","10000",1,0,0,0,0
"T43025S","9095","10111",1,0,1,1,1
"T43025S","E9390","10112",1,0,1,1,2
"T43026A","NoDx","11000",1,1,0,0,0
"T43026D","NoDx","11000",1,1,0,0,0
"T43026S","NoDx","11000",1,1,0,0,0
"T431X1A","96901","10111",1,0,1,1,1
"T431X1A","E8540","10112",1,0,1,1,2
"T431X1D","V5889","10000",1,0,0,0,0
"T431X1S","9090","10111",1,0,1,1,1
"T431X1S","E9292","10112",1,0,1,1,2
"T431X2A","96901","10111",1,0,1,1,1
"T431X2A","E9503","10112",1,0,1,1,2
"T431X2D","V5889","10000",1,0,0,0,0
"T431X2S","9090","10111",1,0,1,1,1
"T431X2S","E959","10112",1,0,1,1,2
"T431X3A","96901","10111",1,0,1,1,1
"T431X3A","E9620","10112",1,0,1,1,2
"T431X3D","V5889","10000",1,0,0,0,0
"T431X3S","9090","10111",1,0,1,1,1
"T431X3S","E969","10112",1,0,1,1,2
"T431X4A","96901","10111",1,0,1,1,1
"T431X4A","E9803","10112",1,0,1,1,2
"T431X4D","V5889","10000",1,0,0,0,0
"T431X4S","9090","10111",1,0,1,1,1
"T431X4S","E989","10112",1,0,1,1,2
"T431X5A","99529","10111",1,0,1,1,1
"T431X5A","E9390","10112",1,0,1,1,2
"T431X5D","V5889","10000",1,0,0,0,0
"T431X5S","9095","10111",1,0,1,1,1
"T431X5S","E9390","10112",1,0,1,1,2
"T431X6A","NoDx","11000",1,1,0,0,0
"T431X6D","NoDx","11000",1,1,0,0,0
"T431X6S","NoDx","11000",1,1,0,0,0
"T43201A","96900","10111",1,0,1,1,1
"T43201A","E8540","10112",1,0,1,1,2
"T43201D","V5889","10000",1,0,0,0,0
"T43201S","9090","10111",1,0,1,1,1
"T43201S","E9292","10112",1,0,1,1,2
"T43202A","96900","10111",1,0,1,1,1
"T43202A","E9503","10112",1,0,1,1,2
"T43202D","V5889","10000",1,0,0,0,0
"T43202S","9090","10111",1,0,1,1,1
"T43202S","E959","10112",1,0,1,1,2
"T43203A","96900","10111",1,0,1,1,1
"T43203A","E9620","10112",1,0,1,1,2
"T43203D","V5889","10000",1,0,0,0,0
"T43203S","9090","10111",1,0,1,1,1
"T43203S","E969","10112",1,0,1,1,2
"T43204A","96900","10111",1,0,1,1,1
"T43204A","E9803","10112",1,0,1,1,2
"T43204D","V5889","10000",1,0,0,0,0
"T43204S","9090","10111",1,0,1,1,1
"T43204S","E989","10112",1,0,1,1,2
"T43205A","99529","10111",1,0,1,1,1
"T43205A","E9390","10112",1,0,1,1,2
"T43205D","V5889","10000",1,0,0,0,0
"T43205S","9095","10111",1,0,1,1,1
"T43205S","E9390","10112",1,0,1,1,2
"T43206A","NoDx","11000",1,1,0,0,0
"T43206D","NoDx","11000",1,1,0,0,0
"T43206S","NoDx","11000",1,1,0,0,0
"T43211A","96902","10111",1,0,1,1,1
"T43211A","E8540","10112",1,0,1,1,2
"T43211D","V5889","10000",1,0,0,0,0
"T43211S","9090","10111",1,0,1,1,1
"T43211S","E9292","10112",1,0,1,1,2
"T43212A","96902","10111",1,0,1,1,1
"T43212A","E9503","10112",1,0,1,1,2
"T43212D","V5889","10000",1,0,0,0,0
"T43212S","9090","10111",1,0,1,1,1
"T43212S","E959","10112",1,0,1,1,2
"T43213A","96902","10111",1,0,1,1,1
"T43213A","E9620","10112",1,0,1,1,2
"T43213D","V5889","10000",1,0,0,0,0
"T43213S","9090","10111",1,0,1,1,1
"T43213S","E969","10112",1,0,1,1,2
"T43214A","96902","10111",1,0,1,1,1
"T43214A","E9803","10112",1,0,1,1,2
"T43214D","V5889","10000",1,0,0,0,0
"T43214S","9090","10111",1,0,1,1,1
"T43214S","E989","10112",1,0,1,1,2
"T43215A","99529","10111",1,0,1,1,1
"T43215A","E9390","10112",1,0,1,1,2
"T43215D","V5889","10000",1,0,0,0,0
"T43215S","9095","10111",1,0,1,1,1
"T43215S","E9390","10112",1,0,1,1,2
"T43216A","NoDx","11000",1,1,0,0,0
"T43216D","NoDx","11000",1,1,0,0,0
"T43216S","NoDx","11000",1,1,0,0,0
"T43221A","96903","10111",1,0,1,1,1
"T43221A","E8540","10112",1,0,1,1,2
"T43221D","V5889","10000",1,0,0,0,0
"T43221S","9090","10111",1,0,1,1,1
"T43221S","E9292","10112",1,0,1,1,2
"T43222A","96903","10111",1,0,1,1,1
"T43222A","E9503","10112",1,0,1,1,2
"T43222D","V5889","10000",1,0,0,0,0
"T43222S","9090","10111",1,0,1,1,1
"T43222S","E959","10112",1,0,1,1,2
"T43223A","96903","10111",1,0,1,1,1
"T43223A","E9620","10112",1,0,1,1,2
"T43223D","V5889","10000",1,0,0,0,0
"T43223S","9090","10111",1,0,1,1,1
"T43223S","E969","10112",1,0,1,1,2
"T43224A","96903","10111",1,0,1,1,1
"T43224A","E9803","10112",1,0,1,1,2
"T43224D","V5889","10000",1,0,0,0,0
"T43224S","9090","10111",1,0,1,1,1
"T43224S","E989","10112",1,0,1,1,2
"T43225A","99529","10111",1,0,1,1,1
"T43225A","E9390","10112",1,0,1,1,2
"T43225D","V5889","10000",1,0,0,0,0
"T43225S","9095","10111",1,0,1,1,1
"T43225S","E9390","10112",1,0,1,1,2
"T43226A","NoDx","11000",1,1,0,0,0
"T43226D","NoDx","11000",1,1,0,0,0
"T43226S","NoDx","11000",1,1,0,0,0
"T43291A","96909","10111",1,0,1,1,1
"T43291A","E8540","10112",1,0,1,1,2
"T43291D","V5889","10000",1,0,0,0,0
"T43291S","9090","10111",1,0,1,1,1
"T43291S","E9292","10112",1,0,1,1,2
"T43292A","96909","10111",1,0,1,1,1
"T43292A","E9503","10112",1,0,1,1,2
"T43292D","V5889","10000",1,0,0,0,0
"T43292S","9090","10111",1,0,1,1,1
"T43292S","E959","10112",1,0,1,1,2
"T43293A","96909","10111",1,0,1,1,1
"T43293A","E9620","10112",1,0,1,1,2
"T43293D","V5889","10000",1,0,0,0,0
"T43293S","9090","10111",1,0,1,1,1
"T43293S","E969","10112",1,0,1,1,2
"T43294A","96909","10111",1,0,1,1,1
"T43294A","E9803","10112",1,0,1,1,2
"T43294D","V5889","10000",1,0,0,0,0
"T43294S","9090","10111",1,0,1,1,1
"T43294S","E989","10112",1,0,1,1,2
"T43295A","99529","10111",1,0,1,1,1
"T43295A","E9390","10112",1,0,1,1,2
"T43295D","V5889","10000",1,0,0,0,0
"T43295S","9095","10111",1,0,1,1,1
"T43295S","E9390","10112",1,0,1,1,2
"T43296A","NoDx","11000",1,1,0,0,0
"T43296D","NoDx","11000",1,1,0,0,0
"T43296S","NoDx","11000",1,1,0,0,0
"T433X1A","9691","10111",1,0,1,1,1
"T433X1A","E8530","10112",1,0,1,1,2
"T433X1D","V5889","10000",1,0,0,0,0
"T433X1S","9090","10111",1,0,1,1,1
"T433X1S","E9292","10112",1,0,1,1,2
"T433X2A","9691","10111",1,0,1,1,1
"T433X2A","E9503","10112",1,0,1,1,2
"T433X2D","V5889","10000",1,0,0,0,0
"T433X2S","9090","10111",1,0,1,1,1
"T433X2S","E959","10112",1,0,1,1,2
"T433X3A","9691","10111",1,0,1,1,1
"T433X3A","E9620","10112",1,0,1,1,2
"T433X3D","V5889","10000",1,0,0,0,0
"T433X3S","9090","10111",1,0,1,1,1
"T433X3S","E969","10112",1,0,1,1,2
"T433X4A","9691","10111",1,0,1,1,1
"T433X4A","E9803","10112",1,0,1,1,2
"T433X4D","V5889","10000",1,0,0,0,0
"T433X4S","9090","10111",1,0,1,1,1
"T433X4S","E989","10112",1,0,1,1,2
"T433X5A","99529","10111",1,0,1,1,1
"T433X5A","E9391","10112",1,0,1,1,2
"T433X5D","V5889","10000",1,0,0,0,0
"T433X5S","9095","10111",1,0,1,1,1
"T433X5S","E9391","10112",1,0,1,1,2
"T433X6A","NoDx","11000",1,1,0,0,0
"T433X6D","NoDx","11000",1,1,0,0,0
"T433X6S","NoDx","11000",1,1,0,0,0
"T434X1A","9692","10111",1,0,1,1,1
"T434X1A","E8531","10112",1,0,1,1,2
"T434X1D","V5889","10000",1,0,0,0,0
"T434X1S","9090","10111",1,0,1,1,1
"T434X1S","E9292","10112",1,0,1,1,2
"T434X2A","9692","10111",1,0,1,1,1
"T434X2A","E9503","10112",1,0,1,1,2
"T434X2D","V5889","10000",1,0,0,0,0
"T434X2S","9090","10111",1,0,1,1,1
"T434X2S","E959","10112",1,0,1,1,2
"T434X3A","9692","10111",1,0,1,1,1
"T434X3A","E9620","10112",1,0,1,1,2
"T434X3D","V5889","10000",1,0,0,0,0
"T434X3S","9090","10111",1,0,1,1,1
"T434X3S","E969","10112",1,0,1,1,2
"T434X4A","9692","10111",1,0,1,1,1
"T434X4A","E9803","10112",1,0,1,1,2
"T434X4D","V5889","10000",1,0,0,0,0
"T434X4S","9090","10111",1,0,1,1,1
"T434X4S","E989","10112",1,0,1,1,2
"T434X5A","99529","10111",1,0,1,1,1
"T434X5A","E9392","10112",1,0,1,1,2
"T434X5D","V5889","10000",1,0,0,0,0
"T434X5S","9095","10111",1,0,1,1,1
"T434X5S","E9392","10112",1,0,1,1,2
"T434X6A","NoDx","11000",1,1,0,0,0
"T434X6D","NoDx","11000",1,1,0,0,0
"T434X6S","NoDx","11000",1,1,0,0,0
"T43501A","9693","10111",1,0,1,1,1
"T43501A","E8548","10112",1,0,1,1,2
"T43501D","V5889","10000",1,0,0,0,0
"T43501S","9090","10111",1,0,1,1,1
"T43501S","E9292","10112",1,0,1,1,2
"T43502A","9693","10111",1,0,1,1,1
"T43502A","E9503","10112",1,0,1,1,2
"T43502D","V5889","10000",1,0,0,0,0
"T43502S","9090","10111",1,0,1,1,1
"T43502S","E959","10112",1,0,1,1,2
"T43503A","9693","10111",1,0,1,1,1
"T43503A","E9620","10112",1,0,1,1,2
"T43503D","V5889","10000",1,0,0,0,0
"T43503S","9090","10111",1,0,1,1,1
"T43503S","E969","10112",1,0,1,1,2
"T43504A","9693","10111",1,0,1,1,1
"T43504A","E9803","10112",1,0,1,1,2
"T43504D","V5889","10000",1,0,0,0,0
"T43504S","9090","10111",1,0,1,1,1
"T43504S","E989","10112",1,0,1,1,2
"T43505A","99529","10111",1,0,1,1,1
"T43505A","E9393","10112",1,0,1,1,2
"T43505D","V5889","10000",1,0,0,0,0
"T43505S","9095","10111",1,0,1,1,1
"T43505S","E9393","10112",1,0,1,1,2
"T43506A","NoDx","11000",1,1,0,0,0
"T43506D","NoDx","11000",1,1,0,0,0
"T43506S","NoDx","11000",1,1,0,0,0
"T43591A","9693","10111",1,0,1,1,1
"T43591A","E8548","10112",1,0,1,1,2
"T43591D","V5889","10000",1,0,0,0,0
"T43591S","9090","10111",1,0,1,1,1
"T43591S","E9292","10112",1,0,1,1,2
"T43592A","9693","10111",1,0,1,1,1
"T43592A","E9503","10112",1,0,1,1,2
"T43592D","V5889","10000",1,0,0,0,0
"T43592S","9090","10111",1,0,1,1,1
"T43592S","E959","10112",1,0,1,1,2
"T43593A","9693","10111",1,0,1,1,1
"T43593A","E9620","10112",1,0,1,1,2
"T43593D","V5889","10000",1,0,0,0,0
"T43593S","9090","10111",1,0,1,1,1
"T43593S","E969","10112",1,0,1,1,2
"T43594A","9693","10111",1,0,1,1,1
"T43594A","E9803","10112",1,0,1,1,2
"T43594D","V5889","10000",1,0,0,0,0
"T43594S","9090","10111",1,0,1,1,1
"T43594S","E989","10112",1,0,1,1,2
"T43595A","99529","10111",1,0,1,1,1
"T43595A","E9393","10112",1,0,1,1,2
"T43595D","V5889","10000",1,0,0,0,0
"T43595S","9095","10111",1,0,1,1,1
"T43595S","E9393","10112",1,0,1,1,2
"T43596A","NoDx","11000",1,1,0,0,0
"T43596D","NoDx","11000",1,1,0,0,0
"T43596S","NoDx","11000",1,1,0,0,0
"T43601A","96970","10111",1,0,1,1,1
"T43601A","E8542","10112",1,0,1,1,2
"T43601D","V5889","10000",1,0,0,0,0
"T43601S","9090","10111",1,0,1,1,1
"T43601S","E9292","10112",1,0,1,1,2
"T43602A","96970","10111",1,0,1,1,1
"T43602A","E9503","10112",1,0,1,1,2
"T43602D","V5889","10000",1,0,0,0,0
"T43602S","9090","10111",1,0,1,1,1
"T43602S","E959","10112",1,0,1,1,2
"T43603A","96970","10111",1,0,1,1,1
"T43603A","E9620","10112",1,0,1,1,2
"T43603D","V5889","10000",1,0,0,0,0
"T43603S","9090","10111",1,0,1,1,1
"T43603S","E969","10112",1,0,1,1,2
"T43604A","96970","10111",1,0,1,1,1
"T43604A","E9803","10112",1,0,1,1,2
"T43604D","V5889","10000",1,0,0,0,0
"T43604S","9090","10111",1,0,1,1,1
"T43604S","E989","10112",1,0,1,1,2
"T43605A","99529","10111",1,0,1,1,1
"T43605A","E9397","10112",1,0,1,1,2
"T43605D","V5889","10000",1,0,0,0,0
"T43605S","9095","10111",1,0,1,1,1
"T43605S","E9397","10112",1,0,1,1,2
"T43606A","NoDx","11000",1,1,0,0,0
"T43606D","NoDx","11000",1,1,0,0,0
"T43606S","NoDx","11000",1,1,0,0,0
"T43611A","96971","10111",1,0,1,1,1
"T43611A","E8542","10112",1,0,1,1,2
"T43611D","V5889","10000",1,0,0,0,0
"T43611S","9090","10111",1,0,1,1,1
"T43611S","E9292","10112",1,0,1,1,2
"T43612A","96971","10111",1,0,1,1,1
"T43612A","E9503","10112",1,0,1,1,2
"T43612D","V5889","10000",1,0,0,0,0
"T43612S","9090","10111",1,0,1,1,1
"T43612S","E959","10112",1,0,1,1,2
"T43613A","96971","10111",1,0,1,1,1
"T43613A","E9620","10112",1,0,1,1,2
"T43613D","V5889","10000",1,0,0,0,0
"T43613S","9090","10111",1,0,1,1,1
"T43613S","E969","10112",1,0,1,1,2
"T43614A","96971","10111",1,0,1,1,1
"T43614A","E9803","10112",1,0,1,1,2
"T43614D","V5889","10000",1,0,0,0,0
"T43614S","9090","10111",1,0,1,1,1
"T43614S","E989","10112",1,0,1,1,2
"T43615A","99529","10111",1,0,1,1,1
"T43615A","E9397","10112",1,0,1,1,2
"T43615D","V5889","10000",1,0,0,0,0
"T43615S","9095","10111",1,0,1,1,1
"T43615S","E9397","10112",1,0,1,1,2
"T43616A","NoDx","11000",1,1,0,0,0
"T43616D","NoDx","11000",1,1,0,0,0
"T43616S","NoDx","11000",1,1,0,0,0
"T43621A","96972","10111",1,0,1,1,1
"T43621A","E8542","10112",1,0,1,1,2
"T43621D","V5889","10000",1,0,0,0,0
"T43621S","9090","10111",1,0,1,1,1
"T43621S","E9292","10112",1,0,1,1,2
"T43622A","96972","10111",1,0,1,1,1
"T43622A","E9503","10112",1,0,1,1,2
"T43622D","V5889","10000",1,0,0,0,0
"T43622S","9090","10111",1,0,1,1,1
"T43622S","E959","10112",1,0,1,1,2
"T43623A","96972","10111",1,0,1,1,1
"T43623A","E9620","10112",1,0,1,1,2
"T43623D","V5889","10000",1,0,0,0,0
"T43623S","9090","10111",1,0,1,1,1
"T43623S","E969","10112",1,0,1,1,2
"T43624A","96972","10111",1,0,1,1,1
"T43624A","E9803","10112",1,0,1,1,2
"T43624D","V5889","10000",1,0,0,0,0
"T43624S","9090","10111",1,0,1,1,1
"T43624S","E989","10112",1,0,1,1,2
"T43625A","99529","10111",1,0,1,1,1
"T43625A","E9397","10112",1,0,1,1,2
"T43625D","V5889","10000",1,0,0,0,0
"T43625S","9095","10111",1,0,1,1,1
"T43625S","E9397","10112",1,0,1,1,2
"T43626A","NoDx","11000",1,1,0,0,0
"T43626D","NoDx","11000",1,1,0,0,0
"T43626S","NoDx","11000",1,1,0,0,0
"T43631A","96973","10111",1,0,1,1,1
"T43631A","E8542","10112",1,0,1,1,2
"T43631D","V5889","10000",1,0,0,0,0
"T43631S","9090","10111",1,0,1,1,1
"T43631S","E9292","10112",1,0,1,1,2
"T43632A","96973","10111",1,0,1,1,1
"T43632A","E9503","10112",1,0,1,1,2
"T43632D","V5889","10000",1,0,0,0,0
"T43632S","9090","10111",1,0,1,1,1
"T43632S","E959","10112",1,0,1,1,2
"T43633A","96973","10111",1,0,1,1,1
"T43633A","E9620","10112",1,0,1,1,2
"T43633D","V5889","10000",1,0,0,0,0
"T43633S","9090","10111",1,0,1,1,1
"T43633S","E969","10112",1,0,1,1,2
"T43634A","96973","10111",1,0,1,1,1
"T43634A","E9803","10112",1,0,1,1,2
"T43634D","V5889","10000",1,0,0,0,0
"T43634S","9090","10111",1,0,1,1,1
"T43634S","E989","10112",1,0,1,1,2
"T43635A","99529","10111",1,0,1,1,1
"T43635A","E9397","10112",1,0,1,1,2
"T43635D","V5889","10000",1,0,0,0,0
"T43635S","9095","10111",1,0,1,1,1
"T43635S","E9397","10112",1,0,1,1,2
"T43636A","NoDx","11000",1,1,0,0,0
"T43636D","NoDx","11000",1,1,0,0,0
"T43636S","NoDx","11000",1,1,0,0,0
"T43691A","96979","10111",1,0,1,1,1
"T43691A","E8542","10112",1,0,1,1,2
"T43691D","V5889","10000",1,0,0,0,0
"T43691S","9090","10111",1,0,1,1,1
"T43691S","E9292","10112",1,0,1,1,2
"T43692A","96979","10111",1,0,1,1,1
"T43692A","E9503","10112",1,0,1,1,2
"T43692D","V5889","10000",1,0,0,0,0
"T43692S","9090","10111",1,0,1,1,1
"T43692S","E959","10112",1,0,1,1,2
"T43693A","96979","10111",1,0,1,1,1
"T43693A","E9620","10112",1,0,1,1,2
"T43693D","V5889","10000",1,0,0,0,0
"T43693S","9090","10111",1,0,1,1,1
"T43693S","E969","10112",1,0,1,1,2
"T43694A","96979","10111",1,0,1,1,1
"T43694A","E9803","10112",1,0,1,1,2
"T43694D","V5889","10000",1,0,0,0,0
"T43694S","9090","10111",1,0,1,1,1
"T43694S","E989","10112",1,0,1,1,2
"T43695A","99529","10111",1,0,1,1,1
"T43695A","E9397","10112",1,0,1,1,2
"T43695D","V5889","10000",1,0,0,0,0
"T43695S","9095","10111",1,0,1,1,1
"T43695S","E9397","10112",1,0,1,1,2
"T43696A","NoDx","11000",1,1,0,0,0
"T43696D","NoDx","11000",1,1,0,0,0
"T43696S","NoDx","11000",1,1,0,0,0
"T438X1A","9698","10111",1,0,1,1,1
"T438X1A","E8548","10112",1,0,1,1,2
"T438X1D","V5889","10000",1,0,0,0,0
"T438X1S","9090","10111",1,0,1,1,1
"T438X1S","E9292","10112",1,0,1,1,2
"T438X2A","9698","10111",1,0,1,1,1
"T438X2A","E9503","10112",1,0,1,1,2
"T438X2D","V5889","10000",1,0,0,0,0
"T438X2S","9090","10111",1,0,1,1,1
"T438X2S","E959","10112",1,0,1,1,2
"T438X3A","9698","10111",1,0,1,1,1
"T438X3A","E9620","10112",1,0,1,1,2
"T438X3D","V5889","10000",1,0,0,0,0
"T438X3S","9090","10111",1,0,1,1,1
"T438X3S","E969","10112",1,0,1,1,2
"T438X4A","9698","10111",1,0,1,1,1
"T438X4A","E9803","10112",1,0,1,1,2
"T438X4D","V5889","10000",1,0,0,0,0
"T438X4S","9090","10111",1,0,1,1,1
"T438X4S","E989","10112",1,0,1,1,2
"T438X5A","99529","10111",1,0,1,1,1
"T438X5A","E9398","10112",1,0,1,1,2
"T438X5D","V5889","10000",1,0,0,0,0
"T438X5S","9095","10111",1,0,1,1,1
"T438X5S","E9398","10112",1,0,1,1,2
"T438X6A","NoDx","11000",1,1,0,0,0
"T438X6D","NoDx","11000",1,1,0,0,0
"T438X6S","NoDx","11000",1,1,0,0,0
"T4391XA","9699","10111",1,0,1,1,1
"T4391XA","E8548","10112",1,0,1,1,2
"T4391XD","V5889","10000",1,0,0,0,0
"T4391XS","9090","10111",1,0,1,1,1
"T4391XS","E9292","10112",1,0,1,1,2
"T4392XA","9699","10111",1,0,1,1,1
"T4392XA","E9503","10112",1,0,1,1,2
"T4392XD","V5889","10000",1,0,0,0,0
"T4392XS","9090","10111",1,0,1,1,1
"T4392XS","E959","10112",1,0,1,1,2
"T4393XA","9699","10111",1,0,1,1,1
"T4393XA","E9620","10112",1,0,1,1,2
"T4393XD","V5889","10000",1,0,0,0,0
"T4393XS","9090","10111",1,0,1,1,1
"T4393XS","E969","10112",1,0,1,1,2
"T4394XA","9699","10111",1,0,1,1,1
"T4394XA","E9803","10112",1,0,1,1,2
"T4394XD","V5889","10000",1,0,0,0,0
"T4394XS","9090","10111",1,0,1,1,1
"T4394XS","E989","10112",1,0,1,1,2
"T4395XA","99529","10111",1,0,1,1,1
"T4395XA","E9399","10112",1,0,1,1,2
"T4395XD","V5889","10000",1,0,0,0,0
"T4395XS","9095","10111",1,0,1,1,1
"T4395XS","E9399","10112",1,0,1,1,2
"T4396XA","NoDx","11000",1,1,0,0,0
"T4396XD","NoDx","11000",1,1,0,0,0
"T4396XS","NoDx","11000",1,1,0,0,0
"T440X1A","9710","10111",1,0,1,1,1
"T440X1A","E8553","10112",1,0,1,1,2
"T440X1D","V5889","10000",1,0,0,0,0
"T440X1S","9090","10111",1,0,1,1,1
"T440X1S","E9292","10112",1,0,1,1,2
"T440X2A","9710","10111",1,0,1,1,1
"T440X2A","E9504","10112",1,0,1,1,2
"T440X2D","V5889","10000",1,0,0,0,0
"T440X2S","9090","10111",1,0,1,1,1
"T440X2S","E959","10112",1,0,1,1,2
"T440X3A","9710","10111",1,0,1,1,1
"T440X3A","E9620","10112",1,0,1,1,2
"T440X3D","V5889","10000",1,0,0,0,0
"T440X3S","9090","10111",1,0,1,1,1
"T440X3S","E969","10112",1,0,1,1,2
"T440X4A","9710","10111",1,0,1,1,1
"T440X4A","E9804","10112",1,0,1,1,2
"T440X4D","V5889","10000",1,0,0,0,0
"T440X4S","9090","10111",1,0,1,1,1
"T440X4S","E989","10112",1,0,1,1,2
"T440X5A","99529","10111",1,0,1,1,1
"T440X5A","E9410","10112",1,0,1,1,2
"T440X5D","V5889","10000",1,0,0,0,0
"T440X5S","9095","10111",1,0,1,1,1
"T440X5S","E9410","10112",1,0,1,1,2
"T440X6A","NoDx","11000",1,1,0,0,0
"T440X6D","NoDx","11000",1,1,0,0,0
"T440X6S","NoDx","11000",1,1,0,0,0
"T441X1A","9710","10111",1,0,1,1,1
"T441X1A","E8553","10112",1,0,1,1,2
"T441X1D","V5889","10000",1,0,0,0,0
"T441X1S","9090","10111",1,0,1,1,1
"T441X1S","E9292","10112",1,0,1,1,2
"T441X2A","9710","10111",1,0,1,1,1
"T441X2A","E9504","10112",1,0,1,1,2
"T441X2D","V5889","10000",1,0,0,0,0
"T441X2S","9090","10111",1,0,1,1,1
"T441X2S","E959","10112",1,0,1,1,2
"T441X3A","9710","10111",1,0,1,1,1
"T441X3A","E9620","10112",1,0,1,1,2
"T441X3D","V5889","10000",1,0,0,0,0
"T441X3S","9090","10111",1,0,1,1,1
"T441X3S","E969","10112",1,0,1,1,2
"T441X4A","9710","10111",1,0,1,1,1
"T441X4A","E9804","10112",1,0,1,1,2
"T441X4D","V5889","10000",1,0,0,0,0
"T441X4S","9090","10111",1,0,1,1,1
"T441X4S","E989","10112",1,0,1,1,2
"T441X5A","99529","10111",1,0,1,1,1
"T441X5A","E9410","10112",1,0,1,1,2
"T441X5D","V5889","10000",1,0,0,0,0
"T441X5S","9095","10111",1,0,1,1,1
"T441X5S","E9410","10112",1,0,1,1,2
"T441X6A","NoDx","11000",1,1,0,0,0
"T441X6D","NoDx","11000",1,1,0,0,0
"T441X6S","NoDx","11000",1,1,0,0,0
"T442X1A","9723","10111",1,0,1,1,1
"T442X1A","E8558","10112",1,0,1,1,2
"T442X1D","V5889","10000",1,0,0,0,0
"T442X1S","9090","10111",1,0,1,1,1
"T442X1S","E9292","10112",1,0,1,1,2
"T442X2A","9723","10111",1,0,1,1,1
"T442X2A","E9504","10112",1,0,1,1,2
"T442X2D","V5889","10000",1,0,0,0,0
"T442X2S","9090","10111",1,0,1,1,1
"T442X2S","E959","10112",1,0,1,1,2
"T442X3A","9723","10111",1,0,1,1,1
"T442X3A","E9620","10112",1,0,1,1,2
"T442X3D","V5889","10000",1,0,0,0,0
"T442X3S","9090","10111",1,0,1,1,1
"T442X3S","E969","10112",1,0,1,1,2
"T442X4A","9723","10111",1,0,1,1,1
"T442X4A","E9804","10112",1,0,1,1,2
"T442X4D","V5889","10000",1,0,0,0,0
"T442X4S","9090","10111",1,0,1,1,1
"T442X4S","E989","10112",1,0,1,1,2
"T442X5A","99529","10111",1,0,1,1,1
"T442X5A","E9419","10112",1,0,1,1,2
"T442X5D","V5889","10000",1,0,0,0,0
"T442X5S","9095","10111",1,0,1,1,1
"T442X5S","E9419","10112",1,0,1,1,2
"T442X6A","NoDx","11000",1,1,0,0,0
"T442X6D","NoDx","11000",1,1,0,0,0
"T442X6S","NoDx","11000",1,1,0,0,0
"T443X1A","9711","10111",1,0,1,1,1
"T443X1A","E8554","10112",1,0,1,1,2
"T443X1D","V5889","10000",1,0,0,0,0
"T443X1S","9090","10111",1,0,1,1,1
"T443X1S","E9292","10112",1,0,1,1,2
"T443X2A","9711","10111",1,0,1,1,1
"T443X2A","E9504","10112",1,0,1,1,2
"T443X2D","V5889","10000",1,0,0,0,0
"T443X2S","9090","10111",1,0,1,1,1
"T443X2S","E959","10112",1,0,1,1,2
"T443X3A","9711","10111",1,0,1,1,1
"T443X3A","E9620","10112",1,0,1,1,2
"T443X3D","V5889","10000",1,0,0,0,0
"T443X3S","9090","10111",1,0,1,1,1
"T443X3S","E969","10112",1,0,1,1,2
"T443X4A","9711","10111",1,0,1,1,1
"T443X4A","E9804","10112",1,0,1,1,2
"T443X4D","V5889","10000",1,0,0,0,0
"T443X4S","9090","10111",1,0,1,1,1
"T443X4S","E989","10112",1,0,1,1,2
"T443X5A","99529","10111",1,0,1,1,1
"T443X5A","E9411","10112",1,0,1,1,2
"T443X5D","V5889","10000",1,0,0,0,0
"T443X5S","9095","10111",1,0,1,1,1
"T443X5S","E9411","10112",1,0,1,1,2
"T443X6A","NoDx","11000",1,1,0,0,0
"T443X6D","NoDx","11000",1,1,0,0,0
"T443X6S","NoDx","11000",1,1,0,0,0
"T444X1A","9712","10111",1,0,1,1,1
"T444X1A","E8555","10112",1,0,1,1,2
"T444X1D","V5889","10000",1,0,0,0,0
"T444X1S","9090","10111",1,0,1,1,1
"T444X1S","E9292","10112",1,0,1,1,2
"T444X2A","9712","10111",1,0,1,1,1
"T444X2A","E9504","10112",1,0,1,1,2
"T444X2D","V5889","10000",1,0,0,0,0
"T444X2S","9090","10111",1,0,1,1,1
"T444X2S","E959","10112",1,0,1,1,2
"T444X3A","9712","10111",1,0,1,1,1
"T444X3A","E9620","10112",1,0,1,1,2
"T444X3D","V5889","10000",1,0,0,0,0
"T444X3S","9090","10111",1,0,1,1,1
"T444X3S","E969","10112",1,0,1,1,2
"T444X4A","9712","10111",1,0,1,1,1
"T444X4A","E9804","10112",1,0,1,1,2
"T444X4D","V5889","10000",1,0,0,0,0
"T444X4S","9090","10111",1,0,1,1,1
"T444X4S","E989","10112",1,0,1,1,2
"T444X5A","99529","10111",1,0,1,1,1
"T444X5A","E9412","10112",1,0,1,1,2
"T444X5D","V5889","10000",1,0,0,0,0
"T444X5S","9095","10111",1,0,1,1,1
"T444X5S","E9412","10112",1,0,1,1,2
"T444X6A","NoDx","11000",1,1,0,0,0
"T444X6D","NoDx","11000",1,1,0,0,0
"T444X6S","NoDx","11000",1,1,0,0,0
"T445X1A","9712","10111",1,0,1,1,1
"T445X1A","E8555","10112",1,0,1,1,2
"T445X1D","V5889","10000",1,0,0,0,0
"T445X1S","9090","10111",1,0,1,1,1
"T445X1S","E9292","10112",1,0,1,1,2
"T445X2A","9712","10111",1,0,1,1,1
"T445X2A","E9504","10112",1,0,1,1,2
"T445X2D","V5889","10000",1,0,0,0,0
"T445X2S","9090","10111",1,0,1,1,1
"T445X2S","E959","10112",1,0,1,1,2
"T445X3A","9712","10111",1,0,1,1,1
"T445X3A","E9620","10112",1,0,1,1,2
"T445X3D","V5889","10000",1,0,0,0,0
"T445X3S","9090","10111",1,0,1,1,1
"T445X3S","E969","10112",1,0,1,1,2
"T445X4A","9712","10111",1,0,1,1,1
"T445X4A","E9804","10112",1,0,1,1,2
"T445X4D","V5889","10000",1,0,0,0,0
"T445X4S","9090","10111",1,0,1,1,1
"T445X4S","E989","10112",1,0,1,1,2
"T445X5A","99529","10111",1,0,1,1,1
"T445X5A","E9412","10112",1,0,1,1,2
"T445X5D","V5889","10000",1,0,0,0,0
"T445X5S","9095","10111",1,0,1,1,1
"T445X5S","E9412","10112",1,0,1,1,2
"T445X6A","NoDx","11000",1,1,0,0,0
"T445X6D","NoDx","11000",1,1,0,0,0
"T445X6S","NoDx","11000",1,1,0,0,0
"T446X1A","9713","10111",1,0,1,1,1
"T446X1A","E8556","10112",1,0,1,1,2
"T446X1D","V5889","10000",1,0,0,0,0
"T446X1S","9090","10111",1,0,1,1,1
"T446X1S","E9292","10112",1,0,1,1,2
"T446X2A","9713","10111",1,0,1,1,1
"T446X2A","E9504","10112",1,0,1,1,2
"T446X2D","V5889","10000",1,0,0,0,0
"T446X2S","9090","10111",1,0,1,1,1
"T446X2S","E959","10112",1,0,1,1,2
"T446X3A","9713","10111",1,0,1,1,1
"T446X3A","E9620","10112",1,0,1,1,2
"T446X3D","V5889","10000",1,0,0,0,0
"T446X3S","9090","10111",1,0,1,1,1
"T446X3S","E969","10112",1,0,1,1,2
"T446X4A","9713","10111",1,0,1,1,1
"T446X4A","E9804","10112",1,0,1,1,2
"T446X4D","V5889","10000",1,0,0,0,0
"T446X4S","9090","10111",1,0,1,1,1
"T446X4S","E989","10112",1,0,1,1,2
"T446X5A","99529","10111",1,0,1,1,1
"T446X5A","E9413","10112",1,0,1,1,2
"T446X5D","V5889","10000",1,0,0,0,0
"T446X5S","9095","10111",1,0,1,1,1
"T446X5S","E9413","10112",1,0,1,1,2
"T446X6A","NoDx","11000",1,1,0,0,0
"T446X6D","NoDx","11000",1,1,0,0,0
"T446X6S","NoDx","11000",1,1,0,0,0
"T447X1A","9713","10111",1,0,1,1,1
"T447X1A","E8556","10112",1,0,1,1,2
"T447X1D","V5889","10000",1,0,0,0,0
"T447X1S","9090","10111",1,0,1,1,1
"T447X1S","E9292","10112",1,0,1,1,2
"T447X2A","9713","10111",1,0,1,1,1
"T447X2A","E9504","10112",1,0,1,1,2
"T447X2D","V5889","10000",1,0,0,0,0
"T447X2S","9090","10111",1,0,1,1,1
"T447X2S","E959","10112",1,0,1,1,2
"T447X3A","9713","10111",1,0,1,1,1
"T447X3A","E9620","10112",1,0,1,1,2
"T447X3D","V5889","10000",1,0,0,0,0
"T447X3S","9090","10111",1,0,1,1,1
"T447X3S","E969","10112",1,0,1,1,2
"T447X4A","9713","10111",1,0,1,1,1
"T447X4A","E9804","10112",1,0,1,1,2
"T447X4D","V5889","10000",1,0,0,0,0
"T447X4S","9090","10111",1,0,1,1,1
"T447X4S","E989","10112",1,0,1,1,2
"T447X5A","99529","10111",1,0,1,1,1
"T447X5A","E9413","10112",1,0,1,1,2
"T447X5D","V5889","10000",1,0,0,0,0
"T447X5S","9095","10111",1,0,1,1,1
"T447X5S","E9413","10112",1,0,1,1,2
"T447X6A","NoDx","11000",1,1,0,0,0
"T447X6D","NoDx","11000",1,1,0,0,0
"T447X6S","NoDx","11000",1,1,0,0,0
"T448X1A","9713","10111",1,0,1,1,1
"T448X1A","E8556","10112",1,0,1,1,2
"T448X1D","V5889","10000",1,0,0,0,0
"T448X1S","9090","10111",1,0,1,1,1
"T448X1S","E9292","10112",1,0,1,1,2
"T448X2A","9713","10111",1,0,1,1,1
"T448X2A","E9504","10112",1,0,1,1,2
"T448X2D","V5889","10000",1,0,0,0,0
"T448X2S","9090","10111",1,0,1,1,1
"T448X2S","E959","10112",1,0,1,1,2
"T448X3A","9713","10111",1,0,1,1,1
"T448X3A","E9620","10112",1,0,1,1,2
"T448X3D","V5889","10000",1,0,0,0,0
"T448X3S","9090","10111",1,0,1,1,1
"T448X3S","E969","10112",1,0,1,1,2
"T448X4A","9713","10111",1,0,1,1,1
"T448X4A","E9804","10112",1,0,1,1,2
"T448X4D","V5889","10000",1,0,0,0,0
"T448X4S","9090","10111",1,0,1,1,1
"T448X4S","E989","10112",1,0,1,1,2
"T448X5A","99529","10111",1,0,1,1,1
"T448X5A","E9413","10112",1,0,1,1,2
"T448X5D","V5889","10000",1,0,0,0,0
"T448X5S","9095","10111",1,0,1,1,1
"T448X5S","E9413","10112",1,0,1,1,2
"T448X6A","NoDx","11000",1,1,0,0,0
"T448X6D","NoDx","11000",1,1,0,0,0
"T448X6S","NoDx","11000",1,1,0,0,0
"T44901A","9719","10111",1,0,1,1,1
"T44901A","E8558","10112",1,0,1,1,2
"T44901D","V5889","10000",1,0,0,0,0
"T44901S","9090","10111",1,0,1,1,1
"T44901S","E9292","10112",1,0,1,1,2
"T44902A","9719","10111",1,0,1,1,1
"T44902A","E9504","10112",1,0,1,1,2
"T44902D","V5889","10000",1,0,0,0,0
"T44902S","9090","10111",1,0,1,1,1
"T44902S","E959","10112",1,0,1,1,2
"T44903A","9719","10111",1,0,1,1,1
"T44903A","E9620","10112",1,0,1,1,2
"T44903D","V5889","10000",1,0,0,0,0
"T44903S","9090","10111",1,0,1,1,1
"T44903S","E969","10112",1,0,1,1,2
"T44904A","9719","10111",1,0,1,1,1
"T44904A","E9804","10112",1,0,1,1,2
"T44904D","V5889","10000",1,0,0,0,0
"T44904S","9090","10111",1,0,1,1,1
"T44904S","E989","10112",1,0,1,1,2
"T44905A","99529","10111",1,0,1,1,1
"T44905A","E9419","10112",1,0,1,1,2
"T44905D","V5889","10000",1,0,0,0,0
"T44905S","9095","10111",1,0,1,1,1
"T44905S","E9419","10112",1,0,1,1,2
"T44906A","NoDx","11000",1,1,0,0,0
"T44906D","NoDx","11000",1,1,0,0,0
"T44906S","NoDx","11000",1,1,0,0,0
"T44991A","9719","10111",1,0,1,1,1
"T44991A","E8558","10112",1,0,1,1,2
"T44991D","V5889","10000",1,0,0,0,0
"T44991S","9090","10111",1,0,1,1,1
"T44991S","E9292","10112",1,0,1,1,2
"T44992A","9719","10111",1,0,1,1,1
"T44992A","E9504","10112",1,0,1,1,2
"T44992D","V5889","10000",1,0,0,0,0
"T44992S","9090","10111",1,0,1,1,1
"T44992S","E959","10112",1,0,1,1,2
"T44993A","9719","10111",1,0,1,1,1
"T44993A","E9620","10112",1,0,1,1,2
"T44993D","V5889","10000",1,0,0,0,0
"T44993S","9090","10111",1,0,1,1,1
"T44993S","E969","10112",1,0,1,1,2
"T44994A","9719","10111",1,0,1,1,1
"T44994A","E9804","10112",1,0,1,1,2
"T44994D","V5889","10000",1,0,0,0,0
"T44994S","9090","10111",1,0,1,1,1
"T44994S","E989","10112",1,0,1,1,2
"T44995A","99529","10111",1,0,1,1,1
"T44995A","E9419","10112",1,0,1,1,2
"T44995D","V5889","10000",1,0,0,0,0
"T44995S","9095","10111",1,0,1,1,1
"T44995S","E9419","10112",1,0,1,1,2
"T44996A","NoDx","11000",1,1,0,0,0
"T44996D","NoDx","11000",1,1,0,0,0
"T44996S","NoDx","11000",1,1,0,0,0
"T450X1A","9630","10111",1,0,1,1,1
"T450X1A","E8588","10112",1,0,1,1,2
"T450X1D","V5889","10000",1,0,0,0,0
"T450X1S","9090","10111",1,0,1,1,1
"T450X1S","E9292","10112",1,0,1,1,2
"T450X2A","9630","10111",1,0,1,1,1
"T450X2A","E9504","10112",1,0,1,1,2
"T450X2D","V5889","10000",1,0,0,0,0
"T450X2S","9090","10111",1,0,1,1,1
"T450X2S","E959","10112",1,0,1,1,2
"T450X3A","9630","10111",1,0,1,1,1
"T450X3A","E9620","10112",1,0,1,1,2
"T450X3D","V5889","10000",1,0,0,0,0
"T450X3S","9090","10111",1,0,1,1,1
"T450X3S","E969","10112",1,0,1,1,2
"T450X4A","9630","10111",1,0,1,1,1
"T450X4A","E9804","10112",1,0,1,1,2
"T450X4D","V5889","10000",1,0,0,0,0
"T450X4S","9090","10111",1,0,1,1,1
"T450X4S","E989","10112",1,0,1,1,2
"T450X5A","99529","10111",1,0,1,1,1
"T450X5A","E9330","10112",1,0,1,1,2
"T450X5D","V5889","10000",1,0,0,0,0
"T450X5S","9095","10111",1,0,1,1,1
"T450X5S","E9330","10112",1,0,1,1,2
"T450X6A","NoDx","11000",1,1,0,0,0
"T450X6D","NoDx","11000",1,1,0,0,0
"T450X6S","NoDx","11000",1,1,0,0,0
"T451X1A","9631","10111",1,0,1,1,1
"T451X1A","E8581","10112",1,0,1,1,2
"T451X1D","V5889","10000",1,0,0,0,0
"T451X1S","9090","10111",1,0,1,1,1
"T451X1S","E9292","10112",1,0,1,1,2
"T451X2A","9631","10111",1,0,1,1,1
"T451X2A","E9504","10112",1,0,1,1,2
"T451X2D","V5889","10000",1,0,0,0,0
"T451X2S","9090","10111",1,0,1,1,1
"T451X2S","E959","10112",1,0,1,1,2
"T451X3A","9631","10111",1,0,1,1,1
"T451X3A","E9620","10112",1,0,1,1,2
"T451X3D","V5889","10000",1,0,0,0,0
"T451X3S","9090","10111",1,0,1,1,1
"T451X3S","E969","10112",1,0,1,1,2
"T451X4A","9631","10111",1,0,1,1,1
"T451X4A","E9804","10112",1,0,1,1,2
"T451X4D","V5889","10000",1,0,0,0,0
"T451X4S","9090","10111",1,0,1,1,1
"T451X4S","E989","10112",1,0,1,1,2
"T451X5A","99529","10111",1,0,1,1,1
"T451X5A","E9331","10112",1,0,1,1,2
"T451X5D","V5889","10000",1,0,0,0,0
"T451X5S","9095","10111",1,0,1,1,1
"T451X5S","E9331","10112",1,0,1,1,2
"T451X6A","NoDx","11000",1,1,0,0,0
"T451X6D","NoDx","11000",1,1,0,0,0
"T451X6S","NoDx","11000",1,1,0,0,0
"T452X1A","9635","10111",1,0,1,1,1
"T452X1A","E8588","10112",1,0,1,1,2
"T452X1D","V5889","10000",1,0,0,0,0
"T452X1S","9090","10111",1,0,1,1,1
"T452X1S","E9292","10112",1,0,1,1,2
"T452X2A","9635","10111",1,0,1,1,1
"T452X2A","E9504","10112",1,0,1,1,2
"T452X2D","V5889","10000",1,0,0,0,0
"T452X2S","9090","10111",1,0,1,1,1
"T452X2S","E959","10112",1,0,1,1,2
"T452X3A","9635","10111",1,0,1,1,1
"T452X3A","E9620","10112",1,0,1,1,2
"T452X3D","V5889","10000",1,0,0,0,0
"T452X3S","9090","10111",1,0,1,1,1
"T452X3S","E969","10112",1,0,1,1,2
"T452X4A","9635","10111",1,0,1,1,1
"T452X4A","E9804","10112",1,0,1,1,2
"T452X4D","V5889","10000",1,0,0,0,0
"T452X4S","9090","10111",1,0,1,1,1
"T452X4S","E989","10112",1,0,1,1,2
"T452X5A","99529","10111",1,0,1,1,1
"T452X5A","E9335","10112",1,0,1,1,2
"T452X5D","V5889","10000",1,0,0,0,0
"T452X5S","9095","10111",1,0,1,1,1
"T452X5S","E9335","10112",1,0,1,1,2
"T452X6A","NoDx","11000",1,1,0,0,0
"T452X6D","NoDx","11000",1,1,0,0,0
"T452X6S","NoDx","11000",1,1,0,0,0
"T453X1A","9634","10111",1,0,1,1,1
"T453X1A","E8588","10112",1,0,1,1,2
"T453X1D","V5889","10000",1,0,0,0,0
"T453X1S","9090","10111",1,0,1,1,1
"T453X1S","E9292","10112",1,0,1,1,2
"T453X2A","9634","10111",1,0,1,1,1
"T453X2A","E9504","10112",1,0,1,1,2
"T453X2D","V5889","10000",1,0,0,0,0
"T453X2S","9090","10111",1,0,1,1,1
"T453X2S","E959","10112",1,0,1,1,2
"T453X3A","9634","10111",1,0,1,1,1
"T453X3A","E9620","10112",1,0,1,1,2
"T453X3D","V5889","10000",1,0,0,0,0
"T453X3S","9090","10111",1,0,1,1,1
"T453X3S","E969","10112",1,0,1,1,2
"T453X4A","9634","10111",1,0,1,1,1
"T453X4A","E9804","10112",1,0,1,1,2
"T453X4D","V5889","10000",1,0,0,0,0
"T453X4S","9090","10111",1,0,1,1,1
"T453X4S","E989","10112",1,0,1,1,2
"T453X5A","99529","10111",1,0,1,1,1
"T453X5A","E9334","10112",1,0,1,1,2
"T453X5D","V5889","10000",1,0,0,0,0
"T453X5S","9095","10111",1,0,1,1,1
"T453X5S","E9334","10112",1,0,1,1,2
"T453X6A","NoDx","11000",1,1,0,0,0
"T453X6D","NoDx","11000",1,1,0,0,0
"T453X6S","NoDx","11000",1,1,0,0,0
"T454X1A","9640","10111",1,0,1,1,1
"T454X1A","E8582","10112",1,0,1,1,2
"T454X1D","V5889","10000",1,0,0,0,0
"T454X1S","9090","10111",1,0,1,1,1
"T454X1S","E9292","10112",1,0,1,1,2
"T454X2A","9640","10111",1,0,1,1,1
"T454X2A","E9504","10112",1,0,1,1,2
"T454X2D","V5889","10000",1,0,0,0,0
"T454X2S","9090","10111",1,0,1,1,1
"T454X2S","E959","10112",1,0,1,1,2
"T454X3A","9640","10111",1,0,1,1,1
"T454X3A","E9620","10112",1,0,1,1,2
"T454X3D","V5889","10000",1,0,0,0,0
"T454X3S","9090","10111",1,0,1,1,1
"T454X3S","E969","10112",1,0,1,1,2
"T454X4A","9640","10111",1,0,1,1,1
"T454X4A","E9804","10112",1,0,1,1,2
"T454X4D","V5889","10000",1,0,0,0,0
"T454X4S","9090","10111",1,0,1,1,1
"T454X4S","E989","10112",1,0,1,1,2
"T454X5A","99529","10111",1,0,1,1,1
"T454X5A","E9340","10112",1,0,1,1,2
"T454X5D","V5889","10000",1,0,0,0,0
"T454X5S","9095","10111",1,0,1,1,1
"T454X5S","E9340","10112",1,0,1,1,2
"T454X6A","NoDx","11000",1,1,0,0,0
"T454X6D","NoDx","11000",1,1,0,0,0
"T454X6S","NoDx","11000",1,1,0,0,0
"T45511A","9642","10111",1,0,1,1,1
"T45511A","E8582","10112",1,0,1,1,2
"T45511D","V5889","10000",1,0,0,0,0
"T45511S","9090","10111",1,0,1,1,1
"T45511S","E9292","10112",1,0,1,1,2
"T45512A","9642","10111",1,0,1,1,1
"T45512A","E9504","10112",1,0,1,1,2
"T45512D","V5889","10000",1,0,0,0,0
"T45512S","9090","10111",1,0,1,1,1
"T45512S","E959","10112",1,0,1,1,2
"T45513A","9642","10111",1,0,1,1,1
"T45513A","E9620","10112",1,0,1,1,2
"T45513D","V5889","10000",1,0,0,0,0
"T45513S","9090","10111",1,0,1,1,1
"T45513S","E969","10112",1,0,1,1,2
"T45514A","9642","10111",1,0,1,1,1
"T45514A","E9804","10112",1,0,1,1,2
"T45514D","V5889","10000",1,0,0,0,0
"T45514S","9090","10111",1,0,1,1,1
"T45514S","E989","10112",1,0,1,1,2
"T45515A","99529","10111",1,0,1,1,1
"T45515A","E9342","10112",1,0,1,1,2
"T45515D","V5889","10000",1,0,0,0,0
"T45515S","9095","10111",1,0,1,1,1
"T45515S","E9342","10112",1,0,1,1,2
"T45516A","NoDx","11000",1,1,0,0,0
"T45516D","NoDx","11000",1,1,0,0,0
"T45516S","NoDx","11000",1,1,0,0,0
"T45521A","9642","10111",1,0,1,1,1
"T45521A","E8582","10112",1,0,1,1,2
"T45521D","V5889","10000",1,0,0,0,0
"T45521S","9090","10111",1,0,1,1,1
"T45521S","E9292","10112",1,0,1,1,2
"T45522A","9642","10111",1,0,1,1,1
"T45522A","E9504","10112",1,0,1,1,2
"T45522D","V5889","10000",1,0,0,0,0
"T45522S","9090","10111",1,0,1,1,1
"T45522S","E959","10112",1,0,1,1,2
"T45523A","9642","10111",1,0,1,1,1
"T45523A","E9620","10112",1,0,1,1,2
"T45523D","V5889","10000",1,0,0,0,0
"T45523S","9090","10111",1,0,1,1,1
"T45523S","E969","10112",1,0,1,1,2
"T45524A","9642","10111",1,0,1,1,1
"T45524A","E9804","10112",1,0,1,1,2
"T45524D","V5889","10000",1,0,0,0,0
"T45524S","9090","10111",1,0,1,1,1
"T45524S","E989","10112",1,0,1,1,2
"T45525A","99529","10111",1,0,1,1,1
"T45525A","E9342","10112",1,0,1,1,2
"T45525D","V5889","10000",1,0,0,0,0
"T45525S","9095","10111",1,0,1,1,1
"T45525S","E9342","10112",1,0,1,1,2
"T45526A","NoDx","11000",1,1,0,0,0
"T45526D","NoDx","11000",1,1,0,0,0
"T45526S","NoDx","11000",1,1,0,0,0
"T45601A","9644","10111",1,0,1,1,1
"T45601A","E8582","10112",1,0,1,1,2
"T45601D","V5889","10000",1,0,0,0,0
"T45601S","9090","10111",1,0,1,1,1
"T45601S","E9292","10112",1,0,1,1,2
"T45602A","9644","10111",1,0,1,1,1
"T45602A","E9504","10112",1,0,1,1,2
"T45602D","V5889","10000",1,0,0,0,0
"T45602S","9090","10111",1,0,1,1,1
"T45602S","E959","10112",1,0,1,1,2
"T45603A","9644","10111",1,0,1,1,1
"T45603A","E9620","10112",1,0,1,1,2
"T45603D","V5889","10000",1,0,0,0,0
"T45603S","9090","10111",1,0,1,1,1
"T45603S","E969","10112",1,0,1,1,2
"T45604A","9644","10111",1,0,1,1,1
"T45604A","E9804","10112",1,0,1,1,2
"T45604D","V5889","10000",1,0,0,0,0
"T45604S","9090","10111",1,0,1,1,1
"T45604S","E989","10112",1,0,1,1,2
"T45605A","99529","10111",1,0,1,1,1
"T45605A","E9344","10112",1,0,1,1,2
"T45605D","V5889","10000",1,0,0,0,0
"T45605S","9095","10111",1,0,1,1,1
"T45605S","E9344","10112",1,0,1,1,2
"T45606A","NoDx","11000",1,1,0,0,0
"T45606D","NoDx","11000",1,1,0,0,0
"T45606S","NoDx","11000",1,1,0,0,0
"T45611A","9644","10111",1,0,1,1,1
"T45611A","E8582","10112",1,0,1,1,2
"T45611D","V5889","10000",1,0,0,0,0
"T45611S","9090","10111",1,0,1,1,1
"T45611S","E9292","10112",1,0,1,1,2
"T45612A","9644","10111",1,0,1,1,1
"T45612A","E9504","10112",1,0,1,1,2
"T45612D","V5889","10000",1,0,0,0,0
"T45612S","9090","10111",1,0,1,1,1
"T45612S","E959","10112",1,0,1,1,2
"T45613A","9644","10111",1,0,1,1,1
"T45613A","E9620","10112",1,0,1,1,2
"T45613D","V5889","10000",1,0,0,0,0
"T45613S","9090","10111",1,0,1,1,1
"T45613S","E969","10112",1,0,1,1,2
"T45614A","9644","10111",1,0,1,1,1
"T45614A","E9804","10112",1,0,1,1,2
"T45614D","V5889","10000",1,0,0,0,0
"T45614S","9090","10111",1,0,1,1,1
"T45614S","E989","10112",1,0,1,1,2
"T45615A","99529","10111",1,0,1,1,1
"T45615A","E9344","10112",1,0,1,1,2
"T45615D","V5889","10000",1,0,0,0,0
"T45615S","9095","10111",1,0,1,1,1
"T45615S","E9344","10112",1,0,1,1,2
"T45616A","NoDx","11000",1,1,0,0,0
"T45616D","NoDx","11000",1,1,0,0,0
"T45616S","NoDx","11000",1,1,0,0,0
"T45621A","9648","10111",1,0,1,1,1
"T45621A","E8582","10112",1,0,1,1,2
"T45621D","V5889","10000",1,0,0,0,0
"T45621S","9090","10111",1,0,1,1,1
"T45621S","E9292","10112",1,0,1,1,2
"T45622A","9648","10111",1,0,1,1,1
"T45622A","E9504","10112",1,0,1,1,2
"T45622D","V5889","10000",1,0,0,0,0
"T45622S","9090","10111",1,0,1,1,1
"T45622S","E959","10112",1,0,1,1,2
"T45623A","9648","10111",1,0,1,1,1
"T45623A","E9620","10112",1,0,1,1,2
"T45623D","V5889","10000",1,0,0,0,0
"T45623S","9090","10111",1,0,1,1,1
"T45623S","E969","10112",1,0,1,1,2
"T45624A","9648","10111",1,0,1,1,1
"T45624A","E9804","10112",1,0,1,1,2
"T45624D","V5889","10000",1,0,0,0,0
"T45624S","9090","10111",1,0,1,1,1
"T45624S","E989","10112",1,0,1,1,2
"T45625A","99529","10111",1,0,1,1,1
"T45625A","E9348","10112",1,0,1,1,2
"T45625D","V5889","10000",1,0,0,0,0
"T45625S","9095","10111",1,0,1,1,1
"T45625S","E9348","10112",1,0,1,1,2
"T45626A","NoDx","11000",1,1,0,0,0
"T45626D","NoDx","11000",1,1,0,0,0
"T45626S","NoDx","11000",1,1,0,0,0
"T45691A","9644","10111",1,0,1,1,1
"T45691A","E8582","10112",1,0,1,1,2
"T45691D","V5889","10000",1,0,0,0,0
"T45691S","9090","10111",1,0,1,1,1
"T45691S","E9292","10112",1,0,1,1,2
"T45692A","9644","10111",1,0,1,1,1
"T45692A","E9504","10112",1,0,1,1,2
"T45692D","V5889","10000",1,0,0,0,0
"T45692S","9090","10111",1,0,1,1,1
"T45692S","E959","10112",1,0,1,1,2
"T45693A","9644","10111",1,0,1,1,1
"T45693A","E9620","10112",1,0,1,1,2
"T45693D","V5889","10000",1,0,0,0,0
"T45693S","9090","10111",1,0,1,1,1
"T45693S","E969","10112",1,0,1,1,2
"T45694A","9644","10111",1,0,1,1,1
"T45694A","E9804","10112",1,0,1,1,2
"T45694D","V5889","10000",1,0,0,0,0
"T45694S","9090","10111",1,0,1,1,1
"T45694S","E989","10112",1,0,1,1,2
"T45695A","99529","10111",1,0,1,1,1
"T45695A","E9344","10112",1,0,1,1,2
"T45695D","V5889","10000",1,0,0,0,0
"T45695S","9095","10111",1,0,1,1,1
"T45695S","E9344","10112",1,0,1,1,2
"T45696A","NoDx","11000",1,1,0,0,0
"T45696D","NoDx","11000",1,1,0,0,0
"T45696S","NoDx","11000",1,1,0,0,0
"T457X1A","9645","10111",1,0,1,1,1
"T457X1A","E8582","10112",1,0,1,1,2
"T457X1D","V5889","10000",1,0,0,0,0
"T457X1S","9090","10111",1,0,1,1,1
"T457X1S","E9292","10112",1,0,1,1,2
"T457X2A","9643","10121",1,0,1,2,1
"T457X2A","9645","10111",1,0,1,1,1
"T457X2A","E9504","10112",1,0,1,1,2
"T457X2A","E9504","10122",1,0,1,2,2
"T457X2D","V5889","10000",1,0,0,0,0
"T457X2S","9090","10111",1,0,1,1,1
"T457X2S","E959","10112",1,0,1,1,2
"T457X3A","9643","10121",1,0,1,2,1
"T457X3A","9645","10111",1,0,1,1,1
"T457X3A","E9620","10112",1,0,1,1,2
"T457X3A","E9620","10122",1,0,1,2,2
"T457X3D","V5889","10000",1,0,0,0,0
"T457X3S","9090","10111",1,0,1,1,1
"T457X3S","E969","10112",1,0,1,1,2
"T457X4A","9645","10111",1,0,1,1,1
"T457X4A","E9804","10112",1,0,1,1,2
"T457X4D","V5889","10000",1,0,0,0,0
"T457X4S","9090","10111",1,0,1,1,1
"T457X4S","E989","10112",1,0,1,1,2
"T457X5A","99529","10111",1,0,1,1,1
"T457X5A","E9345","10112",1,0,1,1,2
"T457X5D","V5889","10000",1,0,0,0,0
"T457X5S","9095","10111",1,0,1,1,1
"T457X5S","E9345","10112",1,0,1,1,2
"T457X6A","NoDx","11000",1,1,0,0,0
"T457X6D","NoDx","11000",1,1,0,0,0
"T457X6S","NoDx","11000",1,1,0,0,0
"T458X1A","9638","10111",1,0,1,1,1
"T458X1A","9648","10121",1,0,1,2,1
"T458X1A","E8581","10112",1,0,1,1,2
"T458X1A","E8582","10122",1,0,1,2,2
"T458X1D","V5889","10000",1,0,0,0,0
"T458X1S","9090","10111",1,0,1,1,1
"T458X1S","E9292","10112",1,0,1,1,2
"T458X2A","9638","10111",1,0,1,1,1
"T458X2A","9648","10121",1,0,1,2,1
"T458X2A","E9504","10112",1,0,1,1,2
"T458X2A","E9504","10122",1,0,1,2,2
"T458X2D","V5889","10000",1,0,0,0,0
"T458X2S","9090","10111",1,0,1,1,1
"T458X2S","E959","10112",1,0,1,1,2
"T458X3A","9638","10111",1,0,1,1,1
"T458X3A","9648","10121",1,0,1,2,1
"T458X3A","E9620","10112",1,0,1,1,2
"T458X3A","E9620","10122",1,0,1,2,2
"T458X3D","V5889","10000",1,0,0,0,0
"T458X3S","9090","10111",1,0,1,1,1
"T458X3S","E969","10112",1,0,1,1,2
"T458X4A","9638","10111",1,0,1,1,1
"T458X4A","9648","10121",1,0,1,2,1
"T458X4A","E9804","10112",1,0,1,1,2
"T458X4A","E9804","10122",1,0,1,2,2
"T458X4D","V5889","10000",1,0,0,0,0
"T458X4S","9090","10111",1,0,1,1,1
"T458X4S","E989","10112",1,0,1,1,2
"T458X5A","99529","10111",1,0,1,1,1
"T458X5A","99529","10121",1,0,1,2,1
"T458X5A","E9336","10112",1,0,1,1,2
"T458X5A","E9337","10112",1,0,1,1,2
"T458X5A","E9338","10112",1,0,1,1,2
"T458X5A","E9348","10122",1,0,1,2,2
"T458X5D","V5889","10000",1,0,0,0,0
"T458X5S","9095","10111",1,0,1,1,1
"T458X5S","9095","10121",1,0,1,2,1
"T458X5S","E9336","10112",1,0,1,1,2
"T458X5S","E9337","10112",1,0,1,1,2
"T458X5S","E9338","10112",1,0,1,1,2
"T458X5S","E9348","10122",1,0,1,2,2
"T458X6A","NoDx","11000",1,1,0,0,0
"T458X6D","NoDx","11000",1,1,0,0,0
"T458X6S","NoDx","11000",1,1,0,0,0
"T4591XA","9639","10111",1,0,1,1,1
"T4591XA","9649","10121",1,0,1,2,1
"T4591XA","E8581","10112",1,0,1,1,2
"T4591XA","E8582","10122",1,0,1,2,2
"T4591XD","V5889","10000",1,0,0,0,0
"T4591XS","9090","10111",1,0,1,1,1
"T4591XS","E9292","10112",1,0,1,1,2
"T4592XA","9639","10111",1,0,1,1,1
"T4592XA","9649","10121",1,0,1,2,1
"T4592XA","E9504","10112",1,0,1,1,2
"T4592XA","E9504","10122",1,0,1,2,2
"T4592XD","V5889","10000",1,0,0,0,0
"T4592XS","9090","10111",1,0,1,1,1
"T4592XS","E959","10112",1,0,1,1,2
"T4593XA","9639","10111",1,0,1,1,1
"T4593XA","9649","10121",1,0,1,2,1
"T4593XA","E9620","10112",1,0,1,1,2
"T4593XA","E9620","10122",1,0,1,2,2
"T4593XD","V5889","10000",1,0,0,0,0
"T4593XS","9090","10111",1,0,1,1,1
"T4593XS","E969","10112",1,0,1,1,2
"T4594XA","9639","10111",1,0,1,1,1
"T4594XA","9649","10121",1,0,1,2,1
"T4594XA","E9804","10112",1,0,1,1,2
"T4594XA","E9804","10122",1,0,1,2,2
"T4594XD","V5889","10000",1,0,0,0,0
"T4594XS","9090","10111",1,0,1,1,1
"T4594XS","E989","10112",1,0,1,1,2
"T4595XA","99529","10111",1,0,1,1,1
"T4595XA","99529","10121",1,0,1,2,1
"T4595XA","E9339","10112",1,0,1,1,2
"T4595XA","E9349","10122",1,0,1,2,2
"T4595XD","V5889","10000",1,0,0,0,0
"T4595XS","9095","10111",1,0,1,1,1
"T4595XS","E9349","10112",1,0,1,1,2
"T4596XA","NoDx","11000",1,1,0,0,0
"T4596XD","NoDx","11000",1,1,0,0,0
"T4596XS","NoDx","11000",1,1,0,0,0
"T460X1A","9721","10111",1,0,1,1,1
"T460X1A","E8583","10112",1,0,1,1,2
"T460X1D","V5889","10000",1,0,0,0,0
"T460X1S","9090","10111",1,0,1,1,1
"T460X1S","E9292","10112",1,0,1,1,2
"T460X2A","9721","10111",1,0,1,1,1
"T460X2A","E9504","10112",1,0,1,1,2
"T460X2D","V5889","10000",1,0,0,0,0
"T460X2S","9090","10111",1,0,1,1,1
"T460X2S","E959","10112",1,0,1,1,2
"T460X3A","9721","10111",1,0,1,1,1
"T460X3A","E9620","10112",1,0,1,1,2
"T460X3D","V5889","10000",1,0,0,0,0
"T460X3S","9090","10111",1,0,1,1,1
"T460X3S","E969","10112",1,0,1,1,2
"T460X4A","9721","10111",1,0,1,1,1
"T460X4A","E9804","10112",1,0,1,1,2
"T460X4D","V5889","10000",1,0,0,0,0
"T460X4S","9090","10111",1,0,1,1,1
"T460X4S","E989","10112",1,0,1,1,2
"T460X5A","99529","10111",1,0,1,1,1
"T460X5A","E9421","10112",1,0,1,1,2
"T460X5D","V5889","10000",1,0,0,0,0
"T460X5S","9095","10111",1,0,1,1,1
"T460X5S","E9421","10112",1,0,1,1,2
"T460X6A","NoDx","11000",1,1,0,0,0
"T460X6D","NoDx","11000",1,1,0,0,0
"T460X6S","NoDx","11000",1,1,0,0,0
"T461X1A","9729","10111",1,0,1,1,1
"T461X1A","E8583","10112",1,0,1,1,2
"T461X1D","V5889","10000",1,0,0,0,0
"T461X1S","9090","10111",1,0,1,1,1
"T461X1S","E9292","10112",1,0,1,1,2
"T461X2A","9729","10111",1,0,1,1,1
"T461X2A","E9504","10112",1,0,1,1,2
"T461X2D","V5889","10000",1,0,0,0,0
"T461X2S","9090","10111",1,0,1,1,1
"T461X2S","E959","10112",1,0,1,1,2
"T461X3A","9729","10111",1,0,1,1,1
"T461X3A","E9620","10112",1,0,1,1,2
"T461X3D","V5889","10000",1,0,0,0,0
"T461X3S","9090","10111",1,0,1,1,1
"T461X3S","E969","10112",1,0,1,1,2
"T461X4A","9729","10111",1,0,1,1,1
"T461X4A","E9804","10112",1,0,1,1,2
"T461X4D","V5889","10000",1,0,0,0,0
"T461X4S","9090","10111",1,0,1,1,1
"T461X4S","E989","10112",1,0,1,1,2
"T461X5A","99529","10111",1,0,1,1,1
"T461X5A","E9420","10112",1,0,1,1,2
"T461X5D","V5889","10000",1,0,0,0,0
"T461X5S","9095","10111",1,0,1,1,1
"T461X5S","E9420","10112",1,0,1,1,2
"T461X6A","NoDx","11000",1,1,0,0,0
"T461X6D","NoDx","11000",1,1,0,0,0
"T461X6S","NoDx","11000",1,1,0,0,0
"T462X1A","9720","10111",1,0,1,1,1
"T462X1A","E8583","10112",1,0,1,1,2
"T462X1D","V5889","10000",1,0,0,0,0
"T462X1S","9090","10111",1,0,1,1,1
"T462X1S","E9292","10112",1,0,1,1,2
"T462X2A","9720","10111",1,0,1,1,1
"T462X2A","E9504","10112",1,0,1,1,2
"T462X2D","V5889","10000",1,0,0,0,0
"T462X2S","9090","10111",1,0,1,1,1
"T462X2S","E959","10112",1,0,1,1,2
"T462X3A","9720","10111",1,0,1,1,1
"T462X3A","E9620","10112",1,0,1,1,2
"T462X3D","V5889","10000",1,0,0,0,0
"T462X3S","9090","10111",1,0,1,1,1
"T462X3S","E969","10112",1,0,1,1,2
"T462X4A","9720","10111",1,0,1,1,1
"T462X4A","E9804","10112",1,0,1,1,2
"T462X4D","V5889","10000",1,0,0,0,0
"T462X4S","9090","10111",1,0,1,1,1
"T462X4S","E989","10112",1,0,1,1,2
"T462X5A","99529","10111",1,0,1,1,1
"T462X5A","E9420","10112",1,0,1,1,2
"T462X5D","V5889","10000",1,0,0,0,0
"T462X5S","9095","10111",1,0,1,1,1
"T462X5S","E9420","10112",1,0,1,1,2
"T462X6A","NoDx","11000",1,1,0,0,0
"T462X6D","NoDx","11000",1,1,0,0,0
"T462X6S","NoDx","11000",1,1,0,0,0
"T463X1A","9724","10111",1,0,1,1,1
"T463X1A","E8583","10112",1,0,1,1,2
"T463X1D","V5889","10000",1,0,0,0,0
"T463X1S","9090","10111",1,0,1,1,1
"T463X1S","E9292","10112",1,0,1,1,2
"T463X2A","9724","10111",1,0,1,1,1
"T463X2A","E9504","10112",1,0,1,1,2
"T463X2D","V5889","10000",1,0,0,0,0
"T463X2S","9090","10111",1,0,1,1,1
"T463X2S","E959","10112",1,0,1,1,2
"T463X3A","9724","10111",1,0,1,1,1
"T463X3A","E9620","10112",1,0,1,1,2
"T463X3D","V5889","10000",1,0,0,0,0
"T463X3S","9090","10111",1,0,1,1,1
"T463X3S","E969","10112",1,0,1,1,2
"T463X4A","9724","10111",1,0,1,1,1
"T463X4A","E9804","10112",1,0,1,1,2
"T463X4D","V5889","10000",1,0,0,0,0
"T463X4S","9090","10111",1,0,1,1,1
"T463X4S","E989","10112",1,0,1,1,2
"T463X5A","99529","10111",1,0,1,1,1
"T463X5A","E9424","10112",1,0,1,1,2
"T463X5D","V5889","10000",1,0,0,0,0
"T463X5S","9095","10111",1,0,1,1,1
"T463X5S","E9424","10112",1,0,1,1,2
"T463X6A","NoDx","11000",1,1,0,0,0
"T463X6D","NoDx","11000",1,1,0,0,0
"T463X6S","NoDx","11000",1,1,0,0,0
"T464X1A","9726","10111",1,0,1,1,1
"T464X1A","E8583","10112",1,0,1,1,2
"T464X1D","V5889","10000",1,0,0,0,0
"T464X1S","9090","10111",1,0,1,1,1
"T464X1S","E9292","10112",1,0,1,1,2
"T464X2A","9726","10111",1,0,1,1,1
"T464X2A","E9504","10112",1,0,1,1,2
"T464X2D","V5889","10000",1,0,0,0,0
"T464X2S","9090","10111",1,0,1,1,1
"T464X2S","E959","10112",1,0,1,1,2
"T464X3A","9726","10111",1,0,1,1,1
"T464X3A","E9620","10112",1,0,1,1,2
"T464X3D","V5889","10000",1,0,0,0,0
"T464X3S","9090","10111",1,0,1,1,1
"T464X3S","E969","10112",1,0,1,1,2
"T464X4A","9726","10111",1,0,1,1,1
"T464X4A","E9804","10112",1,0,1,1,2
"T464X4D","V5889","10000",1,0,0,0,0
"T464X4S","9090","10111",1,0,1,1,1
"T464X4S","E989","10112",1,0,1,1,2
"T464X5A","99529","10111",1,0,1,1,1
"T464X5A","E9426","10112",1,0,1,1,2
"T464X5D","V5889","10000",1,0,0,0,0
"T464X5S","9095","10111",1,0,1,1,1
"T464X5S","E9426","10112",1,0,1,1,2
"T464X6A","NoDx","11000",1,1,0,0,0
"T464X6D","NoDx","11000",1,1,0,0,0
"T464X6S","NoDx","11000",1,1,0,0,0
"T465X1A","9726","10111",1,0,1,1,1
"T465X1A","E8583","10112",1,0,1,1,2
"T465X1D","V5889","10000",1,0,0,0,0
"T465X1S","9090","10111",1,0,1,1,1
"T465X1S","E9292","10112",1,0,1,1,2
"T465X2A","9726","10111",1,0,1,1,1
"T465X2A","E9504","10112",1,0,1,1,2
"T465X2D","V5889","10000",1,0,0,0,0
"T465X2S","9090","10111",1,0,1,1,1
"T465X2S","E959","10112",1,0,1,1,2
"T465X3A","9726","10111",1,0,1,1,1
"T465X3A","E9620","10112",1,0,1,1,2
"T465X3D","V5889","10000",1,0,0,0,0
"T465X3S","9090","10111",1,0,1,1,1
"T465X3S","E969","10112",1,0,1,1,2
"T465X4A","9726","10111",1,0,1,1,1
"T465X4A","E9804","10112",1,0,1,1,2
"T465X4D","V5889","10000",1,0,0,0,0
"T465X4S","9090","10111",1,0,1,1,1
"T465X4S","E989","10112",1,0,1,1,2
"T465X5A","99529","10111",1,0,1,1,1
"T465X5A","E9426","10112",1,0,1,1,2
"T465X5D","V5889","10000",1,0,0,0,0
"T465X5S","9095","10111",1,0,1,1,1
"T465X5S","E9426","10112",1,0,1,1,2
"T465X6A","NoDx","11000",1,1,0,0,0
"T465X6D","NoDx","11000",1,1,0,0,0
"T465X6S","NoDx","11000",1,1,0,0,0
"T466X1A","9722","10111",1,0,1,1,1
"T466X1A","E8583","10112",1,0,1,1,2
"T466X1D","V5889","10000",1,0,0,0,0
"T466X1S","9090","10111",1,0,1,1,1
"T466X1S","E9292","10112",1,0,1,1,2
"T466X2A","9722","10111",1,0,1,1,1
"T466X2A","E9504","10112",1,0,1,1,2
"T466X2D","V5889","10000",1,0,0,0,0
"T466X2S","9090","10111",1,0,1,1,1
"T466X2S","E959","10112",1,0,1,1,2
"T466X3A","9722","10111",1,0,1,1,1
"T466X3A","E9620","10112",1,0,1,1,2
"T466X3D","V5889","10000",1,0,0,0,0
"T466X3S","9090","10111",1,0,1,1,1
"T466X3S","E969","10112",1,0,1,1,2
"T466X4A","9722","10111",1,0,1,1,1
"T466X4A","E9804","10112",1,0,1,1,2
"T466X4D","V5889","10000",1,0,0,0,0
"T466X4S","9090","10111",1,0,1,1,1
"T466X4S","E989","10112",1,0,1,1,2
"T466X5A","99529","10111",1,0,1,1,1
"T466X5A","E9422","10112",1,0,1,1,2
"T466X5D","V5889","10000",1,0,0,0,0
"T466X5S","9095","10111",1,0,1,1,1
"T466X5S","E9422","10112",1,0,1,1,2
"T466X6A","NoDx","11000",1,1,0,0,0
"T466X6D","NoDx","11000",1,1,0,0,0
"T466X6S","NoDx","11000",1,1,0,0,0
"T467X1A","9725","10111",1,0,1,1,1
"T467X1A","E8583","10112",1,0,1,1,2
"T467X1D","V5889","10000",1,0,0,0,0
"T467X1S","9090","10111",1,0,1,1,1
"T467X1S","E9292","10112",1,0,1,1,2
"T467X2A","9725","10111",1,0,1,1,1
"T467X2A","E9504","10112",1,0,1,1,2
"T467X2D","V5889","10000",1,0,0,0,0
"T467X2S","9090","10111",1,0,1,1,1
"T467X2S","E959","10112",1,0,1,1,2
"T467X3A","9725","10111",1,0,1,1,1
"T467X3A","E9620","10112",1,0,1,1,2
"T467X3D","V5889","10000",1,0,0,0,0
"T467X3S","9090","10111",1,0,1,1,1
"T467X3S","E969","10112",1,0,1,1,2
"T467X4A","9725","10111",1,0,1,1,1
"T467X4A","E9804","10112",1,0,1,1,2
"T467X4D","V5889","10000",1,0,0,0,0
"T467X4S","9090","10111",1,0,1,1,1
"T467X4S","E989","10112",1,0,1,1,2
"T467X5A","99529","10111",1,0,1,1,1
"T467X5A","E9425","10112",1,0,1,1,2
"T467X5D","V5889","10000",1,0,0,0,0
"T467X5S","9095","10111",1,0,1,1,1
"T467X5S","E9425","10112",1,0,1,1,2
"T467X6A","NoDx","11000",1,1,0,0,0
"T467X6D","NoDx","11000",1,1,0,0,0
"T467X6S","NoDx","11000",1,1,0,0,0
"T468X1A","9727","10111",1,0,1,1,1
"T468X1A","E8583","10112",1,0,1,1,2
"T468X1D","V5889","10000",1,0,0,0,0
"T468X1S","9090","10111",1,0,1,1,1
"T468X1S","E9292","10112",1,0,1,1,2
"T468X2A","9727","10111",1,0,1,1,1
"T468X2A","E9504","10112",1,0,1,1,2
"T468X2D","V5889","10000",1,0,0,0,0
"T468X2S","9090","10111",1,0,1,1,1
"T468X2S","E959","10112",1,0,1,1,2
"T468X3A","9727","10111",1,0,1,1,1
"T468X3A","E9620","10112",1,0,1,1,2
"T468X3D","V5889","10000",1,0,0,0,0
"T468X3S","9090","10111",1,0,1,1,1
"T468X3S","E969","10112",1,0,1,1,2
"T468X4A","9727","10111",1,0,1,1,1
"T468X4A","E9804","10112",1,0,1,1,2
"T468X4D","V5889","10000",1,0,0,0,0
"T468X4S","9090","10111",1,0,1,1,1
"T468X4S","E989","10112",1,0,1,1,2
"T468X5A","99529","10111",1,0,1,1,1
"T468X5A","E9427","10112",1,0,1,1,2
"T468X5D","V5889","10000",1,0,0,0,0
"T468X5S","9095","10111",1,0,1,1,1
"T468X5S","E9427","10112",1,0,1,1,2
"T468X6A","NoDx","11000",1,1,0,0,0
"T468X6D","NoDx","11000",1,1,0,0,0
"T468X6S","NoDx","11000",1,1,0,0,0
"T46901A","9729","10111",1,0,1,1,1
"T46901A","E8583","10112",1,0,1,1,2
"T46901D","V5889","10000",1,0,0,0,0
"T46901S","9090","10111",1,0,1,1,1
"T46901S","E9292","10112",1,0,1,1,2
"T46902A","9729","10111",1,0,1,1,1
"T46902A","E9504","10112",1,0,1,1,2
"T46902D","V5889","10000",1,0,0,0,0
"T46902S","9090","10111",1,0,1,1,1
"T46902S","E959","10112",1,0,1,1,2
"T46903A","9729","10111",1,0,1,1,1
"T46903A","E9620","10112",1,0,1,1,2
"T46903D","V5889","10000",1,0,0,0,0
"T46903S","9090","10111",1,0,1,1,1
"T46903S","E969","10112",1,0,1,1,2
"T46904A","9729","10111",1,0,1,1,1
"T46904A","E9804","10112",1,0,1,1,2
"T46904D","V5889","10000",1,0,0,0,0
"T46904S","9090","10111",1,0,1,1,1
"T46904S","E989","10112",1,0,1,1,2
"T46905A","99529","10111",1,0,1,1,1
"T46905A","E9429","10112",1,0,1,1,2
"T46905D","V5889","10000",1,0,0,0,0
"T46905S","9095","10111",1,0,1,1,1
"T46905S","E9429","10112",1,0,1,1,2
"T46906A","NoDx","11000",1,1,0,0,0
"T46906D","NoDx","11000",1,1,0,0,0
"T46906S","NoDx","11000",1,1,0,0,0
"T46991A","9729","10111",1,0,1,1,1
"T46991A","E8583","10112",1,0,1,1,2
"T46991D","V5889","10000",1,0,0,0,0
"T46991S","9090","10111",1,0,1,1,1
"T46991S","E9292","10112",1,0,1,1,2
"T46992A","9729","10111",1,0,1,1,1
"T46992A","E9504","10112",1,0,1,1,2
"T46992D","V5889","10000",1,0,0,0,0
"T46992S","9090","10111",1,0,1,1,1
"T46992S","E959","10112",1,0,1,1,2
"T46993A","9729","10111",1,0,1,1,1
"T46993A","E9620","10112",1,0,1,1,2
"T46993D","V5889","10000",1,0,0,0,0
"T46993S","9090","10111",1,0,1,1,1
"T46993S","E969","10112",1,0,1,1,2
"T46994A","9729","10111",1,0,1,1,1
"T46994A","E9804","10112",1,0,1,1,2
"T46994D","V5889","10000",1,0,0,0,0
"T46994S","9090","10111",1,0,1,1,1
"T46994S","E989","10112",1,0,1,1,2
"T46995A","99529","10111",1,0,1,1,1
"T46995A","E9429","10112",1,0,1,1,2
"T46995D","V5889","10000",1,0,0,0,0
"T46995S","9095","10111",1,0,1,1,1
"T46995S","E9429","10112",1,0,1,1,2
"T46996A","NoDx","11000",1,1,0,0,0
"T46996D","NoDx","11000",1,1,0,0,0
"T46996S","NoDx","11000",1,1,0,0,0
"T470X1A","9730","10111",1,0,1,1,1
"T470X1A","E8584","10112",1,0,1,1,2
"T470X1D","V5889","10000",1,0,0,0,0
"T470X1S","9090","10111",1,0,1,1,1
"T470X1S","E9292","10112",1,0,1,1,2
"T470X2A","9730","10111",1,0,1,1,1
"T470X2A","E9504","10112",1,0,1,1,2
"T470X2D","V5889","10000",1,0,0,0,0
"T470X2S","9090","10111",1,0,1,1,1
"T470X2S","E959","10112",1,0,1,1,2
"T470X3A","9730","10111",1,0,1,1,1
"T470X3A","E9620","10112",1,0,1,1,2
"T470X3D","V5889","10000",1,0,0,0,0
"T470X3S","9090","10111",1,0,1,1,1
"T470X3S","E969","10112",1,0,1,1,2
"T470X4A","9730","10111",1,0,1,1,1
"T470X4A","E9804","10112",1,0,1,1,2
"T470X4D","V5889","10000",1,0,0,0,0
"T470X4S","9090","10111",1,0,1,1,1
"T470X4S","E989","10112",1,0,1,1,2
"T470X5A","99529","10111",1,0,1,1,1
"T470X5A","E9430","10112",1,0,1,1,2
"T470X5D","V5889","10000",1,0,0,0,0
"T470X5S","9095","10111",1,0,1,1,1
"T470X5S","E9430","10112",1,0,1,1,2
"T470X6A","NoDx","11000",1,1,0,0,0
"T470X6D","NoDx","11000",1,1,0,0,0
"T470X6S","NoDx","11000",1,1,0,0,0
"T471X1A","9730","10111",1,0,1,1,1
"T471X1A","E8584","10112",1,0,1,1,2
"T471X1D","V5889","10000",1,0,0,0,0
"T471X1S","9090","10111",1,0,1,1,1
"T471X1S","E9292","10112",1,0,1,1,2
"T471X2A","9730","10111",1,0,1,1,1
"T471X2A","E9504","10112",1,0,1,1,2
"T471X2D","V5889","10000",1,0,0,0,0
"T471X2S","9090","10111",1,0,1,1,1
"T471X2S","E959","10112",1,0,1,1,2
"T471X3A","9730","10111",1,0,1,1,1
"T471X3A","E9620","10112",1,0,1,1,2
"T471X3D","V5889","10000",1,0,0,0,0
"T471X3S","9090","10111",1,0,1,1,1
"T471X3S","E969","10112",1,0,1,1,2
"T471X4A","9730","10111",1,0,1,1,1
"T471X4A","E9804","10112",1,0,1,1,2
"T471X4D","V5889","10000",1,0,0,0,0
"T471X4S","9090","10111",1,0,1,1,1
"T471X4S","E989","10112",1,0,1,1,2
"T471X5A","99529","10111",1,0,1,1,1
"T471X5A","E9430","10112",1,0,1,1,2
"T471X5D","V5889","10000",1,0,0,0,0
"T471X5S","9095","10111",1,0,1,1,1
"T471X5S","E9430","10112",1,0,1,1,2
"T471X6A","NoDx","11000",1,1,0,0,0
"T471X6D","NoDx","11000",1,1,0,0,0
"T471X6S","NoDx","11000",1,1,0,0,0
"T472X1A","9731","10111",1,0,1,1,1
"T472X1A","E8584","10112",1,0,1,1,2
"T472X1D","V5889","10000",1,0,0,0,0
"T472X1S","9090","10111",1,0,1,1,1
"T472X1S","E9292","10112",1,0,1,1,2
"T472X2A","9731","10111",1,0,1,1,1
"T472X2A","E9504","10112",1,0,1,1,2
"T472X2D","V5889","10000",1,0,0,0,0
"T472X2S","9090","10111",1,0,1,1,1
"T472X2S","E959","10112",1,0,1,1,2
"T472X3A","9731","10111",1,0,1,1,1
"T472X3A","E9620","10112",1,0,1,1,2
"T472X3D","V5889","10000",1,0,0,0,0
"T472X3S","9090","10111",1,0,1,1,1
"T472X3S","E969","10112",1,0,1,1,2
"T472X4A","9731","10111",1,0,1,1,1
"T472X4A","E9804","10112",1,0,1,1,2
"T472X4D","V5889","10000",1,0,0,0,0
"T472X4S","9090","10111",1,0,1,1,1
"T472X4S","E989","10112",1,0,1,1,2
"T472X5A","99529","10111",1,0,1,1,1
"T472X5A","E9431","10112",1,0,1,1,2
"T472X5D","V5889","10000",1,0,0,0,0
"T472X5S","9095","10111",1,0,1,1,1
"T472X5S","E9431","10112",1,0,1,1,2
"T472X6A","NoDx","11000",1,1,0,0,0
"T472X6D","NoDx","11000",1,1,0,0,0
"T472X6S","NoDx","11000",1,1,0,0,0
"T473X1A","9732","10111",1,0,1,1,1
"T473X1A","E8584","10112",1,0,1,1,2
"T473X1D","V5889","10000",1,0,0,0,0
"T473X1S","9090","10111",1,0,1,1,1
"T473X1S","E9292","10112",1,0,1,1,2
"T473X2A","9732","10111",1,0,1,1,1
"T473X2A","E9504","10112",1,0,1,1,2
"T473X2D","V5889","10000",1,0,0,0,0
"T473X2S","9090","10111",1,0,1,1,1
"T473X2S","E959","10112",1,0,1,1,2
"T473X3A","9732","10111",1,0,1,1,1
"T473X3A","E9620","10112",1,0,1,1,2
"T473X3D","V5889","10000",1,0,0,0,0
"T473X3S","9090","10111",1,0,1,1,1
"T473X3S","E969","10112",1,0,1,1,2
"T473X4A","9732","10111",1,0,1,1,1
"T473X4A","E9804","10112",1,0,1,1,2
"T473X4D","V5889","10000",1,0,0,0,0
"T473X4S","9090","10111",1,0,1,1,1
"T473X4S","E989","10112",1,0,1,1,2
"T473X5A","99529","10111",1,0,1,1,1
"T473X5A","E9432","10112",1,0,1,1,2
"T473X5D","V5889","10000",1,0,0,0,0
"T473X5S","9095","10111",1,0,1,1,1
"T473X5S","E9432","10112",1,0,1,1,2
"T473X6A","NoDx","11000",1,1,0,0,0
"T473X6D","NoDx","11000",1,1,0,0,0
"T473X6S","NoDx","11000",1,1,0,0,0
"T474X1A","9733","10111",1,0,1,1,1
"T474X1A","E8584","10112",1,0,1,1,2
"T474X1D","V5889","10000",1,0,0,0,0
"T474X1S","9090","10111",1,0,1,1,1
"T474X1S","E9292","10112",1,0,1,1,2
"T474X2A","9733","10111",1,0,1,1,1
"T474X2A","E9504","10112",1,0,1,1,2
"T474X2D","V5889","10000",1,0,0,0,0
"T474X2S","9090","10111",1,0,1,1,1
"T474X2S","E959","10112",1,0,1,1,2
"T474X3A","9733","10111",1,0,1,1,1
"T474X3A","E9620","10112",1,0,1,1,2
"T474X3D","V5889","10000",1,0,0,0,0
"T474X3S","9090","10111",1,0,1,1,1
"T474X3S","E969","10112",1,0,1,1,2
"T474X4A","9733","10111",1,0,1,1,1
"T474X4A","E9804","10112",1,0,1,1,2
"T474X4D","V5889","10000",1,0,0,0,0
"T474X4S","9090","10111",1,0,1,1,1
"T474X4S","E989","10112",1,0,1,1,2
"T474X5A","99529","10111",1,0,1,1,1
"T474X5A","E9433","10112",1,0,1,1,2
"T474X5D","V5889","10000",1,0,0,0,0
"T474X5S","9095","10111",1,0,1,1,1
"T474X5S","E9433","10112",1,0,1,1,2
"T474X6A","NoDx","11000",1,1,0,0,0
"T474X6D","NoDx","11000",1,1,0,0,0
"T474X6S","NoDx","11000",1,1,0,0,0
"T475X1A","9734","10111",1,0,1,1,1
"T475X1A","E8584","10112",1,0,1,1,2
"T475X1D","V5889","10000",1,0,0,0,0
"T475X1S","9090","10111",1,0,1,1,1
"T475X1S","E9292","10112",1,0,1,1,2
"T475X2A","9734","10111",1,0,1,1,1
"T475X2A","E9504","10112",1,0,1,1,2
"T475X2D","V5889","10000",1,0,0,0,0
"T475X2S","9090","10111",1,0,1,1,1
"T475X2S","E959","10112",1,0,1,1,2
"T475X3A","9734","10111",1,0,1,1,1
"T475X3A","E9620","10112",1,0,1,1,2
"T475X3D","V5889","10000",1,0,0,0,0
"T475X3S","9090","10111",1,0,1,1,1
"T475X3S","E969","10112",1,0,1,1,2
"T475X4A","9734","10111",1,0,1,1,1
"T475X4A","E9804","10112",1,0,1,1,2
"T475X4D","V5889","10000",1,0,0,0,0
"T475X4S","9090","10111",1,0,1,1,1
"T475X4S","E989","10112",1,0,1,1,2
"T475X5A","99529","10111",1,0,1,1,1
"T475X5A","E9434","10112",1,0,1,1,2
"T475X5D","V5889","10000",1,0,0,0,0
"T475X5S","9095","10111",1,0,1,1,1
"T475X5S","E9434","10112",1,0,1,1,2
"T475X6A","NoDx","11000",1,1,0,0,0
"T475X6D","NoDx","11000",1,1,0,0,0
"T475X6S","NoDx","11000",1,1,0,0,0
"T476X1A","9735","10111",1,0,1,1,1
"T476X1A","E8584","10112",1,0,1,1,2
"T476X1D","V5889","10000",1,0,0,0,0
"T476X1S","9090","10111",1,0,1,1,1
"T476X1S","E9292","10112",1,0,1,1,2
"T476X2A","9735","10111",1,0,1,1,1
"T476X2A","E9504","10112",1,0,1,1,2
"T476X2D","V5889","10000",1,0,0,0,0
"T476X2S","9090","10111",1,0,1,1,1
"T476X2S","E959","10112",1,0,1,1,2
"T476X3A","9735","10111",1,0,1,1,1
"T476X3A","E9620","10112",1,0,1,1,2
"T476X3D","V5889","10000",1,0,0,0,0
"T476X3S","9090","10111",1,0,1,1,1
"T476X3S","E969","10112",1,0,1,1,2
"T476X4A","9735","10111",1,0,1,1,1
"T476X4A","E9804","10112",1,0,1,1,2
"T476X4D","V5889","10000",1,0,0,0,0
"T476X4S","9090","10111",1,0,1,1,1
"T476X4S","E989","10112",1,0,1,1,2
"T476X5A","99529","10111",1,0,1,1,1
"T476X5A","E9435","10112",1,0,1,1,2
"T476X5D","V5889","10000",1,0,0,0,0
"T476X5S","9095","10111",1,0,1,1,1
"T476X5S","E9435","10112",1,0,1,1,2
"T476X6A","NoDx","11000",1,1,0,0,0
"T476X6D","NoDx","11000",1,1,0,0,0
"T476X6S","NoDx","11000",1,1,0,0,0
"T477X1A","9736","10111",1,0,1,1,1
"T477X1A","E8584","10112",1,0,1,1,2
"T477X1D","V5889","10000",1,0,0,0,0
"T477X1S","9090","10111",1,0,1,1,1
"T477X1S","E9292","10112",1,0,1,1,2
"T477X2A","9736","10111",1,0,1,1,1
"T477X2A","E9504","10112",1,0,1,1,2
"T477X2D","V5889","10000",1,0,0,0,0
"T477X2S","9090","10111",1,0,1,1,1
"T477X2S","E959","10112",1,0,1,1,2
"T477X3A","9736","10111",1,0,1,1,1
"T477X3A","E9620","10112",1,0,1,1,2
"T477X3D","V5889","10000",1,0,0,0,0
"T477X3S","9090","10111",1,0,1,1,1
"T477X3S","E969","10112",1,0,1,1,2
"T477X4A","9736","10111",1,0,1,1,1
"T477X4A","E9804","10112",1,0,1,1,2
"T477X4D","V5889","10000",1,0,0,0,0
"T477X4S","9090","10111",1,0,1,1,1
"T477X4S","E989","10112",1,0,1,1,2
"T477X5A","99529","10111",1,0,1,1,1
"T477X5A","E9436","10112",1,0,1,1,2
"T477X5D","V5889","10000",1,0,0,0,0
"T477X5S","9095","10111",1,0,1,1,1
"T477X5S","E9436","10112",1,0,1,1,2
"T477X6A","NoDx","11000",1,1,0,0,0
"T477X6D","NoDx","11000",1,1,0,0,0
"T477X6S","NoDx","11000",1,1,0,0,0
"T478X1A","9738","10111",1,0,1,1,1
"T478X1A","E8584","10112",1,0,1,1,2
"T478X1D","V5889","10000",1,0,0,0,0
"T478X1S","9090","10111",1,0,1,1,1
"T478X1S","E9292","10112",1,0,1,1,2
"T478X2A","9738","10111",1,0,1,1,1
"T478X2A","E9504","10112",1,0,1,1,2
"T478X2D","V5889","10000",1,0,0,0,0
"T478X2S","9090","10111",1,0,1,1,1
"T478X2S","E959","10112",1,0,1,1,2
"T478X3A","9738","10111",1,0,1,1,1
"T478X3A","E9620","10112",1,0,1,1,2
"T478X3D","V5889","10000",1,0,0,0,0
"T478X3S","9090","10111",1,0,1,1,1
"T478X3S","E969","10112",1,0,1,1,2
"T478X4A","9738","10111",1,0,1,1,1
"T478X4A","E9804","10112",1,0,1,1,2
"T478X4D","V5889","10000",1,0,0,0,0
"T478X4S","9090","10111",1,0,1,1,1
"T478X4S","E989","10112",1,0,1,1,2
"T478X5A","99529","10111",1,0,1,1,1
"T478X5A","E9438","10112",1,0,1,1,2
"T478X5D","V5889","10000",1,0,0,0,0
"T478X5S","9095","10111",1,0,1,1,1
"T478X5S","E9438","10112",1,0,1,1,2
"T478X6A","NoDx","11000",1,1,0,0,0
"T478X6D","NoDx","11000",1,1,0,0,0
"T478X6S","NoDx","11000",1,1,0,0,0
"T4791XA","9739","10111",1,0,1,1,1
"T4791XA","E8584","10112",1,0,1,1,2
"T4791XD","V5889","10000",1,0,0,0,0
"T4791XS","9090","10111",1,0,1,1,1
"T4791XS","E9292","10112",1,0,1,1,2
"T4792XA","9739","10111",1,0,1,1,1
"T4792XA","E9504","10112",1,0,1,1,2
"T4792XD","V5889","10000",1,0,0,0,0
"T4792XS","9090","10111",1,0,1,1,1
"T4792XS","E959","10112",1,0,1,1,2
"T4793XA","9739","10111",1,0,1,1,1
"T4793XA","E9620","10112",1,0,1,1,2
"T4793XD","V5889","10000",1,0,0,0,0
"T4793XS","9090","10111",1,0,1,1,1
"T4793XS","E969","10112",1,0,1,1,2
"T4794XA","9739","10111",1,0,1,1,1
"T4794XA","E9804","10112",1,0,1,1,2
"T4794XD","V5889","10000",1,0,0,0,0
"T4794XS","9090","10111",1,0,1,1,1
"T4794XS","E989","10112",1,0,1,1,2
"T4795XA","99529","10111",1,0,1,1,1
"T4795XA","E9439","10112",1,0,1,1,2
"T4795XD","V5889","10000",1,0,0,0,0
"T4795XS","9095","10111",1,0,1,1,1
"T4795XS","E9439","10112",1,0,1,1,2
"T4796XA","NoDx","11000",1,1,0,0,0
"T4796XD","NoDx","11000",1,1,0,0,0
"T4796XS","NoDx","11000",1,1,0,0,0
"T480X1A","9750","10111",1,0,1,1,1
"T480X1A","E8580","10112",1,0,1,1,2
"T480X1D","V5889","10000",1,0,0,0,0
"T480X1S","9090","10111",1,0,1,1,1
"T480X1S","E9292","10112",1,0,1,1,2
"T480X2A","9750","10111",1,0,1,1,1
"T480X2A","E9504","10112",1,0,1,1,2
"T480X2D","V5889","10000",1,0,0,0,0
"T480X2S","9090","10111",1,0,1,1,1
"T480X2S","E959","10112",1,0,1,1,2
"T480X3A","9750","10111",1,0,1,1,1
"T480X3A","E9620","10112",1,0,1,1,2
"T480X3D","V5889","10000",1,0,0,0,0
"T480X3S","9090","10111",1,0,1,1,1
"T480X3S","E969","10112",1,0,1,1,2
"T480X4A","9750","10111",1,0,1,1,1
"T480X4A","E9804","10112",1,0,1,1,2
"T480X4D","V5889","10000",1,0,0,0,0
"T480X4S","9090","10111",1,0,1,1,1
"T480X4S","E989","10112",1,0,1,1,2
"T480X5A","99529","10111",1,0,1,1,1
"T480X5A","E9450","10112",1,0,1,1,2
"T480X5D","V5889","10000",1,0,0,0,0
"T480X5S","9095","10111",1,0,1,1,1
"T480X5S","E9450","10112",1,0,1,1,2
"T480X6A","NoDx","11000",1,1,0,0,0
"T480X6D","NoDx","11000",1,1,0,0,0
"T480X6S","NoDx","11000",1,1,0,0,0
"T481X1A","9752","10000",1,0,0,0,0
"T481X1A","9752","10111",1,0,1,1,1
"T481X1A","E8586","10112",1,0,1,1,2
"T481X1D","V5889","10000",1,0,0,0,0
"T481X1S","9090","10111",1,0,1,1,1
"T481X1S","E9292","10112",1,0,1,1,2
"T481X2A","9752","10111",1,0,1,1,1
"T481X2A","E9504","10112",1,0,1,1,2
"T481X2D","V5889","10000",1,0,0,0,0
"T481X2S","9090","10111",1,0,1,1,1
"T481X2S","E959","10112",1,0,1,1,2
"T481X3A","9752","10111",1,0,1,1,1
"T481X3A","E9620","10112",1,0,1,1,2
"T481X3D","V5889","10000",1,0,0,0,0
"T481X3S","9090","10111",1,0,1,1,1
"T481X3S","E969","10112",1,0,1,1,2
"T481X4A","9752","10111",1,0,1,1,1
"T481X4A","E9804","10112",1,0,1,1,2
"T481X4D","V5889","10000",1,0,0,0,0
"T481X4S","9090","10111",1,0,1,1,1
"T481X4S","E989","10112",1,0,1,1,2
"T481X5A","99529","10111",1,0,1,1,1
"T481X5A","E9452","10112",1,0,1,1,2
"T481X5D","V5889","10000",1,0,0,0,0
"T481X5S","9095","10111",1,0,1,1,1
"T481X5S","E9452","10112",1,0,1,1,2
"T481X6A","NoDx","11000",1,1,0,0,0
"T481X6D","NoDx","11000",1,1,0,0,0
"T481X6S","NoDx","11000",1,1,0,0,0
"T48201A","9751","10111",1,0,1,1,1
"T48201A","9753","10121",1,0,1,2,1
"T48201A","E8586","10112",1,0,1,1,2
"T48201A","E8586","10122",1,0,1,2,2
"T48201D","V5889","10000",1,0,0,0,0
"T48201S","9090","10111",1,0,1,1,1
"T48201S","E9292","10112",1,0,1,1,2
"T48202A","9753","10111",1,0,1,1,1
"T48202A","E9504","10112",1,0,1,1,2
"T48202D","V5889","10000",1,0,0,0,0
"T48202S","9090","10111",1,0,1,1,1
"T48202S","E959","10112",1,0,1,1,2
"T48203A","9753","10111",1,0,1,1,1
"T48203A","E9620","10112",1,0,1,1,2
"T48203D","V5889","10000",1,0,0,0,0
"T48203S","9090","10111",1,0,1,1,1
"T48203S","E969","10112",1,0,1,1,2
"T48204A","9753","10111",1,0,1,1,1
"T48204A","E9804","10112",1,0,1,1,2
"T48204D","V5889","10000",1,0,0,0,0
"T48204S","9090","10111",1,0,1,1,1
"T48204S","E989","10112",1,0,1,1,2
"T48205A","99529","10111",1,0,1,1,1
"T48205A","E9453","10112",1,0,1,1,2
"T48205D","V5889","10000",1,0,0,0,0
"T48205S","9095","10111",1,0,1,1,1
"T48205S","E9453","10112",1,0,1,1,2
"T48206A","NoDx","11000",1,1,0,0,0
"T48206D","NoDx","11000",1,1,0,0,0
"T48206S","NoDx","11000",1,1,0,0,0
"T48291A","9751","10111",1,0,1,1,1
"T48291A","9753","10121",1,0,1,2,1
"T48291A","E8586","10112",1,0,1,1,2
"T48291A","E8586","10122",1,0,1,2,2
"T48291D","V5889","10000",1,0,0,0,0
"T48291S","9090","10111",1,0,1,1,1
"T48291S","E9292","10112",1,0,1,1,2
"T48292A","9753","10111",1,0,1,1,1
"T48292A","E9504","10112",1,0,1,1,2
"T48292D","V5889","10000",1,0,0,0,0
"T48292S","9090","10111",1,0,1,1,1
"T48292S","E959","10112",1,0,1,1,2
"T48293A","9753","10111",1,0,1,1,1
"T48293A","E9620","10112",1,0,1,1,2
"T48293D","V5889","10000",1,0,0,0,0
"T48293S","9090","10111",1,0,1,1,1
"T48293S","E969","10112",1,0,1,1,2
"T48294A","9753","10111",1,0,1,1,1
"T48294A","E9804","10112",1,0,1,1,2
"T48294D","V5889","10000",1,0,0,0,0
"T48294S","9090","10111",1,0,1,1,1
"T48294S","E989","10112",1,0,1,1,2
"T48295A","99529","10111",1,0,1,1,1
"T48295A","E9453","10112",1,0,1,1,2
"T48295D","V5889","10000",1,0,0,0,0
"T48295S","9095","10111",1,0,1,1,1
"T48295S","E9453","10112",1,0,1,1,2
"T48296A","NoDx","11000",1,1,0,0,0
"T48296D","NoDx","11000",1,1,0,0,0
"T48296S","NoDx","11000",1,1,0,0,0
"T483X1A","9754","10111",1,0,1,1,1
"T483X1A","E8586","10112",1,0,1,1,2
"T483X1D","V5889","10000",1,0,0,0,0
"T483X1S","9090","10111",1,0,1,1,1
"T483X1S","E9292","10112",1,0,1,1,2
"T483X2A","9754","10111",1,0,1,1,1
"T483X2A","E9504","10112",1,0,1,1,2
"T483X2D","V5889","10000",1,0,0,0,0
"T483X2S","9090","10111",1,0,1,1,1
"T483X2S","E959","10112",1,0,1,1,2
"T483X3A","9754","10111",1,0,1,1,1
"T483X3A","E9620","10112",1,0,1,1,2
"T483X3D","V5889","10000",1,0,0,0,0
"T483X3S","9090","10111",1,0,1,1,1
"T483X3S","E969","10112",1,0,1,1,2
"T483X4A","9754","10111",1,0,1,1,1
"T483X4A","E9804","10112",1,0,1,1,2
"T483X4D","V5889","10000",1,0,0,0,0
"T483X4S","9090","10111",1,0,1,1,1
"T483X4S","E989","10112",1,0,1,1,2
"T483X5A","99529","10111",1,0,1,1,1
"T483X5A","E9454","10112",1,0,1,1,2
"T483X5D","V5889","10000",1,0,0,0,0
"T483X5S","9095","10111",1,0,1,1,1
"T483X5S","E9454","10112",1,0,1,1,2
"T483X6A","NoDx","11000",1,1,0,0,0
"T483X6D","NoDx","11000",1,1,0,0,0
"T483X6S","NoDx","11000",1,1,0,0,0
"T484X1A","9755","10111",1,0,1,1,1
"T484X1A","E8586","10112",1,0,1,1,2
"T484X1D","V5889","10000",1,0,0,0,0
"T484X1S","9090","10111",1,0,1,1,1
"T484X1S","E9292","10112",1,0,1,1,2
"T484X2A","9755","10111",1,0,1,1,1
"T484X2A","E9504","10112",1,0,1,1,2
"T484X2D","V5889","10000",1,0,0,0,0
"T484X2S","9090","10111",1,0,1,1,1
"T484X2S","E959","10112",1,0,1,1,2
"T484X3A","9755","10111",1,0,1,1,1
"T484X3A","E9620","10112",1,0,1,1,2
"T484X3D","V5889","10000",1,0,0,0,0
"T484X3S","9090","10111",1,0,1,1,1
"T484X3S","E969","10112",1,0,1,1,2
"T484X4A","9755","10111",1,0,1,1,1
"T484X4A","E9804","10112",1,0,1,1,2
"T484X4D","V5889","10000",1,0,0,0,0
"T484X4S","9090","10111",1,0,1,1,1
"T484X4S","E989","10112",1,0,1,1,2
"T484X5A","99529","10111",1,0,1,1,1
"T484X5A","E9455","10112",1,0,1,1,2
"T484X5D","V5889","10000",1,0,0,0,0
"T484X5S","9095","10111",1,0,1,1,1
"T484X5S","E9455","10112",1,0,1,1,2
"T484X6A","NoDx","11000",1,1,0,0,0
"T484X6D","NoDx","11000",1,1,0,0,0
"T484X6S","NoDx","11000",1,1,0,0,0
"T485X1A","9756","10111",1,0,1,1,1
"T485X1A","E8586","10112",1,0,1,1,2
"T485X1D","V5889","10000",1,0,0,0,0
"T485X1S","9090","10111",1,0,1,1,1
"T485X1S","E9292","10112",1,0,1,1,2
"T485X2A","9756","10111",1,0,1,1,1
"T485X2A","E9504","10112",1,0,1,1,2
"T485X2D","V5889","10000",1,0,0,0,0
"T485X2S","9090","10111",1,0,1,1,1
"T485X2S","E959","10112",1,0,1,1,2
"T485X3A","9756","10111",1,0,1,1,1
"T485X3A","E9620","10112",1,0,1,1,2
"T485X3D","V5889","10000",1,0,0,0,0
"T485X3S","9090","10111",1,0,1,1,1
"T485X3S","E969","10112",1,0,1,1,2
"T485X4A","9756","10111",1,0,1,1,1
"T485X4A","E9804","10112",1,0,1,1,2
"T485X4D","V5889","10000",1,0,0,0,0
"T485X4S","9090","10111",1,0,1,1,1
"T485X4S","E989","10112",1,0,1,1,2
"T485X5A","99529","10111",1,0,1,1,1
"T485X5A","E9456","10112",1,0,1,1,2
"T485X5D","V5889","10000",1,0,0,0,0
"T485X5S","9095","10111",1,0,1,1,1
"T485X5S","E9456","10112",1,0,1,1,2
"T485X6A","NoDx","11000",1,1,0,0,0
"T485X6D","NoDx","11000",1,1,0,0,0
"T485X6S","NoDx","11000",1,1,0,0,0
"T486X1A","9757","10111",1,0,1,1,1
"T486X1A","E8586","10112",1,0,1,1,2
"T486X1D","V5889","10000",1,0,0,0,0
"T486X1S","9090","10111",1,0,1,1,1
"T486X1S","E9292","10112",1,0,1,1,2
"T486X2A","9757","10111",1,0,1,1,1
"T486X2A","E9504","10112",1,0,1,1,2
"T486X2D","V5889","10000",1,0,0,0,0
"T486X2S","9090","10111",1,0,1,1,1
"T486X2S","E959","10112",1,0,1,1,2
"T486X3A","9757","10111",1,0,1,1,1
"T486X3A","E9620","10112",1,0,1,1,2
"T486X3D","V5889","10000",1,0,0,0,0
"T486X3S","9090","10111",1,0,1,1,1
"T486X3S","E969","10112",1,0,1,1,2
"T486X4A","9757","10111",1,0,1,1,1
"T486X4A","E9804","10112",1,0,1,1,2
"T486X4D","V5889","10000",1,0,0,0,0
"T486X4S","9090","10111",1,0,1,1,1
"T486X4S","E989","10112",1,0,1,1,2
"T486X5A","99529","10111",1,0,1,1,1
"T486X5A","E9457","10112",1,0,1,1,2
"T486X5D","V5889","10000",1,0,0,0,0
"T486X5S","9095","10111",1,0,1,1,1
"T486X5S","E9457","10112",1,0,1,1,2
"T486X6A","NoDx","11000",1,1,0,0,0
"T486X6D","NoDx","11000",1,1,0,0,0
"T486X6S","NoDx","11000",1,1,0,0,0
"T48901A","9758","10111",1,0,1,1,1
"T48901A","E8586","10112",1,0,1,1,2
"T48901D","V5889","10000",1,0,0,0,0
"T48901S","9090","10111",1,0,1,1,1
"T48901S","E9292","10112",1,0,1,1,2
"T48902A","9758","10111",1,0,1,1,1
"T48902A","E9504","10112",1,0,1,1,2
"T48902D","V5889","10000",1,0,0,0,0
"T48902S","9090","10111",1,0,1,1,1
"T48902S","E959","10112",1,0,1,1,2
"T48903A","9758","10111",1,0,1,1,1
"T48903A","E9620","10112",1,0,1,1,2
"T48903D","V5889","10000",1,0,0,0,0
"T48903S","9090","10111",1,0,1,1,1
"T48903S","E969","10112",1,0,1,1,2
"T48904A","9758","10111",1,0,1,1,1
"T48904A","E9804","10112",1,0,1,1,2
"T48904D","V5889","10000",1,0,0,0,0
"T48904S","9090","10111",1,0,1,1,1
"T48904S","E989","10112",1,0,1,1,2
"T48905A","99529","10111",1,0,1,1,1
"T48905A","E9458","10112",1,0,1,1,2
"T48905D","V5889","10000",1,0,0,0,0
"T48905S","9095","10111",1,0,1,1,1
"T48905S","E9458","10112",1,0,1,1,2
"T48906A","NoDx","11000",1,1,0,0,0
"T48906D","NoDx","11000",1,1,0,0,0
"T48906S","NoDx","11000",1,1,0,0,0
"T48991A","9758","10111",1,0,1,1,1
"T48991A","E8586","10112",1,0,1,1,2
"T48991D","V5889","10000",1,0,0,0,0
"T48991S","9090","10111",1,0,1,1,1
"T48991S","E9292","10112",1,0,1,1,2
"T48992A","9758","10111",1,0,1,1,1
"T48992A","E9504","10112",1,0,1,1,2
"T48992D","V5889","10000",1,0,0,0,0
"T48992S","9090","10111",1,0,1,1,1
"T48992S","E959","10112",1,0,1,1,2
"T48993A","9758","10111",1,0,1,1,1
"T48993A","E9620","10112",1,0,1,1,2
"T48993D","V5889","10000",1,0,0,0,0
"T48993S","9090","10111",1,0,1,1,1
"T48993S","E969","10112",1,0,1,1,2
"T48994A","9758","10111",1,0,1,1,1
"T48994A","E9804","10112",1,0,1,1,2
"T48994D","V5889","10000",1,0,0,0,0
"T48994S","9090","10111",1,0,1,1,1
"T48994S","E989","10112",1,0,1,1,2
"T48995A","99529","10111",1,0,1,1,1
"T48995A","E9458","10112",1,0,1,1,2
"T48995D","V5889","10000",1,0,0,0,0
"T48995S","9095","10111",1,0,1,1,1
"T48995S","E9458","10112",1,0,1,1,2
"T48996A","NoDx","11000",1,1,0,0,0
"T48996D","NoDx","11000",1,1,0,0,0
"T48996S","NoDx","11000",1,1,0,0,0
"T490X1A","9760","10111",1,0,1,1,1
"T490X1A","E8587","10112",1,0,1,1,2
"T490X1D","V5889","10000",1,0,0,0,0
"T490X1S","9090","10111",1,0,1,1,1
"T490X1S","E9292","10112",1,0,1,1,2
"T490X2A","9760","10111",1,0,1,1,1
"T490X2A","E9504","10112",1,0,1,1,2
"T490X2D","V5889","10000",1,0,0,0,0
"T490X2S","9090","10111",1,0,1,1,1
"T490X2S","E959","10112",1,0,1,1,2
"T490X3A","9760","10111",1,0,1,1,1
"T490X3A","E9620","10112",1,0,1,1,2
"T490X3D","V5889","10000",1,0,0,0,0
"T490X3S","9090","10111",1,0,1,1,1
"T490X3S","E969","10112",1,0,1,1,2
"T490X4A","9760","10111",1,0,1,1,1
"T490X4A","E9804","10112",1,0,1,1,2
"T490X4D","V5889","10000",1,0,0,0,0
"T490X4S","9090","10111",1,0,1,1,1
"T490X4S","E989","10112",1,0,1,1,2
"T490X5A","99529","10111",1,0,1,1,1
"T490X5A","E9460","10112",1,0,1,1,2
"T490X5D","V5889","10000",1,0,0,0,0
"T490X5S","9095","10111",1,0,1,1,1
"T490X5S","E9460","10112",1,0,1,1,2
"T490X6A","NoDx","11000",1,1,0,0,0
"T490X6D","NoDx","11000",1,1,0,0,0
"T490X6S","NoDx","11000",1,1,0,0,0
"T491X1A","9761","10111",1,0,1,1,1
"T491X1A","E8587","10112",1,0,1,1,2
"T491X1D","V5889","10000",1,0,0,0,0
"T491X1S","9090","10111",1,0,1,1,1
"T491X1S","E9292","10112",1,0,1,1,2
"T491X2A","9761","10111",1,0,1,1,1
"T491X2A","E9504","10112",1,0,1,1,2
"T491X2D","V5889","10000",1,0,0,0,0
"T491X2S","9090","10111",1,0,1,1,1
"T491X2S","E959","10112",1,0,1,1,2
"T491X3A","9761","10111",1,0,1,1,1
"T491X3A","E9620","10112",1,0,1,1,2
"T491X3D","V5889","10000",1,0,0,0,0
"T491X3S","9090","10111",1,0,1,1,1
"T491X3S","E969","10112",1,0,1,1,2
"T491X4A","9761","10111",1,0,1,1,1
"T491X4A","E9804","10112",1,0,1,1,2
"T491X4D","V5889","10000",1,0,0,0,0
"T491X4S","9090","10111",1,0,1,1,1
"T491X4S","E989","10112",1,0,1,1,2
"T491X5A","99529","10111",1,0,1,1,1
"T491X5A","E9461","10112",1,0,1,1,2
"T491X5D","V5889","10000",1,0,0,0,0
"T491X5S","9095","10111",1,0,1,1,1
"T491X5S","E9461","10112",1,0,1,1,2
"T491X6A","NoDx","11000",1,1,0,0,0
"T491X6D","NoDx","11000",1,1,0,0,0
"T491X6S","NoDx","11000",1,1,0,0,0
"T492X1A","9762","10111",1,0,1,1,1
"T492X1A","E8587","10112",1,0,1,1,2
"T492X1D","V5889","10000",1,0,0,0,0
"T492X1S","9090","10111",1,0,1,1,1
"T492X1S","E9292","10112",1,0,1,1,2
"T492X2A","9762","10111",1,0,1,1,1
"T492X2A","E9504","10112",1,0,1,1,2
"T492X2D","V5889","10000",1,0,0,0,0
"T492X2S","9090","10111",1,0,1,1,1
"T492X2S","E959","10112",1,0,1,1,2
"T492X3A","9762","10111",1,0,1,1,1
"T492X3A","E9620","10112",1,0,1,1,2
"T492X3D","V5889","10000",1,0,0,0,0
"T492X3S","9090","10111",1,0,1,1,1
"T492X3S","E969","10112",1,0,1,1,2
"T492X4A","9762","10111",1,0,1,1,1
"T492X4A","E9804","10112",1,0,1,1,2
"T492X4D","V5889","10000",1,0,0,0,0
"T492X4S","9090","10111",1,0,1,1,1
"T492X4S","E989","10112",1,0,1,1,2
"T492X5A","99529","10111",1,0,1,1,1
"T492X5A","E9462","10112",1,0,1,1,2
"T492X5D","V5889","10000",1,0,0,0,0
"T492X5S","9095","10111",1,0,1,1,1
"T492X5S","E9462","10112",1,0,1,1,2
"T492X6A","NoDx","11000",1,1,0,0,0
"T492X6D","NoDx","11000",1,1,0,0,0
"T492X6S","NoDx","11000",1,1,0,0,0
"T493X1A","9763","10111",1,0,1,1,1
"T493X1A","E8587","10112",1,0,1,1,2
"T493X1D","V5889","10000",1,0,0,0,0
"T493X1S","9090","10111",1,0,1,1,1
"T493X1S","E9292","10112",1,0,1,1,2
"T493X2A","9763","10111",1,0,1,1,1
"T493X2A","E9504","10112",1,0,1,1,2
"T493X2D","V5889","10000",1,0,0,0,0
"T493X2S","9090","10111",1,0,1,1,1
"T493X2S","E959","10112",1,0,1,1,2
"T493X3A","9763","10111",1,0,1,1,1
"T493X3A","E9620","10112",1,0,1,1,2
"T493X3D","V5889","10000",1,0,0,0,0
"T493X3S","9090","10111",1,0,1,1,1
"T493X3S","E969","10112",1,0,1,1,2
"T493X4A","9763","10111",1,0,1,1,1
"T493X4A","E9804","10112",1,0,1,1,2
"T493X4D","V5889","10000",1,0,0,0,0
"T493X4S","9090","10111",1,0,1,1,1
"T493X4S","E989","10112",1,0,1,1,2
"T493X5A","99529","10111",1,0,1,1,1
"T493X5A","E9463","10112",1,0,1,1,2
"T493X5D","V5889","10000",1,0,0,0,0
"T493X5S","9095","10111",1,0,1,1,1
"T493X5S","E9463","10112",1,0,1,1,2
"T493X6A","NoDx","11000",1,1,0,0,0
"T493X6D","NoDx","11000",1,1,0,0,0
"T493X6S","NoDx","11000",1,1,0,0,0
"T494X1A","9764","10111",1,0,1,1,1
"T494X1A","E8587","10112",1,0,1,1,2
"T494X1D","V5889","10000",1,0,0,0,0
"T494X1S","9090","10111",1,0,1,1,1
"T494X1S","E9292","10112",1,0,1,1,2
"T494X2A","9764","10111",1,0,1,1,1
"T494X2A","E9504","10112",1,0,1,1,2
"T494X2D","V5889","10000",1,0,0,0,0
"T494X2S","9090","10111",1,0,1,1,1
"T494X2S","E959","10112",1,0,1,1,2
"T494X3A","9764","10111",1,0,1,1,1
"T494X3A","E9620","10112",1,0,1,1,2
"T494X3D","V5889","10000",1,0,0,0,0
"T494X3S","9090","10111",1,0,1,1,1
"T494X3S","E969","10112",1,0,1,1,2
"T494X4A","9764","10111",1,0,1,1,1
"T494X4A","E9804","10112",1,0,1,1,2
"T494X4D","V5889","10000",1,0,0,0,0
"T494X4S","9090","10111",1,0,1,1,1
"T494X4S","E989","10112",1,0,1,1,2
"T494X5A","99529","10111",1,0,1,1,1
"T494X5A","E9464","10112",1,0,1,1,2
"T494X5D","V5889","10000",1,0,0,0,0
"T494X5S","9095","10111",1,0,1,1,1
"T494X5S","E9464","10112",1,0,1,1,2
"T494X6A","NoDx","11000",1,1,0,0,0
"T494X6D","NoDx","11000",1,1,0,0,0
"T494X6S","NoDx","11000",1,1,0,0,0
"T495X1A","9765","10111",1,0,1,1,1
"T495X1A","E8587","10112",1,0,1,1,2
"T495X1D","V5889","10000",1,0,0,0,0
"T495X1S","9090","10111",1,0,1,1,1
"T495X1S","E9292","10112",1,0,1,1,2
"T495X2A","9765","10111",1,0,1,1,1
"T495X2A","E9504","10112",1,0,1,1,2
"T495X2D","V5889","10000",1,0,0,0,0
"T495X2S","9090","10111",1,0,1,1,1
"T495X2S","E959","10112",1,0,1,1,2
"T495X3A","9765","10111",1,0,1,1,1
"T495X3A","E9620","10112",1,0,1,1,2
"T495X3D","V5889","10000",1,0,0,0,0
"T495X3S","9090","10111",1,0,1,1,1
"T495X3S","E969","10112",1,0,1,1,2
"T495X4A","9765","10111",1,0,1,1,1
"T495X4A","E9804","10112",1,0,1,1,2
"T495X4D","V5889","10000",1,0,0,0,0
"T495X4S","9090","10111",1,0,1,1,1
"T495X4S","E989","10112",1,0,1,1,2
"T495X5A","99529","10111",1,0,1,1,1
"T495X5A","E9465","10112",1,0,1,1,2
"T495X5D","V5889","10000",1,0,0,0,0
"T495X5S","9095","10111",1,0,1,1,1
"T495X5S","E9465","10112",1,0,1,1,2
"T495X6A","NoDx","11000",1,1,0,0,0
"T495X6D","NoDx","11000",1,1,0,0,0
"T495X6S","NoDx","11000",1,1,0,0,0
"T496X1A","9766","10111",1,0,1,1,1
"T496X1A","E8587","10112",1,0,1,1,2
"T496X1D","V5889","10000",1,0,0,0,0
"T496X1S","9090","10111",1,0,1,1,1
"T496X1S","E9292","10112",1,0,1,1,2
"T496X2A","9766","10111",1,0,1,1,1
"T496X2A","E9504","10112",1,0,1,1,2
"T496X2D","V5889","10000",1,0,0,0,0
"T496X2S","9090","10111",1,0,1,1,1
"T496X2S","E959","10112",1,0,1,1,2
"T496X3A","9766","10111",1,0,1,1,1
"T496X3A","E9620","10112",1,0,1,1,2
"T496X3D","V5889","10000",1,0,0,0,0
"T496X3S","9090","10111",1,0,1,1,1
"T496X3S","E969","10112",1,0,1,1,2
"T496X4A","9766","10111",1,0,1,1,1
"T496X4A","E9804","10112",1,0,1,1,2
"T496X4D","V5889","10000",1,0,0,0,0
"T496X4S","9090","10111",1,0,1,1,1
"T496X4S","E989","10112",1,0,1,1,2
"T496X5A","99529","10111",1,0,1,1,1
"T496X5A","E9466","10112",1,0,1,1,2
"T496X5D","V5889","10000",1,0,0,0,0
"T496X5S","9095","10111",1,0,1,1,1
"T496X5S","E9466","10112",1,0,1,1,2
"T496X6A","NoDx","11000",1,1,0,0,0
"T496X6D","NoDx","11000",1,1,0,0,0
"T496X6S","NoDx","11000",1,1,0,0,0
"T497X1A","9767","10111",1,0,1,1,1
"T497X1A","E8587","10112",1,0,1,1,2
"T497X1D","V5889","10000",1,0,0,0,0
"T497X1S","9090","10111",1,0,1,1,1
"T497X1S","E9292","10112",1,0,1,1,2
"T497X2A","9767","10111",1,0,1,1,1
"T497X2A","E9504","10112",1,0,1,1,2
"T497X2D","V5889","10000",1,0,0,0,0
"T497X2S","9090","10111",1,0,1,1,1
"T497X2S","E959","10112",1,0,1,1,2
"T497X3A","9767","10111",1,0,1,1,1
"T497X3A","E9620","10112",1,0,1,1,2
"T497X3D","V5889","10000",1,0,0,0,0
"T497X3S","9090","10111",1,0,1,1,1
"T497X3S","E969","10112",1,0,1,1,2
"T497X4A","9767","10111",1,0,1,1,1
"T497X4A","E9804","10112",1,0,1,1,2
"T497X4D","V5889","10000",1,0,0,0,0
"T497X4S","9090","10111",1,0,1,1,1
"T497X4S","E989","10112",1,0,1,1,2
"T497X5A","99529","10111",1,0,1,1,1
"T497X5A","E9467","10112",1,0,1,1,2
"T497X5D","V5889","10000",1,0,0,0,0
"T497X5S","9095","10111",1,0,1,1,1
"T497X5S","E9467","10112",1,0,1,1,2
"T497X6A","NoDx","11000",1,1,0,0,0
"T497X6D","NoDx","11000",1,1,0,0,0
"T497X6S","NoDx","11000",1,1,0,0,0
"T498X1A","9768","10111",1,0,1,1,1
"T498X1A","E8587","10112",1,0,1,1,2
"T498X1D","V5889","10000",1,0,0,0,0
"T498X1S","9090","10111",1,0,1,1,1
"T498X1S","E9292","10112",1,0,1,1,2
"T498X2A","9768","10111",1,0,1,1,1
"T498X2A","E9504","10112",1,0,1,1,2
"T498X2D","V5889","10000",1,0,0,0,0
"T498X2S","9090","10111",1,0,1,1,1
"T498X2S","E959","10112",1,0,1,1,2
"T498X3A","9768","10111",1,0,1,1,1
"T498X3A","E9620","10112",1,0,1,1,2
"T498X3D","V5889","10000",1,0,0,0,0
"T498X3S","9090","10111",1,0,1,1,1
"T498X3S","E969","10112",1,0,1,1,2
"T498X4A","9768","10111",1,0,1,1,1
"T498X4A","E9804","10112",1,0,1,1,2
"T498X4D","V5889","10000",1,0,0,0,0
"T498X4S","9090","10111",1,0,1,1,1
"T498X4S","E989","10112",1,0,1,1,2
"T498X5A","99529","10111",1,0,1,1,1
"T498X5A","E9468","10112",1,0,1,1,2
"T498X5D","V5889","10000",1,0,0,0,0
"T498X5S","9095","10111",1,0,1,1,1
"T498X5S","E9468","10112",1,0,1,1,2
"T498X6A","NoDx","11000",1,1,0,0,0
"T498X6D","NoDx","11000",1,1,0,0,0
"T498X6S","NoDx","11000",1,1,0,0,0
"T4991XA","9769","10111",1,0,1,1,1
"T4991XA","E8587","10112",1,0,1,1,2
"T4991XD","V5889","10000",1,0,0,0,0
"T4991XS","9090","10111",1,0,1,1,1
"T4991XS","E9292","10112",1,0,1,1,2
"T4992XA","9769","10111",1,0,1,1,1
"T4992XA","E9504","10112",1,0,1,1,2
"T4992XD","V5889","10000",1,0,0,0,0
"T4992XS","9090","10111",1,0,1,1,1
"T4992XS","E959","10112",1,0,1,1,2
"T4993XA","9769","10111",1,0,1,1,1
"T4993XA","E9620","10112",1,0,1,1,2
"T4993XD","V5889","10000",1,0,0,0,0
"T4993XS","9090","10111",1,0,1,1,1
"T4993XS","E969","10112",1,0,1,1,2
"T4994XA","9769","10111",1,0,1,1,1
"T4994XA","E9804","10112",1,0,1,1,2
"T4994XD","V5889","10000",1,0,0,0,0
"T4994XS","9090","10111",1,0,1,1,1
"T4994XS","E989","10112",1,0,1,1,2
"T4995XA","99529","10111",1,0,1,1,1
"T4995XA","E9469","10112",1,0,1,1,2
"T4995XD","V5889","10000",1,0,0,0,0
"T4995XS","9095","10111",1,0,1,1,1
"T4995XS","E9469","10112",1,0,1,1,2
"T4996XA","NoDx","11000",1,1,0,0,0
"T4996XD","NoDx","11000",1,1,0,0,0
"T4996XS","NoDx","11000",1,1,0,0,0
"T500X1A","9620","10111",1,0,1,1,1
"T500X1A","E8580","10112",1,0,1,1,2
"T500X1D","V5889","10000",1,0,0,0,0
"T500X1S","9090","10111",1,0,1,1,1
"T500X1S","E9292","10112",1,0,1,1,2
"T500X2A","9620","10111",1,0,1,1,1
"T500X2A","E9504","10112",1,0,1,1,2
"T500X2D","V5889","10000",1,0,0,0,0
"T500X2S","9090","10111",1,0,1,1,1
"T500X2S","E959","10112",1,0,1,1,2
"T500X3A","9620","10111",1,0,1,1,1
"T500X3A","E9620","10112",1,0,1,1,2
"T500X3D","V5889","10000",1,0,0,0,0
"T500X3S","9090","10111",1,0,1,1,1
"T500X3S","E969","10112",1,0,1,1,2
"T500X4A","9620","10111",1,0,1,1,1
"T500X4A","E9804","10112",1,0,1,1,2
"T500X4D","V5889","10000",1,0,0,0,0
"T500X4S","9090","10111",1,0,1,1,1
"T500X4S","E989","10112",1,0,1,1,2
"T500X5A","99529","10111",1,0,1,1,1
"T500X5A","E9320","10112",1,0,1,1,2
"T500X5D","V5889","10000",1,0,0,0,0
"T500X5S","9095","10111",1,0,1,1,1
"T500X5S","E9320","10112",1,0,1,1,2
"T500X6A","NoDx","11000",1,1,0,0,0
"T500X6D","NoDx","11000",1,1,0,0,0
"T500X6S","NoDx","11000",1,1,0,0,0
"T501X1A","9744","10111",1,0,1,1,1
"T501X1A","E8585","10112",1,0,1,1,2
"T501X1D","V5889","10000",1,0,0,0,0
"T501X1S","9090","10111",1,0,1,1,1
"T501X1S","E9292","10112",1,0,1,1,2
"T501X2A","9744","10111",1,0,1,1,1
"T501X2A","E9504","10112",1,0,1,1,2
"T501X2D","V5889","10000",1,0,0,0,0
"T501X2S","9090","10111",1,0,1,1,1
"T501X2S","E959","10112",1,0,1,1,2
"T501X3A","9744","10111",1,0,1,1,1
"T501X3A","E9620","10112",1,0,1,1,2
"T501X3D","V5889","10000",1,0,0,0,0
"T501X3S","9090","10111",1,0,1,1,1
"T501X3S","E969","10112",1,0,1,1,2
"T501X4A","9744","10111",1,0,1,1,1
"T501X4A","E8585","10112",1,0,1,1,2
"T501X4D","V5889","10000",1,0,0,0,0
"T501X4S","9090","10111",1,0,1,1,1
"T501X4S","E989","10112",1,0,1,1,2
"T501X5A","99529","10111",1,0,1,1,1
"T501X5A","E9444","10112",1,0,1,1,2
"T501X5D","V5889","10000",1,0,0,0,0
"T501X5S","9095","10111",1,0,1,1,1
"T501X5S","E9444","10112",1,0,1,1,2
"T501X6A","NoDx","11000",1,1,0,0,0
"T501X6D","NoDx","11000",1,1,0,0,0
"T501X6S","NoDx","11000",1,1,0,0,0
"T502X1A","9742","10111",1,0,1,1,1
"T502X1A","9744","10121",1,0,1,2,1
"T502X1A","E8585","10112",1,0,1,1,2
"T502X1A","E8585","10122",1,0,1,2,2
"T502X1D","V5889","10000",1,0,0,0,0
"T502X1S","9090","10111",1,0,1,1,1
"T502X1S","E9292","10112",1,0,1,1,2
"T502X2A","9742","10111",1,0,1,1,1
"T502X2A","9744","10121",1,0,1,2,1
"T502X2A","E9504","10112",1,0,1,1,2
"T502X2A","E9504","10122",1,0,1,2,2
"T502X2D","V5889","10000",1,0,0,0,0
"T502X2S","9090","10111",1,0,1,1,1
"T502X2S","E959","10112",1,0,1,1,2
"T502X3A","9742","10111",1,0,1,1,1
"T502X3A","9744","10121",1,0,1,2,1
"T502X3A","E9620","10112",1,0,1,1,2
"T502X3A","E9620","10122",1,0,1,2,2
"T502X3D","V5889","10000",1,0,0,0,0
"T502X3S","9090","10111",1,0,1,1,1
"T502X3S","E969","10112",1,0,1,1,2
"T502X4A","9742","10111",1,0,1,1,1
"T502X4A","9744","10121",1,0,1,2,1
"T502X4A","E9804","10112",1,0,1,1,2
"T502X4A","E9804","10122",1,0,1,2,2
"T502X4D","V5889","10000",1,0,0,0,0
"T502X4S","9090","10111",1,0,1,1,1
"T502X4S","E989","10112",1,0,1,1,2
"T502X5A","99529","10111",1,0,1,1,1
"T502X5A","E9442","10112",1,0,1,1,2
"T502X5D","V5889","10000",1,0,0,0,0
"T502X5S","9095","10111",1,0,1,1,1
"T502X5S","E9442","10112",1,0,1,1,2
"T502X6A","NoDx","11000",1,1,0,0,0
"T502X6D","NoDx","11000",1,1,0,0,0
"T502X6S","NoDx","11000",1,1,0,0,0
"T503X1A","9745","10111",1,0,1,1,1
"T503X1A","E8585","10112",1,0,1,1,2
"T503X1D","V5889","10000",1,0,0,0,0
"T503X1S","9090","10111",1,0,1,1,1
"T503X1S","E9292","10112",1,0,1,1,2
"T503X2A","9745","10111",1,0,1,1,1
"T503X2A","E9504","10112",1,0,1,1,2
"T503X2D","V5889","10000",1,0,0,0,0
"T503X2S","9090","10111",1,0,1,1,1
"T503X2S","E959","10112",1,0,1,1,2
"T503X3A","9745","10111",1,0,1,1,1
"T503X3A","E9620","10112",1,0,1,1,2
"T503X3D","V5889","10000",1,0,0,0,0
"T503X3S","9090","10111",1,0,1,1,1
"T503X3S","E969","10112",1,0,1,1,2
"T503X4A","9745","10111",1,0,1,1,1
"T503X4A","E9804","10112",1,0,1,1,2
"T503X4D","V5889","10000",1,0,0,0,0
"T503X4S","9090","10111",1,0,1,1,1
"T503X4S","E989","10112",1,0,1,1,2
"T503X5A","99529","10111",1,0,1,1,1
"T503X5A","E9445","10112",1,0,1,1,2
"T503X5D","V5889","10000",1,0,0,0,0
"T503X5S","9095","10111",1,0,1,1,1
"T503X5S","E9445","10112",1,0,1,1,2
"T503X6A","NoDx","11000",1,1,0,0,0
"T503X6D","NoDx","11000",1,1,0,0,0
"T503X6S","NoDx","11000",1,1,0,0,0
"T504X1A","9747","10111",1,0,1,1,1
"T504X1A","E8585","10112",1,0,1,1,2
"T504X1D","V5889","10000",1,0,0,0,0
"T504X1S","9090","10111",1,0,1,1,1
"T504X1S","E9292","10112",1,0,1,1,2
"T504X2A","9747","10111",1,0,1,1,1
"T504X2A","E9504","10112",1,0,1,1,2
"T504X2D","V5889","10000",1,0,0,0,0
"T504X2S","9090","10111",1,0,1,1,1
"T504X2S","E959","10112",1,0,1,1,2
"T504X3A","9747","10111",1,0,1,1,1
"T504X3A","E9620","10112",1,0,1,1,2
"T504X3D","V5889","10000",1,0,0,0,0
"T504X3S","9090","10111",1,0,1,1,1
"T504X3S","E969","10112",1,0,1,1,2
"T504X4A","9747","10111",1,0,1,1,1
"T504X4A","E9804","10112",1,0,1,1,2
"T504X4D","V5889","10000",1,0,0,0,0
"T504X4S","9090","10111",1,0,1,1,1
"T504X4S","E989","10112",1,0,1,1,2
"T504X5A","99529","10111",1,0,1,1,1
"T504X5A","E9447","10112",1,0,1,1,2
"T504X5D","V5889","10000",1,0,0,0,0
"T504X5S","9095","10111",1,0,1,1,1
"T504X5S","E9447","10112",1,0,1,1,2
"T504X6A","NoDx","11000",1,1,0,0,0
"T504X6D","NoDx","11000",1,1,0,0,0
"T504X6S","NoDx","11000",1,1,0,0,0
"T505X1A","9770","10111",1,0,1,1,1
"T505X1A","E8588","10112",1,0,1,1,2
"T505X1D","V5889","10000",1,0,0,0,0
"T505X1S","9090","10111",1,0,1,1,1
"T505X1S","E9292","10112",1,0,1,1,2
"T505X2A","9770","10111",1,0,1,1,1
"T505X2A","E9504","10112",1,0,1,1,2
"T505X2D","V5889","10000",1,0,0,0,0
"T505X2S","9090","10111",1,0,1,1,1
"T505X2S","E959","10112",1,0,1,1,2
"T505X3A","9770","10111",1,0,1,1,1
"T505X3A","E9620","10112",1,0,1,1,2
"T505X3D","V5889","10000",1,0,0,0,0
"T505X3S","9090","10111",1,0,1,1,1
"T505X3S","E969","10112",1,0,1,1,2
"T505X4A","9770","10111",1,0,1,1,1
"T505X4A","E9804","10112",1,0,1,1,2
"T505X4D","V5889","10000",1,0,0,0,0
"T505X4S","9090","10111",1,0,1,1,1
"T505X4S","E989","10112",1,0,1,1,2
"T505X5A","99529","10111",1,0,1,1,1
"T505X5A","E9470","10112",1,0,1,1,2
"T505X5D","V5889","10000",1,0,0,0,0
"T505X5S","9095","10111",1,0,1,1,1
"T505X5S","E9470","10112",1,0,1,1,2
"T505X6A","NoDx","11000",1,1,0,0,0
"T505X6D","NoDx","11000",1,1,0,0,0
"T505X6S","NoDx","11000",1,1,0,0,0
"T506X1A","9772","10111",1,0,1,1,1
"T506X1A","E8588","10112",1,0,1,1,2
"T506X1D","V5889","10000",1,0,0,0,0
"T506X1S","9090","10111",1,0,1,1,1
"T506X1S","E9292","10112",1,0,1,1,2
"T506X2A","9772","10111",1,0,1,1,1
"T506X2A","E9504","10112",1,0,1,1,2
"T506X2D","V5889","10000",1,0,0,0,0
"T506X2S","9090","10111",1,0,1,1,1
"T506X2S","E959","10112",1,0,1,1,2
"T506X3A","9772","10111",1,0,1,1,1
"T506X3A","E9620","10112",1,0,1,1,2
"T506X3D","V5889","10000",1,0,0,0,0
"T506X3S","9090","10111",1,0,1,1,1
"T506X3S","E969","10112",1,0,1,1,2
"T506X4A","9772","10111",1,0,1,1,1
"T506X4A","E9804","10112",1,0,1,1,2
"T506X4D","V5889","10000",1,0,0,0,0
"T506X4S","9090","10111",1,0,1,1,1
"T506X4S","E989","10112",1,0,1,1,2
"T506X5A","99529","10111",1,0,1,1,1
"T506X5A","E9472","10112",1,0,1,1,2
"T506X5D","V5889","10000",1,0,0,0,0
"T506X5S","9095","10111",1,0,1,1,1
"T506X5S","E9472","10112",1,0,1,1,2
"T506X6A","NoDx","11000",1,1,0,0,0
"T506X6D","NoDx","11000",1,1,0,0,0
"T506X6S","NoDx","11000",1,1,0,0,0
"T507X1A","9700","10111",1,0,1,1,1
"T507X1A","9701","10121",1,0,1,2,1
"T507X1A","E8543","10112",1,0,1,1,2
"T507X1A","E8543","10122",1,0,1,2,2
"T507X1D","V5889","10000",1,0,0,0,0
"T507X1S","9090","10111",1,0,1,1,1
"T507X1S","E9292","10112",1,0,1,1,2
"T507X2A","9700","10111",1,0,1,1,1
"T507X2A","9701","10121",1,0,1,2,1
"T507X2A","E9504","10112",1,0,1,1,2
"T507X2A","E9504","10122",1,0,1,2,2
"T507X2D","V5889","10000",1,0,0,0,0
"T507X2S","9090","10111",1,0,1,1,1
"T507X2S","E959","10112",1,0,1,1,2
"T507X3A","9700","10111",1,0,1,1,1
"T507X3A","9701","10121",1,0,1,2,1
"T507X3A","E9620","10112",1,0,1,1,2
"T507X3A","E9620","10122",1,0,1,2,2
"T507X3D","V5889","10000",1,0,0,0,0
"T507X3S","9090","10111",1,0,1,1,1
"T507X3S","E969","10112",1,0,1,1,2
"T507X4A","9700","10111",1,0,1,1,1
"T507X4A","9701","10121",1,0,1,2,1
"T507X4A","E9804","10112",1,0,1,1,2
"T507X4A","E9804","10122",1,0,1,2,2
"T507X4D","V5889","10000",1,0,0,0,0
"T507X4S","9090","10111",1,0,1,1,1
"T507X4S","E989","10112",1,0,1,1,2
"T507X5A","99529","10111",1,0,1,1,1
"T507X5A","99529","10121",1,0,1,2,1
"T507X5A","E9400","10112",1,0,1,1,2
"T507X5A","E9401","10122",1,0,1,2,2
"T507X5D","V5889","10000",1,0,0,0,0
"T507X5S","9095","10111",1,0,1,1,1
"T507X5S","9095","10121",1,0,1,2,1
"T507X5S","E9400","10112",1,0,1,1,2
"T507X5S","E9401","10122",1,0,1,2,2
"T507X6A","NoDx","11000",1,1,0,0,0
"T507X6D","NoDx","11000",1,1,0,0,0
"T507X6S","NoDx","11000",1,1,0,0,0
"T508X1A","9778","10111",1,0,1,1,1
"T508X1A","E8588","10112",1,0,1,1,2
"T508X1D","V5889","10000",1,0,0,0,0
"T508X1S","9090","10111",1,0,1,1,1
"T508X1S","E9292","10112",1,0,1,1,2
"T508X2A","9778","10111",1,0,1,1,1
"T508X2A","E9504","10112",1,0,1,1,2
"T508X2D","V5889","10000",1,0,0,0,0
"T508X2S","9090","10111",1,0,1,1,1
"T508X2S","E959","10112",1,0,1,1,2
"T508X3A","9778","10111",1,0,1,1,1
"T508X3A","E9620","10112",1,0,1,1,2
"T508X3D","V5889","10000",1,0,0,0,0
"T508X3S","9090","10111",1,0,1,1,1
"T508X3S","E969","10112",1,0,1,1,2
"T508X4A","9778","10111",1,0,1,1,1
"T508X4A","E9804","10112",1,0,1,1,2
"T508X4D","V5889","10000",1,0,0,0,0
"T508X4S","9090","10111",1,0,1,1,1
"T508X4S","E989","10112",1,0,1,1,2
"T508X5A","99529","10111",1,0,1,1,1
"T508X5A","E9478","10112",1,0,1,1,2
"T508X5D","V5889","10000",1,0,0,0,0
"T508X5S","9095","10111",1,0,1,1,1
"T508X5S","E9478","10112",1,0,1,1,2
"T508X6A","NoDx","11000",1,1,0,0,0
"T508X6D","NoDx","11000",1,1,0,0,0
"T508X6S","NoDx","11000",1,1,0,0,0
"T50901A","9779","10111",1,0,1,1,1
"T50901A","E8588","10112",1,0,1,1,2
"T50901D","V5889","10000",1,0,0,0,0
"T50901S","9090","10111",1,0,1,1,1
"T50901S","E9292","10112",1,0,1,1,2
"T50902A","9779","10111",1,0,1,1,1
"T50902A","E9504","10112",1,0,1,1,2
"T50902D","V5889","10000",1,0,0,0,0
"T50902S","9090","10111",1,0,1,1,1
"T50902S","E959","10112",1,0,1,1,2
"T50903A","9779","10111",1,0,1,1,1
"T50903A","E9620","10112",1,0,1,1,2
"T50903D","V5889","10000",1,0,0,0,0
"T50903S","9090","10111",1,0,1,1,1
"T50903S","E969","10112",1,0,1,1,2
"T50904A","9779","10111",1,0,1,1,1
"T50904A","E9805","10112",1,0,1,1,2
"T50904D","V5889","10000",1,0,0,0,0
"T50904S","9090","10111",1,0,1,1,1
"T50904S","E989","10112",1,0,1,1,2
"T50905A","99520","10111",1,0,1,1,1
"T50905A","E9479","10112",1,0,1,1,2
"T50905D","V5889","10000",1,0,0,0,0
"T50905S","9095","10111",1,0,1,1,1
"T50905S","E9479","10112",1,0,1,1,2
"T50906A","NoDx","11000",1,1,0,0,0
"T50906D","NoDx","11000",1,1,0,0,0
"T50906S","NoDx","11000",1,1,0,0,0
"T50991A","9799","10111",1,0,1,1,1
"T50991A","E8588","10112",1,0,1,1,2
"T50991D","V5889","10000",1,0,0,0,0
"T50991S","9090","10111",1,0,1,1,1
"T50991S","E9292","10112",1,0,1,1,2
"T50992A","9799","10111",1,0,1,1,1
"T50992A","E9504","10112",1,0,1,1,2
"T50992D","V5889","10000",1,0,0,0,0
"T50992S","9090","10111",1,0,1,1,1
"T50992S","E959","10112",1,0,1,1,2
"T50993A","9799","10111",1,0,1,1,1
"T50993A","E9620","10112",1,0,1,1,2
"T50993D","V5889","10000",1,0,0,0,0
"T50993S","9090","10111",1,0,1,1,1
"T50993S","E969","10112",1,0,1,1,2
"T50994A","9799","10111",1,0,1,1,1
"T50994A","E9804","10112",1,0,1,1,2
"T50994D","V5889","10000",1,0,0,0,0
"T50994S","9090","10111",1,0,1,1,1
"T50994S","E989","10112",1,0,1,1,2
"T50995A","99529","10111",1,0,1,1,1
"T50995A","E9478","10112",1,0,1,1,2
"T50995D","V5889","10000",1,0,0,0,0
"T50995S","9095","10111",1,0,1,1,1
"T50995S","E9478","10112",1,0,1,1,2
"T50996A","NoDx","11000",1,1,0,0,0
"T50996D","NoDx","11000",1,1,0,0,0
"T50996S","NoDx","11000",1,1,0,0,0
"T50A11A","9786","10111",1,0,1,1,1
"T50A11A","E8581","10112",1,0,1,1,2
"T50A11D","V5889","10000",1,0,0,0,0
"T50A11S","9090","10111",1,0,1,1,1
"T50A11S","E9292","10112",1,0,1,1,2
"T50A12A","9786","10111",1,0,1,1,1
"T50A12A","E9504","10112",1,0,1,1,2
"T50A12D","V5889","10000",1,0,0,0,0
"T50A12S","9090","10111",1,0,1,1,1
"T50A12S","E959","10112",1,0,1,1,2
"T50A13A","9786","10111",1,0,1,1,1
"T50A13A","E9620","10112",1,0,1,1,2
"T50A13D","V5889","10000",1,0,0,0,0
"T50A13S","9090","10111",1,0,1,1,1
"T50A13S","E969","10112",1,0,1,1,2
"T50A14A","9786","10111",1,0,1,1,1
"T50A14A","E9804","10112",1,0,1,1,2
"T50A14D","V5889","10000",1,0,0,0,0
"T50A14S","9090","10111",1,0,1,1,1
"T50A14S","E989","10112",1,0,1,1,2
"T50A15A","99529","10111",1,0,1,1,1
"T50A15A","E9486","10112",1,0,1,1,2
"T50A15D","V5889","10000",1,0,0,0,0
"T50A15S","9095","10111",1,0,1,1,1
"T50A15S","E9486","10112",1,0,1,1,2
"T50A16A","NoDx","11000",1,1,0,0,0
"T50A16D","NoDx","11000",1,1,0,0,0
"T50A16S","NoDx","11000",1,1,0,0,0
"T50A21A","9789","10111",1,0,1,1,1
"T50A21A","E8581","10112",1,0,1,1,2
"T50A21D","V5889","10000",1,0,0,0,0
"T50A21S","9090","10111",1,0,1,1,1
"T50A21S","E9292","10112",1,0,1,1,2
"T50A22A","9789","10111",1,0,1,1,1
"T50A22A","E9504","10112",1,0,1,1,2
"T50A22D","V5889","10000",1,0,0,0,0
"T50A22S","9090","10111",1,0,1,1,1
"T50A22S","E959","10112",1,0,1,1,2
"T50A23A","9789","10111",1,0,1,1,1
"T50A23A","E9620","10112",1,0,1,1,2
"T50A23D","V5889","10000",1,0,0,0,0
"T50A23S","9090","10111",1,0,1,1,1
"T50A23S","E969","10112",1,0,1,1,2
"T50A24A","9789","10111",1,0,1,1,1
"T50A24A","E9804","10112",1,0,1,1,2
"T50A24D","V5889","10000",1,0,0,0,0
"T50A24S","9090","10111",1,0,1,1,1
"T50A24S","E989","10112",1,0,1,1,2
"T50A25A","99529","10111",1,0,1,1,1
"T50A25A","E9489","10112",1,0,1,1,2
"T50A25D","V5889","10000",1,0,0,0,0
"T50A25S","9095","10111",1,0,1,1,1
"T50A25S","E9489","10112",1,0,1,1,2
"T50A26A","NoDx","11000",1,1,0,0,0
"T50A26D","NoDx","11000",1,1,0,0,0
"T50A26S","NoDx","11000",1,1,0,0,0
"T50A91A","9788","10111",1,0,1,1,1
"T50A91A","E8581","10112",1,0,1,1,2
"T50A91D","V5889","10000",1,0,0,0,0
"T50A91S","9090","10111",1,0,1,1,1
"T50A91S","E9292","10112",1,0,1,1,2
"T50A92A","9788","10111",1,0,1,1,1
"T50A92A","E9504","10112",1,0,1,1,2
"T50A92D","V5889","10000",1,0,0,0,0
"T50A92S","9090","10111",1,0,1,1,1
"T50A92S","E959","10112",1,0,1,1,2
"T50A93A","9788","10111",1,0,1,1,1
"T50A93A","E9620","10112",1,0,1,1,2
"T50A93D","V5889","10000",1,0,0,0,0
"T50A93S","9090","10111",1,0,1,1,1
"T50A93S","E969","10112",1,0,1,1,2
"T50A94A","9788","10111",1,0,1,1,1
"T50A94A","E9804","10112",1,0,1,1,2
"T50A94D","V5889","10000",1,0,0,0,0
"T50A94S","9090","10111",1,0,1,1,1
"T50A94S","E989","10112",1,0,1,1,2
"T50A95A","99529","10111",1,0,1,1,1
"T50A95A","E9488","10112",1,0,1,1,2
"T50A95D","V5889","10000",1,0,0,0,0
"T50A95S","9095","10111",1,0,1,1,1
"T50A95S","E9488","10112",1,0,1,1,2
"T50A96A","NoDx","11000",1,1,0,0,0
"T50A96D","NoDx","11000",1,1,0,0,0
"T50A96S","NoDx","11000",1,1,0,0,0
"T50B11A","9790","10111",1,0,1,1,1
"T50B11A","E8581","10112",1,0,1,1,2
"T50B11D","V5889","10000",1,0,0,0,0
"T50B11S","9090","10111",1,0,1,1,1
"T50B11S","E9292","10112",1,0,1,1,2
"T50B12A","9790","10111",1,0,1,1,1
"T50B12A","E9504","10112",1,0,1,1,2
"T50B12D","V5889","10000",1,0,0,0,0
"T50B12S","9090","10111",1,0,1,1,1
"T50B12S","E959","10112",1,0,1,1,2
"T50B13A","9790","10111",1,0,1,1,1
"T50B13A","E9620","10112",1,0,1,1,2
"T50B13D","V5889","10000",1,0,0,0,0
"T50B13S","9090","10111",1,0,1,1,1
"T50B13S","E969","10112",1,0,1,1,2
"T50B14A","9790","10111",1,0,1,1,1
"T50B14A","E9804","10112",1,0,1,1,2
"T50B14D","V5889","10000",1,0,0,0,0
"T50B14S","9090","10111",1,0,1,1,1
"T50B14S","E989","10112",1,0,1,1,2
"T50B15A","99529","10111",1,0,1,1,1
"T50B15A","E9490","10112",1,0,1,1,2
"T50B15D","V5889","10000",1,0,0,0,0
"T50B15S","9095","10111",1,0,1,1,1
"T50B15S","E9490","10112",1,0,1,1,2
"T50B16A","NoDx","11000",1,1,0,0,0
"T50B16D","NoDx","11000",1,1,0,0,0
"T50B16S","NoDx","11000",1,1,0,0,0
"T50B91A","9796","10111",1,0,1,1,1
"T50B91A","E8581","10112",1,0,1,1,2
"T50B91D","V5889","10000",1,0,0,0,0
"T50B91S","9090","10111",1,0,1,1,1
"T50B91S","E9292","10112",1,0,1,1,2
"T50B92A","9796","10111",1,0,1,1,1
"T50B92A","E9504","10112",1,0,1,1,2
"T50B92D","V5889","10000",1,0,0,0,0
"T50B92S","9090","10111",1,0,1,1,1
"T50B92S","E959","10112",1,0,1,1,2
"T50B93A","9796","10111",1,0,1,1,1
"T50B93A","E9620","10112",1,0,1,1,2
"T50B93D","V5889","10000",1,0,0,0,0
"T50B93S","9090","10111",1,0,1,1,1
"T50B93S","E969","10112",1,0,1,1,2
"T50B94A","9796","10111",1,0,1,1,1
"T50B94A","E9804","10112",1,0,1,1,2
"T50B94D","V5889","10000",1,0,0,0,0
"T50B94S","9090","10111",1,0,1,1,1
"T50B94S","E989","10112",1,0,1,1,2
"T50B95A","99529","10111",1,0,1,1,1
"T50B95A","E9496","10112",1,0,1,1,2
"T50B95D","V5889","10000",1,0,0,0,0
"T50B95S","9095","10111",1,0,1,1,1
"T50B95S","E9496","10112",1,0,1,1,2
"T50B96A","NoDx","11000",1,1,0,0,0
"T50B96D","NoDx","11000",1,1,0,0,0
"T50B96S","NoDx","11000",1,1,0,0,0
"T50Z11A","9646","10111",1,0,1,1,1
"T50Z11A","E8581","10112",1,0,1,1,2
"T50Z11D","V5889","10000",1,0,0,0,0
"T50Z11S","9090","10111",1,0,1,1,1
"T50Z11S","E9292","10112",1,0,1,1,2
"T50Z12A","9646","10111",1,0,1,1,1
"T50Z12A","E9504","10112",1,0,1,1,2
"T50Z12D","V5889","10000",1,0,0,0,0
"T50Z12S","9090","10111",1,0,1,1,1
"T50Z12S","E959","10112",1,0,1,1,2
"T50Z13A","9646","10111",1,0,1,1,1
"T50Z13A","E9620","10112",1,0,1,1,2
"T50Z13D","V5889","10000",1,0,0,0,0
"T50Z13S","9090","10111",1,0,1,1,1
"T50Z13S","E969","10112",1,0,1,1,2
"T50Z14A","9646","10111",1,0,1,1,1
"T50Z14A","E9804","10112",1,0,1,1,2
"T50Z14D","V5889","10000",1,0,0,0,0
"T50Z14S","9090","10111",1,0,1,1,1
"T50Z14S","E989","10112",1,0,1,1,2
"T50Z15A","99529","10111",1,0,1,1,1
"T50Z15A","E9346","10112",1,0,1,1,2
"T50Z15D","V5889","10000",1,0,0,0,0
"T50Z15S","9095","10111",1,0,1,1,1
"T50Z15S","E9346","10112",1,0,1,1,2
"T50Z16A","NoDx","11000",1,1,0,0,0
"T50Z16D","NoDx","11000",1,1,0,0,0
"T50Z16S","NoDx","11000",1,1,0,0,0
"T50Z91A","9799","10111",1,0,1,1,1
"T50Z91A","E8581","10112",1,0,1,1,2
"T50Z91D","V5889","10000",1,0,0,0,0
"T50Z91S","9090","10111",1,0,1,1,1
"T50Z91S","E9292","10112",1,0,1,1,2
"T50Z92A","9799","10111",1,0,1,1,1
"T50Z92A","E9504","10112",1,0,1,1,2
"T50Z92D","V5889","10000",1,0,0,0,0
"T50Z92S","9090","10111",1,0,1,1,1
"T50Z92S","E959","10112",1,0,1,1,2
"T50Z93A","9799","10111",1,0,1,1,1
"T50Z93A","E9620","10112",1,0,1,1,2
"T50Z93D","V5889","10000",1,0,0,0,0
"T50Z93S","9090","10111",1,0,1,1,1
"T50Z93S","E969","10112",1,0,1,1,2
"T50Z94A","9799","10111",1,0,1,1,1
"T50Z94A","E9804","10112",1,0,1,1,2
"T50Z94D","V5889","10000",1,0,0,0,0
"T50Z94S","9090","10111",1,0,1,1,1
"T50Z94S","E989","10112",1,0,1,1,2
"T50Z95A","99529","10111",1,0,1,1,1
"T50Z95A","E9499","10112",1,0,1,1,2
"T50Z95D","V5889","10000",1,0,0,0,0
"T50Z95S","9095","10111",1,0,1,1,1
"T50Z95S","E9499","10112",1,0,1,1,2
"T50Z96A","NoDx","11000",1,1,0,0,0
"T50Z96D","NoDx","11000",1,1,0,0,0
"T50Z96S","NoDx","11000",1,1,0,0,0
"T510X1A","9800","10111",1,0,1,1,1
"T510X1A","E8601","10112",1,0,1,1,2
"T510X1D","V5889","10000",1,0,0,0,0
"T510X1S","9091","10000",1,0,0,0,0
"T510X2A","9800","10111",1,0,1,1,1
"T510X2A","E9509","10112",1,0,1,1,2
"T510X2D","V5889","10000",1,0,0,0,0
"T510X2S","9091","10000",1,0,0,0,0
"T510X3A","9800","10111",1,0,1,1,1
"T510X3A","E9621","10112",1,0,1,1,2
"T510X3D","V5889","10000",1,0,0,0,0
"T510X3S","9091","10000",1,0,0,0,0
"T510X4A","9800","10111",1,0,1,1,1
"T510X4A","E9809","10112",1,0,1,1,2
"T510X4D","V5889","10000",1,0,0,0,0
"T510X4S","9091","10000",1,0,0,0,0
"T511X1A","9801","10111",1,0,1,1,1
"T511X1A","E8602","10112",1,0,1,1,2
"T511X1D","V5889","10000",1,0,0,0,0
"T511X1S","9091","10000",1,0,0,0,0
"T511X2A","9801","10111",1,0,1,1,1
"T511X2A","E9509","10112",1,0,1,1,2
"T511X2D","V5889","10000",1,0,0,0,0
"T511X2S","9091","10000",1,0,0,0,0
"T511X3A","9801","10111",1,0,1,1,1
"T511X3A","E9621","10112",1,0,1,1,2
"T511X3D","V5889","10000",1,0,0,0,0
"T511X3S","9091","10000",1,0,0,0,0
"T511X4A","9801","10111",1,0,1,1,1
"T511X4A","E9809","10112",1,0,1,1,2
"T511X4D","V5889","10000",1,0,0,0,0
"T511X4S","9091","10000",1,0,0,0,0
"T512X1A","9802","10111",1,0,1,1,1
"T512X1A","E8603","10112",1,0,1,1,2
"T512X1D","V5889","10000",1,0,0,0,0
"T512X1S","9091","10000",1,0,0,0,0
"T512X2A","9802","10111",1,0,1,1,1
"T512X2A","E9509","10112",1,0,1,1,2
"T512X2D","V5889","10000",1,0,0,0,0
"T512X2S","9091","10000",1,0,0,0,0
"T512X3A","9802","10111",1,0,1,1,1
"T512X3A","E9621","10112",1,0,1,1,2
"T512X3D","V5889","10000",1,0,0,0,0
"T512X3S","9091","10000",1,0,0,0,0
"T512X4A","9802","10111",1,0,1,1,1
"T512X4A","E9809","10112",1,0,1,1,2
"T512X4D","V5889","10000",1,0,0,0,0
"T512X4S","9091","10000",1,0,0,0,0
"T513X1A","9803","10111",1,0,1,1,1
"T513X1A","E8604","10112",1,0,1,1,2
"T513X1D","V5889","10000",1,0,0,0,0
"T513X1S","9091","10000",1,0,0,0,0
"T513X2A","9803","10111",1,0,1,1,1
"T513X2A","E9509","10112",1,0,1,1,2
"T513X2D","V5889","10000",1,0,0,0,0
"T513X2S","9091","10000",1,0,0,0,0
"T513X3A","9803","10111",1,0,1,1,1
"T513X3A","E9621","10112",1,0,1,1,2
"T513X3D","V5889","10000",1,0,0,0,0
"T513X3S","9091","10000",1,0,0,0,0
"T513X4A","9803","10111",1,0,1,1,1
"T513X4A","E9809","10112",1,0,1,1,2
"T513X4D","V5889","10000",1,0,0,0,0
"T513X4S","9091","10000",1,0,0,0,0
"T518X1A","9808","10111",1,0,1,1,1
"T518X1A","E8608","10112",1,0,1,1,2
"T518X1D","V5889","10000",1,0,0,0,0
"T518X1S","9091","10000",1,0,0,0,0
"T518X2A","9808","10111",1,0,1,1,1
"T518X2A","E9509","10112",1,0,1,1,2
"T518X2D","V5889","10000",1,0,0,0,0
"T518X2S","9091","10000",1,0,0,0,0
"T518X3A","9808","10111",1,0,1,1,1
"T518X3A","E9621","10112",1,0,1,1,2
"T518X3D","V5889","10000",1,0,0,0,0
"T518X3S","9091","10000",1,0,0,0,0
"T518X4A","9808","10111",1,0,1,1,1
"T518X4A","E9809","10112",1,0,1,1,2
"T518X4D","V5889","10000",1,0,0,0,0
"T518X4S","9091","10000",1,0,0,0,0
"T5191XA","9809","10111",1,0,1,1,1
"T5191XA","E8609","10112",1,0,1,1,2
"T5191XD","V5889","10000",1,0,0,0,0
"T5191XS","9091","10000",1,0,0,0,0
"T5192XA","9809","10111",1,0,1,1,1
"T5192XA","E9509","10112",1,0,1,1,2
"T5192XD","V5889","10000",1,0,0,0,0
"T5192XS","9091","10000",1,0,0,0,0
"T5193XA","9809","10111",1,0,1,1,1
"T5193XA","E9621","10112",1,0,1,1,2
"T5193XD","V5889","10000",1,0,0,0,0
"T5193XS","9091","10000",1,0,0,0,0
"T5194XA","9809","10111",1,0,1,1,1
"T5194XA","E9809","10112",1,0,1,1,2
"T5194XD","V5889","10000",1,0,0,0,0
"T5194XS","9091","10000",1,0,0,0,0
"T520X1A","981","10111",1,0,1,1,1
"T520X1A","E8621","10112",1,0,1,1,2
"T520X1D","V5889","10000",1,0,0,0,0
"T520X1S","9091","10000",1,0,0,0,0
"T520X2A","981","10111",1,0,1,1,1
"T520X2A","E9509","10112",1,0,1,1,2
"T520X2D","V5889","10000",1,0,0,0,0
"T520X2S","9091","10000",1,0,0,0,0
"T520X3A","981","10111",1,0,1,1,1
"T520X3A","E9621","10112",1,0,1,1,2
"T520X3D","V5889","10000",1,0,0,0,0
"T520X3S","9091","10000",1,0,0,0,0
"T520X4A","981","10111",1,0,1,1,1
"T520X4A","E9809","10112",1,0,1,1,2
"T520X4D","V5889","10000",1,0,0,0,0
"T520X4S","9091","10000",1,0,0,0,0
"T521X1A","9820","10111",1,0,1,1,1
"T521X1A","E8624","10112",1,0,1,1,2
"T521X1D","V5889","10000",1,0,0,0,0
"T521X1S","9091","10000",1,0,0,0,0
"T521X2A","9820","10111",1,0,1,1,1
"T521X2A","E9509","10112",1,0,1,1,2
"T521X2D","V5889","10000",1,0,0,0,0
"T521X2S","9091","10000",1,0,0,0,0
"T521X3A","9820","10111",1,0,1,1,1
"T521X3A","E9621","10112",1,0,1,1,2
"T521X3D","V5889","10000",1,0,0,0,0
"T521X3S","9091","10000",1,0,0,0,0
"T521X4A","9820","10111",1,0,1,1,1
"T521X4A","E9809","10112",1,0,1,1,2
"T521X4D","V5889","10000",1,0,0,0,0
"T521X4S","9091","10000",1,0,0,0,0
"T522X1A","9820","10111",1,0,1,1,1
"T522X1A","E8624","10112",1,0,1,1,2
"T522X1D","V5889","10000",1,0,0,0,0
"T522X1S","9091","10000",1,0,0,0,0
"T522X2A","9820","10111",1,0,1,1,1
"T522X2A","E9509","10112",1,0,1,1,2
"T522X2D","V5889","10000",1,0,0,0,0
"T522X2S","9091","10000",1,0,0,0,0
"T522X3A","9820","10111",1,0,1,1,1
"T522X3A","E9621","10112",1,0,1,1,2
"T522X3D","V5889","10000",1,0,0,0,0
"T522X3S","9091","10000",1,0,0,0,0
"T522X4A","9820","10111",1,0,1,1,1
"T522X4A","E9809","10112",1,0,1,1,2
"T522X4D","V5889","10000",1,0,0,0,0
"T522X4S","9091","10000",1,0,0,0,0
"T523X1A","9824","10111",1,0,1,1,1
"T523X1A","E8624","10112",1,0,1,1,2
"T523X1D","V5889","10000",1,0,0,0,0
"T523X1S","9091","10000",1,0,0,0,0
"T523X2A","9824","10111",1,0,1,1,1
"T523X2A","E9509","10112",1,0,1,1,2
"T523X2D","V5889","10000",1,0,0,0,0
"T523X2S","9091","10000",1,0,0,0,0
"T523X3A","9824","10111",1,0,1,1,1
"T523X3A","E9621","10112",1,0,1,1,2
"T523X3D","V5889","10000",1,0,0,0,0
"T523X3S","9091","10000",1,0,0,0,0
"T523X4A","9824","10111",1,0,1,1,1
"T523X4A","E9809","10112",1,0,1,1,2
"T523X4D","V5889","10000",1,0,0,0,0
"T523X4S","9091","10000",1,0,0,0,0
"T524X1A","9828","10111",1,0,1,1,1
"T524X1A","E8624","10112",1,0,1,1,2
"T524X1D","V5889","10000",1,0,0,0,0
"T524X1S","9091","10000",1,0,0,0,0
"T524X2A","9828","10111",1,0,1,1,1
"T524X2A","E9509","10112",1,0,1,1,2
"T524X2D","V5889","10000",1,0,0,0,0
"T524X2S","9091","10000",1,0,0,0,0
"T524X3A","9828","10111",1,0,1,1,1
"T524X3A","E9621","10112",1,0,1,1,2
"T524X3D","V5889","10000",1,0,0,0,0
"T524X3S","9091","10000",1,0,0,0,0
"T524X4A","9828","10111",1,0,1,1,1
"T524X4A","E9809","10112",1,0,1,1,2
"T524X4D","V5889","10000",1,0,0,0,0
"T524X4S","9091","10000",1,0,0,0,0
"T528X1A","9828","10111",1,0,1,1,1
"T528X1A","E8624","10112",1,0,1,1,2
"T528X1D","V5889","10000",1,0,0,0,0
"T528X1S","9091","10000",1,0,0,0,0
"T528X2A","9828","10111",1,0,1,1,1
"T528X2A","E9509","10112",1,0,1,1,2
"T528X2D","V5889","10000",1,0,0,0,0
"T528X2S","9091","10000",1,0,0,0,0
"T528X3A","9828","10111",1,0,1,1,1
"T528X3A","E9621","10112",1,0,1,1,2
"T528X3D","V5889","10000",1,0,0,0,0
"T528X3S","9091","10000",1,0,0,0,0
"T528X4A","9828","10111",1,0,1,1,1
"T528X4A","E9809","10112",1,0,1,1,2
"T528X4D","V5889","10000",1,0,0,0,0
"T528X4S","9091","10000",1,0,0,0,0
"T5291XA","9828","10111",1,0,1,1,1
"T5291XA","E8624","10112",1,0,1,1,2
"T5291XD","V5889","10000",1,0,0,0,0
"T5291XS","9091","10000",1,0,0,0,0
"T5292XA","9828","10111",1,0,1,1,1
"T5292XA","E9509","10112",1,0,1,1,2
"T5292XD","V5889","10000",1,0,0,0,0
"T5292XS","9091","10000",1,0,0,0,0
"T5293XA","9828","10111",1,0,1,1,1
"T5293XA","E9621","10112",1,0,1,1,2
"T5293XD","V5889","10000",1,0,0,0,0
"T5293XS","9091","10000",1,0,0,0,0
"T5294XA","9828","10111",1,0,1,1,1
"T5294XA","E9809","10112",1,0,1,1,2
"T5294XD","V5889","10000",1,0,0,0,0
"T5294XS","9091","10000",1,0,0,0,0
"T530X1A","9821","10111",1,0,1,1,1
"T530X1A","E8698","10112",1,0,1,1,2
"T530X1D","V5889","10000",1,0,0,0,0
"T530X1S","9091","10000",1,0,0,0,0
"T530X2A","9821","10111",1,0,1,1,1
"T530X2A","E9509","10112",1,0,1,1,2
"T530X2D","V5889","10000",1,0,0,0,0
"T530X2S","9091","10000",1,0,0,0,0
"T530X3A","9821","10111",1,0,1,1,1
"T530X3A","E9622","10112",1,0,1,1,2
"T530X3D","V5889","10000",1,0,0,0,0
"T530X3S","9091","10000",1,0,0,0,0
"T530X4A","9821","10111",1,0,1,1,1
"T530X4A","E9809","10112",1,0,1,1,2
"T530X4D","V5889","10000",1,0,0,0,0
"T530X4S","9091","10000",1,0,0,0,0
"T531X1A","9823","10111",1,0,1,1,1
"T531X1A","E8698","10112",1,0,1,1,2
"T531X1D","V5889","10000",1,0,0,0,0
"T531X1S","9091","10000",1,0,0,0,0
"T531X2A","9823","10111",1,0,1,1,1
"T531X2A","E9509","10112",1,0,1,1,2
"T531X2D","V5889","10000",1,0,0,0,0
"T531X2S","9091","10000",1,0,0,0,0
"T531X3A","9823","10111",1,0,1,1,1
"T531X3A","E9622","10112",1,0,1,1,2
"T531X3D","V5889","10000",1,0,0,0,0
"T531X3S","9091","10000",1,0,0,0,0
"T531X4A","9823","10111",1,0,1,1,1
"T531X4A","E9809","10112",1,0,1,1,2
"T531X4D","V5889","10000",1,0,0,0,0
"T531X4S","9091","10000",1,0,0,0,0
"T532X1A","9823","10111",1,0,1,1,1
"T532X1A","E8698","10112",1,0,1,1,2
"T532X1D","V5889","10000",1,0,0,0,0
"T532X1S","9091","10000",1,0,0,0,0
"T532X2A","9823","10111",1,0,1,1,1
"T532X2A","E9509","10112",1,0,1,1,2
"T532X2D","V5889","10000",1,0,0,0,0
"T532X2S","9091","10000",1,0,0,0,0
"T532X3A","9823","10111",1,0,1,1,1
"T532X3A","E9622","10112",1,0,1,1,2
"T532X3D","V5889","10000",1,0,0,0,0
"T532X3S","9091","10000",1,0,0,0,0
"T532X4A","9823","10111",1,0,1,1,1
"T532X4A","E9809","10112",1,0,1,1,2
"T532X4D","V5889","10000",1,0,0,0,0
"T532X4S","9091","10000",1,0,0,0,0
"T533X1A","9823","10111",1,0,1,1,1
"T533X1A","E8698","10112",1,0,1,1,2
"T533X1D","V5889","10000",1,0,0,0,0
"T533X1S","9091","10000",1,0,0,0,0
"T533X2A","9823","10111",1,0,1,1,1
"T533X2A","E9509","10112",1,0,1,1,2
"T533X2D","V5889","10000",1,0,0,0,0
"T533X2S","9091","10000",1,0,0,0,0
"T533X3A","9823","10111",1,0,1,1,1
"T533X3A","E9622","10112",1,0,1,1,2
"T533X3D","V5889","10000",1,0,0,0,0
"T533X3S","9091","10000",1,0,0,0,0
"T533X4A","9823","10111",1,0,1,1,1
"T533X4A","E9809","10112",1,0,1,1,2
"T533X4D","V5889","10000",1,0,0,0,0
"T533X4S","9091","10000",1,0,0,0,0
"T534X1A","9823","10111",1,0,1,1,1
"T534X1A","E8698","10112",1,0,1,1,2
"T534X1D","V5889","10000",1,0,0,0,0
"T534X1S","9091","10000",1,0,0,0,0
"T534X2A","9823","10111",1,0,1,1,1
"T534X2A","E9509","10112",1,0,1,1,2
"T534X2D","V5889","10000",1,0,0,0,0
"T534X2S","9091","10000",1,0,0,0,0
"T534X3A","9823","10111",1,0,1,1,1
"T534X3A","E9622","10112",1,0,1,1,2
"T534X3D","V5889","10000",1,0,0,0,0
"T534X3S","9091","10000",1,0,0,0,0
"T534X4A","9823","10111",1,0,1,1,1
"T534X4A","E9809","10112",1,0,1,1,2
"T534X4D","V5889","10000",1,0,0,0,0
"T534X4S","9091","10000",1,0,0,0,0
"T535X1A","9874","10111",1,0,1,1,1
"T535X1A","E8692","10112",1,0,1,1,2
"T535X1D","V5889","10000",1,0,0,0,0
"T535X1S","9091","10000",1,0,0,0,0
"T535X2A","9874","10111",1,0,1,1,1
"T535X2A","E9528","10112",1,0,1,1,2
"T535X2D","V5889","10000",1,0,0,0,0
"T535X2S","9091","10000",1,0,0,0,0
"T535X3A","9874","10111",1,0,1,1,1
"T535X3A","E9622","10112",1,0,1,1,2
"T535X3D","V5889","10000",1,0,0,0,0
"T535X3S","9091","10000",1,0,0,0,0
"T535X4A","9874","10111",1,0,1,1,1
"T535X4A","E9828","10112",1,0,1,1,2
"T535X4D","V5889","10000",1,0,0,0,0
"T535X4S","9091","10000",1,0,0,0,0
"T536X1A","9823","10111",1,0,1,1,1
"T536X1A","E8698","10112",1,0,1,1,2
"T536X1D","V5889","10000",1,0,0,0,0
"T536X1S","9091","10000",1,0,0,0,0
"T536X2A","9823","10111",1,0,1,1,1
"T536X2A","E9509","10112",1,0,1,1,2
"T536X2D","V5889","10000",1,0,0,0,0
"T536X2S","9091","10000",1,0,0,0,0
"T536X3A","9823","10111",1,0,1,1,1
"T536X3A","E9622","10112",1,0,1,1,2
"T536X3D","V5889","10000",1,0,0,0,0
"T536X3S","9091","10000",1,0,0,0,0
"T536X4A","9823","10111",1,0,1,1,1
"T536X4A","E9809","10112",1,0,1,1,2
"T536X4D","V5889","10000",1,0,0,0,0
"T536X4S","9091","10000",1,0,0,0,0
"T537X1A","9823","10111",1,0,1,1,1
"T537X1A","E8698","10112",1,0,1,1,2
"T537X1D","V5889","10000",1,0,0,0,0
"T537X1S","9091","10000",1,0,0,0,0
"T537X2A","9823","10111",1,0,1,1,1
"T537X2A","E9509","10112",1,0,1,1,2
"T537X2D","V5889","10000",1,0,0,0,0
"T537X2S","9091","10000",1,0,0,0,0
"T537X3A","9823","10111",1,0,1,1,1
"T537X3A","E9622","10112",1,0,1,1,2
"T537X3D","V5889","10000",1,0,0,0,0
"T537X3S","9091","10000",1,0,0,0,0
"T537X4A","9823","10111",1,0,1,1,1
"T537X4A","E9809","10112",1,0,1,1,2
"T537X4D","V5889","10000",1,0,0,0,0
"T537X4S","9091","10000",1,0,0,0,0
"T5391XA","9823","10111",1,0,1,1,1
"T5391XA","E8698","10112",1,0,1,1,2
"T5391XD","V5889","10000",1,0,0,0,0
"T5391XS","9091","10000",1,0,0,0,0
"T5392XA","9823","10111",1,0,1,1,1
"T5392XA","E9509","10112",1,0,1,1,2
"T5392XD","V5889","10000",1,0,0,0,0
"T5392XS","9091","10000",1,0,0,0,0
"T5393XA","9823","10111",1,0,1,1,1
"T5393XA","E9622","10112",1,0,1,1,2
"T5393XD","V5889","10000",1,0,0,0,0
"T5393XS","9091","10000",1,0,0,0,0
"T5394XA","9823","10111",1,0,1,1,1
"T5394XA","E9809","10112",1,0,1,1,2
"T5394XD","V5889","10000",1,0,0,0,0
"T5394XS","9091","10000",1,0,0,0,0
"T540X1A","9830","10111",1,0,1,1,1
"T540X1A","E8640","10112",1,0,1,1,2
"T540X1D","V5889","10000",1,0,0,0,0
"T540X1S","9091","10000",1,0,0,0,0
"T540X2A","9830","10111",1,0,1,1,1
"T540X2A","E9507","10112",1,0,1,1,2
"T540X2D","V5889","10000",1,0,0,0,0
"T540X2S","9091","10000",1,0,0,0,0
"T540X3A","9830","10111",1,0,1,1,1
"T540X3A","E961","10112",1,0,1,1,2
"T540X3D","V5889","10000",1,0,0,0,0
"T540X3S","9091","10000",1,0,0,0,0
"T540X4A","9830","10111",1,0,1,1,1
"T540X4A","E9806","10112",1,0,1,1,2
"T540X4D","V5889","10000",1,0,0,0,0
"T540X4S","9091","10000",1,0,0,0,0
"T541X1A","9839","10111",1,0,1,1,1
"T541X1A","E9241","10112",1,0,1,1,2
"T541X1D","V5889","10000",1,0,0,0,0
"T541X1S","9091","10000",1,0,0,0,0
"T541X2A","9839","10111",1,0,1,1,1
"T541X2A","E9507","10112",1,0,1,1,2
"T541X2D","V5889","10000",1,0,0,0,0
"T541X2S","9091","10000",1,0,0,0,0
"T541X3A","9839","10111",1,0,1,1,1
"T541X3A","E961","10112",1,0,1,1,2
"T541X3D","V5889","10000",1,0,0,0,0
"T541X3S","9091","10000",1,0,0,0,0
"T541X4A","9839","10111",1,0,1,1,1
"T541X4A","E9241","10112",1,0,1,1,2
"T541X4D","V5889","10000",1,0,0,0,0
"T541X4S","9091","10000",1,0,0,0,0
"T542X1A","9831","10111",1,0,1,1,1
"T542X1A","E9241","10112",1,0,1,1,2
"T542X1D","V5889","10000",1,0,0,0,0
"T542X1S","9091","10000",1,0,0,0,0
"T542X2A","9831","10111",1,0,1,1,1
"T542X2A","E9507","10112",1,0,1,1,2
"T542X2D","V5889","10000",1,0,0,0,0
"T542X2S","9091","10000",1,0,0,0,0
"T542X3A","9831","10111",1,0,1,1,1
"T542X3A","E961","10112",1,0,1,1,2
"T542X3D","V5889","10000",1,0,0,0,0
"T542X3S","9091","10000",1,0,0,0,0
"T542X4A","9831","10111",1,0,1,1,1
"T542X4A","E9241","10112",1,0,1,1,2
"T542X4D","V5889","10000",1,0,0,0,0
"T542X4S","9091","10000",1,0,0,0,0
"T543X1A","9832","10111",1,0,1,1,1
"T543X1A","E9241","10112",1,0,1,1,2
"T543X1D","V5889","10000",1,0,0,0,0
"T543X1S","9091","10000",1,0,0,0,0
"T543X2A","9832","10111",1,0,1,1,1
"T543X2A","E9507","10112",1,0,1,1,2
"T543X2D","V5889","10000",1,0,0,0,0
"T543X2S","9091","10000",1,0,0,0,0
"T543X3A","9832","10111",1,0,1,1,1
"T543X3A","E961","10112",1,0,1,1,2
"T543X3D","V5889","10000",1,0,0,0,0
"T543X3S","9091","10000",1,0,0,0,0
"T543X4A","9832","10111",1,0,1,1,1
"T543X4A","E9241","10112",1,0,1,1,2
"T543X4D","V5889","10000",1,0,0,0,0
"T543X4S","9091","10000",1,0,0,0,0
"T5491XA","9839","10111",1,0,1,1,1
"T5491XA","E9241","10112",1,0,1,1,2
"T5491XD","V5889","10000",1,0,0,0,0
"T5491XS","9091","10000",1,0,0,0,0
"T5492XA","9839","10111",1,0,1,1,1
"T5492XA","E9507","10112",1,0,1,1,2
"T5492XD","V5889","10000",1,0,0,0,0
"T5492XS","9091","10000",1,0,0,0,0
"T5493XA","9839","10111",1,0,1,1,1
"T5493XA","E961","10112",1,0,1,1,2
"T5493XD","V5889","10000",1,0,0,0,0
"T5493XS","9091","10000",1,0,0,0,0
"T5494XA","9839","10111",1,0,1,1,1
"T5494XA","E9806","10112",1,0,1,1,2
"T5494XD","V5889","10000",1,0,0,0,0
"T5494XS","9091","10000",1,0,0,0,0
"T550X1A","9896","10000",1,0,0,0,0
"T550X1A","9896","10111",1,0,1,1,1
"T550X1A","E8611","10112",1,0,1,1,2
"T550X1D","V5889","10000",1,0,0,0,0
"T550X1S","9091","10000",1,0,0,0,0
"T550X2A","9896","10111",1,0,1,1,1
"T550X2A","E9507","10112",1,0,1,1,2
"T550X2D","V5889","10000",1,0,0,0,0
"T550X2S","9091","10000",1,0,0,0,0
"T550X3A","9896","10111",1,0,1,1,1
"T550X3A","E9621","10112",1,0,1,1,2
"T550X3D","V5889","10000",1,0,0,0,0
"T550X3S","9091","10000",1,0,0,0,0
"T550X4A","9896","10111",1,0,1,1,1
"T550X4A","E9806","10112",1,0,1,1,2
"T550X4D","V5889","10000",1,0,0,0,0
"T550X4S","9091","10000",1,0,0,0,0
"T551X1A","9896","10111",1,0,1,1,1
"T551X1A","E8610","10112",1,0,1,1,2
"T551X1D","V5889","10000",1,0,0,0,0
"T551X1S","9091","10000",1,0,0,0,0
"T551X2A","9896","10111",1,0,1,1,1
"T551X2A","E9507","10112",1,0,1,1,2
"T551X2D","V5889","10000",1,0,0,0,0
"T551X2S","9091","10000",1,0,0,0,0
"T551X3A","9896","10111",1,0,1,1,1
"T551X3A","E9621","10112",1,0,1,1,2
"T551X3D","V5889","10000",1,0,0,0,0
"T551X3S","9091","10000",1,0,0,0,0
"T551X4A","9896","10111",1,0,1,1,1
"T551X4A","E9806","10112",1,0,1,1,2
"T551X4D","V5889","10000",1,0,0,0,0
"T551X4S","9091","10000",1,0,0,0,0
"T560X1A","9849","10111",1,0,1,1,1
"T560X1A","E8660","10112",1,0,1,1,2
"T560X1D","V5889","10000",1,0,0,0,0
"T560X1S","9091","10000",1,0,0,0,0
"T560X2A","9849","10111",1,0,1,1,1
"T560X2A","E9509","10112",1,0,1,1,2
"T560X2D","V5889","10000",1,0,0,0,0
"T560X2S","9091","10000",1,0,0,0,0
"T560X3A","9849","10111",1,0,1,1,1
"T560X3A","E9621","10112",1,0,1,1,2
"T560X3D","V5889","10000",1,0,0,0,0
"T560X3S","9091","10000",1,0,0,0,0
"T560X4A","9809","10112",1,0,1,1,2
"T560X4A","9849","10111",1,0,1,1,1
"T560X4D","V5889","10000",1,0,0,0,0
"T560X4S","9091","10000",1,0,0,0,0
"T561X1A","9850","10111",1,0,1,1,1
"T561X1A","E8661","10112",1,0,1,1,2
"T561X1D","V5889","10000",1,0,0,0,0
"T561X1S","9091","10000",1,0,0,0,0
"T561X2A","9850","10111",1,0,1,1,1
"T561X2A","E9509","10112",1,0,1,1,2
"T561X2D","V5889","10000",1,0,0,0,0
"T561X2S","9091","10000",1,0,0,0,0
"T561X3A","9850","10111",1,0,1,1,1
"T561X3A","E9621","10112",1,0,1,1,2
"T561X3D","V5889","10000",1,0,0,0,0
"T561X3S","9091","10000",1,0,0,0,0
"T561X4A","9850","10111",1,0,1,1,1
"T561X4A","E9809","10112",1,0,1,1,2
"T561X4D","V5889","10000",1,0,0,0,0
"T561X4S","9091","10000",1,0,0,0,0
"T562X1A","9856","10111",1,0,1,1,1
"T562X1A","E8664","10112",1,0,1,1,2
"T562X1D","V5889","10000",1,0,0,0,0
"T562X1S","9091","10000",1,0,0,0,0
"T562X2A","9856","10111",1,0,1,1,1
"T562X2A","E9509","10112",1,0,1,1,2
"T562X2D","V5889","10000",1,0,0,0,0
"T562X2S","9091","10000",1,0,0,0,0
"T562X3A","9856","10111",1,0,1,1,1
"T562X3A","E9621","10112",1,0,1,1,2
"T562X3D","V5889","10000",1,0,0,0,0
"T562X3S","9091","10000",1,0,0,0,0
"T562X4A","9856","10111",1,0,1,1,1
"T562X4A","E9809","10112",1,0,1,1,2
"T562X4D","V5889","10000",1,0,0,0,0
"T562X4S","9091","10000",1,0,0,0,0
"T563X1A","9855","10111",1,0,1,1,1
"T563X1A","E8664","10112",1,0,1,1,2
"T563X1D","V5889","10000",1,0,0,0,0
"T563X1S","9091","10000",1,0,0,0,0
"T563X2A","9855","10111",1,0,1,1,1
"T563X2A","E9509","10112",1,0,1,1,2
"T563X2D","V5889","10000",1,0,0,0,0
"T563X2S","9091","10000",1,0,0,0,0
"T563X3A","9855","10111",1,0,1,1,1
"T563X3A","E9621","10112",1,0,1,1,2
"T563X3D","V5889","10000",1,0,0,0,0
"T563X3S","9091","10000",1,0,0,0,0
"T563X4A","9855","10111",1,0,1,1,1
"T563X4A","E9809","10112",1,0,1,1,2
"T563X4D","V5889","10000",1,0,0,0,0
"T563X4S","9091","10000",1,0,0,0,0
"T564X1A","9858","10111",1,0,1,1,1
"T564X1A","E8644","10112",1,0,1,1,2
"T564X1D","V5889","10000",1,0,0,0,0
"T564X1S","9091","10000",1,0,0,0,0
"T564X2A","9858","10111",1,0,1,1,1
"T564X2A","E9509","10112",1,0,1,1,2
"T564X2D","V5889","10000",1,0,0,0,0
"T564X2S","9091","10000",1,0,0,0,0
"T564X3A","9858","10111",1,0,1,1,1
"T564X3A","E9621","10112",1,0,1,1,2
"T564X3D","V5889","10000",1,0,0,0,0
"T564X3S","9091","10000",1,0,0,0,0
"T564X4A","9858","10111",1,0,1,1,1
"T564X4A","E9809","10112",1,0,1,1,2
"T564X4D","V5889","10000",1,0,0,0,0
"T564X4S","9091","10000",1,0,0,0,0
"T565X1A","9858","10111",1,0,1,1,1
"T565X1A","E8664","10112",1,0,1,1,2
"T565X1D","V5889","10000",1,0,0,0,0
"T565X1S","9091","10000",1,0,0,0,0
"T565X2A","9858","10111",1,0,1,1,1
"T565X2A","E9509","10112",1,0,1,1,2
"T565X2D","V5889","10000",1,0,0,0,0
"T565X2S","9091","10000",1,0,0,0,0
"T565X3A","9858","10111",1,0,1,1,1
"T565X3A","E9621","10112",1,0,1,1,2
"T565X3D","V5889","10000",1,0,0,0,0
"T565X3S","9091","10000",1,0,0,0,0
"T565X4A","9858","10111",1,0,1,1,1
"T565X4A","E9809","10112",1,0,1,1,2
"T565X4D","V5889","10000",1,0,0,0,0
"T565X4S","9091","10000",1,0,0,0,0
"T566X1A","9858","10111",1,0,1,1,1
"T566X1A","E8664","10112",1,0,1,1,2
"T566X1D","V5889","10000",1,0,0,0,0
"T566X1S","9091","10000",1,0,0,0,0
"T566X2A","9858","10111",1,0,1,1,1
"T566X2A","E9509","10112",1,0,1,1,2
"T566X2D","V5889","10000",1,0,0,0,0
"T566X2S","9091","10000",1,0,0,0,0
"T566X3A","9858","10111",1,0,1,1,1
"T566X3A","E9621","10112",1,0,1,1,2
"T566X3D","V5889","10000",1,0,0,0,0
"T566X3S","9091","10000",1,0,0,0,0
"T566X4A","9858","10111",1,0,1,1,1
"T566X4A","E9809","10112",1,0,1,1,2
"T566X4D","V5889","10000",1,0,0,0,0
"T566X4S","9091","10000",1,0,0,0,0
"T567X1A","9853","10111",1,0,1,1,1
"T567X1A","E8664","10112",1,0,1,1,2
"T567X1D","V5889","10000",1,0,0,0,0
"T567X1S","9091","10000",1,0,0,0,0
"T567X2A","9853","10111",1,0,1,1,1
"T567X2A","E9509","10112",1,0,1,1,2
"T567X2D","V5889","10000",1,0,0,0,0
"T567X2S","9091","10000",1,0,0,0,0
"T567X3A","9853","10111",1,0,1,1,1
"T567X3A","E9621","10112",1,0,1,1,2
"T567X3D","V5889","10000",1,0,0,0,0
"T567X3S","9091","10000",1,0,0,0,0
"T567X4A","9853","10111",1,0,1,1,1
"T567X4A","E9809","10112",1,0,1,1,2
"T567X4D","V5889","10000",1,0,0,0,0
"T567X4S","9091","10000",1,0,0,0,0
"T56811A","9858","10111",1,0,1,1,1
"T56811A","E8664","10112",1,0,1,1,2
"T56811D","V5889","10000",1,0,0,0,0
"T56811S","9091","10000",1,0,0,0,0
"T56812A","9858","10111",1,0,1,1,1
"T56812A","E9509","10112",1,0,1,1,2
"T56812D","V5889","10000",1,0,0,0,0
"T56812S","9091","10000",1,0,0,0,0
"T56813A","9858","10111",1,0,1,1,1
"T56813A","E9621","10112",1,0,1,1,2
"T56813D","V5889","10000",1,0,0,0,0
"T56813S","9091","10000",1,0,0,0,0
"T56814A","9858","10111",1,0,1,1,1
"T56814A","E9809","10112",1,0,1,1,2
"T56814D","V5889","10000",1,0,0,0,0
"T56814S","9091","10000",1,0,0,0,0
"T56891A","9858","10111",1,0,1,1,1
"T56891A","E8664","10112",1,0,1,1,2
"T56891D","V5889","10000",1,0,0,0,0
"T56891S","9091","10000",1,0,0,0,0
"T56892A","9858","10111",1,0,1,1,1
"T56892A","E9509","10112",1,0,1,1,2
"T56892D","V5889","10000",1,0,0,0,0
"T56892S","9091","10000",1,0,0,0,0
"T56893A","9858","10111",1,0,1,1,1
"T56893A","E9621","10112",1,0,1,1,2
"T56893D","V5889","10000",1,0,0,0,0
"T56893S","9091","10000",1,0,0,0,0
"T56894A","9858","10111",1,0,1,1,1
"T56894A","E9809","10112",1,0,1,1,2
"T56894D","V5889","10000",1,0,0,0,0
"T56894S","9091","10000",1,0,0,0,0
"T5691XA","9859","10111",1,0,1,1,1
"T5691XA","E8664","10112",1,0,1,1,2
"T5691XD","V5889","10000",1,0,0,0,0
"T5691XS","9091","10000",1,0,0,0,0
"T5692XA","9859","10111",1,0,1,1,1
"T5692XA","E9509","10112",1,0,1,1,2
"T5692XD","V5889","10000",1,0,0,0,0
"T5692XS","9091","10000",1,0,0,0,0
"T5693XA","9859","10111",1,0,1,1,1
"T5693XA","E9621","10112",1,0,1,1,2
"T5693XD","V5889","10000",1,0,0,0,0
"T5693XS","9091","10000",1,0,0,0,0
"T5694XA","9859","10111",1,0,1,1,1
"T5694XA","E9809","10112",1,0,1,1,2
"T5694XD","V5889","10000",1,0,0,0,0
"T5694XS","9091","10000",1,0,0,0,0
"T570X1A","9851","10111",1,0,1,1,1
"T570X1A","E8663","10112",1,0,1,1,2
"T570X1D","V5889","10000",1,0,0,0,0
"T570X1S","9091","10000",1,0,0,0,0
"T570X2A","9851","10111",1,0,1,1,1
"T570X2A","E9508","10112",1,0,1,1,2
"T570X2D","V5889","10000",1,0,0,0,0
"T570X2S","9091","10000",1,0,0,0,0
"T570X3A","9851","10111",1,0,1,1,1
"T570X3A","E9621","10112",1,0,1,1,2
"T570X3D","V5889","10000",1,0,0,0,0
"T570X3S","9091","10000",1,0,0,0,0
"T570X4A","9851","10111",1,0,1,1,1
"T570X4A","E9808","10112",1,0,1,1,2
"T570X4D","V5889","10000",1,0,0,0,0
"T570X4S","9091","10000",1,0,0,0,0
"T571X1A","9839","10111",1,0,1,1,1
"T571X1A","E8643","10112",1,0,1,1,2
"T571X1D","V5889","10000",1,0,0,0,0
"T571X1S","9091","10000",1,0,0,0,0
"T571X2A","9839","10111",1,0,1,1,1
"T571X2A","E9507","10112",1,0,1,1,2
"T571X2D","V5889","10000",1,0,0,0,0
"T571X2S","9091","10000",1,0,0,0,0
"T571X3A","9839","10111",1,0,1,1,1
"T571X3A","E9621","10112",1,0,1,1,2
"T571X3D","V5889","10000",1,0,0,0,0
"T571X3S","9091","10000",1,0,0,0,0
"T571X4A","9839","10111",1,0,1,1,1
"T571X4A","E9806","10112",1,0,1,1,2
"T571X4D","V5889","10000",1,0,0,0,0
"T571X4S","9091","10000",1,0,0,0,0
"T572X1A","9852","10111",1,0,1,1,1
"T572X1A","E8664","10112",1,0,1,1,2
"T572X1D","V5889","10000",1,0,0,0,0
"T572X1S","9091","10000",1,0,0,0,0
"T572X2A","9852","10111",1,0,1,1,1
"T572X2A","E9507","10112",1,0,1,1,2
"T572X2D","V5889","10000",1,0,0,0,0
"T572X2S","9091","10000",1,0,0,0,0
"T572X3A","9852","10111",1,0,1,1,1
"T572X3A","E9621","10112",1,0,1,1,2
"T572X3D","V5889","10000",1,0,0,0,0
"T572X3S","9091","10000",1,0,0,0,0
"T572X4A","9852","10111",1,0,1,1,1
"T572X4A","E9806","10112",1,0,1,1,2
"T572X4D","V5889","10000",1,0,0,0,0
"T572X4S","9091","10000",1,0,0,0,0
"T573X1A","9877","10111",1,0,1,1,1
"T573X1A","E8698","10112",1,0,1,1,2
"T573X1D","V5889","10000",1,0,0,0,0
"T573X1S","9091","10000",1,0,0,0,0
"T573X2A","9877","10111",1,0,1,1,1
"T573X2A","E9528","10112",1,0,1,1,2
"T573X2D","V5889","10000",1,0,0,0,0
"T573X2S","9091","10000",1,0,0,0,0
"T573X3A","9877","10111",1,0,1,1,1
"T573X3A","E9621","10112",1,0,1,1,2
"T573X3D","V5889","10000",1,0,0,0,0
"T573X3S","9091","10000",1,0,0,0,0
"T573X4A","9877","10111",1,0,1,1,1
"T573X4A","E9828","10112",1,0,1,1,2
"T573X4D","V5889","10000",1,0,0,0,0
"T573X4S","9091","10000",1,0,0,0,0
"T578X1A","98989","10111",1,0,1,1,1
"T578X1A","E8668","10112",1,0,1,1,2
"T578X1D","V5889","10000",1,0,0,0,0
"T578X1S","9091","10000",1,0,0,0,0
"T578X2A","98989","10111",1,0,1,1,1
"T578X2A","E9509","10112",1,0,1,1,2
"T578X2D","V5889","10000",1,0,0,0,0
"T578X2S","9091","10000",1,0,0,0,0
"T578X3A","98989","10111",1,0,1,1,1
"T578X3A","E9621","10112",1,0,1,1,2
"T578X3D","V5889","10000",1,0,0,0,0
"T578X3S","9091","10000",1,0,0,0,0
"T578X4A","98989","10000",1,0,0,0,0
"T578X4A","98989","10111",1,0,1,1,1
"T578X4A","E9809","10112",1,0,1,1,2
"T578X4D","V5889","10000",1,0,0,0,0
"T578X4S","9091","10000",1,0,0,0,0
"T5791XA","9899","10111",1,0,1,1,1
"T5791XA","E8668","10112",1,0,1,1,2
"T5791XD","V5889","10000",1,0,0,0,0
"T5791XS","9091","10000",1,0,0,0,0
"T5792XA","9899","10111",1,0,1,1,1
"T5792XA","E9509","10112",1,0,1,1,2
"T5792XD","V5889","10000",1,0,0,0,0
"T5792XS","9091","10000",1,0,0,0,0
"T5793XA","9899","10111",1,0,1,1,1
"T5793XA","E9629","10112",1,0,1,1,2
"T5793XD","V5889","10000",1,0,0,0,0
"T5793XS","9091","10000",1,0,0,0,0
"T5794XA","9899","10111",1,0,1,1,1
"T5794XA","E9809","10112",1,0,1,1,2
"T5794XD","V5889","10000",1,0,0,0,0
"T5794XS","9091","10000",1,0,0,0,0
"T5801XA","986","10111",1,0,1,1,1
"T5801XA","E8682","10112",1,0,1,1,2
"T5801XD","V5889","10000",1,0,0,0,0
"T5801XS","9091","10000",1,0,0,0,0
"T5802XA","986","10111",1,0,1,1,1
"T5802XA","E9520","10112",1,0,1,1,2
"T5802XD","V5889","10000",1,0,0,0,0
"T5802XS","9091","10000",1,0,0,0,0
"T5803XA","986","10111",1,0,1,1,1
"T5803XA","E9622","10112",1,0,1,1,2
"T5803XD","V5889","10000",1,0,0,0,0
"T5803XS","9091","10000",1,0,0,0,0
"T5804XA","986","10111",1,0,1,1,1
"T5804XA","E9820","10112",1,0,1,1,2
"T5804XD","V5889","10000",1,0,0,0,0
"T5804XS","9091","10000",1,0,0,0,0
"T5811XA","986","10111",1,0,1,1,1
"T5811XA","E8681","10112",1,0,1,1,2
"T5811XD","V5889","10000",1,0,0,0,0
"T5811XS","9091","10000",1,0,0,0,0
"T5812XA","986","10111",1,0,1,1,1
"T5812XA","E9521","10112",1,0,1,1,2
"T5812XD","V5889","10000",1,0,0,0,0
"T5812XS","9091","10000",1,0,0,0,0
"T5813XA","986","10111",1,0,1,1,1
"T5813XA","E9622","10112",1,0,1,1,2
"T5813XD","V5889","10000",1,0,0,0,0
"T5813XS","9091","10000",1,0,0,0,0
"T5814XA","986","10111",1,0,1,1,1
"T5814XA","E9821","10112",1,0,1,1,2
"T5814XD","V5889","10000",1,0,0,0,0
"T5814XS","9091","10000",1,0,0,0,0
"T582X1A","986","10111",1,0,1,1,1
"T582X1A","E8683","10112",1,0,1,1,2
"T582X1D","V5889","10000",1,0,0,0,0
"T582X1S","9091","10000",1,0,0,0,0
"T582X2A","986","10111",1,0,1,1,1
"T582X2A","E9521","10112",1,0,1,1,2
"T582X2D","V5889","10000",1,0,0,0,0
"T582X2S","9091","10000",1,0,0,0,0
"T582X3A","986","10111",1,0,1,1,1
"T582X3A","E9622","10112",1,0,1,1,2
"T582X3D","V5889","10000",1,0,0,0,0
"T582X3S","9091","10000",1,0,0,0,0
"T582X4A","986","10111",1,0,1,1,1
"T582X4A","E9821","10112",1,0,1,1,2
"T582X4D","V5889","10000",1,0,0,0,0
"T582X4S","9091","10000",1,0,0,0,0
"T588X1A","986","10111",1,0,1,1,1
"T588X1A","E8688","10112",1,0,1,1,2
"T588X1D","V5889","10000",1,0,0,0,0
"T588X1S","9091","10000",1,0,0,0,0
"T588X2A","986","10111",1,0,1,1,1
"T588X2A","E9521","10112",1,0,1,1,2
"T588X2D","V5889","10000",1,0,0,0,0
"T588X2S","9091","10000",1,0,0,0,0
"T588X3A","986","10111",1,0,1,1,1
"T588X3A","E9622","10112",1,0,1,1,2
"T588X3D","V5889","10000",1,0,0,0,0
"T588X3S","9091","10000",1,0,0,0,0
"T588X4A","986","10111",1,0,1,1,1
"T588X4A","E9821","10112",1,0,1,1,2
"T588X4D","V5889","10000",1,0,0,0,0
"T588X4S","9091","10000",1,0,0,0,0
"T5891XA","986","10111",1,0,1,1,1
"T5891XA","E8689","10112",1,0,1,1,2
"T5891XD","V5889","10000",1,0,0,0,0
"T5891XS","9091","10000",1,0,0,0,0
"T5892XA","986","10111",1,0,1,1,1
"T5892XA","E9521","10112",1,0,1,1,2
"T5892XD","V5889","10000",1,0,0,0,0
"T5892XS","9091","10000",1,0,0,0,0
"T5893XA","986","10111",1,0,1,1,1
"T5893XA","E9622","10112",1,0,1,1,2
"T5893XD","V5889","10000",1,0,0,0,0
"T5893XS","9091","10000",1,0,0,0,0
"T5894XA","986","10111",1,0,1,1,1
"T5894XA","E9821","10112",1,0,1,1,2
"T5894XD","V5889","10000",1,0,0,0,0
"T5894XS","9091","10000",1,0,0,0,0
"T590X1A","9872","10111",1,0,1,1,1
"T590X1A","E8690","10112",1,0,1,1,2
"T590X1D","V5889","10000",1,0,0,0,0
"T590X1S","9091","10000",1,0,0,0,0
"T590X2A","9872","10111",1,0,1,1,1
"T590X2A","E9528","10112",1,0,1,1,2
"T590X2D","V5889","10000",1,0,0,0,0
"T590X2S","9091","10000",1,0,0,0,0
"T590X3A","9872","10111",1,0,1,1,1
"T590X3A","E9622","10112",1,0,1,1,2
"T590X3D","V5889","10000",1,0,0,0,0
"T590X3S","9091","10000",1,0,0,0,0
"T590X4A","9872","10111",1,0,1,1,1
"T590X4A","E9828","10112",1,0,1,1,2
"T590X4D","V5889","10000",1,0,0,0,0
"T590X4S","9091","10000",1,0,0,0,0
"T591X1A","9873","10111",1,0,1,1,1
"T591X1A","E8691","10112",1,0,1,1,2
"T591X1D","V5889","10000",1,0,0,0,0
"T591X1S","9091","10000",1,0,0,0,0
"T591X2A","9873","10111",1,0,1,1,1
"T591X2A","E9528","10112",1,0,1,1,2
"T591X2D","V5889","10000",1,0,0,0,0
"T591X2S","9091","10000",1,0,0,0,0
"T591X3A","9873","10111",1,0,1,1,1
"T591X3A","E9622","10112",1,0,1,1,2
"T591X3D","V5889","10000",1,0,0,0,0
"T591X3S","9091","10000",1,0,0,0,0
"T591X4A","9873","10111",1,0,1,1,1
"T591X4A","E9828","10112",1,0,1,1,2
"T591X4D","V5889","10000",1,0,0,0,0
"T591X4S","9091","10000",1,0,0,0,0
"T592X1A","9871","10111",1,0,1,1,1
"T592X1A","E8698","10112",1,0,1,1,2
"T592X1D","V5889","10000",1,0,0,0,0
"T592X1S","9091","10000",1,0,0,0,0
"T592X2A","9871","10111",1,0,1,1,1
"T592X2A","E9528","10112",1,0,1,1,2
"T592X2D","V5889","10000",1,0,0,0,0
"T592X2S","9091","10000",1,0,0,0,0
"T592X3A","9871","10111",1,0,1,1,1
"T592X3A","E9622","10112",1,0,1,1,2
"T592X3D","V5889","10000",1,0,0,0,0
"T592X3S","9091","10000",1,0,0,0,0
"T592X4A","9871","10111",1,0,1,1,1
"T592X4A","E9828","10112",1,0,1,1,2
"T592X4D","V5889","10000",1,0,0,0,0
"T592X4S","9091","10000",1,0,0,0,0
"T593X1A","9875","10111",1,0,1,1,1
"T593X1A","E8693","10112",1,0,1,1,2
"T593X1D","V5889","10000",1,0,0,0,0
"T593X1S","9091","10000",1,0,0,0,0
"T593X2A","9875","10111",1,0,1,1,1
"T593X2A","E9528","10112",1,0,1,1,2
"T593X2D","V5889","10000",1,0,0,0,0
"T593X2S","9091","10000",1,0,0,0,0
"T593X3A","9875","10111",1,0,1,1,1
"T593X3A","E9622","10112",1,0,1,1,2
"T593X3D","V5889","10000",1,0,0,0,0
"T593X3S","9091","10000",1,0,0,0,0
"T593X4A","9875","10111",1,0,1,1,1
"T593X4A","E9828","10112",1,0,1,1,2
"T593X4D","V5889","10000",1,0,0,0,0
"T593X4S","9091","10000",1,0,0,0,0
"T594X1A","9876","10111",1,0,1,1,1
"T594X1A","E8698","10112",1,0,1,1,2
"T594X1D","V5889","10000",1,0,0,0,0
"T594X1S","9091","10000",1,0,0,0,0
"T594X2A","9876","10111",1,0,1,1,1
"T594X2A","E9528","10112",1,0,1,1,2
"T594X2D","V5889","10000",1,0,0,0,0
"T594X2S","9091","10000",1,0,0,0,0
"T594X3A","9876","10111",1,0,1,1,1
"T594X3A","E9622","10112",1,0,1,1,2
"T594X3D","V5889","10000",1,0,0,0,0
"T594X3S","9091","10000",1,0,0,0,0
"T594X4A","9876","10111",1,0,1,1,1
"T594X4A","E9828","10112",1,0,1,1,2
"T594X4D","V5889","10000",1,0,0,0,0
"T594X4S","9091","10000",1,0,0,0,0
"T595X1A","9878","10111",1,0,1,1,1
"T595X1A","E8698","10112",1,0,1,1,2
"T595X1D","V5889","10000",1,0,0,0,0
"T595X1S","9091","10000",1,0,0,0,0
"T595X2A","9878","10111",1,0,1,1,1
"T595X2A","E9528","10112",1,0,1,1,2
"T595X2D","V5889","10000",1,0,0,0,0
"T595X2S","9091","10000",1,0,0,0,0
"T595X3A","9878","10111",1,0,1,1,1
"T595X3A","E9622","10112",1,0,1,1,2
"T595X3D","V5889","10000",1,0,0,0,0
"T595X3S","9091","10000",1,0,0,0,0
"T595X4A","9878","10111",1,0,1,1,1
"T595X4A","E9828","10112",1,0,1,1,2
"T595X4D","V5889","10000",1,0,0,0,0
"T595X4S","9091","10000",1,0,0,0,0
"T596X1A","9878","10111",1,0,1,1,1
"T596X1A","E8698","10112",1,0,1,1,2
"T596X1D","V5889","10000",1,0,0,0,0
"T596X1S","9091","10000",1,0,0,0,0
"T596X2A","9878","10111",1,0,1,1,1
"T596X2A","E9528","10112",1,0,1,1,2
"T596X2D","V5889","10000",1,0,0,0,0
"T596X2S","9091","10000",1,0,0,0,0
"T596X3A","9878","10111",1,0,1,1,1
"T596X3A","E9622","10112",1,0,1,1,2
"T596X3D","V5889","10000",1,0,0,0,0
"T596X3S","9091","10000",1,0,0,0,0
"T596X4A","9878","10111",1,0,1,1,1
"T596X4A","E9828","10112",1,0,1,1,2
"T596X4D","V5889","10000",1,0,0,0,0
"T596X4S","9091","10000",1,0,0,0,0
"T597X1A","9878","10111",1,0,1,1,1
"T597X1A","E8698","10112",1,0,1,1,2
"T597X1D","V5889","10000",1,0,0,0,0
"T597X1S","9091","10000",1,0,0,0,0
"T597X2A","9878","10111",1,0,1,1,1
"T597X2A","E9528","10112",1,0,1,1,2
"T597X2D","V5889","10000",1,0,0,0,0
"T597X2S","9091","10000",1,0,0,0,0
"T597X3A","9878","10111",1,0,1,1,1
"T597X3A","E9622","10112",1,0,1,1,2
"T597X3D","V5889","10000",1,0,0,0,0
"T597X3S","9091","10000",1,0,0,0,0
"T597X4A","9878","10111",1,0,1,1,1
"T597X4A","E9828","10112",1,0,1,1,2
"T597X4D","V5889","10000",1,0,0,0,0
"T597X4S","9091","10000",1,0,0,0,0
"T59811A","9879","10111",1,0,1,1,1
"T59811A","E8698","10112",1,0,1,1,2
"T59811D","V5889","10000",1,0,0,0,0
"T59811S","9091","10000",1,0,0,0,0
"T59812A","9879","10111",1,0,1,1,1
"T59812A","E9528","10112",1,0,1,1,2
"T59812D","V5889","10000",1,0,0,0,0
"T59812S","9091","10000",1,0,0,0,0
"T59813A","9879","10111",1,0,1,1,1
"T59813A","E9622","10112",1,0,1,1,2
"T59813D","V5889","10000",1,0,0,0,0
"T59813S","9091","10000",1,0,0,0,0
"T59814A","9879","10111",1,0,1,1,1
"T59814A","E9828","10112",1,0,1,1,2
"T59814D","V5889","10000",1,0,0,0,0
"T59814S","9091","10000",1,0,0,0,0
"T59891A","9879","10111",1,0,1,1,1
"T59891A","E8698","10112",1,0,1,1,2
"T59891D","V5889","10000",1,0,0,0,0
"T59891S","9091","10000",1,0,0,0,0
"T59892A","9879","10111",1,0,1,1,1
"T59892A","E9528","10112",1,0,1,1,2
"T59892D","V5889","10000",1,0,0,0,0
"T59892S","9091","10000",1,0,0,0,0
"T59893A","9879","10111",1,0,1,1,1
"T59893A","E9622","10112",1,0,1,1,2
"T59893D","V5889","10000",1,0,0,0,0
"T59893S","9091","10000",1,0,0,0,0
"T59894A","9879","10111",1,0,1,1,1
"T59894A","E8698","10112",1,0,1,1,2
"T59894D","V5889","10000",1,0,0,0,0
"T59894S","9091","10000",1,0,0,0,0
"T5991XA","9879","10111",1,0,1,1,1
"T5991XA","E8698","10112",1,0,1,1,2
"T5991XD","V5889","10000",1,0,0,0,0
"T5991XS","9091","10000",1,0,0,0,0
"T5992XA","9879","10111",1,0,1,1,1
"T5992XA","E9529","10112",1,0,1,1,2
"T5992XD","V5889","10000",1,0,0,0,0
"T5992XS","9091","10000",1,0,0,0,0
"T5993XA","9879","10111",1,0,1,1,1
"T5993XA","E9622","10112",1,0,1,1,2
"T5993XD","V5889","10000",1,0,0,0,0
"T5993XS","9091","10000",1,0,0,0,0
"T5994XA","9879","10111",1,0,1,1,1
"T5994XA","E9828","10112",1,0,1,1,2
"T5994XD","V5889","10000",1,0,0,0,0
"T5994XS","9091","10000",1,0,0,0,0
"T600X1A","9893","10111",1,0,1,1,1
"T600X1A","E8631","10112",1,0,1,1,2
"T600X1D","V5889","10000",1,0,0,0,0
"T600X1S","9091","10111",1,0,1,1,1
"T600X1S","E9292","10112",1,0,1,1,2
"T600X2A","9893","10111",1,0,1,1,1
"T600X2A","E9506","10112",1,0,1,1,2
"T600X2D","V5889","10000",1,0,0,0,0
"T600X2S","9091","10111",1,0,1,1,1
"T600X2S","E959","10112",1,0,1,1,2
"T600X3A","9893","10111",1,0,1,1,1
"T600X3A","E9621","10112",1,0,1,1,2
"T600X3D","V5889","10000",1,0,0,0,0
"T600X3S","9091","10111",1,0,1,1,1
"T600X3S","E969","10112",1,0,1,1,2
"T600X4A","9893","10111",1,0,1,1,1
"T600X4A","E9807","10112",1,0,1,1,2
"T600X4D","V5889","10000",1,0,0,0,0
"T600X4S","9091","10111",1,0,1,1,1
"T600X4S","E989","10112",1,0,1,1,2
"T601X1A","9894","10111",1,0,1,1,1
"T601X1A","E8634","10112",1,0,1,1,2
"T601X1D","V5889","10000",1,0,0,0,0
"T601X1S","9091","10111",1,0,1,1,1
"T601X1S","E9292","10112",1,0,1,1,2
"T601X2A","9894","10111",1,0,1,1,1
"T601X2A","E9506","10112",1,0,1,1,2
"T601X2D","V5889","10000",1,0,0,0,0
"T601X2S","9091","10111",1,0,1,1,1
"T601X2S","E959","10112",1,0,1,1,2
"T601X3A","9894","10111",1,0,1,1,1
"T601X3A","E9621","10112",1,0,1,1,2
"T601X3D","V5889","10000",1,0,0,0,0
"T601X3S","9091","10111",1,0,1,1,1
"T601X3S","E969","10112",1,0,1,1,2
"T601X4A","9894","10111",1,0,1,1,1
"T601X4A","E9807","10112",1,0,1,1,2
"T601X4D","V5889","10000",1,0,0,0,0
"T601X4S","9091","10111",1,0,1,1,1
"T601X4S","E989","10112",1,0,1,1,2
"T602X1A","9894","10111",1,0,1,1,1
"T602X1A","E8634","10112",1,0,1,1,2
"T602X1D","V5889","10000",1,0,0,0,0
"T602X1S","9091","10111",1,0,1,1,1
"T602X1S","E9292","10112",1,0,1,1,2
"T602X2A","9894","10000",1,0,0,0,0
"T602X2A","9894","10111",1,0,1,1,1
"T602X2A","E9506","10112",1,0,1,1,2
"T602X2D","V5889","10000",1,0,0,0,0
"T602X2S","9091","10111",1,0,1,1,1
"T602X2S","E959","10112",1,0,1,1,2
"T602X3A","9894","10111",1,0,1,1,1
"T602X3A","E9621","10112",1,0,1,1,2
"T602X3D","V5889","10000",1,0,0,0,0
"T602X3S","9091","10111",1,0,1,1,1
"T602X3S","E969","10112",1,0,1,1,2
"T602X4A","9894","10111",1,0,1,1,1
"T602X4A","E9807","10112",1,0,1,1,2
"T602X4D","V5889","10000",1,0,0,0,0
"T602X4S","9091","10111",1,0,1,1,1
"T602X4S","E989","10112",1,0,1,1,2
"T603X1A","98989","10111",1,0,1,1,1
"T603X1A","E8635","10112",1,0,1,1,2
"T603X1D","V5889","10000",1,0,0,0,0
"T603X1S","9091","10111",1,0,1,1,1
"T603X1S","E9292","10112",1,0,1,1,2
"T603X2A","98989","10111",1,0,1,1,1
"T603X2A","E9506","10112",1,0,1,1,2
"T603X2D","V5889","10000",1,0,0,0,0
"T603X2S","9091","10111",1,0,1,1,1
"T603X2S","E959","10112",1,0,1,1,2
"T603X3A","98989","10111",1,0,1,1,1
"T603X3A","E9621","10112",1,0,1,1,2
"T603X3D","V5889","10000",1,0,0,0,0
"T603X3S","9091","10111",1,0,1,1,1
"T603X3S","E969","10112",1,0,1,1,2
"T603X4A","98989","10111",1,0,1,1,1
"T603X4A","E9807","10112",1,0,1,1,2
"T603X4D","V5889","10000",1,0,0,0,0
"T603X4S","9091","10111",1,0,1,1,1
"T603X4S","E989","10112",1,0,1,1,2
"T604X1A","9894","10111",1,0,1,1,1
"T604X1A","E8637","10112",1,0,1,1,2
"T604X1D","V5889","10000",1,0,0,0,0
"T604X1S","9091","10111",1,0,1,1,1
"T604X1S","E9292","10112",1,0,1,1,2
"T604X2A","9894","10111",1,0,1,1,1
"T604X2A","E9506","10112",1,0,1,1,2
"T604X2D","V5889","10000",1,0,0,0,0
"T604X2S","9091","10111",1,0,1,1,1
"T604X2S","E959","10112",1,0,1,1,2
"T604X3A","9894","10111",1,0,1,1,1
"T604X3A","E9621","10112",1,0,1,1,2
"T604X3D","V5889","10000",1,0,0,0,0
"T604X3S","9091","10111",1,0,1,1,1
"T604X3S","E969","10112",1,0,1,1,2
"T604X4A","9894","10111",1,0,1,1,1
"T604X4A","E9807","10112",1,0,1,1,2
"T604X4D","V5889","10000",1,0,0,0,0
"T604X4S","9091","10111",1,0,1,1,1
"T604X4S","E989","10112",1,0,1,1,2
"T608X1A","9894","10111",1,0,1,1,1
"T608X1A","E8634","10112",1,0,1,1,2
"T608X1D","V5889","10000",1,0,0,0,0
"T608X1S","9091","10111",1,0,1,1,1
"T608X1S","E9292","10112",1,0,1,1,2
"T608X2A","9894","10111",1,0,1,1,1
"T608X2A","E9506","10112",1,0,1,1,2
"T608X2D","V5889","10000",1,0,0,0,0
"T608X2S","9091","10111",1,0,1,1,1
"T608X2S","E959","10112",1,0,1,1,2
"T608X3A","9894","10111",1,0,1,1,1
"T608X3A","E9621","10112",1,0,1,1,2
"T608X3D","V5889","10000",1,0,0,0,0
"T608X3S","9091","10111",1,0,1,1,1
"T608X3S","E969","10112",1,0,1,1,2
"T608X4A","9894","10111",1,0,1,1,1
"T608X4A","E9807","10112",1,0,1,1,2
"T608X4D","V5889","10000",1,0,0,0,0
"T608X4S","9091","10111",1,0,1,1,1
"T608X4S","E989","10112",1,0,1,1,2
"T6091XA","9894","10111",1,0,1,1,1
"T6091XA","E8634","10112",1,0,1,1,2
"T6091XD","V5889","10000",1,0,0,0,0
"T6091XS","9091","10111",1,0,1,1,1
"T6091XS","E9292","10112",1,0,1,1,2
"T6092XA","9894","10111",1,0,1,1,1
"T6092XA","E9506","10112",1,0,1,1,2
"T6092XD","V5889","10000",1,0,0,0,0
"T6092XS","9091","10111",1,0,1,1,1
"T6092XS","E959","10112",1,0,1,1,2
"T6093XA","9894","10111",1,0,1,1,1
"T6093XA","E9621","10112",1,0,1,1,2
"T6093XD","V5889","10000",1,0,0,0,0
"T6093XS","9091","10111",1,0,1,1,1
"T6093XS","E969","10112",1,0,1,1,2
"T6094XA","9894","10111",1,0,1,1,1
"T6094XA","E9807","10112",1,0,1,1,2
"T6094XD","V5889","10000",1,0,0,0,0
"T6094XS","9091","10111",1,0,1,1,1
"T6094XS","E989","10112",1,0,1,1,2
"T6101XA","9880","10111",1,0,1,1,1
"T6101XA","E8652","10112",1,0,1,1,2
"T6101XD","V5889","10000",1,0,0,0,0
"T6101XS","9091","10111",1,0,1,1,1
"T6101XS","E9292","10112",1,0,1,1,2
"T6102XA","9880","10111",1,0,1,1,1
"T6102XA","E9509","10112",1,0,1,1,2
"T6102XD","V5889","10000",1,0,0,0,0
"T6102XS","9091","10111",1,0,1,1,1
"T6102XS","E959","10112",1,0,1,1,2
"T6103XA","9880","10111",1,0,1,1,1
"T6103XA","E9621","10112",1,0,1,1,2
"T6103XD","V5889","10000",1,0,0,0,0
"T6103XS","9091","10111",1,0,1,1,1
"T6103XS","E969","10112",1,0,1,1,2
"T6104XA","9880","10111",1,0,1,1,1
"T6104XA","E9809","10112",1,0,1,1,2
"T6104XD","V5889","10000",1,0,0,0,0
"T6104XS","9091","10111",1,0,1,1,1
"T6104XS","E989","10112",1,0,1,1,2
"T6111XA","9880","10111",1,0,1,1,1
"T6111XA","E8652","10112",1,0,1,1,2
"T6111XD","V5889","10000",1,0,0,0,0
"T6111XS","9091","10111",1,0,1,1,1
"T6111XS","E9292","10112",1,0,1,1,2
"T6112XA","9880","10111",1,0,1,1,1
"T6112XA","E9509","10112",1,0,1,1,2
"T6112XD","V5889","10000",1,0,0,0,0
"T6112XS","9091","10111",1,0,1,1,1
"T6112XS","E959","10112",1,0,1,1,2
"T6113XA","9880","10111",1,0,1,1,1
"T6113XA","E9621","10112",1,0,1,1,2
"T6113XD","V5889","10000",1,0,0,0,0
"T6113XS","9091","10111",1,0,1,1,1
"T6113XS","E969","10112",1,0,1,1,2
"T6114XA","9880","10111",1,0,1,1,1
"T6114XA","E9809","10112",1,0,1,1,2
"T6114XD","V5889","10000",1,0,0,0,0
"T6114XS","9091","10111",1,0,1,1,1
"T6114XS","E989","10112",1,0,1,1,2
"T61771A","9880","10111",1,0,1,1,1
"T61771A","E8652","10112",1,0,1,1,2
"T61771D","V5889","10000",1,0,0,0,0
"T61771S","9091","10111",1,0,1,1,1
"T61771S","E9292","10112",1,0,1,1,2
"T61772A","9880","10111",1,0,1,1,1
"T61772A","E9509","10112",1,0,1,1,2
"T61772D","V5889","10000",1,0,0,0,0
"T61772S","9091","10111",1,0,1,1,1
"T61772S","E959","10112",1,0,1,1,2
"T61773A","9880","10111",1,0,1,1,1
"T61773A","E9621","10112",1,0,1,1,2
"T61773D","V5889","10000",1,0,0,0,0
"T61773S","9091","10111",1,0,1,1,1
"T61773S","E969","10112",1,0,1,1,2
"T61774A","9880","10111",1,0,1,1,1
"T61774A","E9809","10112",1,0,1,1,2
"T61774D","V5889","10000",1,0,0,0,0
"T61774S","9091","10111",1,0,1,1,1
"T61774S","E989","10112",1,0,1,1,2
"T61781A","9880","10111",1,0,1,1,1
"T61781A","E8651","10112",1,0,1,1,2
"T61781D","V5889","10000",1,0,0,0,0
"T61781S","9091","10111",1,0,1,1,1
"T61781S","E9292","10112",1,0,1,1,2
"T61782A","9880","10111",1,0,1,1,1
"T61782A","E9509","10112",1,0,1,1,2
"T61782D","V5889","10000",1,0,0,0,0
"T61782S","9091","10111",1,0,1,1,1
"T61782S","E959","10112",1,0,1,1,2
"T61783A","9880","10111",1,0,1,1,1
"T61783A","E9621","10112",1,0,1,1,2
"T61783D","V5889","10000",1,0,0,0,0
"T61783S","9091","10111",1,0,1,1,1
"T61783S","E969","10112",1,0,1,1,2
"T61784A","9880","10111",1,0,1,1,1
"T61784A","E9809","10112",1,0,1,1,2
"T61784D","V5889","10000",1,0,0,0,0
"T61784S","9091","10111",1,0,1,1,1
"T61784S","E989","10112",1,0,1,1,2
"T618X1A","9880","10111",1,0,1,1,1
"T618X1A","E8652","10112",1,0,1,1,2
"T618X1D","V5889","10000",1,0,0,0,0
"T618X1S","9091","10111",1,0,1,1,1
"T618X1S","E9292","10112",1,0,1,1,2
"T618X2A","9880","10111",1,0,1,1,1
"T618X2A","E9509","10112",1,0,1,1,2
"T618X2D","V5889","10000",1,0,0,0,0
"T618X2S","9091","10111",1,0,1,1,1
"T618X2S","E959","10112",1,0,1,1,2
"T618X3A","9880","10111",1,0,1,1,1
"T618X3A","E9621","10112",1,0,1,1,2
"T618X3D","V5889","10000",1,0,0,0,0
"T618X3S","9091","10111",1,0,1,1,1
"T618X3S","E969","10112",1,0,1,1,2
"T618X4A","9880","10111",1,0,1,1,1
"T618X4A","E9809","10112",1,0,1,1,2
"T618X4D","V5889","10000",1,0,0,0,0
"T618X4S","9091","10111",1,0,1,1,1
"T618X4S","E989","10112",1,0,1,1,2
"T6191XA","9880","10111",1,0,1,1,1
"T6191XA","E8652","10112",1,0,1,1,2
"T6191XD","V5889","10000",1,0,0,0,0
"T6191XS","9091","10111",1,0,1,1,1
"T6191XS","E9292","10112",1,0,1,1,2
"T6192XA","9880","10111",1,0,1,1,1
"T6192XA","E9509","10112",1,0,1,1,2
"T6192XD","V5889","10000",1,0,0,0,0
"T6192XS","9091","10111",1,0,1,1,1
"T6192XS","E959","10112",1,0,1,1,2
"T6193XA","9880","10111",1,0,1,1,1
"T6193XA","E9621","10112",1,0,1,1,2
"T6193XD","V5889","10000",1,0,0,0,0
"T6193XS","9091","10111",1,0,1,1,1
"T6193XS","E969","10112",1,0,1,1,2
"T6194XA","9880","10111",1,0,1,1,1
"T6194XA","E9809","10112",1,0,1,1,2
"T6194XD","V5889","10000",1,0,0,0,0
"T6194XS","9091","10111",1,0,1,1,1
"T6194XS","E989","10112",1,0,1,1,2
"T620X1A","9881","10111",1,0,1,1,1
"T620X1A","E8655","10112",1,0,1,1,2
"T620X1D","V5889","10000",1,0,0,0,0
"T620X1S","9091","10111",1,0,1,1,1
"T620X1S","E9292","10112",1,0,1,1,2
"T620X2A","9881","10111",1,0,1,1,1
"T620X2A","E9509","10112",1,0,1,1,2
"T620X2D","V5889","10000",1,0,0,0,0
"T620X2S","9091","10111",1,0,1,1,1
"T620X2S","E959","10112",1,0,1,1,2
"T620X3A","9881","10111",1,0,1,1,1
"T620X3A","E9621","10112",1,0,1,1,2
"T620X3D","V5889","10000",1,0,0,0,0
"T620X3S","9091","10111",1,0,1,1,1
"T620X3S","E969","10112",1,0,1,1,2
"T620X4A","9881","10111",1,0,1,1,1
"T620X4A","E9809","10112",1,0,1,1,2
"T620X4D","V5889","10000",1,0,0,0,0
"T620X4S","9091","10111",1,0,1,1,1
"T620X4S","E989","10112",1,0,1,1,2
"T621X1A","9882","10111",1,0,1,1,1
"T621X1A","E8653","10112",1,0,1,1,2
"T621X1D","V5889","10000",1,0,0,0,0
"T621X1S","9091","10111",1,0,1,1,1
"T621X1S","E9292","10112",1,0,1,1,2
"T621X2A","9882","10111",1,0,1,1,1
"T621X2A","E9509","10112",1,0,1,1,2
"T621X2D","V5889","10000",1,0,0,0,0
"T621X2S","9091","10111",1,0,1,1,1
"T621X2S","E959","10112",1,0,1,1,2
"T621X3A","9882","10111",1,0,1,1,1
"T621X3A","E9621","10112",1,0,1,1,2
"T621X3D","V5889","10000",1,0,0,0,0
"T621X3S","9091","10111",1,0,1,1,1
"T621X3S","E969","10112",1,0,1,1,2
"T621X4A","9882","10111",1,0,1,1,1
"T621X4A","E9809","10112",1,0,1,1,2
"T621X4D","V5889","10000",1,0,0,0,0
"T621X4S","9091","10111",1,0,1,1,1
"T621X4S","E989","10112",1,0,1,1,2
"T622X1A","9882","10111",1,0,1,1,1
"T622X1A","E8654","10112",1,0,1,1,2
"T622X1D","V5889","10000",1,0,0,0,0
"T622X1S","9091","10111",1,0,1,1,1
"T622X1S","E9292","10112",1,0,1,1,2
"T622X2A","9882","10111",1,0,1,1,1
"T622X2A","E9509","10112",1,0,1,1,2
"T622X2D","V5889","10000",1,0,0,0,0
"T622X2S","9091","10111",1,0,1,1,1
"T622X2S","E959","10112",1,0,1,1,2
"T622X3A","9882","10111",1,0,1,1,1
"T622X3A","E9621","10112",1,0,1,1,2
"T622X3D","V5889","10000",1,0,0,0,0
"T622X3S","9091","10111",1,0,1,1,1
"T622X3S","E969","10112",1,0,1,1,2
"T622X4A","9882","10111",1,0,1,1,1
"T622X4A","E9809","10112",1,0,1,1,2
"T622X4D","V5889","10000",1,0,0,0,0
"T622X4S","9091","10111",1,0,1,1,1
"T622X4S","E989","10112",1,0,1,1,2
"T628X1A","9888","10111",1,0,1,1,1
"T628X1A","E8658","10112",1,0,1,1,2
"T628X1D","V5889","10000",1,0,0,0,0
"T628X1S","9091","10111",1,0,1,1,1
"T628X1S","E9292","10112",1,0,1,1,2
"T628X2A","9888","10111",1,0,1,1,1
"T628X2A","E9509","10112",1,0,1,1,2
"T628X2D","V5889","10000",1,0,0,0,0
"T628X2S","9091","10111",1,0,1,1,1
"T628X2S","E959","10112",1,0,1,1,2
"T628X3A","9888","10111",1,0,1,1,1
"T628X3A","E9621","10112",1,0,1,1,2
"T628X3D","V5889","10000",1,0,0,0,0
"T628X3S","9091","10111",1,0,1,1,1
"T628X3S","E969","10112",1,0,1,1,2
"T628X4A","9888","10111",1,0,1,1,1
"T628X4A","E9809","10112",1,0,1,1,2
"T628X4D","V5889","10000",1,0,0,0,0
"T628X4S","9091","10111",1,0,1,1,1
"T628X4S","E989","10112",1,0,1,1,2
"T6291XA","9889","10111",1,0,1,1,1
"T6291XA","E8659","10112",1,0,1,1,2
"T6291XD","V5889","10000",1,0,0,0,0
"T6291XS","9091","10111",1,0,1,1,1
"T6291XS","E9292","10112",1,0,1,1,2
"T6292XA","9889","10111",1,0,1,1,1
"T6292XA","E9509","10112",1,0,1,1,2
"T6292XD","V5889","10000",1,0,0,0,0
"T6292XS","9091","10111",1,0,1,1,1
"T6292XS","E959","10112",1,0,1,1,2
"T6293XA","9889","10111",1,0,1,1,1
"T6293XA","E9621","10112",1,0,1,1,2
"T6293XD","V5889","10000",1,0,0,0,0
"T6293XS","9091","10111",1,0,1,1,1
"T6293XS","E969","10112",1,0,1,1,2
"T6294XA","9889","10111",1,0,1,1,1
"T6294XA","E9809","10112",1,0,1,1,2
"T6294XD","V5889","10000",1,0,0,0,0
"T6294XS","9091","10111",1,0,1,1,1
"T6294XS","E989","10112",1,0,1,1,2
"T63001A","9895","10111",1,0,1,1,1
"T63001A","E9050","10112",1,0,1,1,2
"T63001D","V5889","10000",1,0,0,0,0
"T63001S","9091","10111",1,0,1,1,1
"T63001S","E989","10112",1,0,1,1,2
"T63002A","9895","10111",1,0,1,1,1
"T63002A","E9509","10112",1,0,1,1,2
"T63002D","V5889","10000",1,0,0,0,0
"T63002S","9091","10111",1,0,1,1,1
"T63002S","E9292","10112",1,0,1,1,2
"T63003A","9895","10111",1,0,1,1,1
"T63003A","E9621","10112",1,0,1,1,2
"T63003D","V5889","10000",1,0,0,0,0
"T63003S","9091","10111",1,0,1,1,1
"T63003S","E959","10112",1,0,1,1,2
"T63004A","9895","10111",1,0,1,1,1
"T63004A","E9809","10112",1,0,1,1,2
"T63004D","V5889","10000",1,0,0,0,0
"T63004S","9091","10111",1,0,1,1,1
"T63004S","E969","10112",1,0,1,1,2
"T63011A","9895","10111",1,0,1,1,1
"T63011A","E9050","10112",1,0,1,1,2
"T63011D","V5889","10000",1,0,0,0,0
"T63011S","9091","10111",1,0,1,1,1
"T63011S","E9292","10112",1,0,1,1,2
"T63012A","9895","10111",1,0,1,1,1
"T63012A","E9509","10112",1,0,1,1,2
"T63012D","V5889","10000",1,0,0,0,0
"T63012S","9091","10111",1,0,1,1,1
"T63012S","E959","10112",1,0,1,1,2
"T63013A","9895","10111",1,0,1,1,1
"T63013A","E9621","10112",1,0,1,1,2
"T63013D","V5889","10000",1,0,0,0,0
"T63013S","9091","10111",1,0,1,1,1
"T63013S","E969","10112",1,0,1,1,2
"T63014A","9895","10111",1,0,1,1,1
"T63014A","E9809","10112",1,0,1,1,2
"T63014D","V5889","10000",1,0,0,0,0
"T63014S","9091","10111",1,0,1,1,1
"T63014S","E989","10112",1,0,1,1,2
"T63021A","9895","10111",1,0,1,1,1
"T63021A","E9050","10112",1,0,1,1,2
"T63021D","V5889","10000",1,0,0,0,0
"T63021S","9091","10111",1,0,1,1,1
"T63021S","E9292","10112",1,0,1,1,2
"T63022A","9895","10111",1,0,1,1,1
"T63022A","E9509","10112",1,0,1,1,2
"T63022D","V5889","10000",1,0,0,0,0
"T63022S","9091","10111",1,0,1,1,1
"T63022S","E959","10112",1,0,1,1,2
"T63023A","9895","10111",1,0,1,1,1
"T63023A","E9621","10112",1,0,1,1,2
"T63023D","V5889","10000",1,0,0,0,0
"T63023S","9091","10111",1,0,1,1,1
"T63023S","E969","10112",1,0,1,1,2
"T63024A","9895","10111",1,0,1,1,1
"T63024A","E9809","10112",1,0,1,1,2
"T63024D","V5889","10000",1,0,0,0,0
"T63024S","9091","10111",1,0,1,1,1
"T63024S","E989","10112",1,0,1,1,2
"T63031A","9895","10111",1,0,1,1,1
"T63031A","E9050","10112",1,0,1,1,2
"T63031D","V5889","10000",1,0,0,0,0
"T63031S","9091","10111",1,0,1,1,1
"T63031S","E9292","10112",1,0,1,1,2
"T63032A","9895","10111",1,0,1,1,1
"T63032A","E9509","10112",1,0,1,1,2
"T63032D","V5889","10000",1,0,0,0,0
"T63032S","9091","10111",1,0,1,1,1
"T63032S","E959","10112",1,0,1,1,2
"T63033A","9895","10111",1,0,1,1,1
"T63033A","E9621","10112",1,0,1,1,2
"T63033D","V5889","10000",1,0,0,0,0
"T63033S","9091","10111",1,0,1,1,1
"T63033S","E969","10112",1,0,1,1,2
"T63034A","9895","10111",1,0,1,1,1
"T63034A","E9809","10112",1,0,1,1,2
"T63034D","V5889","10000",1,0,0,0,0
"T63034S","9091","10111",1,0,1,1,1
"T63034S","E989","10112",1,0,1,1,2
"T63041A","9895","10111",1,0,1,1,1
"T63041A","E9050","10112",1,0,1,1,2
"T63041D","V5889","10000",1,0,0,0,0
"T63041S","9091","10111",1,0,1,1,1
"T63041S","E9292","10112",1,0,1,1,2
"T63042A","9895","10111",1,0,1,1,1
"T63042A","E9509","10112",1,0,1,1,2
"T63042D","V5889","10000",1,0,0,0,0
"T63042S","9091","10111",1,0,1,1,1
"T63042S","E959","10112",1,0,1,1,2
"T63043A","9895","10111",1,0,1,1,1
"T63043A","E9621","10112",1,0,1,1,2
"T63043D","V5889","10000",1,0,0,0,0
"T63043S","9091","10111",1,0,1,1,1
"T63043S","E969","10112",1,0,1,1,2
"T63044A","9895","10111",1,0,1,1,1
"T63044A","E9809","10112",1,0,1,1,2
"T63044D","V5889","10000",1,0,0,0,0
"T63044S","9091","10111",1,0,1,1,1
"T63044S","E989","10112",1,0,1,1,2
"T63061A","9895","10111",1,0,1,1,1
"T63061A","E9050","10112",1,0,1,1,2
"T63061D","V5889","10000",1,0,0,0,0
"T63061S","9091","10111",1,0,1,1,1
"T63061S","E9292","10112",1,0,1,1,2
"T63062A","9895","10111",1,0,1,1,1
"T63062A","E9509","10112",1,0,1,1,2
"T63062D","V5889","10000",1,0,0,0,0
"T63062S","9091","10111",1,0,1,1,1
"T63062S","E959","10112",1,0,1,1,2
"T63063A","9895","10111",1,0,1,1,1
"T63063A","E9621","10112",1,0,1,1,2
"T63063D","V5889","10000",1,0,0,0,0
"T63063S","9091","10111",1,0,1,1,1
"T63063S","E969","10112",1,0,1,1,2
"T63064A","9895","10111",1,0,1,1,1
"T63064A","E9809","10112",1,0,1,1,2
"T63064D","V5889","10000",1,0,0,0,0
"T63064S","9091","10111",1,0,1,1,1
"T63064S","E989","10112",1,0,1,1,2
"T63071A","9895","10111",1,0,1,1,1
"T63071A","E9050","10112",1,0,1,1,2
"T63071D","V5889","10000",1,0,0,0,0
"T63071S","9091","10111",1,0,1,1,1
"T63071S","E9292","10112",1,0,1,1,2
"T63072A","9895","10111",1,0,1,1,1
"T63072A","E9509","10112",1,0,1,1,2
"T63072D","V5889","10000",1,0,0,0,0
"T63072S","9091","10111",1,0,1,1,1
"T63072S","E959","10112",1,0,1,1,2
"T63073A","9895","10111",1,0,1,1,1
"T63073A","E9621","10112",1,0,1,1,2
"T63073D","V5889","10000",1,0,0,0,0
"T63073S","9091","10111",1,0,1,1,1
"T63073S","E969","10112",1,0,1,1,2
"T63074A","9895","10111",1,0,1,1,1
"T63074A","E9809","10112",1,0,1,1,2
"T63074D","V5889","10000",1,0,0,0,0
"T63074S","9091","10111",1,0,1,1,1
"T63074S","E989","10112",1,0,1,1,2
"T63081A","9895","10111",1,0,1,1,1
"T63081A","E9050","10112",1,0,1,1,2
"T63081D","V5889","10000",1,0,0,0,0
"T63081S","9091","10111",1,0,1,1,1
"T63081S","E9292","10112",1,0,1,1,2
"T63082A","9895","10111",1,0,1,1,1
"T63082A","E9509","10112",1,0,1,1,2
"T63082D","V5889","10000",1,0,0,0,0
"T63082S","9091","10111",1,0,1,1,1
"T63082S","E959","10112",1,0,1,1,2
"T63083A","9895","10111",1,0,1,1,1
"T63083A","E9621","10112",1,0,1,1,2
"T63083D","V5889","10000",1,0,0,0,0
"T63083S","9091","10111",1,0,1,1,1
"T63083S","E969","10112",1,0,1,1,2
"T63084A","9895","10111",1,0,1,1,1
"T63084A","E9809","10112",1,0,1,1,2
"T63084D","V5889","10000",1,0,0,0,0
"T63084S","9091","10111",1,0,1,1,1
"T63084S","E989","10112",1,0,1,1,2
"T63091A","9895","10111",1,0,1,1,1
"T63091A","E9050","10112",1,0,1,1,2
"T63091D","V5889","10000",1,0,0,0,0
"T63091S","9091","10111",1,0,1,1,1
"T63091S","E9292","10112",1,0,1,1,2
"T63092A","9895","10111",1,0,1,1,1
"T63092A","E9509","10112",1,0,1,1,2
"T63092D","V5889","10000",1,0,0,0,0
"T63092S","9091","10111",1,0,1,1,1
"T63092S","E959","10112",1,0,1,1,2
"T63093A","9895","10111",1,0,1,1,1
"T63093A","E9621","10112",1,0,1,1,2
"T63093D","V5889","10000",1,0,0,0,0
"T63093S","9091","10111",1,0,1,1,1
"T63093S","E969","10112",1,0,1,1,2
"T63094A","9895","10111",1,0,1,1,1
"T63094A","E9809","10112",1,0,1,1,2
"T63094D","V5889","10000",1,0,0,0,0
"T63094S","9091","10111",1,0,1,1,1
"T63094S","E989","10112",1,0,1,1,2
"T63111A","9895","10111",1,0,1,1,1
"T63111A","E9050","10112",1,0,1,1,2
"T63111D","V5889","10000",1,0,0,0,0
"T63111S","9091","10111",1,0,1,1,1
"T63111S","E9292","10112",1,0,1,1,2
"T63112A","9895","10111",1,0,1,1,1
"T63112A","E9509","10112",1,0,1,1,2
"T63112D","V5889","10000",1,0,0,0,0
"T63112S","9091","10111",1,0,1,1,1
"T63112S","E959","10112",1,0,1,1,2
"T63113A","9895","10111",1,0,1,1,1
"T63113A","E9621","10112",1,0,1,1,2
"T63113D","V5889","10000",1,0,0,0,0
"T63113S","9091","10111",1,0,1,1,1
"T63113S","E969","10112",1,0,1,1,2
"T63114A","9895","10111",1,0,1,1,1
"T63114A","E9809","10112",1,0,1,1,2
"T63114D","V5889","10000",1,0,0,0,0
"T63114S","9091","10111",1,0,1,1,1
"T63114S","E989","10112",1,0,1,1,2
"T63121A","9895","10111",1,0,1,1,1
"T63121A","E9050","10112",1,0,1,1,2
"T63121D","V5889","10000",1,0,0,0,0
"T63121S","9091","10111",1,0,1,1,1
"T63121S","E9292","10112",1,0,1,1,2
"T63122A","9895","10111",1,0,1,1,1
"T63122A","E9509","10112",1,0,1,1,2
"T63122D","V5889","10000",1,0,0,0,0
"T63122S","9091","10111",1,0,1,1,1
"T63122S","E959","10112",1,0,1,1,2
"T63123A","9895","10111",1,0,1,1,1
"T63123A","E9621","10112",1,0,1,1,2
"T63123D","V5889","10000",1,0,0,0,0
"T63123S","9091","10111",1,0,1,1,1
"T63123S","E969","10112",1,0,1,1,2
"T63124A","9895","10111",1,0,1,1,1
"T63124A","E9809","10112",1,0,1,1,2
"T63124D","V5889","10000",1,0,0,0,0
"T63124S","9091","10111",1,0,1,1,1
"T63124S","E989","10112",1,0,1,1,2
"T63191A","9895","10111",1,0,1,1,1
"T63191A","E9050","10112",1,0,1,1,2
"T63191D","V5889","10000",1,0,0,0,0
"T63191S","9091","10111",1,0,1,1,1
"T63191S","E9292","10112",1,0,1,1,2
"T63192A","9895","10111",1,0,1,1,1
"T63192A","E9509","10112",1,0,1,1,2
"T63192D","V5889","10000",1,0,0,0,0
"T63192S","9091","10111",1,0,1,1,1
"T63192S","E959","10112",1,0,1,1,2
"T63193A","9895","10111",1,0,1,1,1
"T63193A","E9621","10112",1,0,1,1,2
"T63193D","V5889","10000",1,0,0,0,0
"T63193S","9091","10111",1,0,1,1,1
"T63193S","E969","10112",1,0,1,1,2
"T63194A","9895","10111",1,0,1,1,1
"T63194A","E9809","10112",1,0,1,1,2
"T63194D","V5889","10000",1,0,0,0,0
"T63194S","9091","10111",1,0,1,1,1
"T63194S","E989","10112",1,0,1,1,2
"T632X1A","9895","10111",1,0,1,1,1
"T632X1A","E9052","10112",1,0,1,1,2
"T632X1D","V5889","10000",1,0,0,0,0
"T632X1S","9091","10111",1,0,1,1,1
"T632X1S","E9292","10112",1,0,1,1,2
"T632X2A","9895","10111",1,0,1,1,1
"T632X2A","E9509","10112",1,0,1,1,2
"T632X2D","V5889","10000",1,0,0,0,0
"T632X2S","9091","10111",1,0,1,1,1
"T632X2S","E959","10112",1,0,1,1,2
"T632X3A","9895","10111",1,0,1,1,1
"T632X3A","E9621","10112",1,0,1,1,2
"T632X3D","V5889","10000",1,0,0,0,0
"T632X3S","9091","10111",1,0,1,1,1
"T632X3S","E969","10112",1,0,1,1,2
"T632X4A","9895","10111",1,0,1,1,1
"T632X4A","E9809","10112",1,0,1,1,2
"T632X4D","V5889","10000",1,0,0,0,0
"T632X4S","9091","10111",1,0,1,1,1
"T632X4S","E989","10112",1,0,1,1,2
"T63301A","9895","10111",1,0,1,1,1
"T63301A","E9051","10112",1,0,1,1,2
"T63301D","V5889","10000",1,0,0,0,0
"T63301S","9091","10111",1,0,1,1,1
"T63301S","E9292","10112",1,0,1,1,2
"T63302A","9895","10111",1,0,1,1,1
"T63302A","E9509","10112",1,0,1,1,2
"T63302D","V5889","10000",1,0,0,0,0
"T63302S","9091","10111",1,0,1,1,1
"T63302S","E959","10112",1,0,1,1,2
"T63303A","9895","10111",1,0,1,1,1
"T63303A","E9621","10112",1,0,1,1,2
"T63303D","V5889","10000",1,0,0,0,0
"T63303S","9091","10111",1,0,1,1,1
"T63303S","E969","10112",1,0,1,1,2
"T63304A","9895","10111",1,0,1,1,1
"T63304A","E9809","10112",1,0,1,1,2
"T63304D","V5889","10000",1,0,0,0,0
"T63304S","9091","10111",1,0,1,1,1
"T63304S","E989","10112",1,0,1,1,2
"T63311A","9895","10111",1,0,1,1,1
"T63311A","E9051","10112",1,0,1,1,2
"T63311D","V5889","10000",1,0,0,0,0
"T63311S","9091","10111",1,0,1,1,1
"T63311S","E9292","10112",1,0,1,1,2
"T63312A","9895","10111",1,0,1,1,1
"T63312A","E9509","10112",1,0,1,1,2
"T63312D","V5889","10000",1,0,0,0,0
"T63312S","9091","10111",1,0,1,1,1
"T63312S","E959","10112",1,0,1,1,2
"T63313A","9895","10111",1,0,1,1,1
"T63313A","E9621","10112",1,0,1,1,2
"T63313D","V5889","10000",1,0,0,0,0
"T63313S","9091","10111",1,0,1,1,1
"T63313S","E969","10112",1,0,1,1,2
"T63314A","9895","10111",1,0,1,1,1
"T63314A","E9809","10112",1,0,1,1,2
"T63314D","V5889","10000",1,0,0,0,0
"T63314S","9091","10111",1,0,1,1,1
"T63314S","E989","10112",1,0,1,1,2
"T63321A","9895","10111",1,0,1,1,1
"T63321A","E9051","10112",1,0,1,1,2
"T63321D","V5889","10000",1,0,0,0,0
"T63321S","9091","10111",1,0,1,1,1
"T63321S","E9292","10112",1,0,1,1,2
"T63322A","9895","10111",1,0,1,1,1
"T63322A","E9509","10112",1,0,1,1,2
"T63322D","V5889","10000",1,0,0,0,0
"T63322S","9091","10111",1,0,1,1,1
"T63322S","E959","10112",1,0,1,1,2
"T63323A","9895","10111",1,0,1,1,1
"T63323A","E9621","10112",1,0,1,1,2
"T63323D","V5889","10000",1,0,0,0,0
"T63323S","9091","10111",1,0,1,1,1
"T63323S","E969","10112",1,0,1,1,2
"T63324A","9895","10111",1,0,1,1,1
"T63324A","E9809","10112",1,0,1,1,2
"T63324D","V5889","10000",1,0,0,0,0
"T63324S","9091","10111",1,0,1,1,1
"T63324S","E989","10112",1,0,1,1,2
"T63331A","9895","10111",1,0,1,1,1
"T63331A","E9051","10112",1,0,1,1,2
"T63331D","V5889","10000",1,0,0,0,0
"T63331S","9091","10111",1,0,1,1,1
"T63331S","E9292","10112",1,0,1,1,2
"T63332A","9895","10111",1,0,1,1,1
"T63332A","E9509","10112",1,0,1,1,2
"T63332D","V5889","10000",1,0,0,0,0
"T63332S","9091","10111",1,0,1,1,1
"T63332S","E959","10112",1,0,1,1,2
"T63333A","9895","10111",1,0,1,1,1
"T63333A","E9621","10112",1,0,1,1,2
"T63333D","V5889","10000",1,0,0,0,0
"T63333S","9091","10111",1,0,1,1,1
"T63333S","E969","10112",1,0,1,1,2
"T63334A","9895","10111",1,0,1,1,1
"T63334A","E9809","10112",1,0,1,1,2
"T63334D","V5889","10000",1,0,0,0,0
"T63334S","9091","10111",1,0,1,1,1
"T63334S","E989","10112",1,0,1,1,2
"T63391A","9895","10111",1,0,1,1,1
"T63391A","E9051","10112",1,0,1,1,2
"T63391D","V5889","10000",1,0,0,0,0
"T63391S","9091","10111",1,0,1,1,1
"T63391S","E9292","10112",1,0,1,1,2
"T63392A","9895","10111",1,0,1,1,1
"T63392A","E9509","10112",1,0,1,1,2
"T63392D","V5889","10000",1,0,0,0,0
"T63392S","9091","10111",1,0,1,1,1
"T63392S","E959","10112",1,0,1,1,2
"T63393A","9895","10111",1,0,1,1,1
"T63393A","E9621","10112",1,0,1,1,2
"T63393D","V5889","10000",1,0,0,0,0
"T63393S","9091","10111",1,0,1,1,1
"T63393S","E969","10112",1,0,1,1,2
"T63394A","9895","10111",1,0,1,1,1
"T63394A","E9809","10112",1,0,1,1,2
"T63394D","V5889","10000",1,0,0,0,0
"T63394S","9091","10111",1,0,1,1,1
"T63394S","E989","10112",1,0,1,1,2
"T63411A","9895","10111",1,0,1,1,1
"T63411A","E9054","10112",1,0,1,1,2
"T63411D","V5889","10000",1,0,0,0,0
"T63411S","9091","10111",1,0,1,1,1
"T63411S","E9292","10112",1,0,1,1,2
"T63412A","9895","10111",1,0,1,1,1
"T63412A","E9509","10112",1,0,1,1,2
"T63412D","V5889","10000",1,0,0,0,0
"T63412S","9091","10111",1,0,1,1,1
"T63412S","E959","10112",1,0,1,1,2
"T63413A","9895","10111",1,0,1,1,1
"T63413A","E9621","10112",1,0,1,1,2
"T63413D","V5889","10000",1,0,0,0,0
"T63413S","9091","10111",1,0,1,1,1
"T63413S","E969","10112",1,0,1,1,2
"T63414A","9895","10111",1,0,1,1,1
"T63414A","E9809","10112",1,0,1,1,2
"T63414D","V5889","10000",1,0,0,0,0
"T63414S","9091","10111",1,0,1,1,1
"T63414S","E989","10112",1,0,1,1,2
"T63421A","9895","10111",1,0,1,1,1
"T63421A","E9055","10112",1,0,1,1,2
"T63421D","V5889","10000",1,0,0,0,0
"T63421S","9091","10111",1,0,1,1,1
"T63421S","E9292","10112",1,0,1,1,2
"T63422A","9895","10111",1,0,1,1,1
"T63422A","E9509","10112",1,0,1,1,2
"T63422D","V5889","10000",1,0,0,0,0
"T63422S","9091","10111",1,0,1,1,1
"T63422S","E959","10112",1,0,1,1,2
"T63423A","9895","10111",1,0,1,1,1
"T63423A","E9621","10112",1,0,1,1,2
"T63423D","V5889","10000",1,0,0,0,0
"T63423S","9091","10111",1,0,1,1,1
"T63423S","E969","10112",1,0,1,1,2
"T63424A","9895","10111",1,0,1,1,1
"T63424A","E9809","10112",1,0,1,1,2
"T63424D","V5889","10000",1,0,0,0,0
"T63424S","9091","10111",1,0,1,1,1
"T63424S","E989","10112",1,0,1,1,2
"T63431A","9895","10111",1,0,1,1,1
"T63431A","E9055","10112",1,0,1,1,2
"T63431D","V5889","10000",1,0,0,0,0
"T63431S","9091","10111",1,0,1,1,1
"T63431S","E9292","10112",1,0,1,1,2
"T63432A","9895","10111",1,0,1,1,1
"T63432A","E9509","10112",1,0,1,1,2
"T63432D","V5889","10000",1,0,0,0,0
"T63432S","9091","10111",1,0,1,1,1
"T63432S","E959","10112",1,0,1,1,2
"T63433A","9895","10111",1,0,1,1,1
"T63433A","E9621","10112",1,0,1,1,2
"T63433D","V5889","10000",1,0,0,0,0
"T63433S","9091","10111",1,0,1,1,1
"T63433S","E969","10112",1,0,1,1,2
"T63434A","9895","10111",1,0,1,1,1
"T63434A","E9809","10112",1,0,1,1,2
"T63434D","V5889","10000",1,0,0,0,0
"T63434S","9091","10111",1,0,1,1,1
"T63434S","E989","10112",1,0,1,1,2
"T63441A","9895","10111",1,0,1,1,1
"T63441A","E9053","10112",1,0,1,1,2
"T63441D","V5889","10000",1,0,0,0,0
"T63441S","9091","10111",1,0,1,1,1
"T63441S","E9292","10112",1,0,1,1,2
"T63442A","9895","10111",1,0,1,1,1
"T63442A","E9509","10112",1,0,1,1,2
"T63442D","V5889","10000",1,0,0,0,0
"T63442S","9091","10111",1,0,1,1,1
"T63442S","E959","10112",1,0,1,1,2
"T63443A","9895","10111",1,0,1,1,1
"T63443A","E9621","10112",1,0,1,1,2
"T63443D","V5889","10000",1,0,0,0,0
"T63443S","9091","10111",1,0,1,1,1
"T63443S","E969","10112",1,0,1,1,2
"T63444A","9895","10111",1,0,1,1,1
"T63444A","E9809","10112",1,0,1,1,2
"T63444D","V5889","10000",1,0,0,0,0
"T63444S","9091","10111",1,0,1,1,1
"T63444S","E989","10112",1,0,1,1,2
"T63451A","9895","10111",1,0,1,1,1
"T63451A","E9053","10112",1,0,1,1,2
"T63451D","V5889","10000",1,0,0,0,0
"T63451S","9091","10111",1,0,1,1,1
"T63451S","E9292","10112",1,0,1,1,2
"T63452A","9895","10111",1,0,1,1,1
"T63452A","E9509","10112",1,0,1,1,2
"T63452D","V5889","10000",1,0,0,0,0
"T63452S","9091","10111",1,0,1,1,1
"T63452S","E959","10112",1,0,1,1,2
"T63453A","9895","10111",1,0,1,1,1
"T63453A","E9621","10112",1,0,1,1,2
"T63453D","V5889","10000",1,0,0,0,0
"T63453S","9091","10111",1,0,1,1,1
"T63453S","E969","10112",1,0,1,1,2
"T63454A","9895","10111",1,0,1,1,1
"T63454A","E9809","10112",1,0,1,1,2
"T63454D","V5889","10000",1,0,0,0,0
"T63454S","9091","10111",1,0,1,1,1
"T63454S","E989","10112",1,0,1,1,2
"T63461A","9895","10111",1,0,1,1,1
"T63461A","E9053","10112",1,0,1,1,2
"T63461D","V5889","10000",1,0,0,0,0
"T63461S","9091","10111",1,0,1,1,1
"T63461S","E9292","10112",1,0,1,1,2
"T63462A","9895","10111",1,0,1,1,1
"T63462A","E9509","10112",1,0,1,1,2
"T63462D","V5889","10000",1,0,0,0,0
"T63462S","9091","10111",1,0,1,1,1
"T63462S","E959","10112",1,0,1,1,2
"T63463A","9895","10111",1,0,1,1,1
"T63463A","E9621","10112",1,0,1,1,2
"T63463D","V5889","10000",1,0,0,0,0
"T63463S","9091","10111",1,0,1,1,1
"T63463S","E969","10112",1,0,1,1,2
"T63464A","9895","10111",1,0,1,1,1
"T63464A","E9809","10112",1,0,1,1,2
"T63464D","V5889","10000",1,0,0,0,0
"T63464S","9091","10111",1,0,1,1,1
"T63464S","E989","10112",1,0,1,1,2
"T63481A","9895","10111",1,0,1,1,1
"T63481A","E9055","10112",1,0,1,1,2
"T63481D","V5889","10000",1,0,0,0,0
"T63481S","9091","10111",1,0,1,1,1
"T63481S","E9292","10112",1,0,1,1,2
"T63482A","9895","10111",1,0,1,1,1
"T63482A","E9509","10112",1,0,1,1,2
"T63482D","V5889","10000",1,0,0,0,0
"T63482S","9091","10111",1,0,1,1,1
"T63482S","E959","10112",1,0,1,1,2
"T63483A","9895","10111",1,0,1,1,1
"T63483A","E9621","10112",1,0,1,1,2
"T63483D","V5889","10000",1,0,0,0,0
"T63483S","9091","10111",1,0,1,1,1
"T63483S","E969","10112",1,0,1,1,2
"T63484A","9895","10111",1,0,1,1,1
"T63484A","E9809","10112",1,0,1,1,2
"T63484D","V5889","10000",1,0,0,0,0
"T63484S","9091","10111",1,0,1,1,1
"T63484S","E989","10112",1,0,1,1,2
"T63511A","9895","10111",1,0,1,1,1
"T63511A","E9056","10112",1,0,1,1,2
"T63511D","V5889","10000",1,0,0,0,0
"T63511S","9091","10111",1,0,1,1,1
"T63511S","E9292","10112",1,0,1,1,2
"T63512A","9895","10111",1,0,1,1,1
"T63512A","E9509","10112",1,0,1,1,2
"T63512D","V5889","10000",1,0,0,0,0
"T63512S","9091","10111",1,0,1,1,1
"T63512S","E959","10112",1,0,1,1,2
"T63513A","9895","10111",1,0,1,1,1
"T63513A","E9621","10112",1,0,1,1,2
"T63513D","V5889","10000",1,0,0,0,0
"T63513S","9091","10111",1,0,1,1,1
"T63513S","E969","10112",1,0,1,1,2
"T63514A","9895","10111",1,0,1,1,1
"T63514A","E9809","10112",1,0,1,1,2
"T63514D","V5889","10000",1,0,0,0,0
"T63514S","9091","10111",1,0,1,1,1
"T63514S","E989","10112",1,0,1,1,2
"T63591A","9895","10111",1,0,1,1,1
"T63591A","E9056","10112",1,0,1,1,2
"T63591D","V5889","10000",1,0,0,0,0
"T63591S","9091","10111",1,0,1,1,1
"T63591S","E9292","10112",1,0,1,1,2
"T63592A","9895","10111",1,0,1,1,1
"T63592A","E9509","10112",1,0,1,1,2
"T63592D","V5889","10000",1,0,0,0,0
"T63592S","9091","10111",1,0,1,1,1
"T63592S","E959","10112",1,0,1,1,2
"T63593A","9895","10111",1,0,1,1,1
"T63593A","E9621","10112",1,0,1,1,2
"T63593D","V5889","10000",1,0,0,0,0
"T63593S","9091","10111",1,0,1,1,1
"T63593S","E969","10112",1,0,1,1,2
"T63594A","9895","10111",1,0,1,1,1
"T63594A","E9809","10112",1,0,1,1,2
"T63594D","V5889","10000",1,0,0,0,0
"T63594S","9091","10111",1,0,1,1,1
"T63594S","E989","10112",1,0,1,1,2
"T63611A","9895","10111",1,0,1,1,1
"T63611A","E9056","10112",1,0,1,1,2
"T63611D","V5889","10000",1,0,0,0,0
"T63611S","9091","10111",1,0,1,1,1
"T63611S","E9292","10112",1,0,1,1,2
"T63612A","9895","10111",1,0,1,1,1
"T63612A","E9509","10112",1,0,1,1,2
"T63612D","V5889","10000",1,0,0,0,0
"T63612S","9091","10111",1,0,1,1,1
"T63612S","E959","10112",1,0,1,1,2
"T63613A","9895","10111",1,0,1,1,1
"T63613A","E9621","10112",1,0,1,1,2
"T63613D","V5889","10000",1,0,0,0,0
"T63613S","9091","10111",1,0,1,1,1
"T63613S","E969","10112",1,0,1,1,2
"T63614A","9895","10111",1,0,1,1,1
"T63614A","E9809","10112",1,0,1,1,2
"T63614D","V5889","10000",1,0,0,0,0
"T63614S","9091","10111",1,0,1,1,1
"T63614S","E989","10112",1,0,1,1,2
"T63621A","9895","10111",1,0,1,1,1
"T63621A","E9056","10112",1,0,1,1,2
"T63621D","V5889","10000",1,0,0,0,0
"T63621S","9091","10111",1,0,1,1,1
"T63621S","E9292","10112",1,0,1,1,2
"T63622A","9895","10111",1,0,1,1,1
"T63622A","E9509","10112",1,0,1,1,2
"T63622D","V5889","10000",1,0,0,0,0
"T63622S","9091","10111",1,0,1,1,1
"T63622S","E959","10112",1,0,1,1,2
"T63623A","9895","10111",1,0,1,1,1
"T63623A","E9621","10112",1,0,1,1,2
"T63623D","V5889","10000",1,0,0,0,0
"T63623S","9091","10111",1,0,1,1,1
"T63623S","E969","10112",1,0,1,1,2
"T63624A","9895","10111",1,0,1,1,1
"T63624A","E9809","10112",1,0,1,1,2
"T63624D","V5889","10000",1,0,0,0,0
"T63624S","9091","10111",1,0,1,1,1
"T63624S","E989","10112",1,0,1,1,2
"T63631A","9895","10111",1,0,1,1,1
"T63631A","E9056","10112",1,0,1,1,2
"T63631D","V5889","10000",1,0,0,0,0
"T63631S","9091","10111",1,0,1,1,1
"T63631S","E9292","10112",1,0,1,1,2
"T63632A","9895","10111",1,0,1,1,1
"T63632A","E9509","10112",1,0,1,1,2
"T63632D","V5889","10000",1,0,0,0,0
"T63632S","9091","10111",1,0,1,1,1
"T63632S","E959","10112",1,0,1,1,2
"T63633A","9895","10111",1,0,1,1,1
"T63633A","E9621","10112",1,0,1,1,2
"T63633D","V5889","10000",1,0,0,0,0
"T63633S","9091","10111",1,0,1,1,1
"T63633S","E969","10112",1,0,1,1,2
"T63634A","9895","10111",1,0,1,1,1
"T63634A","E9809","10112",1,0,1,1,2
"T63634D","V5889","10000",1,0,0,0,0
"T63634S","9091","10111",1,0,1,1,1
"T63634S","E989","10112",1,0,1,1,2
"T63691A","9895","10111",1,0,1,1,1
"T63691A","E9056","10112",1,0,1,1,2
"T63691D","V5889","10000",1,0,0,0,0
"T63691S","9091","10111",1,0,1,1,1
"T63691S","E9292","10112",1,0,1,1,2
"T63692A","9895","10111",1,0,1,1,1
"T63692A","E9509","10112",1,0,1,1,2
"T63692D","V5889","10000",1,0,0,0,0
"T63692S","9091","10111",1,0,1,1,1
"T63692S","E959","10112",1,0,1,1,2
"T63693A","9895","10111",1,0,1,1,1
"T63693A","E9621","10112",1,0,1,1,2
"T63693D","V5889","10000",1,0,0,0,0
"T63693S","9091","10111",1,0,1,1,1
"T63693S","E969","10112",1,0,1,1,2
"T63694A","9895","10111",1,0,1,1,1
"T63694A","E9809","10112",1,0,1,1,2
"T63694D","V5889","10000",1,0,0,0,0
"T63694S","9091","10111",1,0,1,1,1
"T63694S","E989","10112",1,0,1,1,2
"T63711A","9895","10111",1,0,1,1,1
"T63711A","E9056","10112",1,0,1,1,2
"T63711D","V5889","10000",1,0,0,0,0
"T63711S","9091","10111",1,0,1,1,1
"T63711S","E9292","10112",1,0,1,1,2
"T63712A","9895","10111",1,0,1,1,1
"T63712A","E9509","10112",1,0,1,1,2
"T63712D","V5889","10000",1,0,0,0,0
"T63712S","9091","10111",1,0,1,1,1
"T63712S","E959","10112",1,0,1,1,2
"T63713A","9895","10111",1,0,1,1,1
"T63713A","E9621","10112",1,0,1,1,2
"T63713D","V5889","10000",1,0,0,0,0
"T63713S","9091","10111",1,0,1,1,1
"T63713S","E969","10112",1,0,1,1,2
"T63714A","9895","10111",1,0,1,1,1
"T63714A","E9809","10112",1,0,1,1,2
"T63714D","V5889","10000",1,0,0,0,0
"T63714S","9091","10111",1,0,1,1,1
"T63714S","E989","10112",1,0,1,1,2
"T63791A","9895","10111",1,0,1,1,1
"T63791A","E9056","10112",1,0,1,1,2
"T63791D","V5889","10000",1,0,0,0,0
"T63791S","9091","10111",1,0,1,1,1
"T63791S","E9292","10112",1,0,1,1,2
"T63792A","9895","10111",1,0,1,1,1
"T63792A","E9509","10112",1,0,1,1,2
"T63792D","V5889","10000",1,0,0,0,0
"T63792S","9091","10111",1,0,1,1,1
"T63792S","E959","10112",1,0,1,1,2
"T63793A","9895","10111",1,0,1,1,1
"T63793A","E9621","10112",1,0,1,1,2
"T63793D","V5889","10000",1,0,0,0,0
"T63793S","9091","10111",1,0,1,1,1
"T63793S","E969","10112",1,0,1,1,2
"T63794A","9895","10111",1,0,1,1,1
"T63794A","E9809","10112",1,0,1,1,2
"T63794D","V5889","10000",1,0,0,0,0
"T63794S","9091","10111",1,0,1,1,1
"T63794S","E989","10112",1,0,1,1,2
"T63811A","9895","10111",1,0,1,1,1
"T63811A","E9056","10112",1,0,1,1,2
"T63811D","V5889","10000",1,0,0,0,0
"T63811S","9091","10111",1,0,1,1,1
"T63811S","E9292","10112",1,0,1,1,2
"T63812A","9895","10111",1,0,1,1,1
"T63812A","E9509","10112",1,0,1,1,2
"T63812D","V5889","10000",1,0,0,0,0
"T63812S","9091","10111",1,0,1,1,1
"T63812S","E959","10112",1,0,1,1,2
"T63813A","9895","10111",1,0,1,1,1
"T63813A","E9621","10112",1,0,1,1,2
"T63813D","V5889","10000",1,0,0,0,0
"T63813S","9091","10111",1,0,1,1,1
"T63813S","E969","10112",1,0,1,1,2
"T63814A","9895","10111",1,0,1,1,1
"T63814A","E9809","10112",1,0,1,1,2
"T63814D","V5889","10000",1,0,0,0,0
"T63814S","9091","10111",1,0,1,1,1
"T63814S","E989","10112",1,0,1,1,2
"T63821A","9895","10111",1,0,1,1,1
"T63821A","E9056","10112",1,0,1,1,2
"T63821D","V5889","10000",1,0,0,0,0
"T63821S","9091","10111",1,0,1,1,1
"T63821S","E9292","10112",1,0,1,1,2
"T63822A","9895","10111",1,0,1,1,1
"T63822A","E9509","10112",1,0,1,1,2
"T63822D","V5889","10000",1,0,0,0,0
"T63822S","9091","10111",1,0,1,1,1
"T63822S","E959","10112",1,0,1,1,2
"T63823A","9895","10111",1,0,1,1,1
"T63823A","E9621","10112",1,0,1,1,2
"T63823D","V5889","10000",1,0,0,0,0
"T63823S","9091","10111",1,0,1,1,1
"T63823S","E969","10112",1,0,1,1,2
"T63824A","9895","10111",1,0,1,1,1
"T63824A","E9809","10112",1,0,1,1,2
"T63824D","V5889","10000",1,0,0,0,0
"T63824S","9091","10111",1,0,1,1,1
"T63824S","E989","10112",1,0,1,1,2
"T63831A","9895","10111",1,0,1,1,1
"T63831A","E9056","10112",1,0,1,1,2
"T63831D","V5889","10000",1,0,0,0,0
"T63831S","9091","10111",1,0,1,1,1
"T63831S","E9292","10112",1,0,1,1,2
"T63832A","9895","10111",1,0,1,1,1
"T63832A","E9509","10112",1,0,1,1,2
"T63832D","V5889","10000",1,0,0,0,0
"T63832S","9091","10111",1,0,1,1,1
"T63832S","E959","10112",1,0,1,1,2
"T63833A","9895","10111",1,0,1,1,1
"T63833A","E9621","10112",1,0,1,1,2
"T63833D","V5889","10000",1,0,0,0,0
"T63833S","9091","10111",1,0,1,1,1
"T63833S","E969","10112",1,0,1,1,2
"T63834A","9895","10111",1,0,1,1,1
"T63834A","E9809","10112",1,0,1,1,2
"T63834D","V5889","10000",1,0,0,0,0
"T63834S","9091","10111",1,0,1,1,1
"T63834S","E989","10112",1,0,1,1,2
"T63891A","9895","10111",1,0,1,1,1
"T63891A","E9056","10112",1,0,1,1,2
"T63891D","V5889","10000",1,0,0,0,0
"T63891S","9091","10111",1,0,1,1,1
"T63891S","E9292","10112",1,0,1,1,2
"T63892A","9895","10111",1,0,1,1,1
"T63892A","E9509","10112",1,0,1,1,2
"T63892D","V5889","10000",1,0,0,0,0
"T63892S","9091","10111",1,0,1,1,1
"T63892S","E959","10112",1,0,1,1,2
"T63893A","9895","10111",1,0,1,1,1
"T63893A","E9621","10112",1,0,1,1,2
"T63893D","V5889","10000",1,0,0,0,0
"T63893S","9091","10111",1,0,1,1,1
"T63893S","E969","10112",1,0,1,1,2
"T63894A","9895","10111",1,0,1,1,1
"T63894A","E9809","10112",1,0,1,1,2
"T63894D","V5889","10000",1,0,0,0,0
"T63894S","9091","10111",1,0,1,1,1
"T63894S","E989","10112",1,0,1,1,2
"T6391XA","9895","10111",1,0,1,1,1
"T6391XA","E9056","10112",1,0,1,1,2
"T6391XD","V5889","10000",1,0,0,0,0
"T6391XS","9091","10111",1,0,1,1,1
"T6391XS","E9292","10112",1,0,1,1,2
"T6392XA","9895","10111",1,0,1,1,1
"T6392XA","E9509","10112",1,0,1,1,2
"T6392XD","V5889","10000",1,0,0,0,0
"T6392XS","9091","10111",1,0,1,1,1
"T6392XS","E959","10112",1,0,1,1,2
"T6393XA","9895","10111",1,0,1,1,1
"T6393XA","E9621","10112",1,0,1,1,2
"T6393XD","V5889","10000",1,0,0,0,0
"T6393XS","9091","10111",1,0,1,1,1
"T6393XS","E969","10112",1,0,1,1,2
"T6394XA","9895","10111",1,0,1,1,1
"T6394XA","E9809","10112",1,0,1,1,2
"T6394XD","V5889","10000",1,0,0,0,0
"T6394XS","9091","10111",1,0,1,1,1
"T6394XS","E989","10112",1,0,1,1,2
"T6401XA","9897","10111",1,0,1,1,1
"T6401XA","E8668","10112",1,0,1,1,2
"T6401XD","V5889","10000",1,0,0,0,0
"T6401XS","9091","10111",1,0,1,1,1
"T6401XS","E9292","10112",1,0,1,1,2
"T6402XA","9897","10111",1,0,1,1,1
"T6402XA","E9509","10112",1,0,1,1,2
"T6402XD","V5889","10000",1,0,0,0,0
"T6402XS","9091","10111",1,0,1,1,1
"T6402XS","E959","10112",1,0,1,1,2
"T6403XA","9897","10111",1,0,1,1,1
"T6403XA","E9621","10112",1,0,1,1,2
"T6403XD","V5889","10000",1,0,0,0,0
"T6403XS","9091","10111",1,0,1,1,1
"T6403XS","E969","10112",1,0,1,1,2
"T6404XA","9897","10111",1,0,1,1,1
"T6404XA","E9809","10112",1,0,1,1,2
"T6404XD","V5889","10000",1,0,0,0,0
"T6404XS","9091","10111",1,0,1,1,1
"T6404XS","E989","10112",1,0,1,1,2
"T6481XA","9897","10111",1,0,1,1,1
"T6481XA","E8668","10112",1,0,1,1,2
"T6481XD","V5889","10000",1,0,0,0,0
"T6481XS","9091","10111",1,0,1,1,1
"T6481XS","E9292","10112",1,0,1,1,2
"T6482XA","9897","10111",1,0,1,1,1
"T6482XA","E9509","10112",1,0,1,1,2
"T6482XD","V5889","10000",1,0,0,0,0
"T6482XS","9091","10111",1,0,1,1,1
"T6482XS","E959","10112",1,0,1,1,2
"T6483XA","9897","10111",1,0,1,1,1
"T6483XA","E9621","10112",1,0,1,1,2
"T6483XD","V5889","10000",1,0,0,0,0
"T6483XS","9091","10111",1,0,1,1,1
"T6483XS","E969","10112",1,0,1,1,2
"T6484XA","9897","10111",1,0,1,1,1
"T6484XA","E9809","10112",1,0,1,1,2
"T6484XD","V5889","10000",1,0,0,0,0
"T6484XS","9091","10111",1,0,1,1,1
"T6484XS","E989","10112",1,0,1,1,2
"T650X1A","9890","10111",1,0,1,1,1
"T650X1A","E8668","10112",1,0,1,1,2
"T650X1D","V5889","10000",1,0,0,0,0
"T650X1S","9091","10111",1,0,1,1,1
"T650X1S","E9292","10112",1,0,1,1,2
"T650X2A","9890","10111",1,0,1,1,1
"T650X2A","E9509","10112",1,0,1,1,2
"T650X2D","V5889","10000",1,0,0,0,0
"T650X2S","9091","10111",1,0,1,1,1
"T650X2S","E959","10112",1,0,1,1,2
"T650X3A","9890","10111",1,0,1,1,1
"T650X3A","E9621","10112",1,0,1,1,2
"T650X3D","V5889","10000",1,0,0,0,0
"T650X3S","9091","10111",1,0,1,1,1
"T650X3S","E969","10112",1,0,1,1,2
"T650X4A","9890","10111",1,0,1,1,1
"T650X4A","E9809","10112",1,0,1,1,2
"T650X4D","V5889","10000",1,0,0,0,0
"T650X4S","9091","10111",1,0,1,1,1
"T650X4S","E989","10112",1,0,1,1,2
"T651X1A","9891","10111",1,0,1,1,1
"T651X1A","E8668","10112",1,0,1,1,2
"T651X1D","V5889","10000",1,0,0,0,0
"T651X1S","9091","10111",1,0,1,1,1
"T651X1S","E9292","10112",1,0,1,1,2
"T651X2A","9891","10111",1,0,1,1,1
"T651X2A","E9509","10112",1,0,1,1,2
"T651X2D","V5889","10000",1,0,0,0,0
"T651X2S","9091","10111",1,0,1,1,1
"T651X2S","E959","10112",1,0,1,1,2
"T651X3A","9891","10111",1,0,1,1,1
"T651X3A","E9621","10112",1,0,1,1,2
"T651X3D","V5889","10000",1,0,0,0,0
"T651X3S","9091","10111",1,0,1,1,1
"T651X3S","E969","10112",1,0,1,1,2
"T651X4A","9891","10111",1,0,1,1,1
"T651X4A","E9809","10112",1,0,1,1,2
"T651X4D","V5889","10000",1,0,0,0,0
"T651X4S","9091","10111",1,0,1,1,1
"T651X4S","E989","10112",1,0,1,1,2
"T65211A","98984","10111",1,0,1,1,1
"T65211A","E8668","10112",1,0,1,1,2
"T65211D","V5889","10000",1,0,0,0,0
"T65211S","9091","10111",1,0,1,1,1
"T65211S","E9292","10112",1,0,1,1,2
"T65212A","98984","10111",1,0,1,1,1
"T65212A","E9509","10112",1,0,1,1,2
"T65212D","V5889","10000",1,0,0,0,0
"T65212S","9091","10111",1,0,1,1,1
"T65212S","E959","10112",1,0,1,1,2
"T65213A","98984","10111",1,0,1,1,1
"T65213A","E9621","10112",1,0,1,1,2
"T65213D","V5889","10000",1,0,0,0,0
"T65213S","9091","10111",1,0,1,1,1
"T65213S","E969","10112",1,0,1,1,2
"T65214A","98984","10111",1,0,1,1,1
"T65214A","E9809","10112",1,0,1,1,2
"T65214D","V5889","10000",1,0,0,0,0
"T65214S","9091","10111",1,0,1,1,1
"T65214S","E989","10112",1,0,1,1,2
"T65221A","98984","10111",1,0,1,1,1
"T65221A","E8668","10112",1,0,1,1,2
"T65221D","V5889","10000",1,0,0,0,0
"T65221S","9091","10111",1,0,1,1,1
"T65221S","E9292","10112",1,0,1,1,2
"T65222A","98984","10111",1,0,1,1,1
"T65222A","E9509","10112",1,0,1,1,2
"T65222D","V5889","10000",1,0,0,0,0
"T65222S","9091","10111",1,0,1,1,1
"T65222S","E959","10112",1,0,1,1,2
"T65223A","98984","10111",1,0,1,1,1
"T65223A","E9621","10112",1,0,1,1,2
"T65223D","V5889","10000",1,0,0,0,0
"T65223S","9091","10111",1,0,1,1,1
"T65223S","E969","10112",1,0,1,1,2
"T65224A","98984","10111",1,0,1,1,1
"T65224A","E9809","10112",1,0,1,1,2
"T65224D","V5889","10000",1,0,0,0,0
"T65224S","9091","10111",1,0,1,1,1
"T65224S","E989","10112",1,0,1,1,2
"T65291A","98984","10111",1,0,1,1,1
"T65291A","E8668","10112",1,0,1,1,2
"T65291D","V5889","10000",1,0,0,0,0
"T65291S","9091","10111",1,0,1,1,1
"T65291S","E9292","10112",1,0,1,1,2
"T65292A","98984","10111",1,0,1,1,1
"T65292A","E9509","10112",1,0,1,1,2
"T65292D","V5889","10000",1,0,0,0,0
"T65292S","9091","10111",1,0,1,1,1
"T65292S","E959","10112",1,0,1,1,2
"T65293A","98984","10111",1,0,1,1,1
"T65293A","E9621","10112",1,0,1,1,2
"T65293D","V5889","10000",1,0,0,0,0
"T65293S","9091","10111",1,0,1,1,1
"T65293S","E969","10112",1,0,1,1,2
"T65294A","98984","10111",1,0,1,1,1
"T65294A","E9809","10112",1,0,1,1,2
"T65294D","V5889","10000",1,0,0,0,0
"T65294S","9091","10111",1,0,1,1,1
"T65294S","E989","10112",1,0,1,1,2
"T653X1A","9820","10111",1,0,1,1,1
"T653X1A","E8668","10112",1,0,1,1,2
"T653X1D","V5889","10000",1,0,0,0,0
"T653X1S","9091","10111",1,0,1,1,1
"T653X1S","E9292","10112",1,0,1,1,2
"T653X2A","9820","10111",1,0,1,1,1
"T653X2A","E9509","10112",1,0,1,1,2
"T653X2D","V5889","10000",1,0,0,0,0
"T653X2S","9091","10111",1,0,1,1,1
"T653X2S","E959","10112",1,0,1,1,2
"T653X3A","9820","10111",1,0,1,1,1
"T653X3A","E9621","10112",1,0,1,1,2
"T653X3D","V5889","10000",1,0,0,0,0
"T653X3S","9091","10111",1,0,1,1,1
"T653X3S","E969","10112",1,0,1,1,2
"T653X4A","9820","10111",1,0,1,1,1
"T653X4A","E9809","10112",1,0,1,1,2
"T653X4D","V5889","10000",1,0,0,0,0
"T653X4S","9091","10111",1,0,1,1,1
"T653X4S","E989","10112",1,0,1,1,2
"T654X1A","9822","10111",1,0,1,1,1
"T654X1A","E8668","10112",1,0,1,1,2
"T654X1D","V5889","10000",1,0,0,0,0
"T654X1S","9091","10111",1,0,1,1,1
"T654X1S","E9292","10112",1,0,1,1,2
"T654X2A","9822","10111",1,0,1,1,1
"T654X2A","E9509","10112",1,0,1,1,2
"T654X2D","V5889","10000",1,0,0,0,0
"T654X2S","9091","10111",1,0,1,1,1
"T654X2S","E959","10112",1,0,1,1,2
"T654X3A","9822","10111",1,0,1,1,1
"T654X3A","E9621","10112",1,0,1,1,2
"T654X3D","V5889","10000",1,0,0,0,0
"T654X3S","9091","10111",1,0,1,1,1
"T654X3S","E969","10112",1,0,1,1,2
"T654X4A","9822","10111",1,0,1,1,1
"T654X4A","E9809","10112",1,0,1,1,2
"T654X4D","V5889","10000",1,0,0,0,0
"T654X4S","9091","10111",1,0,1,1,1
"T654X4S","E989","10112",1,0,1,1,2
"T655X1A","98989","10111",1,0,1,1,1
"T655X1A","E8641","10112",1,0,1,1,2
"T655X1D","V5889","10000",1,0,0,0,0
"T655X1S","9091","10111",1,0,1,1,1
"T655X1S","E9292","10112",1,0,1,1,2
"T655X2A","98989","10111",1,0,1,1,1
"T655X2A","E9509","10112",1,0,1,1,2
"T655X2D","V5889","10000",1,0,0,0,0
"T655X2S","9091","10111",1,0,1,1,1
"T655X2S","E959","10112",1,0,1,1,2
"T655X3A","98989","10111",1,0,1,1,1
"T655X3A","E9621","10112",1,0,1,1,2
"T655X3D","V5889","10000",1,0,0,0,0
"T655X3S","9091","10111",1,0,1,1,1
"T655X3S","E969","10112",1,0,1,1,2
"T655X4A","98989","10111",1,0,1,1,1
"T655X4A","E9809","10112",1,0,1,1,2
"T655X4D","V5889","10000",1,0,0,0,0
"T655X4S","9091","10111",1,0,1,1,1
"T655X4S","E989","10112",1,0,1,1,2
"T656X1A","98989","10111",1,0,1,1,1
"T656X1A","E8616","10112",1,0,1,1,2
"T656X1D","V5889","10000",1,0,0,0,0
"T656X1S","9091","10111",1,0,1,1,1
"T656X1S","E9292","10112",1,0,1,1,2
"T656X2A","98989","10111",1,0,1,1,1
"T656X2A","E9509","10112",1,0,1,1,2
"T656X2D","V5889","10000",1,0,0,0,0
"T656X2S","9091","10111",1,0,1,1,1
"T656X2S","E959","10112",1,0,1,1,2
"T656X3A","98989","10111",1,0,1,1,1
"T656X3A","E9621","10112",1,0,1,1,2
"T656X3D","V5889","10000",1,0,0,0,0
"T656X3S","9091","10111",1,0,1,1,1
"T656X3S","E969","10112",1,0,1,1,2
"T656X4A","98989","10111",1,0,1,1,1
"T656X4A","E9809","10112",1,0,1,1,2
"T656X4D","V5889","10000",1,0,0,0,0
"T656X4S","9091","10111",1,0,1,1,1
"T656X4S","E989","10112",1,0,1,1,2
"T65811A","98982","10111",1,0,1,1,1
"T65811A","E8668","10112",1,0,1,1,2
"T65811D","V5889","10000",1,0,0,0,0
"T65811S","9091","10111",1,0,1,1,1
"T65811S","E9292","10112",1,0,1,1,2
"T65812A","98982","10111",1,0,1,1,1
"T65812A","E9509","10112",1,0,1,1,2
"T65812D","V5889","10000",1,0,0,0,0
"T65812S","9091","10111",1,0,1,1,1
"T65812S","E959","10112",1,0,1,1,2
"T65813A","98982","10111",1,0,1,1,1
"T65813A","E9621","10112",1,0,1,1,2
"T65813D","V5889","10000",1,0,0,0,0
"T65813S","9091","10111",1,0,1,1,1
"T65813S","E969","10112",1,0,1,1,2
"T65814A","98982","10111",1,0,1,1,1
"T65814A","E9809","10112",1,0,1,1,2
"T65814D","V5889","10000",1,0,0,0,0
"T65814S","9091","10111",1,0,1,1,1
"T65814S","E989","10112",1,0,1,1,2
"T65821A","98989","10111",1,0,1,1,1
"T65821A","E9286","10112",1,0,1,1,2
"T65821D","V5889","10000",1,0,0,0,0
"T65821S","9091","10111",1,0,1,1,1
"T65821S","E9292","10112",1,0,1,1,2
"T65822A","98989","10111",1,0,1,1,1
"T65822A","E9509","10112",1,0,1,1,2
"T65822D","V5889","10000",1,0,0,0,0
"T65822S","9091","10111",1,0,1,1,1
"T65822S","E959","10112",1,0,1,1,2
"T65823A","98989","10111",1,0,1,1,1
"T65823A","E9621","10112",1,0,1,1,2
"T65823D","V5889","10000",1,0,0,0,0
"T65823S","9091","10111",1,0,1,1,1
"T65823S","E969","10112",1,0,1,1,2
"T65824A","98989","10111",1,0,1,1,1
"T65824A","E9286","10112",1,0,1,1,2
"T65824D","V5889","10000",1,0,0,0,0
"T65824S","9091","10111",1,0,1,1,1
"T65824S","E989","10112",1,0,1,1,2
"T65831A","98989","10111",1,0,1,1,1
"T65831A","E8668","10112",1,0,1,1,2
"T65831D","V5889","10000",1,0,0,0,0
"T65831S","9091","10111",1,0,1,1,1
"T65831S","E9292","10112",1,0,1,1,2
"T65832A","98989","10111",1,0,1,1,1
"T65832A","E9509","10112",1,0,1,1,2
"T65832D","V5889","10000",1,0,0,0,0
"T65832S","9091","10111",1,0,1,1,1
"T65832S","E959","10112",1,0,1,1,2
"T65833A","98989","10111",1,0,1,1,1
"T65833A","E9621","10112",1,0,1,1,2
"T65833D","V5889","10000",1,0,0,0,0
"T65833S","9091","10111",1,0,1,1,1
"T65833S","E969","10112",1,0,1,1,2
"T65834A","98989","10111",1,0,1,1,1
"T65834A","E9809","10112",1,0,1,1,2
"T65834D","V5889","10000",1,0,0,0,0
"T65834S","9091","10111",1,0,1,1,1
"T65834S","E989","10112",1,0,1,1,2
"T65891A","98989","10111",1,0,1,1,1
"T65891A","E8668","10112",1,0,1,1,2
"T65891D","V5889","10000",1,0,0,0,0
"T65891S","9091","10111",1,0,1,1,1
"T65891S","E9292","10112",1,0,1,1,2
"T65892A","98989","10111",1,0,1,1,1
"T65892A","E9509","10112",1,0,1,1,2
"T65892D","V5889","10000",1,0,0,0,0
"T65892S","9091","10111",1,0,1,1,1
"T65892S","E959","10112",1,0,1,1,2
"T65893A","98989","10111",1,0,1,1,1
"T65893A","E9621","10112",1,0,1,1,2
"T65893D","V5889","10000",1,0,0,0,0
"T65893S","9091","10111",1,0,1,1,1
"T65893S","E969","10112",1,0,1,1,2
"T65894A","98989","10000",1,0,0,0,0
"T65894A","98989","10111",1,0,1,1,1
"T65894A","E9809","10112",1,0,1,1,2
"T65894D","V5889","10000",1,0,0,0,0
"T65894S","9091","10111",1,0,1,1,1
"T65894S","E989","10112",1,0,1,1,2
"T6591XA","9899","10111",1,0,1,1,1
"T6591XA","E8668","10112",1,0,1,1,2
"T6591XD","V5889","10000",1,0,0,0,0
"T6591XS","9091","10111",1,0,1,1,1
"T6591XS","E9292","10112",1,0,1,1,2
"T6592XA","9899","10111",1,0,1,1,1
"T6592XA","E9509","10112",1,0,1,1,2
"T6592XD","V5889","10000",1,0,0,0,0
"T6592XS","9091","10111",1,0,1,1,1
"T6592XS","E959","10112",1,0,1,1,2
"T6593XA","9899","10111",1,0,1,1,1
"T6593XA","E9629","10112",1,0,1,1,2
"T6593XD","V5889","10000",1,0,0,0,0
"T6593XS","9091","10111",1,0,1,1,1
"T6593XS","E969","10112",1,0,1,1,2
"T6594XA","9899","10111",1,0,1,1,1
"T6594XA","E9809","10112",1,0,1,1,2
"T6594XD","V5889","10000",1,0,0,0,0
"T6594XS","9091","10111",1,0,1,1,1
"T6594XS","E989","10112",1,0,1,1,2
"T66XXXA","990","10000",1,0,0,0,0
"T66XXXD","V5889","10000",1,0,0,0,0
"T66XXXS","9094","10000",1,0,0,0,0
"T670XXA","9920","10000",1,0,0,0,0
"T670XXD","V5889","10000",1,0,0,0,0
"T670XXS","9094","10000",1,0,0,0,0
"T671XXA","9921","10000",1,0,0,0,0
"T671XXD","V5889","10000",1,0,0,0,0
"T671XXS","9094","10000",1,0,0,0,0
"T672XXA","9922","10000",1,0,0,0,0
"T672XXD","V5889","10000",1,0,0,0,0
"T672XXS","9094","10000",1,0,0,0,0
"T673XXA","9923","10000",1,0,0,0,0
"T673XXD","V5889","10000",1,0,0,0,0
"T673XXS","9094","10000",1,0,0,0,0
"T674XXA","9924","10000",1,0,0,0,0
"T674XXD","V5889","10000",1,0,0,0,0
"T674XXS","9094","10000",1,0,0,0,0
"T675XXA","9925","10000",1,0,0,0,0
"T675XXD","V5889","10000",1,0,0,0,0
"T675XXS","9094","10000",1,0,0,0,0
"T676XXA","9926","10000",1,0,0,0,0
"T676XXD","V5889","10000",1,0,0,0,0
"T676XXS","9094","10000",1,0,0,0,0
"T677XXA","9927","10000",1,0,0,0,0
"T677XXD","V5889","10000",1,0,0,0,0
"T677XXS","9094","10000",1,0,0,0,0
"T678XXA","9928","10000",1,0,0,0,0
"T678XXD","V5889","10000",1,0,0,0,0
"T678XXS","9094","10000",1,0,0,0,0
"T679XXA","9929","10000",1,0,0,0,0
"T679XXD","V5889","10000",1,0,0,0,0
"T679XXS","9094","10000",1,0,0,0,0
"T68XXXA","9916","10000",1,0,0,0,0
"T68XXXD","V5889","10000",1,0,0,0,0
"T68XXXS","9094","10000",1,0,0,0,0
"T69011A","9918","10000",1,0,0,0,0
"T69011D","V5889","10000",1,0,0,0,0
"T69011S","9094","10000",1,0,0,0,0
"T69012A","9918","10000",1,0,0,0,0
"T69012D","V5889","10000",1,0,0,0,0
"T69012S","9094","10000",1,0,0,0,0
"T69019A","9918","10000",1,0,0,0,0
"T69019D","V5889","10000",1,0,0,0,0
"T69019S","9094","10000",1,0,0,0,0
"T69021A","9914","10000",1,0,0,0,0
"T69021D","V5889","10000",1,0,0,0,0
"T69021S","9094","10000",1,0,0,0,0
"T69022A","9914","10000",1,0,0,0,0
"T69022D","V5889","10000",1,0,0,0,0
"T69022S","9094","10000",1,0,0,0,0
"T69029A","9914","10000",1,0,0,0,0
"T69029D","V5889","10000",1,0,0,0,0
"T69029S","9094","10000",1,0,0,0,0
"T691XXA","9915","10000",1,0,0,0,0
"T691XXD","V5889","10000",1,0,0,0,0
"T691XXS","9094","10000",1,0,0,0,0
"T698XXA","9918","10000",1,0,0,0,0
"T698XXD","V5889","10000",1,0,0,0,0
"T698XXS","9094","10000",1,0,0,0,0
"T699XXA","9919","10000",1,0,0,0,0
"T699XXD","V5889","10000",1,0,0,0,0
"T699XXS","9094","10000",1,0,0,0,0
"T700XXA","9930","10000",1,0,0,0,0
"T700XXD","V5889","10000",1,0,0,0,0
"T700XXS","9094","10000",1,0,0,0,0
"T701XXA","9931","10000",1,0,0,0,0
"T701XXD","V5889","10000",1,0,0,0,0
"T701XXS","9094","10000",1,0,0,0,0
"T7020XA","9932","10000",1,0,0,0,0
"T7020XD","V5889","10000",1,0,0,0,0
"T7020XS","9094","10000",1,0,0,0,0
"T7029XA","9932","10000",1,0,0,0,0
"T7029XD","V5889","10000",1,0,0,0,0
"T7029XS","9094","10000",1,0,0,0,0
"T703XXA","9933","10000",1,0,0,0,0
"T703XXD","V5889","10000",1,0,0,0,0
"T703XXS","9094","10000",1,0,0,0,0
"T704XXA","9934","10000",1,0,0,0,0
"T704XXD","V5889","10000",1,0,0,0,0
"T704XXS","9094","10000",1,0,0,0,0
"T708XXA","9938","10000",1,0,0,0,0
"T708XXD","V5889","10000",1,0,0,0,0
"T708XXS","9094","10000",1,0,0,0,0
"T709XXA","9939","10000",1,0,0,0,0
"T709XXD","V5889","10000",1,0,0,0,0
"T709XXS","9094","10000",1,0,0,0,0
"T71111A","9947","10111",1,0,1,1,1
"T71111A","E9130","10112",1,0,1,1,2
"T71111D","V5889","10000",1,0,0,0,0
"T71111S","9094","10000",1,0,0,0,0
"T71112A","9947","10111",1,0,1,1,1
"T71112A","E9538","10112",1,0,1,1,2
"T71112D","V5889","10000",1,0,0,0,0
"T71112S","9094","10000",1,0,0,0,0
"T71113A","9947","10111",1,0,1,1,1
"T71113A","E963","10112",1,0,1,1,2
"T71113D","V5889","10000",1,0,0,0,0
"T71113S","9094","10000",1,0,0,0,0
"T71114A","9947","10111",1,0,1,1,1
"T71114A","E9838","10112",1,0,1,1,2
"T71114D","V5889","10000",1,0,0,0,0
"T71114S","9094","10000",1,0,0,0,0
"T71121A","9947","10111",1,0,1,1,1
"T71121A","E9131","10112",1,0,1,1,2
"T71121D","V5889","10000",1,0,0,0,0
"T71121S","9094","10000",1,0,0,0,0
"T71122A","9947","10111",1,0,1,1,1
"T71122A","E9531","10112",1,0,1,1,2
"T71122D","V5889","10000",1,0,0,0,0
"T71122S","9094","10000",1,0,0,0,0
"T71123A","9947","10111",1,0,1,1,1
"T71123A","E963","10112",1,0,1,1,2
"T71123D","V5889","10000",1,0,0,0,0
"T71123S","9094","10000",1,0,0,0,0
"T71124A","9947","10111",1,0,1,1,1
"T71124A","E9831","10112",1,0,1,1,2
"T71124D","V5889","10000",1,0,0,0,0
"T71124S","9094","10000",1,0,0,0,0
"T71131A","9947","10111",1,0,1,1,1
"T71131A","E9130","10112",1,0,1,1,2
"T71131D","V5889","10000",1,0,0,0,0
"T71131S","9094","10000",1,0,0,0,0
"T71132A","9947","10111",1,0,1,1,1
"T71132A","E9538","10112",1,0,1,1,2
"T71132D","V5889","10000",1,0,0,0,0
"T71132S","9094","10000",1,0,0,0,0
"T71133A","9947","10111",1,0,1,1,1
"T71133A","E963","10112",1,0,1,1,2
"T71133D","V5889","10000",1,0,0,0,0
"T71133S","9094","10000",1,0,0,0,0
"T71134A","9947","10111",1,0,1,1,1
"T71134A","E9838","10112",1,0,1,1,2
"T71134D","V5889","10000",1,0,0,0,0
"T71134S","9094","10000",1,0,0,0,0
"T71141A","9947","10111",1,0,1,1,1
"T71141A","E9130","10112",1,0,1,1,2
"T71141D","V5889","10000",1,0,0,0,0
"T71141S","9094","10000",1,0,0,0,0
"T71143A","9947","10111",1,0,1,1,1
"T71143A","E963","10112",1,0,1,1,2
"T71143D","V5889","10000",1,0,0,0,0
"T71143S","9094","10000",1,0,0,0,0
"T71144A","9947","10111",1,0,1,1,1
"T71144A","E9838","10112",1,0,1,1,2
"T71144D","V5889","10000",1,0,0,0,0
"T71144S","9094","10000",1,0,0,0,0
"T71151A","9947","10111",1,0,1,1,1
"T71151A","E9138","10112",1,0,1,1,2
"T71151D","V5889","10000",1,0,0,0,0
"T71151S","9094","10000",1,0,0,0,0
"T71152A","9947","10111",1,0,1,1,1
"T71152A","E9531","10112",1,0,1,1,2
"T71152D","V5889","10000",1,0,0,0,0
"T71152S","9094","10000",1,0,0,0,0
"T71153A","9947","10111",1,0,1,1,1
"T71153A","E963","10112",1,0,1,1,2
"T71153D","V5889","10000",1,0,0,0,0
"T71153S","9094","10000",1,0,0,0,0
"T71154A","9947","10111",1,0,1,1,1
"T71154A","E9838","10112",1,0,1,1,2
"T71154D","V5889","10000",1,0,0,0,0
"T71154S","9094","10000",1,0,0,0,0
"T71161A","9947","10111",1,0,1,1,1
"T71161A","E9138","10112",1,0,1,1,2
"T71161D","V5889","10000",1,0,0,0,0
"T71161S","9094","10111",1,0,1,1,1
"T71161S","E9298","10112",1,0,1,1,2
"T71162A","9947","10111",1,0,1,1,1
"T71162A","E9530","10112",1,0,1,1,2
"T71162D","V5889","10000",1,0,0,0,0
"T71162S","9094","10111",1,0,1,1,1
"T71162S","E959","10112",1,0,1,1,2
"T71163A","9947","10111",1,0,1,1,1
"T71163A","E963","10112",1,0,1,1,2
"T71163D","V5889","10000",1,0,0,0,0
"T71163S","9094","10111",1,0,1,1,1
"T71163S","E969","10112",1,0,1,1,2
"T71164A","9947","10111",1,0,1,1,1
"T71164A","E9830","10112",1,0,1,1,2
"T71164D","V5889","10000",1,0,0,0,0
"T71164S","9094","10111",1,0,1,1,1
"T71164S","E989","10112",1,0,1,1,2
"T71191A","9947","10111",1,0,1,1,1
"T71191A","E9138","10112",1,0,1,1,2
"T71191D","V5889","10000",1,0,0,0,0
"T71191S","9094","10000",1,0,0,0,0
"T71192A","9947","10111",1,0,1,1,1
"T71192A","E9538","10112",1,0,1,1,2
"T71192D","V5889","10000",1,0,0,0,0
"T71192S","9094","10000",1,0,0,0,0
"T71193A","9947","10111",1,0,1,1,1
"T71193A","E963","10112",1,0,1,1,2
"T71193D","V5889","10000",1,0,0,0,0
"T71193S","9094","10000",1,0,0,0,0
"T71194A","9947","10111",1,0,1,1,1
"T71194A","E9838","10112",1,0,1,1,2
"T71194D","V5889","10000",1,0,0,0,0
"T71194S","9094","10000",1,0,0,0,0
"T7120XA","9947","10111",1,0,1,1,1
"T7120XA","E9132","10112",1,0,1,1,2
"T7120XD","V5889","10000",1,0,0,0,0
"T7120XS","9094","10000",1,0,0,0,0
"T7121XA","9947","10111",1,0,1,1,1
"T7121XA","E9133","10112",1,0,1,1,2
"T7121XD","V5889","10000",1,0,0,0,0
"T7121XS","9094","10000",1,0,0,0,0
"T71221A","9947","10111",1,0,1,1,1
"T71221A","E9132","10112",1,0,1,1,2
"T71221D","V5889","10000",1,0,0,0,0
"T71221S","9094","10000",1,0,0,0,0
"T71222A","9947","10111",1,0,1,1,1
"T71222A","E9538","10112",1,0,1,1,2
"T71222D","V5889","10000",1,0,0,0,0
"T71222S","9094","10000",1,0,0,0,0
"T71223A","9947","10111",1,0,1,1,1
"T71223A","E963","10112",1,0,1,1,2
"T71223D","V5889","10000",1,0,0,0,0
"T71223S","9094","10000",1,0,0,0,0
"T71224A","9947","10111",1,0,1,1,1
"T71224A","E9838","10112",1,0,1,1,2
"T71224D","V5889","10000",1,0,0,0,0
"T71224S","9094","10000",1,0,0,0,0
"T71231A","9947","10111",1,0,1,1,1
"T71231A","E9132","10112",1,0,1,1,2
"T71231D","V5889","10000",1,0,0,0,0
"T71231S","9094","10000",1,0,0,0,0
"T71232A","9947","10111",1,0,1,1,1
"T71232A","E9538","10112",1,0,1,1,2
"T71232D","V5889","10000",1,0,0,0,0
"T71232S","9094","10000",1,0,0,0,0
"T71233A","9947","10111",1,0,1,1,1
"T71233A","E963","10112",1,0,1,1,2
"T71233D","V5889","10000",1,0,0,0,0
"T71233S","9094","10000",1,0,0,0,0
"T71234A","9947","10111",1,0,1,1,1
"T71234A","E9838","10112",1,0,1,1,2
"T71234D","V5889","10000",1,0,0,0,0
"T71234S","9094","10000",1,0,0,0,0
"T7129XA","9947","10111",1,0,1,1,1
"T7129XA","E9132","10112",1,0,1,1,2
"T7129XD","V5889","10000",1,0,0,0,0
"T7129XS","9094","10000",1,0,0,0,0
"T719XXA","9947","10111",1,0,1,1,1
"T719XXA","E9139","10112",1,0,1,1,2
"T719XXD","V5889","10000",1,0,0,0,0
"T719XXS","9094","10000",1,0,0,0,0
"T730XXA","9942","10111",1,0,1,1,1
"T730XXA","E9041","10112",1,0,1,1,2
"T730XXD","V5889","10000",1,0,0,0,0
"T730XXS","9094","10000",1,0,0,0,0
"T731XXA","9943","10111",1,0,1,1,1
"T731XXA","E9042","10112",1,0,1,1,2
"T731XXD","V5889","10000",1,0,0,0,0
"T731XXS","9094","10000",1,0,0,0,0
"T732XXA","9944","10111",1,0,1,1,1
"T732XXA","E9043","10112",1,0,1,1,2
"T732XXD","V5889","10000",1,0,0,0,0
"T732XXS","9094","10000",1,0,0,0,0
"T733XXA","9945","10111",1,0,1,1,1
"T733XXA","E9272","10112",1,0,1,1,2
"T733XXD","V5889","10000",1,0,0,0,0
"T733XXS","9094","10000",1,0,0,0,0
"T738XXA","9949","10111",1,0,1,1,1
"T738XXA","E9049","10112",1,0,1,1,2
"T738XXD","V5889","10000",1,0,0,0,0
"T738XXS","9094","10000",1,0,0,0,0
"T739XXA","9949","10111",1,0,1,1,1
"T739XXA","E9049","10112",1,0,1,1,2
"T739XXD","V5889","10000",1,0,0,0,0
"T739XXS","9094","10000",1,0,0,0,0
"T7401XA","99584","10111",1,0,1,1,1
"T7401XA","E9040","10112",1,0,1,1,2
"T7401XD","V5889","10000",1,0,0,0,0
"T7401XS","9099","10000",1,0,0,0,0
"T7402XA","99552","10111",1,0,1,1,1
"T7402XA","E9040","10112",1,0,1,1,2
"T7402XD","V5889","10000",1,0,0,0,0
"T7402XS","9099","10000",1,0,0,0,0
"T7411XA","99581","10000",1,0,0,0,0
"T7411XD","V5889","10000",1,0,0,0,0
"T7411XS","9099","10000",1,0,0,0,0
"T7412XA","99554","10000",1,0,0,0,0
"T7412XD","V5889","10000",1,0,0,0,0
"T7412XS","9099","10000",1,0,0,0,0
"T7421XA","99583","10000",1,0,0,0,0
"T7421XD","V5889","10000",1,0,0,0,0
"T7421XS","9099","10000",1,0,0,0,0
"T7422XA","99553","10000",1,0,0,0,0
"T7422XD","V5889","10000",1,0,0,0,0
"T7422XS","9099","10000",1,0,0,0,0
"T7431XA","99582","10000",1,0,0,0,0
"T7431XD","V5889","10000",1,0,0,0,0
"T7431XS","9099","10000",1,0,0,0,0
"T7432XA","99551","10000",1,0,0,0,0
"T7432XD","V5889","10000",1,0,0,0,0
"T7432XS","9099","10000",1,0,0,0,0
"T744XXA","99555","10000",1,0,0,0,0
"T744XXD","V5889","10000",1,0,0,0,0
"T744XXS","9099","10000",1,0,0,0,0
"T7491XA","99580","10000",1,0,0,0,0
"T7491XD","V5889","10000",1,0,0,0,0
"T7491XS","9099","10000",1,0,0,0,0
"T7492XA","99550","10000",1,0,0,0,0
"T7492XD","V5889","10000",1,0,0,0,0
"T7492XS","9099","10000",1,0,0,0,0
"T7500XA","9940","10000",1,0,0,0,0
"T7500XD","V5889","10000",1,0,0,0,0
"T7500XS","9094","10000",1,0,0,0,0
"T7501XA","9940","10000",1,0,0,0,0
"T7501XD","V5889","10000",1,0,0,0,0
"T7501XS","9094","10000",1,0,0,0,0
"T7509XA","9940","10000",1,0,0,0,0
"T7509XD","V5889","10000",1,0,0,0,0
"T7509XS","9094","10000",1,0,0,0,0
"T751XXA","9941","10000",1,0,0,0,0
"T751XXD","V5889","10000",1,0,0,0,0
"T751XXS","9094","10000",1,0,0,0,0
"T7520XA","9949","10000",1,0,0,0,0
"T7520XD","V5889","10000",1,0,0,0,0
"T7520XS","9094","10000",1,0,0,0,0
"T7521XA","9949","10000",1,0,0,0,0
"T7521XD","V5889","10000",1,0,0,0,0
"T7521XS","9094","10000",1,0,0,0,0
"T7522XA","9949","10000",1,0,0,0,0
"T7522XD","V5889","10000",1,0,0,0,0
"T7522XS","9094","10000",1,0,0,0,0
"T7523XA","9949","10000",1,0,0,0,0
"T7523XD","V5889","10000",1,0,0,0,0
"T7523XS","9094","10000",1,0,0,0,0
"T7529XA","9949","10000",1,0,0,0,0
"T7529XD","V5889","10000",1,0,0,0,0
"T7529XS","9094","10000",1,0,0,0,0
"T753XXA","9946","10111",1,0,1,1,1
"T753XXA","E903","10112",1,0,1,1,2
"T753XXD","V5889","10000",1,0,0,0,0
"T753XXS","9094","10000",1,0,0,0,0
"T754XXA","9948","10000",1,0,0,0,0
"T754XXD","V5889","10000",1,0,0,0,0
"T754XXS","9094","10000",1,0,0,0,0
"T7581XA","9949","10000",1,0,0,0,0
"T7581XD","V5889","10000",1,0,0,0,0
"T7581XS","9094","10000",1,0,0,0,0
"T7582XA","9949","10000",1,0,0,0,0
"T7582XD","V5889","10000",1,0,0,0,0
"T7582XS","9094","10000",1,0,0,0,0
"T7589XA","9949","10000",1,0,0,0,0
"T7589XD","V5889","10000",1,0,0,0,0
"T7589XS","9094","10000",1,0,0,0,0
"T7601XA","99584","10000",1,0,0,0,0
"T7601XD","V5889","10000",1,0,0,0,0
"T7601XS","9099","10000",1,0,0,0,0
"T7602XA","99552","10000",1,0,0,0,0
"T7602XD","V5889","10000",1,0,0,0,0
"T7602XS","9099","10000",1,0,0,0,0
"T7611XA","99581","10000",1,0,0,0,0
"T7611XD","V5889","10000",1,0,0,0,0
"T7611XS","9099","10000",1,0,0,0,0
"T7612XA","99554","10000",1,0,0,0,0
"T7612XD","V5889","10000",1,0,0,0,0
"T7612XS","9099","10000",1,0,0,0,0
"T7621XA","99583","10000",1,0,0,0,0
"T7621XD","V5889","10000",1,0,0,0,0
"T7621XS","9099","10000",1,0,0,0,0
"T7622XA","99553","10000",1,0,0,0,0
"T7622XD","V5889","10000",1,0,0,0,0
"T7622XS","9099","10000",1,0,0,0,0
"T7631XA","99582","10000",1,0,0,0,0
"T7631XD","V5889","10000",1,0,0,0,0
"T7631XS","9099","10000",1,0,0,0,0
"T7632XA","99551","10000",1,0,0,0,0
"T7632XD","V5889","10000",1,0,0,0,0
"T7632XS","9099","10000",1,0,0,0,0
"T7691XA","99580","10000",1,0,0,0,0
"T7691XD","V5889","10000",1,0,0,0,0
"T7691XS","9099","10000",1,0,0,0,0
"T7692XA","99550","10000",1,0,0,0,0
"T7692XD","V5889","10000",1,0,0,0,0
"T7692XS","9099","10000",1,0,0,0,0
"T7800XA","99560","10000",1,0,0,0,0
"T7800XD","V5889","10000",1,0,0,0,0
"T7800XS","9099","10000",1,0,0,0,0
"T7801XA","99561","10000",1,0,0,0,0
"T7801XD","V5889","10000",1,0,0,0,0
"T7801XS","9099","10000",1,0,0,0,0
"T7802XA","99562","10000",1,0,0,0,0
"T7802XD","V5889","10000",1,0,0,0,0
"T7802XS","9099","10000",1,0,0,0,0
"T7803XA","99565","10000",1,0,0,0,0
"T7803XD","V5889","10000",1,0,0,0,0
"T7803XS","9099","10000",1,0,0,0,0
"T7804XA","99563","10000",1,0,0,0,0
"T7804XD","V5889","10000",1,0,0,0,0
"T7804XS","9099","10000",1,0,0,0,0
"T7805XA","99564","10000",1,0,0,0,0
"T7805XD","V5889","10000",1,0,0,0,0
"T7805XS","9099","10000",1,0,0,0,0
"T7806XA","99566","10000",1,0,0,0,0
"T7806XD","V5889","10000",1,0,0,0,0
"T7806XS","9099","10000",1,0,0,0,0
"T7807XA","99567","10000",1,0,0,0,0
"T7807XD","V5889","10000",1,0,0,0,0
"T7807XS","9099","10000",1,0,0,0,0
"T7808XA","99568","10000",1,0,0,0,0
"T7808XD","V5889","10000",1,0,0,0,0
"T7808XS","9099","10000",1,0,0,0,0
"T7809XA","99569","10000",1,0,0,0,0
"T7809XD","V5889","10000",1,0,0,0,0
"T7809XS","9099","10000",1,0,0,0,0
"T781XXA","9889","10000",1,0,0,0,0
"T781XXA","9957","10000",1,0,0,0,0
"T781XXD","V5889","10000",1,0,0,0,0
"T781XXS","9099","10000",1,0,0,0,0
"T782XXA","9950","10000",1,0,0,0,0
"T782XXD","V5889","10000",1,0,0,0,0
"T782XXS","9099","10000",1,0,0,0,0
"T783XXA","9951","10000",1,0,0,0,0
"T783XXD","V5889","10000",1,0,0,0,0
"T783XXS","9099","10000",1,0,0,0,0
"T7840XA","9953","10000",1,0,0,0,0
"T7840XD","V5889","10000",1,0,0,0,0
"T7840XS","9099","10000",1,0,0,0,0
"T7841XA","99521","10000",1,0,0,0,0
"T7841XD","V5889","10000",1,0,0,0,0
"T7841XS","9099","10000",1,0,0,0,0
"T7849XA","9953","10000",1,0,0,0,0
"T7849XD","V5889","10000",1,0,0,0,0
"T7849XS","9099","10000",1,0,0,0,0
"T788XXA","99589","10000",1,0,0,0,0
"T788XXD","V5889","10000",1,0,0,0,0
"T788XXS","9099","10000",1,0,0,0,0
"T790XXA","9580","10000",1,0,0,0,0
"T790XXD","V5889","10000",1,0,0,0,0
"T790XXS","9086","10000",1,0,0,0,0
"T791XXA","9581","10000",1,0,0,0,0
"T791XXD","V5889","10000",1,0,0,0,0
"T791XXS","9086","10000",1,0,0,0,0
"T792XXA","9582","10000",1,0,0,0,0
"T792XXD","V5889","10000",1,0,0,0,0
"T792XXS","9086","10000",1,0,0,0,0
"T794XXA","9584","10000",1,0,0,0,0
"T794XXD","V5889","10000",1,0,0,0,0
"T794XXS","9086","10000",1,0,0,0,0
"T795XXA","9585","10000",1,0,0,0,0
"T795XXD","V5889","10000",1,0,0,0,0
"T795XXS","9086","10000",1,0,0,0,0
"T796XXA","9586","10000",1,0,0,0,0
"T796XXD","V5889","10000",1,0,0,0,0
"T796XXS","9086","10000",1,0,0,0,0
"T797XXA","9587","10000",1,0,0,0,0
"T797XXD","V5889","10000",1,0,0,0,0
"T797XXS","9086","10000",1,0,0,0,0
"T798XXA","9588","10000",1,0,0,0,0
"T798XXD","V5889","10000",1,0,0,0,0
"T798XXS","9086","10000",1,0,0,0,0
"T799XXA","9588","10000",1,0,0,0,0
"T799XXD","V5889","10000",1,0,0,0,0
"T799XXS","9086","10000",1,0,0,0,0
"T79A0XA","95890","10000",1,0,0,0,0
"T79A0XD","V5889","10000",1,0,0,0,0
"T79A0XS","9086","10000",1,0,0,0,0
"T79A11A","95891","10000",1,0,0,0,0
"T79A11D","V5889","10000",1,0,0,0,0
"T79A11S","9086","10000",1,0,0,0,0
"T79A12A","95891","10000",1,0,0,0,0
"T79A12D","V5889","10000",1,0,0,0,0
"T79A12S","9086","10000",1,0,0,0,0
"T79A19A","95891","10000",1,0,0,0,0
"T79A19D","V5889","10000",1,0,0,0,0
"T79A19S","9086","10000",1,0,0,0,0
"T79A21A","95892","10000",1,0,0,0,0
"T79A21D","V5889","10000",1,0,0,0,0
"T79A21S","9086","10000",1,0,0,0,0
"T79A22A","95892","10000",1,0,0,0,0
"T79A22D","V5889","10000",1,0,0,0,0
"T79A22S","9086","10000",1,0,0,0,0
"T79A29A","95892","10000",1,0,0,0,0
"T79A29D","V5889","10000",1,0,0,0,0
"T79A29S","9086","10000",1,0,0,0,0
"T79A3XA","95893","10000",1,0,0,0,0
"T79A3XD","V5889","10000",1,0,0,0,0
"T79A3XS","9086","10000",1,0,0,0,0
"T79A9XA","95899","10000",1,0,0,0,0
"T79A9XD","V5889","10000",1,0,0,0,0
"T79A9XS","9086","10000",1,0,0,0,0
"T800XXA","9991","10000",1,0,0,0,0
"T800XXD","V5889","10000",1,0,0,0,0
"T800XXS","9093","10000",1,0,0,0,0
"T801XXA","9992","10000",1,0,0,0,0
"T801XXD","V5889","10000",1,0,0,0,0
"T801XXS","9093","10000",1,0,0,0,0
"T80211A","99932","10000",1,0,0,0,0
"T80211D","V5889","10000",1,0,0,0,0
"T80211S","9093","10000",1,0,0,0,0
"T80212A","99933","10000",1,0,0,0,0
"T80212D","V5889","10000",1,0,0,0,0
"T80212S","9093","10000",1,0,0,0,0
"T80218A","99931","10000",1,0,0,0,0
"T80218D","V5889","10000",1,0,0,0,0
"T80218S","9093","10000",1,0,0,0,0
"T80219A","99931","10000",1,0,0,0,0
"T80219D","V5889","10000",1,0,0,0,0
"T80219S","9093","10000",1,0,0,0,0
"T8022XA","99934","10000",1,0,0,0,0
"T8022XD","V5889","10000",1,0,0,0,0
"T8022XS","9093","10000",1,0,0,0,0
"T8029XA","99939","10000",1,0,0,0,0
"T8029XD","V5889","10000",1,0,0,0,0
"T8029XS","9093","10000",1,0,0,0,0
"T8030XA","99960","10000",1,0,0,0,0
"T8030XD","V5889","10000",1,0,0,0,0
"T8030XS","9093","10000",1,0,0,0,0
"T80310A","99962","10000",1,0,0,0,0
"T80310D","V5889","10000",1,0,0,0,0
"T80310S","9093","10000",1,0,0,0,0
"T80311A","99963","10000",1,0,0,0,0
"T80311D","V5889","10000",1,0,0,0,0
"T80311S","9093","10000",1,0,0,0,0
"T80319A","99961","10000",1,0,0,0,0
"T80319D","V5889","10000",1,0,0,0,0
"T80319S","9093","10000",1,0,0,0,0
"T8039XA","99969","10000",1,0,0,0,0
"T8039XD","V5889","10000",1,0,0,0,0
"T8039XS","9093","10000",1,0,0,0,0
"T8040XA","99970","10000",1,0,0,0,0
"T8040XD","V5889","10000",1,0,0,0,0
"T8040XS","9093","10000",1,0,0,0,0
"T80410A","99972","10000",1,0,0,0,0
"T80410D","V5889","10000",1,0,0,0,0
"T80410S","9093","10000",1,0,0,0,0
"T80411A","99973","10000",1,0,0,0,0
"T80411D","V5889","10000",1,0,0,0,0
"T80411S","9093","10000",1,0,0,0,0
"T80419A","99971","10000",1,0,0,0,0
"T80419D","V5889","10000",1,0,0,0,0
"T80419S","9093","10000",1,0,0,0,0
"T8049XA","99974","10000",1,0,0,0,0
"T8049XD","V5889","10000",1,0,0,0,0
"T8049XS","9093","10000",1,0,0,0,0
"T8051XA","99941","10000",1,0,0,0,0
"T8051XD","V5889","10000",1,0,0,0,0
"T8051XS","9093","10000",1,0,0,0,0
"T8052XA","99942","10000",1,0,0,0,0
"T8052XD","V5889","10000",1,0,0,0,0
"T8052XS","9093","10000",1,0,0,0,0
"T8059XA","99949","10000",1,0,0,0,0
"T8059XD","V5889","10000",1,0,0,0,0
"T8059XS","9093","10000",1,0,0,0,0
"T8061XA","99951","10000",1,0,0,0,0
"T8061XD","V5889","10000",1,0,0,0,0
"T8061XS","9093","10000",1,0,0,0,0
"T8062XA","99952","10000",1,0,0,0,0
"T8062XD","V5889","10000",1,0,0,0,0
"T8062XS","9093","10000",1,0,0,0,0
"T8069XA","99959","10000",1,0,0,0,0
"T8069XD","V5889","10000",1,0,0,0,0
"T8069XS","9093","10000",1,0,0,0,0
"T80810A","99981","10000",1,0,0,0,0
"T80810D","V5889","10000",1,0,0,0,0
"T80810S","9093","10000",1,0,0,0,0
"T80818A","99982","10000",1,0,0,0,0
"T80818D","V5889","10000",1,0,0,0,0
"T80818S","9093","10000",1,0,0,0,0
"T8089XA","99988","10000",1,0,0,0,0
"T8089XA","99989","10000",1,0,0,0,0
"T8089XD","V5889","10000",1,0,0,0,0
"T8089XS","9093","10000",1,0,0,0,0
"T8090XA","99988","10000",1,0,0,0,0
"T8090XD","V5889","10000",1,0,0,0,0
"T8090XS","9093","10000",1,0,0,0,0
"T80910A","99984","10000",1,0,0,0,0
"T80910D","V5889","10000",1,0,0,0,0
"T80910S","9093","10000",1,0,0,0,0
"T80911A","99985","10000",1,0,0,0,0
"T80911D","V5889","10000",1,0,0,0,0
"T80911S","9093","10000",1,0,0,0,0
"T80919A","99983","10000",1,0,0,0,0
"T80919D","V5889","10000",1,0,0,0,0
"T80919S","9093","10000",1,0,0,0,0
"T8092XA","99980","10000",1,0,0,0,0
"T8092XD","V5889","10000",1,0,0,0,0
"T8092XS","9093","10000",1,0,0,0,0
"T80A0XA","99975","10000",1,0,0,0,0
"T80A0XD","V5889","10000",1,0,0,0,0
"T80A0XS","9093","10000",1,0,0,0,0
"T80A10A","99977","10000",1,0,0,0,0
"T80A10D","V5889","10000",1,0,0,0,0
"T80A10S","9093","10000",1,0,0,0,0
"T80A11A","99978","10000",1,0,0,0,0
"T80A11D","V5889","10000",1,0,0,0,0
"T80A11S","9093","10000",1,0,0,0,0
"T80A19A","99976","10000",1,0,0,0,0
"T80A19D","V5889","10000",1,0,0,0,0
"T80A19S","9093","10000",1,0,0,0,0
"T80A9XA","99979","10000",1,0,0,0,0
"T80A9XD","V5889","10000",1,0,0,0,0
"T80A9XS","9093","10000",1,0,0,0,0
"T8110XA","99800","10000",1,0,0,0,0
"T8110XD","V5889","10000",1,0,0,0,0
"T8110XS","9093","10000",1,0,0,0,0
"T8111XA","99801","10000",1,0,0,0,0
"T8111XD","V5889","10000",1,0,0,0,0
"T8111XS","9093","10000",1,0,0,0,0
"T8112XA","99802","10000",1,0,0,0,0
"T8112XD","V5889","10000",1,0,0,0,0
"T8112XS","9093","10000",1,0,0,0,0
"T8119XA","99809","10000",1,0,0,0,0
"T8119XD","V5889","10000",1,0,0,0,0
"T8119XS","9093","10000",1,0,0,0,0
"T8130XA","99830","10000",1,0,0,0,0
"T8130XD","V5889","10000",1,0,0,0,0
"T8130XS","9093","10000",1,0,0,0,0
"T8131XA","99832","10000",1,0,0,0,0
"T8131XD","V5889","10000",1,0,0,0,0
"T8131XS","9093","10000",1,0,0,0,0
"T8132XA","99831","10000",1,0,0,0,0
"T8132XD","V5889","10000",1,0,0,0,0
"T8132XS","9093","10000",1,0,0,0,0
"T8133XA","99833","10000",1,0,0,0,0
"T8133XD","V5889","10000",1,0,0,0,0
"T8133XS","9093","10000",1,0,0,0,0
"T814XXA","99859","10000",1,0,0,0,0
"T814XXD","V5889","10000",1,0,0,0,0
"T814XXS","9093","10000",1,0,0,0,0
"T81500A","9984","10000",1,0,0,0,0
"T81500D","V5889","10000",1,0,0,0,0
"T81500S","9093","10000",1,0,0,0,0
"T81501A","9984","10000",1,0,0,0,0
"T81501D","V5889","10000",1,0,0,0,0
"T81501S","9093","10000",1,0,0,0,0
"T81502A","9984","10000",1,0,0,0,0
"T81502D","V5889","10000",1,0,0,0,0
"T81502S","9093","10000",1,0,0,0,0
"T81503A","9984","10000",1,0,0,0,0
"T81503D","V5889","10000",1,0,0,0,0
"T81503S","9093","10000",1,0,0,0,0
"T81504A","9984","10000",1,0,0,0,0
"T81504D","V5889","10000",1,0,0,0,0
"T81504S","9093","10000",1,0,0,0,0
"T81505A","9984","10000",1,0,0,0,0
"T81505D","V5889","10000",1,0,0,0,0
"T81505S","9093","10000",1,0,0,0,0
"T81506A","9984","10000",1,0,0,0,0
"T81506D","V5889","10000",1,0,0,0,0
"T81506S","9093","10000",1,0,0,0,0
"T81507A","9984","10000",1,0,0,0,0
"T81507D","V5889","10000",1,0,0,0,0
"T81507S","9093","10000",1,0,0,0,0
"T81508A","9984","10000",1,0,0,0,0
"T81508D","V5889","10000",1,0,0,0,0
"T81508S","9093","10000",1,0,0,0,0
"T81509A","9984","10000",1,0,0,0,0
"T81509D","V5889","10000",1,0,0,0,0
"T81509S","9093","10000",1,0,0,0,0
"T81510A","9984","10000",1,0,0,0,0
"T81510D","V5889","10000",1,0,0,0,0
"T81510S","9093","10000",1,0,0,0,0
"T81511A","9984","10000",1,0,0,0,0
"T81511D","V5889","10000",1,0,0,0,0
"T81511S","9093","10000",1,0,0,0,0
"T81512A","9984","10000",1,0,0,0,0
"T81512D","V5889","10000",1,0,0,0,0
"T81512S","9093","10000",1,0,0,0,0
"T81513A","9984","10000",1,0,0,0,0
"T81513D","V5889","10000",1,0,0,0,0
"T81513S","9093","10000",1,0,0,0,0
"T81514A","9984","10000",1,0,0,0,0
"T81514D","V5889","10000",1,0,0,0,0
"T81514S","9093","10000",1,0,0,0,0
"T81515A","9984","10000",1,0,0,0,0
"T81515D","V5889","10000",1,0,0,0,0
"T81515S","9093","10000",1,0,0,0,0
"T81516A","9984","10000",1,0,0,0,0
"T81516D","V5889","10000",1,0,0,0,0
"T81516S","9093","10000",1,0,0,0,0
"T81517A","9984","10000",1,0,0,0,0
"T81517D","V5889","10000",1,0,0,0,0
"T81517S","9093","10000",1,0,0,0,0
"T81518A","9984","10000",1,0,0,0,0
"T81518D","V5889","10000",1,0,0,0,0
"T81518S","9093","10000",1,0,0,0,0
"T81519A","9984","10000",1,0,0,0,0
"T81519D","V5889","10000",1,0,0,0,0
"T81519S","9093","10000",1,0,0,0,0
"T81520A","9984","10000",1,0,0,0,0
"T81520D","V5889","10000",1,0,0,0,0
"T81520S","9093","10000",1,0,0,0,0
"T81521A","9984","10000",1,0,0,0,0
"T81521D","V5889","10000",1,0,0,0,0
"T81521S","9093","10000",1,0,0,0,0
"T81522A","9984","10000",1,0,0,0,0
"T81522D","V5889","10000",1,0,0,0,0
"T81522S","9093","10000",1,0,0,0,0
"T81523A","9984","10000",1,0,0,0,0
"T81523D","V5889","10000",1,0,0,0,0
"T81523S","9093","10000",1,0,0,0,0
"T81524A","9984","10000",1,0,0,0,0
"T81524D","V5889","10000",1,0,0,0,0
"T81524S","9093","10000",1,0,0,0,0
"T81525A","9984","10000",1,0,0,0,0
"T81525D","V5889","10000",1,0,0,0,0
"T81525S","9093","10000",1,0,0,0,0
"T81526A","9984","10000",1,0,0,0,0
"T81526D","V5889","10000",1,0,0,0,0
"T81526S","9093","10000",1,0,0,0,0
"T81527A","9984","10000",1,0,0,0,0
"T81527D","V5889","10000",1,0,0,0,0
"T81527S","9093","10000",1,0,0,0,0
"T81528A","9984","10000",1,0,0,0,0
"T81528D","V5889","10000",1,0,0,0,0
"T81528S","9093","10000",1,0,0,0,0
"T81529A","9984","10000",1,0,0,0,0
"T81529D","V5889","10000",1,0,0,0,0
"T81529S","9093","10000",1,0,0,0,0
"T81530A","9984","10000",1,0,0,0,0
"T81530D","V5889","10000",1,0,0,0,0
"T81530S","9093","10000",1,0,0,0,0
"T81531A","9984","10000",1,0,0,0,0
"T81531D","V5889","10000",1,0,0,0,0
"T81531S","9093","10000",1,0,0,0,0
"T81532A","9984","10000",1,0,0,0,0
"T81532D","V5889","10000",1,0,0,0,0
"T81532S","9093","10000",1,0,0,0,0
"T81533A","9984","10000",1,0,0,0,0
"T81533D","V5889","10000",1,0,0,0,0
"T81533S","9093","10000",1,0,0,0,0
"T81534A","9984","10000",1,0,0,0,0
"T81534D","V5889","10000",1,0,0,0,0
"T81534S","9093","10000",1,0,0,0,0
"T81535A","9984","10000",1,0,0,0,0
"T81535D","V5889","10000",1,0,0,0,0
"T81535S","9093","10000",1,0,0,0,0
"T81536A","9984","10000",1,0,0,0,0
"T81536D","V5889","10000",1,0,0,0,0
"T81536S","9093","10000",1,0,0,0,0
"T81537A","9984","10000",1,0,0,0,0
"T81537D","V5889","10000",1,0,0,0,0
"T81537S","9093","10000",1,0,0,0,0
"T81538A","9984","10000",1,0,0,0,0
"T81538D","V5889","10000",1,0,0,0,0
"T81538S","9093","10000",1,0,0,0,0
"T81539A","9984","10000",1,0,0,0,0
"T81539D","V5889","10000",1,0,0,0,0
"T81539S","9093","10000",1,0,0,0,0
"T81590A","9984","10000",1,0,0,0,0
"T81590D","V5889","10000",1,0,0,0,0
"T81590S","9093","10000",1,0,0,0,0
"T81591A","9984","10000",1,0,0,0,0
"T81591D","V5889","10000",1,0,0,0,0
"T81591S","9093","10000",1,0,0,0,0
"T81592A","9984","10000",1,0,0,0,0
"T81592D","V5889","10000",1,0,0,0,0
"T81592S","9093","10000",1,0,0,0,0
"T81593A","9984","10000",1,0,0,0,0
"T81593D","V5889","10000",1,0,0,0,0
"T81593S","9093","10000",1,0,0,0,0
"T81594A","9984","10000",1,0,0,0,0
"T81594D","V5889","10000",1,0,0,0,0
"T81594S","9093","10000",1,0,0,0,0
"T81595A","9984","10000",1,0,0,0,0
"T81595D","V5889","10000",1,0,0,0,0
"T81595S","9093","10000",1,0,0,0,0
"T81596A","9984","10000",1,0,0,0,0
"T81596D","V5889","10000",1,0,0,0,0
"T81596S","9093","10000",1,0,0,0,0
"T81597A","9984","10000",1,0,0,0,0
"T81597D","V5889","10000",1,0,0,0,0
"T81597S","9093","10000",1,0,0,0,0
"T81598A","9984","10000",1,0,0,0,0
"T81598D","V5889","10000",1,0,0,0,0
"T81598S","9093","10000",1,0,0,0,0
"T81599A","9984","10000",1,0,0,0,0
"T81599D","V5889","10000",1,0,0,0,0
"T81599S","9093","10000",1,0,0,0,0
"T8160XA","9987","10000",1,0,0,0,0
"T8160XD","V5889","10000",1,0,0,0,0
"T8160XS","9093","10000",1,0,0,0,0
"T8161XA","9987","10000",1,0,0,0,0
"T8161XD","V5889","10000",1,0,0,0,0
"T8161XS","9093","10000",1,0,0,0,0
"T8169XA","9987","10000",1,0,0,0,0
"T8169XD","V5889","10000",1,0,0,0,0
"T8169XS","9093","10000",1,0,0,0,0
"T81710A","99771","10000",1,0,0,0,0
"T81710D","V5889","10000",1,0,0,0,0
"T81710S","9093","10000",1,0,0,0,0
"T81711A","99772","10000",1,0,0,0,0
"T81711D","V5889","10000",1,0,0,0,0
"T81711S","9093","10000",1,0,0,0,0
"T81718A","9972","10000",1,0,0,0,0
"T81718A","99779","10000",1,0,0,0,0
"T81718D","V5889","10000",1,0,0,0,0
"T81718S","9093","10000",1,0,0,0,0
"T81719A","9972","10000",1,0,0,0,0
"T81719A","99779","10000",1,0,0,0,0
"T81719D","V5889","10000",1,0,0,0,0
"T81719S","9093","10000",1,0,0,0,0
"T8172XA","9972","10000",1,0,0,0,0
"T8172XA","99779","10000",1,0,0,0,0
"T8172XD","V5889","10000",1,0,0,0,0
"T8172XS","9093","10000",1,0,0,0,0
"T8181XA","9999","10000",1,0,0,0,0
"T8181XD","V5889","10000",1,0,0,0,0
"T8181XS","9093","10000",1,0,0,0,0
"T8182XA","99881","10000",1,0,0,0,0
"T8182XD","V5889","10000",1,0,0,0,0
"T8182XS","9093","10000",1,0,0,0,0
"T8183XA","9986","10000",1,0,0,0,0
"T8183XD","V5889","10000",1,0,0,0,0
"T8183XS","9093","10000",1,0,0,0,0
"T8189XA","99889","10000",1,0,0,0,0
"T8189XD","V5889","10000",1,0,0,0,0
"T8189XS","9093","10000",1,0,0,0,0
"T819XXA","9989","10000",1,0,0,0,0
"T819XXD","V5889","10000",1,0,0,0,0
"T819XXS","9093","10000",1,0,0,0,0
"T8201XA","99602","10000",1,0,0,0,0
"T8201XD","V5889","10000",1,0,0,0,0
"T8201XS","9093","10000",1,0,0,0,0
"T8202XA","99602","10000",1,0,0,0,0
"T8202XD","V5889","10000",1,0,0,0,0
"T8202XS","9093","10000",1,0,0,0,0
"T8203XA","99602","10000",1,0,0,0,0
"T8203XD","V5889","10000",1,0,0,0,0
"T8203XS","9093","10000",1,0,0,0,0
"T8209XA","99602","10000",1,0,0,0,0
"T8209XD","V5889","10000",1,0,0,0,0
"T8209XS","9093","10000",1,0,0,0,0
"T82110A","99601","10000",1,0,0,0,0
"T82110A","99604","10000",1,0,0,0,0
"T82110D","V5889","10000",1,0,0,0,0
"T82110S","9093","10000",1,0,0,0,0
"T82111A","99601","10000",1,0,0,0,0
"T82111A","99604","10000",1,0,0,0,0
"T82111D","V5889","10000",1,0,0,0,0
"T82111S","9093","10000",1,0,0,0,0
"T82118A","99601","10000",1,0,0,0,0
"T82118A","99604","10000",1,0,0,0,0
"T82118D","V5889","10000",1,0,0,0,0
"T82118S","9093","10000",1,0,0,0,0
"T82119A","99601","10000",1,0,0,0,0
"T82119A","99604","10000",1,0,0,0,0
"T82119D","V5889","10000",1,0,0,0,0
"T82119S","9093","10000",1,0,0,0,0
"T82120A","99601","10000",1,0,0,0,0
"T82120A","99604","10000",1,0,0,0,0
"T82120D","V5889","10000",1,0,0,0,0
"T82120S","9093","10000",1,0,0,0,0
"T82121A","99601","10000",1,0,0,0,0
"T82121A","99604","10000",1,0,0,0,0
"T82121D","V5889","10000",1,0,0,0,0
"T82121S","9093","10000",1,0,0,0,0
"T82128A","99601","10000",1,0,0,0,0
"T82128A","99604","10000",1,0,0,0,0
"T82128D","V5889","10000",1,0,0,0,0
"T82128S","9093","10000",1,0,0,0,0
"T82129A","99601","10000",1,0,0,0,0
"T82129A","99604","10000",1,0,0,0,0
"T82129D","V5889","10000",1,0,0,0,0
"T82129S","9093","10000",1,0,0,0,0
"T82190A","99601","10000",1,0,0,0,0
"T82190A","99604","10000",1,0,0,0,0
"T82190D","V5889","10000",1,0,0,0,0
"T82190S","9093","10000",1,0,0,0,0
"T82191A","99601","10000",1,0,0,0,0
"T82191A","99604","10000",1,0,0,0,0
"T82191D","V5889","10000",1,0,0,0,0
"T82191S","9093","10000",1,0,0,0,0
"T82198A","99601","10000",1,0,0,0,0
"T82198A","99604","10000",1,0,0,0,0
"T82198D","V5889","10000",1,0,0,0,0
"T82198S","9093","10000",1,0,0,0,0
"T82199A","99601","10000",1,0,0,0,0
"T82199A","99604","10000",1,0,0,0,0
"T82199D","V5889","10000",1,0,0,0,0
"T82199S","9093","10000",1,0,0,0,0
"T82211A","99603","10000",1,0,0,0,0
"T82211D","V5889","10000",1,0,0,0,0
"T82211S","9093","10000",1,0,0,0,0
"T82212A","99603","10000",1,0,0,0,0
"T82212D","V5889","10000",1,0,0,0,0
"T82212S","9093","10000",1,0,0,0,0
"T82213A","99603","10000",1,0,0,0,0
"T82213D","V5889","10000",1,0,0,0,0
"T82213S","9093","10000",1,0,0,0,0
"T82218A","99603","10000",1,0,0,0,0
"T82218D","V5889","10000",1,0,0,0,0
"T82218S","9093","10000",1,0,0,0,0
"T82221A","99609","10000",1,0,0,0,0
"T82221D","V5889","10000",1,0,0,0,0
"T82221S","9093","10000",1,0,0,0,0
"T82222A","99609","10000",1,0,0,0,0
"T82222D","V5889","10000",1,0,0,0,0
"T82222S","9093","10000",1,0,0,0,0
"T82223A","99609","10000",1,0,0,0,0
"T82223D","V5889","10000",1,0,0,0,0
"T82223S","9093","10000",1,0,0,0,0
"T82228A","99609","10000",1,0,0,0,0
"T82228D","V5889","10000",1,0,0,0,0
"T82228S","9093","10000",1,0,0,0,0
"T82310A","9961","10000",1,0,0,0,0
"T82310D","V5889","10000",1,0,0,0,0
"T82310S","9093","10000",1,0,0,0,0
"T82311A","9961","10000",1,0,0,0,0
"T82311D","V5889","10000",1,0,0,0,0
"T82311S","9093","10000",1,0,0,0,0
"T82312A","9961","10000",1,0,0,0,0
"T82312D","V5889","10000",1,0,0,0,0
"T82312S","9093","10000",1,0,0,0,0
"T82318A","9961","10000",1,0,0,0,0
"T82318D","V5889","10000",1,0,0,0,0
"T82318S","9093","10000",1,0,0,0,0
"T82319A","9961","10000",1,0,0,0,0
"T82319D","V5889","10000",1,0,0,0,0
"T82319S","9093","10000",1,0,0,0,0
"T82320A","9961","10000",1,0,0,0,0
"T82320D","V5889","10000",1,0,0,0,0
"T82320S","9093","10000",1,0,0,0,0
"T82321A","9961","10000",1,0,0,0,0
"T82321D","V5889","10000",1,0,0,0,0
"T82321S","9093","10000",1,0,0,0,0
"T82322A","9961","10000",1,0,0,0,0
"T82322D","V5889","10000",1,0,0,0,0
"T82322S","9093","10000",1,0,0,0,0
"T82328A","9961","10000",1,0,0,0,0
"T82328D","V5889","10000",1,0,0,0,0
"T82328S","9093","10000",1,0,0,0,0
"T82329A","9961","10000",1,0,0,0,0
"T82329D","V5889","10000",1,0,0,0,0
"T82329S","9093","10000",1,0,0,0,0
"T82330A","9961","10000",1,0,0,0,0
"T82330D","V5889","10000",1,0,0,0,0
"T82330S","9093","10000",1,0,0,0,0
"T82331A","9961","10000",1,0,0,0,0
"T82331D","V5889","10000",1,0,0,0,0
"T82331S","9093","10000",1,0,0,0,0
"T82332A","9961","10000",1,0,0,0,0
"T82332D","V5889","10000",1,0,0,0,0
"T82332S","9093","10000",1,0,0,0,0
"T82338A","9961","10000",1,0,0,0,0
"T82338D","V5889","10000",1,0,0,0,0
"T82338S","9093","10000",1,0,0,0,0
"T82339A","9961","10000",1,0,0,0,0
"T82339D","V5889","10000",1,0,0,0,0
"T82339S","9093","10000",1,0,0,0,0
"T82390A","9961","10000",1,0,0,0,0
"T82390D","V5889","10000",1,0,0,0,0
"T82390S","9093","10000",1,0,0,0,0
"T82391A","9961","10000",1,0,0,0,0
"T82391D","V5889","10000",1,0,0,0,0
"T82391S","9093","10000",1,0,0,0,0
"T82392A","9961","10000",1,0,0,0,0
"T82392D","V5889","10000",1,0,0,0,0
"T82392S","9093","10000",1,0,0,0,0
"T82398A","9961","10000",1,0,0,0,0
"T82398D","V5889","10000",1,0,0,0,0
"T82398S","9093","10000",1,0,0,0,0
"T82399A","9961","10000",1,0,0,0,0
"T82399D","V5889","10000",1,0,0,0,0
"T82399S","9093","10000",1,0,0,0,0
"T8241XA","9961","10000",1,0,0,0,0
"T8241XD","V5889","10000",1,0,0,0,0
"T8241XS","9093","10000",1,0,0,0,0
"T8242XA","9961","10000",1,0,0,0,0
"T8242XD","V5889","10000",1,0,0,0,0
"T8242XS","9093","10000",1,0,0,0,0
"T8243XA","9961","10000",1,0,0,0,0
"T8243XD","V5889","10000",1,0,0,0,0
"T8243XS","9093","10000",1,0,0,0,0
"T8249XA","9961","10000",1,0,0,0,0
"T8249XD","V5889","10000",1,0,0,0,0
"T8249XS","9093","10000",1,0,0,0,0
"T82510A","9961","10000",1,0,0,0,0
"T82510D","V5889","10000",1,0,0,0,0
"T82510S","9093","10000",1,0,0,0,0
"T82511A","9961","10000",1,0,0,0,0
"T82511D","V5889","10000",1,0,0,0,0
"T82511S","9093","10000",1,0,0,0,0
"T82512A","99609","10000",1,0,0,0,0
"T82512D","V5889","10000",1,0,0,0,0
"T82512S","9093","10000",1,0,0,0,0
"T82513A","9961","10000",1,0,0,0,0
"T82513D","V5889","10000",1,0,0,0,0
"T82513S","9093","10000",1,0,0,0,0
"T82514A","99609","10000",1,0,0,0,0
"T82514A","9961","10000",1,0,0,0,0
"T82514D","V5889","10000",1,0,0,0,0
"T82514S","9093","10000",1,0,0,0,0
"T82515A","9961","10000",1,0,0,0,0
"T82515D","V5889","10000",1,0,0,0,0
"T82515S","9093","10000",1,0,0,0,0
"T82518A","99609","10000",1,0,0,0,0
"T82518A","9961","10000",1,0,0,0,0
"T82518D","V5889","10000",1,0,0,0,0
"T82518S","9093","10000",1,0,0,0,0
"T82519A","99600","10000",1,0,0,0,0
"T82519D","V5889","10000",1,0,0,0,0
"T82519S","9093","10000",1,0,0,0,0
"T82520A","9961","10000",1,0,0,0,0
"T82520D","V5889","10000",1,0,0,0,0
"T82520S","9093","10000",1,0,0,0,0
"T82521A","9961","10000",1,0,0,0,0
"T82521D","V5889","10000",1,0,0,0,0
"T82521S","9093","10000",1,0,0,0,0
"T82522A","99609","10000",1,0,0,0,0
"T82522D","V5889","10000",1,0,0,0,0
"T82522S","9093","10000",1,0,0,0,0
"T82523A","9961","10000",1,0,0,0,0
"T82523D","V5889","10000",1,0,0,0,0
"T82523S","9093","10000",1,0,0,0,0
"T82524A","99609","10000",1,0,0,0,0
"T82524A","9961","10000",1,0,0,0,0
"T82524D","V5889","10000",1,0,0,0,0
"T82524S","9093","10000",1,0,0,0,0
"T82525A","9961","10000",1,0,0,0,0
"T82525D","V5889","10000",1,0,0,0,0
"T82525S","9093","10000",1,0,0,0,0
"T82528A","99609","10000",1,0,0,0,0
"T82528A","9961","10000",1,0,0,0,0
"T82528D","V5889","10000",1,0,0,0,0
"T82528S","9093","10000",1,0,0,0,0
"T82529A","99600","10000",1,0,0,0,0
"T82529A","99609","10000",1,0,0,0,0
"T82529A","9961","10000",1,0,0,0,0
"T82529D","V5889","10000",1,0,0,0,0
"T82529S","9093","10000",1,0,0,0,0
"T82530A","9961","10000",1,0,0,0,0
"T82530D","V5889","10000",1,0,0,0,0
"T82530S","9093","10000",1,0,0,0,0
"T82531A","9961","10000",1,0,0,0,0
"T82531D","V5889","10000",1,0,0,0,0
"T82531S","9093","10000",1,0,0,0,0
"T82532A","99609","10000",1,0,0,0,0
"T82532D","V5889","10000",1,0,0,0,0
"T82532S","9093","10000",1,0,0,0,0
"T82533A","9961","10000",1,0,0,0,0
"T82533D","V5889","10000",1,0,0,0,0
"T82533S","9093","10000",1,0,0,0,0
"T82534A","99609","10000",1,0,0,0,0
"T82534A","9961","10000",1,0,0,0,0
"T82534D","V5889","10000",1,0,0,0,0
"T82534S","9093","10000",1,0,0,0,0
"T82535A","9961","10000",1,0,0,0,0
"T82535D","V5889","10000",1,0,0,0,0
"T82535S","9093","10000",1,0,0,0,0
"T82538A","99609","10000",1,0,0,0,0
"T82538A","9961","10000",1,0,0,0,0
"T82538D","V5889","10000",1,0,0,0,0
"T82538S","9093","10000",1,0,0,0,0
"T82539A","99600","10000",1,0,0,0,0
"T82539D","V5889","10000",1,0,0,0,0
"T82539S","9093","10000",1,0,0,0,0
"T82590A","9961","10000",1,0,0,0,0
"T82590D","V5889","10000",1,0,0,0,0
"T82590S","9093","10000",1,0,0,0,0
"T82591A","9961","10000",1,0,0,0,0
"T82591D","V5889","10000",1,0,0,0,0
"T82591S","9093","10000",1,0,0,0,0
"T82592A","99609","10000",1,0,0,0,0
"T82592D","V5889","10000",1,0,0,0,0
"T82592S","9093","10000",1,0,0,0,0
"T82593A","9961","10000",1,0,0,0,0
"T82593D","V5889","10000",1,0,0,0,0
"T82593S","9093","10000",1,0,0,0,0
"T82594A","99609","10000",1,0,0,0,0
"T82594A","9961","10000",1,0,0,0,0
"T82594D","V5889","10000",1,0,0,0,0
"T82594S","9093","10000",1,0,0,0,0
"T82595A","9961","10000",1,0,0,0,0
"T82595D","V5889","10000",1,0,0,0,0
"T82595S","9093","10000",1,0,0,0,0
"T82598A","99609","10000",1,0,0,0,0
"T82598A","9961","10000",1,0,0,0,0
"T82598D","V5889","10000",1,0,0,0,0
"T82598S","9093","10000",1,0,0,0,0
"T82599A","99600","10000",1,0,0,0,0
"T82599D","V5889","10000",1,0,0,0,0
"T82599S","9093","10000",1,0,0,0,0
"T826XXA","99661","10000",1,0,0,0,0
"T826XXD","V5889","10000",1,0,0,0,0
"T826XXS","9093","10000",1,0,0,0,0
"T827XXA","99661","10000",1,0,0,0,0
"T827XXA","99662","10000",1,0,0,0,0
"T827XXD","V5889","10000",1,0,0,0,0
"T827XXS","9093","10000",1,0,0,0,0
"T82817A","99671","10000",1,0,0,0,0
"T82817A","99672","10000",1,0,0,0,0
"T82817D","V5889","10000",1,0,0,0,0
"T82817S","9093","10000",1,0,0,0,0
"T82818A","99673","10000",1,0,0,0,0
"T82818A","99674","10000",1,0,0,0,0
"T82818D","V5889","10000",1,0,0,0,0
"T82818S","9093","10000",1,0,0,0,0
"T82827A","99671","10000",1,0,0,0,0
"T82827A","99672","10000",1,0,0,0,0
"T82827D","V5889","10000",1,0,0,0,0
"T82827S","9093","10000",1,0,0,0,0
"T82828A","99673","10000",1,0,0,0,0
"T82828A","99674","10000",1,0,0,0,0
"T82828D","V5889","10000",1,0,0,0,0
"T82828S","9093","10000",1,0,0,0,0
"T82837A","99671","10000",1,0,0,0,0
"T82837A","99672","10000",1,0,0,0,0
"T82837D","V5889","10000",1,0,0,0,0
"T82837S","9093","10000",1,0,0,0,0
"T82838A","99673","10000",1,0,0,0,0
"T82838A","99674","10000",1,0,0,0,0
"T82838D","V5889","10000",1,0,0,0,0
"T82838S","9093","10000",1,0,0,0,0
"T82847A","99671","10000",1,0,0,0,0
"T82847A","99672","10000",1,0,0,0,0
"T82847D","V5889","10000",1,0,0,0,0
"T82847S","9093","10000",1,0,0,0,0
"T82848A","99673","10000",1,0,0,0,0
"T82848A","99674","10000",1,0,0,0,0
"T82848D","V5889","10000",1,0,0,0,0
"T82848S","9093","10000",1,0,0,0,0
"T82857A","99671","10000",1,0,0,0,0
"T82857A","99672","10000",1,0,0,0,0
"T82857D","V5889","10000",1,0,0,0,0
"T82857S","9093","10000",1,0,0,0,0
"T82858A","99673","10000",1,0,0,0,0
"T82858A","99674","10000",1,0,0,0,0
"T82858D","V5889","10000",1,0,0,0,0
"T82858S","9093","10000",1,0,0,0,0
"T82867A","99671","10000",1,0,0,0,0
"T82867A","99672","10000",1,0,0,0,0
"T82867D","V5889","10000",1,0,0,0,0
"T82867S","9093","10000",1,0,0,0,0
"T82868A","99673","10000",1,0,0,0,0
"T82868A","99674","10000",1,0,0,0,0
"T82868D","V5889","10000",1,0,0,0,0
"T82868S","9093","10000",1,0,0,0,0
"T82897A","99671","10000",1,0,0,0,0
"T82897A","99672","10000",1,0,0,0,0
"T82897D","V5889","10000",1,0,0,0,0
"T82897S","9093","10000",1,0,0,0,0
"T82898A","99673","10000",1,0,0,0,0
"T82898A","99674","10000",1,0,0,0,0
"T82898D","V5889","10000",1,0,0,0,0
"T82898S","9093","10000",1,0,0,0,0
"T829XXA","99671","10000",1,0,0,0,0
"T829XXA","99672","10000",1,0,0,0,0
"T829XXA","99674","10000",1,0,0,0,0
"T829XXD","V5889","10000",1,0,0,0,0
"T829XXS","9093","10000",1,0,0,0,0
"T83010A","99639","10000",1,0,0,0,0
"T83010D","V5889","10000",1,0,0,0,0
"T83010S","9093","10000",1,0,0,0,0
"T83018A","99631","10000",1,0,0,0,0
"T83018D","V5889","10000",1,0,0,0,0
"T83018S","9093","10000",1,0,0,0,0
"T83020A","99639","10000",1,0,0,0,0
"T83020D","V5889","10000",1,0,0,0,0
"T83020S","9093","10000",1,0,0,0,0
"T83028A","99631","10000",1,0,0,0,0
"T83028D","V5889","10000",1,0,0,0,0
"T83028S","9093","10000",1,0,0,0,0
"T83030A","99639","10000",1,0,0,0,0
"T83030D","V5889","10000",1,0,0,0,0
"T83030S","9093","10000",1,0,0,0,0
"T83038A","99631","10000",1,0,0,0,0
"T83038D","V5889","10000",1,0,0,0,0
"T83038S","9093","10000",1,0,0,0,0
"T83090A","99639","10000",1,0,0,0,0
"T83090D","V5889","10000",1,0,0,0,0
"T83090S","9093","10000",1,0,0,0,0
"T83098A","99631","10000",1,0,0,0,0
"T83098D","V5889","10000",1,0,0,0,0
"T83098S","9093","10000",1,0,0,0,0
"T83110A","99639","10000",1,0,0,0,0
"T83110D","V5889","10000",1,0,0,0,0
"T83110S","9093","10000",1,0,0,0,0
"T83111A","99639","10000",1,0,0,0,0
"T83111D","V5889","10000",1,0,0,0,0
"T83111S","9093","10000",1,0,0,0,0
"T83112A","99639","10000",1,0,0,0,0
"T83112D","V5889","10000",1,0,0,0,0
"T83112S","9093","10000",1,0,0,0,0
"T83118A","99639","10000",1,0,0,0,0
"T83118D","V5889","10000",1,0,0,0,0
"T83118S","9093","10000",1,0,0,0,0
"T83120A","99639","10000",1,0,0,0,0
"T83120D","V5889","10000",1,0,0,0,0
"T83120S","9093","10000",1,0,0,0,0
"T83121A","99639","10000",1,0,0,0,0
"T83121D","V5889","10000",1,0,0,0,0
"T83121S","9093","10000",1,0,0,0,0
"T83122A","99639","10000",1,0,0,0,0
"T83122D","V5889","10000",1,0,0,0,0
"T83122S","9093","10000",1,0,0,0,0
"T83128A","99639","10000",1,0,0,0,0
"T83128D","V5889","10000",1,0,0,0,0
"T83128S","9093","10000",1,0,0,0,0
"T83190A","99639","10000",1,0,0,0,0
"T83190D","V5889","10000",1,0,0,0,0
"T83190S","9093","10000",1,0,0,0,0
"T83191A","99639","10000",1,0,0,0,0
"T83191D","V5889","10000",1,0,0,0,0
"T83191S","9093","10000",1,0,0,0,0
"T83192A","99639","10000",1,0,0,0,0
"T83192D","V5889","10000",1,0,0,0,0
"T83192S","9093","10000",1,0,0,0,0
"T83198A","99639","10000",1,0,0,0,0
"T83198D","V5889","10000",1,0,0,0,0
"T83198S","9093","10000",1,0,0,0,0
"T8321XA","99639","10000",1,0,0,0,0
"T8321XD","V5889","10000",1,0,0,0,0
"T8321XS","9093","10000",1,0,0,0,0
"T8322XA","99639","10000",1,0,0,0,0
"T8322XD","V5889","10000",1,0,0,0,0
"T8322XS","9093","10000",1,0,0,0,0
"T8323XA","99639","10000",1,0,0,0,0
"T8323XD","V5889","10000",1,0,0,0,0
"T8323XS","9093","10000",1,0,0,0,0
"T8329XA","99639","10000",1,0,0,0,0
"T8329XD","V5889","10000",1,0,0,0,0
"T8329XS","9093","10000",1,0,0,0,0
"T8331XA","99632","10000",1,0,0,0,0
"T8331XD","V5889","10000",1,0,0,0,0
"T8331XS","9093","10000",1,0,0,0,0
"T8332XA","99632","10000",1,0,0,0,0
"T8332XD","V5889","10000",1,0,0,0,0
"T8332XS","9093","10000",1,0,0,0,0
"T8339XA","99632","10000",1,0,0,0,0
"T8339XD","V5889","10000",1,0,0,0,0
"T8339XS","9093","10000",1,0,0,0,0
"T83410A","99639","10000",1,0,0,0,0
"T83410D","V5889","10000",1,0,0,0,0
"T83410S","9093","10000",1,0,0,0,0
"T83418A","99639","10000",1,0,0,0,0
"T83418D","V5889","10000",1,0,0,0,0
"T83418S","9093","10000",1,0,0,0,0
"T83420A","99639","10000",1,0,0,0,0
"T83420D","V5889","10000",1,0,0,0,0
"T83420S","9093","10000",1,0,0,0,0
"T83428A","99639","10000",1,0,0,0,0
"T83428D","V5889","10000",1,0,0,0,0
"T83428S","9093","10000",1,0,0,0,0
"T83490A","99639","10000",1,0,0,0,0
"T83490D","V5889","10000",1,0,0,0,0
"T83490S","9093","10000",1,0,0,0,0
"T83498A","99639","10000",1,0,0,0,0
"T83498D","V5889","10000",1,0,0,0,0
"T83498S","9093","10000",1,0,0,0,0
"T8351XA","99664","10000",1,0,0,0,0
"T8351XD","V5889","10000",1,0,0,0,0
"T8351XS","9093","10000",1,0,0,0,0
"T8359XA","99665","10000",1,0,0,0,0
"T8359XD","V5889","10000",1,0,0,0,0
"T8359XS","9093","10000",1,0,0,0,0
"T836XXA","99665","10000",1,0,0,0,0
"T836XXD","V5889","10000",1,0,0,0,0
"T836XXS","9093","10000",1,0,0,0,0
"T83711A","62931","10000",1,0,0,0,0
"T83711D","V5889","10000",1,0,0,0,0
"T83711S","9093","10000",1,0,0,0,0
"T83718A","99639","10000",1,0,0,0,0
"T83718D","V5889","10000",1,0,0,0,0
"T83718S","9093","10000",1,0,0,0,0
"T83721A","62932","10000",1,0,0,0,0
"T83721D","V5889","10000",1,0,0,0,0
"T83721S","9093","10000",1,0,0,0,0
"T83728A","99639","10000",1,0,0,0,0
"T83728D","V5889","10000",1,0,0,0,0
"T83728S","9093","10000",1,0,0,0,0
"T8381XA","99676","10000",1,0,0,0,0
"T8381XD","V5889","10000",1,0,0,0,0
"T8381XS","9093","10000",1,0,0,0,0
"T8382XA","99676","10000",1,0,0,0,0
"T8382XD","V5889","10000",1,0,0,0,0
"T8382XS","9093","10000",1,0,0,0,0
"T8383XA","99676","10000",1,0,0,0,0
"T8383XD","V5889","10000",1,0,0,0,0
"T8383XS","9093","10000",1,0,0,0,0
"T8384XA","99676","10000",1,0,0,0,0
"T8384XD","V5889","10000",1,0,0,0,0
"T8384XS","9093","10000",1,0,0,0,0
"T8385XA","99676","10000",1,0,0,0,0
"T8385XD","V5889","10000",1,0,0,0,0
"T8385XS","9093","10000",1,0,0,0,0
"T8386XA","99676","10000",1,0,0,0,0
"T8386XD","V5889","10000",1,0,0,0,0
"T8386XS","9093","10000",1,0,0,0,0
"T8389XA","99676","10000",1,0,0,0,0
"T8389XD","V5889","10000",1,0,0,0,0
"T8389XS","9093","10000",1,0,0,0,0
"T839XXA","99676","10000",1,0,0,0,0
"T839XXD","V5889","10000",1,0,0,0,0
"T839XXS","9093","10000",1,0,0,0,0
"T84010A","99643","10000",1,0,0,0,0
"T84010D","V5889","10000",1,0,0,0,0
"T84010S","9093","10000",1,0,0,0,0
"T84011A","99643","10000",1,0,0,0,0
"T84011D","V5889","10000",1,0,0,0,0
"T84011S","9093","10000",1,0,0,0,0
"T84012A","99643","10000",1,0,0,0,0
"T84012D","V5889","10000",1,0,0,0,0
"T84012S","9093","10000",1,0,0,0,0
"T84013A","99643","10000",1,0,0,0,0
"T84013D","V5889","10000",1,0,0,0,0
"T84013S","9093","10000",1,0,0,0,0
"T84018A","99643","10000",1,0,0,0,0
"T84018D","V5889","10000",1,0,0,0,0
"T84018S","9093","10000",1,0,0,0,0
"T84019A","99643","10000",1,0,0,0,0
"T84019D","V5889","10000",1,0,0,0,0
"T84019S","9093","10000",1,0,0,0,0
"T84020A","99642","10000",1,0,0,0,0
"T84020D","V5889","10000",1,0,0,0,0
"T84020S","9093","10000",1,0,0,0,0
"T84021A","99642","10000",1,0,0,0,0
"T84021D","V5889","10000",1,0,0,0,0
"T84021S","9093","10000",1,0,0,0,0
"T84022A","99642","10000",1,0,0,0,0
"T84022D","V5889","10000",1,0,0,0,0
"T84022S","9093","10000",1,0,0,0,0
"T84023A","99642","10000",1,0,0,0,0
"T84023D","V5889","10000",1,0,0,0,0
"T84023S","9093","10000",1,0,0,0,0
"T84028A","99642","10000",1,0,0,0,0
"T84028D","V5889","10000",1,0,0,0,0
"T84028S","9093","10000",1,0,0,0,0
"T84029A","99642","10000",1,0,0,0,0
"T84029D","V5889","10000",1,0,0,0,0
"T84029S","9093","10000",1,0,0,0,0
"T84030A","99641","10000",1,0,0,0,0
"T84030D","V5889","10000",1,0,0,0,0
"T84030S","9093","10000",1,0,0,0,0
"T84031A","99641","10000",1,0,0,0,0
"T84031D","V5889","10000",1,0,0,0,0
"T84031S","9093","10000",1,0,0,0,0
"T84032A","99641","10000",1,0,0,0,0
"T84032D","V5889","10000",1,0,0,0,0
"T84032S","9093","10000",1,0,0,0,0
"T84033A","99641","10000",1,0,0,0,0
"T84033D","V5889","10000",1,0,0,0,0
"T84033S","9093","10000",1,0,0,0,0
"T84038A","99641","10000",1,0,0,0,0
"T84038D","V5889","10000",1,0,0,0,0
"T84038S","9093","10000",1,0,0,0,0
"T84039A","99641","10000",1,0,0,0,0
"T84039D","V5889","10000",1,0,0,0,0
"T84039S","9093","10000",1,0,0,0,0
"T84040A","99644","10000",1,0,0,0,0
"T84040D","V5423","10000",1,0,0,0,0
"T84040S","9093","10000",1,0,0,0,0
"T84041A","99644","10000",1,0,0,0,0
"T84041D","V5423","10000",1,0,0,0,0
"T84041S","9093","10000",1,0,0,0,0
"T84042A","99644","10000",1,0,0,0,0
"T84042D","V5426","10000",1,0,0,0,0
"T84042S","9093","10000",1,0,0,0,0
"T84043A","99644","10000",1,0,0,0,0
"T84043D","V5426","10000",1,0,0,0,0
"T84043S","9093","10000",1,0,0,0,0
"T84048A","99644","10000",1,0,0,0,0
"T84048D","V5429","10000",1,0,0,0,0
"T84048S","9093","10000",1,0,0,0,0
"T84049A","99644","10000",1,0,0,0,0
"T84049D","V5429","10000",1,0,0,0,0
"T84049S","9093","10000",1,0,0,0,0
"T84050A","99645","10000",1,0,0,0,0
"T84050D","V5889","10000",1,0,0,0,0
"T84050S","9093","10000",1,0,0,0,0
"T84051A","99645","10000",1,0,0,0,0
"T84051D","V5889","10000",1,0,0,0,0
"T84051S","9093","10000",1,0,0,0,0
"T84052A","99645","10000",1,0,0,0,0
"T84052D","V5889","10000",1,0,0,0,0
"T84052S","9093","10000",1,0,0,0,0
"T84053A","99645","10000",1,0,0,0,0
"T84053D","V5889","10000",1,0,0,0,0
"T84053S","9093","10000",1,0,0,0,0
"T84058A","99645","10000",1,0,0,0,0
"T84058D","V5889","10000",1,0,0,0,0
"T84058S","9093","10000",1,0,0,0,0
"T84059A","99645","10000",1,0,0,0,0
"T84059D","V5889","10000",1,0,0,0,0
"T84059S","9093","10000",1,0,0,0,0
"T84060A","99646","10000",1,0,0,0,0
"T84060D","V5889","10000",1,0,0,0,0
"T84060S","9093","10000",1,0,0,0,0
"T84061A","99646","10000",1,0,0,0,0
"T84061D","V5889","10000",1,0,0,0,0
"T84061S","9093","10000",1,0,0,0,0
"T84062A","99646","10000",1,0,0,0,0
"T84062D","V5889","10000",1,0,0,0,0
"T84062S","9093","10000",1,0,0,0,0
"T84063A","99646","10000",1,0,0,0,0
"T84063D","V5889","10000",1,0,0,0,0
"T84063S","9093","10000",1,0,0,0,0
"T84068A","99646","10000",1,0,0,0,0
"T84068D","V5889","10000",1,0,0,0,0
"T84068S","9093","10000",1,0,0,0,0
"T84069A","99646","10000",1,0,0,0,0
"T84069D","V5889","10000",1,0,0,0,0
"T84069S","9093","10000",1,0,0,0,0
"T84090A","99647","10000",1,0,0,0,0
"T84090D","V5889","10000",1,0,0,0,0
"T84090S","9093","10000",1,0,0,0,0
"T84091A","99647","10000",1,0,0,0,0
"T84091D","V5889","10000",1,0,0,0,0
"T84091S","9093","10000",1,0,0,0,0
"T84092A","99647","10000",1,0,0,0,0
"T84092D","V5889","10000",1,0,0,0,0
"T84092S","9093","10000",1,0,0,0,0
"T84093A","99647","10000",1,0,0,0,0
"T84093D","V5889","10000",1,0,0,0,0
"T84093S","9093","10000",1,0,0,0,0
"T84098A","99647","10000",1,0,0,0,0
"T84098D","V5889","10000",1,0,0,0,0
"T84098S","9093","10000",1,0,0,0,0
"T84099A","99647","10000",1,0,0,0,0
"T84099D","V5889","10000",1,0,0,0,0
"T84099S","9093","10000",1,0,0,0,0
"T84110A","99649","10000",1,0,0,0,0
"T84110D","V5889","10000",1,0,0,0,0
"T84110S","9093","10000",1,0,0,0,0
"T84111A","99649","10000",1,0,0,0,0
"T84111D","V5889","10000",1,0,0,0,0
"T84111S","9093","10000",1,0,0,0,0
"T84112A","99649","10000",1,0,0,0,0
"T84112D","V5889","10000",1,0,0,0,0
"T84112S","9093","10000",1,0,0,0,0
"T84113A","99649","10000",1,0,0,0,0
"T84113D","V5889","10000",1,0,0,0,0
"T84113S","9093","10000",1,0,0,0,0
"T84114A","99649","10000",1,0,0,0,0
"T84114D","V5889","10000",1,0,0,0,0
"T84114S","9093","10000",1,0,0,0,0
"T84115A","99649","10000",1,0,0,0,0
"T84115D","V5889","10000",1,0,0,0,0
"T84115S","9093","10000",1,0,0,0,0
"T84116A","99649","10000",1,0,0,0,0
"T84116D","V5889","10000",1,0,0,0,0
"T84116S","9093","10000",1,0,0,0,0
"T84117A","99649","10000",1,0,0,0,0
"T84117D","V5889","10000",1,0,0,0,0
"T84117S","9093","10000",1,0,0,0,0
"T84119A","99649","10000",1,0,0,0,0
"T84119D","V5889","10000",1,0,0,0,0
"T84119S","9093","10000",1,0,0,0,0
"T84120A","99649","10000",1,0,0,0,0
"T84120D","V5889","10000",1,0,0,0,0
"T84120S","9093","10000",1,0,0,0,0
"T84121A","99649","10000",1,0,0,0,0
"T84121D","V5889","10000",1,0,0,0,0
"T84121S","9093","10000",1,0,0,0,0
"T84122A","99649","10000",1,0,0,0,0
"T84122D","V5889","10000",1,0,0,0,0
"T84122S","9093","10000",1,0,0,0,0
"T84123A","99649","10000",1,0,0,0,0
"T84123D","V5889","10000",1,0,0,0,0
"T84123S","9093","10000",1,0,0,0,0
"T84124A","99649","10000",1,0,0,0,0
"T84124D","V5889","10000",1,0,0,0,0
"T84124S","9093","10000",1,0,0,0,0
"T84125A","99649","10000",1,0,0,0,0
"T84125D","V5889","10000",1,0,0,0,0
"T84125S","9093","10000",1,0,0,0,0
"T84126A","99649","10000",1,0,0,0,0
"T84126D","V5889","10000",1,0,0,0,0
"T84126S","9093","10000",1,0,0,0,0
"T84127A","99649","10000",1,0,0,0,0
"T84127D","V5889","10000",1,0,0,0,0
"T84127S","9093","10000",1,0,0,0,0
"T84129A","99649","10000",1,0,0,0,0
"T84129D","V5889","10000",1,0,0,0,0
"T84129S","9093","10000",1,0,0,0,0
"T84190A","99649","10000",1,0,0,0,0
"T84190D","V5889","10000",1,0,0,0,0
"T84190S","9093","10000",1,0,0,0,0
"T84191A","99649","10000",1,0,0,0,0
"T84191D","V5889","10000",1,0,0,0,0
"T84191S","9093","10000",1,0,0,0,0
"T84192A","99649","10000",1,0,0,0,0
"T84192D","V5889","10000",1,0,0,0,0
"T84192S","9093","10000",1,0,0,0,0
"T84193A","99649","10000",1,0,0,0,0
"T84193D","V5889","10000",1,0,0,0,0
"T84193S","9093","10000",1,0,0,0,0
"T84194A","99649","10000",1,0,0,0,0
"T84194D","V5889","10000",1,0,0,0,0
"T84194S","9093","10000",1,0,0,0,0
"T84195A","99649","10000",1,0,0,0,0
"T84195D","V5889","10000",1,0,0,0,0
"T84195S","9093","10000",1,0,0,0,0
"T84196A","99649","10000",1,0,0,0,0
"T84196D","V5889","10000",1,0,0,0,0
"T84196S","9093","10000",1,0,0,0,0
"T84197A","99649","10000",1,0,0,0,0
"T84197D","V5889","10000",1,0,0,0,0
"T84197S","9093","10000",1,0,0,0,0
"T84199A","99649","10000",1,0,0,0,0
"T84199D","V5889","10000",1,0,0,0,0
"T84199S","9093","10000",1,0,0,0,0
"T84210A","99649","10000",1,0,0,0,0
"T84210D","V5889","10000",1,0,0,0,0
"T84210S","9093","10000",1,0,0,0,0
"T84213A","99649","10000",1,0,0,0,0
"T84213D","V5889","10000",1,0,0,0,0
"T84213S","9093","10000",1,0,0,0,0
"T84216A","99649","10000",1,0,0,0,0
"T84216D","V5889","10000",1,0,0,0,0
"T84216S","9093","10000",1,0,0,0,0
"T84218A","99649","10000",1,0,0,0,0
"T84218D","V5889","10000",1,0,0,0,0
"T84218S","9093","10000",1,0,0,0,0
"T84220A","99649","10000",1,0,0,0,0
"T84220D","V5889","10000",1,0,0,0,0
"T84220S","9093","10000",1,0,0,0,0
"T84223A","99649","10000",1,0,0,0,0
"T84223D","V5889","10000",1,0,0,0,0
"T84223S","9093","10000",1,0,0,0,0
"T84226A","99649","10000",1,0,0,0,0
"T84226D","V5889","10000",1,0,0,0,0
"T84226S","9093","10000",1,0,0,0,0
"T84228A","99649","10000",1,0,0,0,0
"T84228D","V5889","10000",1,0,0,0,0
"T84228S","9093","10000",1,0,0,0,0
"T84290A","99649","10000",1,0,0,0,0
"T84290D","V5889","10000",1,0,0,0,0
"T84290S","9093","10000",1,0,0,0,0
"T84293A","99649","10000",1,0,0,0,0
"T84293D","V5889","10000",1,0,0,0,0
"T84293S","9093","10000",1,0,0,0,0
"T84296A","99649","10000",1,0,0,0,0
"T84296D","V5889","10000",1,0,0,0,0
"T84296S","9093","10000",1,0,0,0,0
"T84298A","99649","10000",1,0,0,0,0
"T84298D","V5889","10000",1,0,0,0,0
"T84298S","9093","10000",1,0,0,0,0
"T84310A","99649","10000",1,0,0,0,0
"T84310D","V5889","10000",1,0,0,0,0
"T84310S","9093","10000",1,0,0,0,0
"T84318A","99649","10000",1,0,0,0,0
"T84318D","V5889","10000",1,0,0,0,0
"T84318S","9093","10000",1,0,0,0,0
"T84320A","99649","10000",1,0,0,0,0
"T84320D","V5889","10000",1,0,0,0,0
"T84320S","9093","10000",1,0,0,0,0
"T84328A","99649","10000",1,0,0,0,0
"T84328D","V5889","10000",1,0,0,0,0
"T84328S","9093","10000",1,0,0,0,0
"T84390A","99649","10000",1,0,0,0,0
"T84390D","V5889","10000",1,0,0,0,0
"T84390S","9093","10000",1,0,0,0,0
"T84398A","99649","10000",1,0,0,0,0
"T84398D","V5889","10000",1,0,0,0,0
"T84398S","9093","10000",1,0,0,0,0
"T84410A","99649","10000",1,0,0,0,0
"T84410D","V5889","10000",1,0,0,0,0
"T84410S","9093","10000",1,0,0,0,0
"T84418A","99649","10000",1,0,0,0,0
"T84418D","V5889","10000",1,0,0,0,0
"T84418S","9093","10000",1,0,0,0,0
"T84420A","99649","10000",1,0,0,0,0
"T84420D","V5889","10000",1,0,0,0,0
"T84420S","9093","10000",1,0,0,0,0
"T84428A","99649","10000",1,0,0,0,0
"T84428D","V5889","10000",1,0,0,0,0
"T84428S","9093","10000",1,0,0,0,0
"T84490A","99649","10000",1,0,0,0,0
"T84490D","V5889","10000",1,0,0,0,0
"T84490S","9093","10000",1,0,0,0,0
"T84498A","99649","10000",1,0,0,0,0
"T84498D","V5889","10000",1,0,0,0,0
"T84498S","9093","10000",1,0,0,0,0
"T8450XA","99666","10000",1,0,0,0,0
"T8450XD","V5889","10000",1,0,0,0,0
"T8450XS","9093","10000",1,0,0,0,0
"T8451XA","99666","10000",1,0,0,0,0
"T8451XD","V5889","10000",1,0,0,0,0
"T8451XS","9093","10000",1,0,0,0,0
"T8452XA","99666","10000",1,0,0,0,0
"T8452XD","V5889","10000",1,0,0,0,0
"T8452XS","9093","10000",1,0,0,0,0
"T8453XA","99666","10000",1,0,0,0,0
"T8453XD","V5889","10000",1,0,0,0,0
"T8453XS","9093","10000",1,0,0,0,0
"T8454XA","99666","10000",1,0,0,0,0
"T8454XD","V5889","10000",1,0,0,0,0
"T8454XS","9093","10000",1,0,0,0,0
"T8459XA","99666","10000",1,0,0,0,0
"T8459XD","V5889","10000",1,0,0,0,0
"T8459XS","9093","10000",1,0,0,0,0
"T8460XA","99667","10000",1,0,0,0,0
"T8460XD","V5889","10000",1,0,0,0,0
"T8460XS","9093","10000",1,0,0,0,0
"T84610A","99667","10000",1,0,0,0,0
"T84610D","V5889","10000",1,0,0,0,0
"T84610S","9093","10000",1,0,0,0,0
"T84611A","99667","10000",1,0,0,0,0
"T84611D","V5889","10000",1,0,0,0,0
"T84611S","9093","10000",1,0,0,0,0
"T84612A","99667","10000",1,0,0,0,0
"T84612D","V5889","10000",1,0,0,0,0
"T84612S","9093","10000",1,0,0,0,0
"T84613A","99667","10000",1,0,0,0,0
"T84613D","V5889","10000",1,0,0,0,0
"T84613S","9093","10000",1,0,0,0,0
"T84614A","99667","10000",1,0,0,0,0
"T84614D","V5889","10000",1,0,0,0,0
"T84614S","9093","10000",1,0,0,0,0
"T84615A","99667","10000",1,0,0,0,0
"T84615D","V5889","10000",1,0,0,0,0
"T84615S","9093","10000",1,0,0,0,0
"T84619A","99667","10000",1,0,0,0,0
"T84619D","V5889","10000",1,0,0,0,0
"T84619S","9093","10000",1,0,0,0,0
"T84620A","99667","10000",1,0,0,0,0
"T84620D","V5889","10000",1,0,0,0,0
"T84620S","9093","10000",1,0,0,0,0
"T84621A","99667","10000",1,0,0,0,0
"T84621D","V5889","10000",1,0,0,0,0
"T84621S","9093","10000",1,0,0,0,0
"T84622A","99667","10000",1,0,0,0,0
"T84622D","V5889","10000",1,0,0,0,0
"T84622S","9093","10000",1,0,0,0,0
"T84623A","99667","10000",1,0,0,0,0
"T84623D","V5889","10000",1,0,0,0,0
"T84623S","9093","10000",1,0,0,0,0
"T84624A","99667","10000",1,0,0,0,0
"T84624D","V5889","10000",1,0,0,0,0
"T84624S","9093","10000",1,0,0,0,0
"T84625A","99667","10000",1,0,0,0,0
"T84625D","V5889","10000",1,0,0,0,0
"T84625S","9093","10000",1,0,0,0,0
"T84629A","99667","10000",1,0,0,0,0
"T84629D","V5889","10000",1,0,0,0,0
"T84629S","9093","10000",1,0,0,0,0
"T8463XA","99667","10000",1,0,0,0,0
"T8463XD","V5889","10000",1,0,0,0,0
"T8463XS","9093","10000",1,0,0,0,0
"T8469XA","99667","10000",1,0,0,0,0
"T8469XD","V5889","10000",1,0,0,0,0
"T8469XS","9093","10000",1,0,0,0,0
"T847XXA","99667","10000",1,0,0,0,0
"T847XXD","V5889","10000",1,0,0,0,0
"T847XXS","9093","10000",1,0,0,0,0
"T8481XA","99677","10000",1,0,0,0,0
"T8481XA","99678","10000",1,0,0,0,0
"T8481XD","V5889","10000",1,0,0,0,0
"T8481XS","9093","10000",1,0,0,0,0
"T8482XA","99677","10000",1,0,0,0,0
"T8482XA","99678","10000",1,0,0,0,0
"T8482XD","V5889","10000",1,0,0,0,0
"T8482XS","9093","10000",1,0,0,0,0
"T8483XA","99677","10000",1,0,0,0,0
"T8483XA","99678","10000",1,0,0,0,0
"T8483XD","V5889","10000",1,0,0,0,0
"T8483XS","9093","10000",1,0,0,0,0
"T8484XA","99677","10000",1,0,0,0,0
"T8484XA","99678","10000",1,0,0,0,0
"T8484XD","V5889","10000",1,0,0,0,0
"T8484XS","9093","10000",1,0,0,0,0
"T8485XA","99677","10000",1,0,0,0,0
"T8485XA","99678","10000",1,0,0,0,0
"T8485XD","V5889","10000",1,0,0,0,0
"T8485XS","9093","10000",1,0,0,0,0
"T8486XA","99677","10000",1,0,0,0,0
"T8486XA","99678","10000",1,0,0,0,0
"T8486XD","V5889","10000",1,0,0,0,0
"T8486XS","9093","10000",1,0,0,0,0
"T8489XA","99677","10000",1,0,0,0,0
"T8489XA","99678","10000",1,0,0,0,0
"T8489XD","V5889","10000",1,0,0,0,0
"T8489XS","9093","10000",1,0,0,0,0
"T849XXA","99677","10000",1,0,0,0,0
"T849XXA","99678","10000",1,0,0,0,0
"T849XXD","V5889","10000",1,0,0,0,0
"T849XXS","9093","10000",1,0,0,0,0
"T8501XA","9962","10000",1,0,0,0,0
"T8501XD","V5889","10000",1,0,0,0,0
"T8501XS","9093","10000",1,0,0,0,0
"T8502XA","9962","10000",1,0,0,0,0
"T8502XD","V5889","10000",1,0,0,0,0
"T8502XS","9093","10000",1,0,0,0,0
"T8503XA","9962","10000",1,0,0,0,0
"T8503XD","V5889","10000",1,0,0,0,0
"T8503XS","9093","10000",1,0,0,0,0
"T8509XA","9962","10000",1,0,0,0,0
"T8509XD","V5889","10000",1,0,0,0,0
"T8509XS","9093","10000",1,0,0,0,0
"T85110A","9962","10000",1,0,0,0,0
"T85110D","V5889","10000",1,0,0,0,0
"T85110S","9093","10000",1,0,0,0,0
"T85111A","9962","10000",1,0,0,0,0
"T85111D","V5889","10000",1,0,0,0,0
"T85111S","9093","10000",1,0,0,0,0
"T85112A","9962","10000",1,0,0,0,0
"T85112D","V5889","10000",1,0,0,0,0
"T85112S","9093","10000",1,0,0,0,0
"T85118A","9962","10000",1,0,0,0,0
"T85118D","V5889","10000",1,0,0,0,0
"T85118S","9093","10000",1,0,0,0,0
"T85120A","9962","10000",1,0,0,0,0
"T85120D","V5889","10000",1,0,0,0,0
"T85120S","9093","10000",1,0,0,0,0
"T85121A","9962","10000",1,0,0,0,0
"T85121D","V5889","10000",1,0,0,0,0
"T85121S","9093","10000",1,0,0,0,0
"T85122A","9962","10000",1,0,0,0,0
"T85122D","V5889","10000",1,0,0,0,0
"T85122S","9093","10000",1,0,0,0,0
"T85128A","9962","10000",1,0,0,0,0
"T85128D","V5889","10000",1,0,0,0,0
"T85128S","9093","10000",1,0,0,0,0
"T85190A","9962","10000",1,0,0,0,0
"T85190D","V5889","10000",1,0,0,0,0
"T85190S","9093","10000",1,0,0,0,0
"T85191A","9962","10000",1,0,0,0,0
"T85191D","V5889","10000",1,0,0,0,0
"T85191S","9093","10000",1,0,0,0,0
"T85192A","9962","10000",1,0,0,0,0
"T85192D","V5889","10000",1,0,0,0,0
"T85192S","9093","10000",1,0,0,0,0
"T85199A","9962","10000",1,0,0,0,0
"T85199D","V5889","10000",1,0,0,0,0
"T85199S","9093","10000",1,0,0,0,0
"T8521XA","99653","10000",1,0,0,0,0
"T8521XD","V5889","10000",1,0,0,0,0
"T8521XS","9093","10000",1,0,0,0,0
"T8522XA","99653","10000",1,0,0,0,0
"T8522XD","V5889","10000",1,0,0,0,0
"T8522XS","9093","10000",1,0,0,0,0
"T8529XA","99653","10000",1,0,0,0,0
"T8529XD","V5889","10000",1,0,0,0,0
"T8529XS","9093","10000",1,0,0,0,0
"T85310A","99659","10000",1,0,0,0,0
"T85310D","V5889","10000",1,0,0,0,0
"T85310S","9093","10000",1,0,0,0,0
"T85311A","99659","10000",1,0,0,0,0
"T85311D","V5889","10000",1,0,0,0,0
"T85311S","9093","10000",1,0,0,0,0
"T85318A","99651","10000",1,0,0,0,0
"T85318A","99659","10000",1,0,0,0,0
"T85318D","V5889","10000",1,0,0,0,0
"T85318S","9093","10000",1,0,0,0,0
"T85320A","99659","10000",1,0,0,0,0
"T85320D","V5889","10000",1,0,0,0,0
"T85320S","9093","10000",1,0,0,0,0
"T85321A","99659","10000",1,0,0,0,0
"T85321D","V5889","10000",1,0,0,0,0
"T85321S","9093","10000",1,0,0,0,0
"T85328A","99651","10000",1,0,0,0,0
"T85328A","99659","10000",1,0,0,0,0
"T85328D","V5889","10000",1,0,0,0,0
"T85328S","9093","10000",1,0,0,0,0
"T85390A","99659","10000",1,0,0,0,0
"T85390D","V5889","10000",1,0,0,0,0
"T85390S","9093","10000",1,0,0,0,0
"T85391A","99659","10000",1,0,0,0,0
"T85391D","V5889","10000",1,0,0,0,0
"T85391S","9093","10000",1,0,0,0,0
"T85398A","99651","10000",1,0,0,0,0
"T85398A","99659","10000",1,0,0,0,0
"T85398D","V5889","10000",1,0,0,0,0
"T85398S","9093","10000",1,0,0,0,0
"T8541XA","99654","10000",1,0,0,0,0
"T8541XD","V5889","10000",1,0,0,0,0
"T8541XS","9093","10000",1,0,0,0,0
"T8542XA","99654","10000",1,0,0,0,0
"T8542XD","V5889","10000",1,0,0,0,0
"T8542XS","9093","10000",1,0,0,0,0
"T8543XA","99654","10000",1,0,0,0,0
"T8543XD","V5889","10000",1,0,0,0,0
"T8543XS","9093","10000",1,0,0,0,0
"T8544XA","99654","10000",1,0,0,0,0
"T8544XD","V5889","10000",1,0,0,0,0
"T8544XS","9093","10000",1,0,0,0,0
"T8549XA","99654","10000",1,0,0,0,0
"T8549XD","V5889","10000",1,0,0,0,0
"T8549XS","9093","10000",1,0,0,0,0
"T85510A","99659","10000",1,0,0,0,0
"T85510D","V5889","10000",1,0,0,0,0
"T85510S","9093","10000",1,0,0,0,0
"T85511A","99659","10000",1,0,0,0,0
"T85511D","V5889","10000",1,0,0,0,0
"T85511S","9093","10000",1,0,0,0,0
"T85518A","99659","10000",1,0,0,0,0
"T85518D","V5889","10000",1,0,0,0,0
"T85518S","9093","10000",1,0,0,0,0
"T85520A","99659","10000",1,0,0,0,0
"T85520D","V5889","10000",1,0,0,0,0
"T85520S","9093","10000",1,0,0,0,0
"T85521A","99659","10000",1,0,0,0,0
"T85521D","V5889","10000",1,0,0,0,0
"T85521S","9093","10000",1,0,0,0,0
"T85528A","99659","10000",1,0,0,0,0
"T85528D","V5889","10000",1,0,0,0,0
"T85528S","9093","10000",1,0,0,0,0
"T85590A","99659","10000",1,0,0,0,0
"T85590D","V5889","10000",1,0,0,0,0
"T85590S","9093","10000",1,0,0,0,0
"T85591A","99659","10000",1,0,0,0,0
"T85591D","V5889","10000",1,0,0,0,0
"T85591S","9093","10000",1,0,0,0,0
"T85598A","99659","10000",1,0,0,0,0
"T85598D","V5889","10000",1,0,0,0,0
"T85598S","9093","10000",1,0,0,0,0
"T85610A","99659","10000",1,0,0,0,0
"T85610D","V5889","10000",1,0,0,0,0
"T85610S","9093","10000",1,0,0,0,0
"T85611A","99656","10000",1,0,0,0,0
"T85611D","V5889","10000",1,0,0,0,0
"T85611S","9093","10000",1,0,0,0,0
"T85612A","99659","10000",1,0,0,0,0
"T85612D","V5889","10000",1,0,0,0,0
"T85612S","9093","10000",1,0,0,0,0
"T85613A","99655","10000",1,0,0,0,0
"T85613D","V5889","10000",1,0,0,0,0
"T85613S","9093","10000",1,0,0,0,0
"T85614A","99657","10000",1,0,0,0,0
"T85614D","V5889","10000",1,0,0,0,0
"T85614S","9093","10000",1,0,0,0,0
"T85618A","99659","10000",1,0,0,0,0
"T85618D","V5889","10000",1,0,0,0,0
"T85618S","9093","10000",1,0,0,0,0
"T85620A","99659","10000",1,0,0,0,0
"T85620D","V5889","10000",1,0,0,0,0
"T85620S","9093","10000",1,0,0,0,0
"T85621A","99656","10000",1,0,0,0,0
"T85621D","V5889","10000",1,0,0,0,0
"T85621S","9093","10000",1,0,0,0,0
"T85622A","99659","10000",1,0,0,0,0
"T85622D","V5889","10000",1,0,0,0,0
"T85622S","9093","10000",1,0,0,0,0
"T85623A","99655","10000",1,0,0,0,0
"T85623D","V5889","10000",1,0,0,0,0
"T85623S","9093","10000",1,0,0,0,0
"T85624A","99657","10000",1,0,0,0,0
"T85624D","V5889","10000",1,0,0,0,0
"T85624S","9093","10000",1,0,0,0,0
"T85628A","99659","10000",1,0,0,0,0
"T85628D","V5889","10000",1,0,0,0,0
"T85628S","9093","10000",1,0,0,0,0
"T85630A","99659","10000",1,0,0,0,0
"T85630D","V5889","10000",1,0,0,0,0
"T85630S","9093","10000",1,0,0,0,0
"T85631A","99656","10000",1,0,0,0,0
"T85631D","V5889","10000",1,0,0,0,0
"T85631S","9093","10000",1,0,0,0,0
"T85633A","99657","10000",1,0,0,0,0
"T85633D","V5889","10000",1,0,0,0,0
"T85633S","9093","10000",1,0,0,0,0
"T85638A","99659","10000",1,0,0,0,0
"T85638D","V5889","10000",1,0,0,0,0
"T85638S","9093","10000",1,0,0,0,0
"T85690A","99659","10000",1,0,0,0,0
"T85690D","V5889","10000",1,0,0,0,0
"T85690S","9093","10000",1,0,0,0,0
"T85691A","99656","10000",1,0,0,0,0
"T85691D","V5889","10000",1,0,0,0,0
"T85691S","9093","10000",1,0,0,0,0
"T85692A","99659","10000",1,0,0,0,0
"T85692D","V5889","10000",1,0,0,0,0
"T85692S","9093","10000",1,0,0,0,0
"T85693A","99655","10000",1,0,0,0,0
"T85693D","V5889","10000",1,0,0,0,0
"T85693S","9093","10000",1,0,0,0,0
"T85694A","99657","10000",1,0,0,0,0
"T85694D","V5889","10000",1,0,0,0,0
"T85694S","9093","10000",1,0,0,0,0
"T85698A","99659","10000",1,0,0,0,0
"T85698D","V5889","10000",1,0,0,0,0
"T85698S","9093","10000",1,0,0,0,0
"T8571XA","99668","10000",1,0,0,0,0
"T8571XD","V5889","10000",1,0,0,0,0
"T8571XS","9093","10000",1,0,0,0,0
"T8572XA","99669","10000",1,0,0,0,0
"T8572XD","V5889","10000",1,0,0,0,0
"T8572XS","9093","10000",1,0,0,0,0
"T8579XA","99669","10000",1,0,0,0,0
"T8579XD","V5889","10000",1,0,0,0,0
"T8579XS","9093","10000",1,0,0,0,0
"T8581XA","99675","10000",1,0,0,0,0
"T8581XA","99679","10000",1,0,0,0,0
"T8581XD","V5889","10000",1,0,0,0,0
"T8581XS","9093","10000",1,0,0,0,0
"T8582XA","99675","10000",1,0,0,0,0
"T8582XA","99679","10000",1,0,0,0,0
"T8582XD","V5889","10000",1,0,0,0,0
"T8582XS","9093","10000",1,0,0,0,0
"T8583XA","99675","10000",1,0,0,0,0
"T8583XA","99679","10000",1,0,0,0,0
"T8583XD","V5889","10000",1,0,0,0,0
"T8583XS","9093","10000",1,0,0,0,0
"T8584XA","99675","10000",1,0,0,0,0
"T8584XA","99679","10000",1,0,0,0,0
"T8584XD","V5889","10000",1,0,0,0,0
"T8584XS","9093","10000",1,0,0,0,0
"T8585XA","99675","10000",1,0,0,0,0
"T8585XA","99679","10000",1,0,0,0,0
"T8585XD","V5889","10000",1,0,0,0,0
"T8585XS","9093","10000",1,0,0,0,0
"T8586XA","99675","10000",1,0,0,0,0
"T8586XA","99679","10000",1,0,0,0,0
"T8586XD","V5889","10000",1,0,0,0,0
"T8586XS","9093","10000",1,0,0,0,0
"T8589XA","99675","10000",1,0,0,0,0
"T8589XA","99679","10000",1,0,0,0,0
"T8589XD","V5889","10000",1,0,0,0,0
"T8589XS","9093","10000",1,0,0,0,0
"T859XXA","99670","10000",1,0,0,0,0
"T859XXD","V5889","10000",1,0,0,0,0
"T859XXS","9093","10000",1,0,0,0,0
"T8600","99685","10000",1,0,0,0,0
"T8601","99685","10000",1,0,0,0,0
"T8602","99685","10000",1,0,0,0,0
"T8603","99685","10000",1,0,0,0,0
"T8609","99685","10000",1,0,0,0,0
"T8610","99681","10000",1,0,0,0,0
"T8611","99681","10000",1,0,0,0,0
"T8612","99681","10000",1,0,0,0,0
"T8613","99681","10000",1,0,0,0,0
"T8619","99681","10000",1,0,0,0,0
"T8620","99683","10000",1,0,0,0,0
"T8621","99683","10000",1,0,0,0,0
"T8622","99683","10000",1,0,0,0,0
"T8623","99683","10000",1,0,0,0,0
"T86290","99683","10000",1,0,0,0,0
"T86298","99683","10000",1,0,0,0,0
"T8630","99683","10000",1,0,0,0,0
"T8631","99683","10000",1,0,0,0,0
"T8632","99683","10000",1,0,0,0,0
"T8633","99683","10000",1,0,0,0,0
"T8639","99683","10000",1,0,0,0,0
"T8640","99682","10000",1,0,0,0,0
"T8641","99682","10000",1,0,0,0,0
"T8642","99682","10000",1,0,0,0,0
"T8643","99682","10000",1,0,0,0,0
"T8649","99682","10000",1,0,0,0,0
"T865","99688","00000",0,0,0,0,0
"T86810","99684","10000",1,0,0,0,0
"T86811","99684","10000",1,0,0,0,0
"T86812","99684","10000",1,0,0,0,0
"T86818","99684","10000",1,0,0,0,0
"T86819","99684","10000",1,0,0,0,0
"T86820","99652","10000",1,0,0,0,0
"T86821","99652","10000",1,0,0,0,0
"T86822","99652","10000",1,0,0,0,0
"T86828","99652","10000",1,0,0,0,0
"T86829","99652","10000",1,0,0,0,0
"T86830","99689","10000",1,0,0,0,0
"T86831","99689","10000",1,0,0,0,0
"T86832","99689","10000",1,0,0,0,0
"T86838","99689","10000",1,0,0,0,0
"T86839","99689","10000",1,0,0,0,0
"T86840","99651","10000",1,0,0,0,0
"T86841","99651","10000",1,0,0,0,0
"T86842","99669","10000",1,0,0,0,0
"T86848","99679","10000",1,0,0,0,0
"T86849","99679","10000",1,0,0,0,0
"T86850","99687","10000",1,0,0,0,0
"T86851","99687","10000",1,0,0,0,0
"T86852","99687","10000",1,0,0,0,0
"T86858","99687","10000",1,0,0,0,0
"T86859","99687","10000",1,0,0,0,0
"T86890","99686","10000",1,0,0,0,0
"T86890","99689","10000",1,0,0,0,0
"T86891","99686","10000",1,0,0,0,0
"T86891","99689","10000",1,0,0,0,0
"T86892","99686","10000",1,0,0,0,0
"T86892","99689","10000",1,0,0,0,0
"T86898","99686","10000",1,0,0,0,0
"T86898","99689","10000",1,0,0,0,0
"T86899","99686","10000",1,0,0,0,0
"T86899","99689","10000",1,0,0,0,0
"T8690","99680","10000",1,0,0,0,0
"T8691","99680","10000",1,0,0,0,0
"T8692","99680","10000",1,0,0,0,0
"T8693","99680","10000",1,0,0,0,0
"T8699","99680","10000",1,0,0,0,0
"T870X1","99694","10000",1,0,0,0,0
"T870X2","99694","10000",1,0,0,0,0
"T870X9","99694","10000",1,0,0,0,0
"T871X1","99696","10000",1,0,0,0,0
"T871X2","99696","10000",1,0,0,0,0
"T871X9","99696","10000",1,0,0,0,0
"T872","99699","10000",1,0,0,0,0
"T8730","99761","10000",1,0,0,0,0
"T8731","99761","10000",1,0,0,0,0
"T8732","99761","10000",1,0,0,0,0
"T8733","99761","10000",1,0,0,0,0
"T8734","99761","10000",1,0,0,0,0
"T8740","99762","10000",1,0,0,0,0
"T8741","99762","10000",1,0,0,0,0
"T8742","99762","10000",1,0,0,0,0
"T8743","99762","10000",1,0,0,0,0
"T8744","99762","10000",1,0,0,0,0
"T8750","99769","10000",1,0,0,0,0
"T8751","99769","10000",1,0,0,0,0
"T8752","99769","10000",1,0,0,0,0
"T8753","99769","10000",1,0,0,0,0
"T8754","99769","10000",1,0,0,0,0
"T8781","99769","10000",1,0,0,0,0
"T8789","99769","10000",1,0,0,0,0
"T879","99760","10000",1,0,0,0,0
"T880XXA","99939","10000",1,0,0,0,0
"T880XXD","V5889","10000",1,0,0,0,0
"T880XXS","9093","10000",1,0,0,0,0
"T881XXA","9990","10000",1,0,0,0,0
"T881XXD","V5889","10000",1,0,0,0,0
"T881XXS","9093","10000",1,0,0,0,0
"T882XXA","9954","10000",1,0,0,0,0
"T882XXD","V5889","10000",1,0,0,0,0
"T882XXS","9093","10000",1,0,0,0,0
"T883XXA","99586","10000",1,0,0,0,0
"T883XXD","V5889","10000",1,0,0,0,0
"T883XXS","9093","10000",1,0,0,0,0
"T884XXA","9999","10000",1,0,0,0,0
"T884XXD","V5889","10000",1,0,0,0,0
"T884XXS","9093","10000",1,0,0,0,0
"T8851XA","99589","10000",1,0,0,0,0
"T8851XD","V5889","10000",1,0,0,0,0
"T8851XS","9093","10000",1,0,0,0,0
"T8852XA","99524","10000",1,0,0,0,0
"T8852XD","V5889","10000",1,0,0,0,0
"T8852XS","9093","10000",1,0,0,0,0
"T8859XA","99522","10000",1,0,0,0,0
"T8859XD","V5889","10000",1,0,0,0,0
"T8859XS","9093","10000",1,0,0,0,0
"T886XXA","9950","10000",1,0,0,0,0
"T886XXD","V5889","10000",1,0,0,0,0
"T886XXS","9095","10000",1,0,0,0,0
"T887XXA","9999","10000",1,0,0,0,0
"T887XXD","V5889","10000",1,0,0,0,0
"T887XXS","9095","10000",1,0,0,0,0
"T888XXA","9999","10000",1,0,0,0,0
"T888XXD","V5889","10000",1,0,0,0,0
"T888XXS","9093","10000",1,0,0,0,0
"T889XXA","9999","10000",1,0,0,0,0
"T889XXD","V5889","10000",1,0,0,0,0
"T889XXS","9093","10000",1,0,0,0,0
"V0001XA","E9179","10000",1,0,0,0,0
"V0001XD","E9179","10000",1,0,0,0,0
"V0001XS","E9298","10000",1,0,0,0,0
"V0002XA","E9179","10000",1,0,0,0,0
"V0002XD","E9179","10000",1,0,0,0,0
"V0002XS","E9298","10000",1,0,0,0,0
"V0009XA","E9179","10000",1,0,0,0,0
"V0009XD","E9179","10000",1,0,0,0,0
"V0009XS","E9298","10000",1,0,0,0,0
"V00111A","E8851","10000",1,0,0,0,0
"V00111D","E8851","10000",1,0,0,0,0
"V00111S","E9293","10000",1,0,0,0,0
"V00112A","E8851","10000",1,0,0,0,0
"V00112D","E8851","10000",1,0,0,0,0
"V00112S","E9293","10000",1,0,0,0,0
"V00118A","E8851","10000",1,0,0,0,0
"V00118D","E8851","10000",1,0,0,0,0
"V00118S","E9293","10000",1,0,0,0,0
"V00121A","E8851","10000",1,0,0,0,0
"V00121D","E8851","10000",1,0,0,0,0
"V00121S","E9293","10000",1,0,0,0,0
"V00122A","E8851","10000",1,0,0,0,0
"V00122D","E8851","10000",1,0,0,0,0
"V00122S","E9293","10000",1,0,0,0,0
"V00128A","E8851","10000",1,0,0,0,0
"V00128D","E8851","10000",1,0,0,0,0
"V00128S","E9293","10000",1,0,0,0,0
"V00131A","E8852","10000",1,0,0,0,0
"V00131D","E8852","10000",1,0,0,0,0
"V00131S","E9293","10000",1,0,0,0,0
"V00132A","E8852","10000",1,0,0,0,0
"V00132D","E8852","10000",1,0,0,0,0
"V00132S","E9293","10000",1,0,0,0,0
"V00138A","E8852","10000",1,0,0,0,0
"V00138D","E8852","10000",1,0,0,0,0
"V00138S","E9293","10000",1,0,0,0,0
"V00141A","E8850","10000",1,0,0,0,0
"V00141D","E8850","10000",1,0,0,0,0
"V00141S","E9293","10000",1,0,0,0,0
"V00142A","E8850","10000",1,0,0,0,0
"V00142D","E8850","10000",1,0,0,0,0
"V00142S","E9293","10000",1,0,0,0,0
"V00148A","E8850","10000",1,0,0,0,0
"V00148D","E8850","10000",1,0,0,0,0
"V00148S","E9293","10000",1,0,0,0,0
"V00151A","E8851","10000",1,0,0,0,0
"V00151D","E8851","10000",1,0,0,0,0
"V00151S","E9293","10000",1,0,0,0,0
"V00152A","E8851","10000",1,0,0,0,0
"V00152D","E8851","10000",1,0,0,0,0
"V00152S","E9293","10000",1,0,0,0,0
"V00158A","E8851","10000",1,0,0,0,0
"V00158D","E8851","10000",1,0,0,0,0
"V00158S","E9293","10000",1,0,0,0,0
"V00181A","E8859","10000",1,0,0,0,0
"V00181D","E8859","10000",1,0,0,0,0
"V00181S","E9293","10000",1,0,0,0,0
"V00182A","E8859","10000",1,0,0,0,0
"V00182D","E8859","10000",1,0,0,0,0
"V00182S","E9293","10000",1,0,0,0,0
"V00188A","E8869","10000",1,0,0,0,0
"V00188D","E8869","10000",1,0,0,0,0
"V00188S","E9293","10000",1,0,0,0,0
"V00211A","E8859","10000",1,0,0,0,0
"V00211D","E8859","10000",1,0,0,0,0
"V00211S","E9293","10000",1,0,0,0,0
"V00212A","E8859","10000",1,0,0,0,0
"V00212D","E8859","10000",1,0,0,0,0
"V00212S","E9293","10000",1,0,0,0,0
"V00218A","E8869","10000",1,0,0,0,0
"V00218D","E8869","10000",1,0,0,0,0
"V00218S","E9293","10000",1,0,0,0,0
"V00221A","E8859","10000",1,0,0,0,0
"V00221D","E8859","10000",1,0,0,0,0
"V00221S","E9293","10000",1,0,0,0,0
"V00222A","E8859","10000",1,0,0,0,0
"V00222D","E8859","10000",1,0,0,0,0
"V00222S","E9293","10000",1,0,0,0,0
"V00228A","E8869","10000",1,0,0,0,0
"V00228D","E8869","10000",1,0,0,0,0
"V00228S","E9293","10000",1,0,0,0,0
"V00281A","E8859","10000",1,0,0,0,0
"V00281D","E8859","10000",1,0,0,0,0
"V00281S","E9293","10000",1,0,0,0,0
"V00282A","E8859","10000",1,0,0,0,0
"V00282D","E8859","10000",1,0,0,0,0
"V00282S","E9293","10000",1,0,0,0,0
"V00288A","E8869","10000",1,0,0,0,0
"V00288D","E8869","10000",1,0,0,0,0
"V00288S","E9293","10000",1,0,0,0,0
"V00311A","E8854","10000",1,0,0,0,0
"V00311D","E8854","10000",1,0,0,0,0
"V00311S","E9293","10000",1,0,0,0,0
"V00312A","E8854","10000",1,0,0,0,0
"V00312D","E8854","10000",1,0,0,0,0
"V00312S","E9293","10000",1,0,0,0,0
"V00318A","E8854","10000",1,0,0,0,0
"V00318D","E8854","10000",1,0,0,0,0
"V00318S","E9293","10000",1,0,0,0,0
"V00321A","E8853","10000",1,0,0,0,0
"V00321D","E8853","10000",1,0,0,0,0
"V00321S","E9293","10000",1,0,0,0,0
"V00322A","E8853","10000",1,0,0,0,0
"V00322D","E8853","10000",1,0,0,0,0
"V00322S","E9293","10000",1,0,0,0,0
"V00328A","E8853","10000",1,0,0,0,0
"V00328D","E8853","10000",1,0,0,0,0
"V00328S","E9293","10000",1,0,0,0,0
"V00381A","E8859","10000",1,0,0,0,0
"V00381D","E8859","10000",1,0,0,0,0
"V00381S","E9293","10000",1,0,0,0,0
"V00382A","E8859","10000",1,0,0,0,0
"V00382D","E8859","10000",1,0,0,0,0
"V00382S","E9293","10000",1,0,0,0,0
"V00388A","E8869","10000",1,0,0,0,0
"V00388D","E8869","10000",1,0,0,0,0
"V00388S","E9293","10000",1,0,0,0,0
"V00811A","E8843","10000",1,0,0,0,0
"V00811D","E8843","10000",1,0,0,0,0
"V00811S","E9293","10000",1,0,0,0,0
"V00812A","E8843","10000",1,0,0,0,0
"V00812D","E8843","10000",1,0,0,0,0
"V00812S","E9293","10000",1,0,0,0,0
"V00818A","E8843","10000",1,0,0,0,0
"V00818D","E8843","10000",1,0,0,0,0
"V00818S","E9293","10000",1,0,0,0,0
"V00821A","E8845","10000",1,0,0,0,0
"V00821D","E8845","10000",1,0,0,0,0
"V00821S","E9293","10000",1,0,0,0,0
"V00822A","E8845","10000",1,0,0,0,0
"V00822D","E8845","10000",1,0,0,0,0
"V00822S","E9293","10000",1,0,0,0,0
"V00828A","E8845","10000",1,0,0,0,0
"V00828D","E8845","10000",1,0,0,0,0
"V00828S","E9293","10000",1,0,0,0,0
"V00831A","E8843","10000",1,0,0,0,0
"V00831D","E8843","10000",1,0,0,0,0
"V00831S","E9293","10000",1,0,0,0,0
"V00832A","E8843","10000",1,0,0,0,0
"V00832D","E8843","10000",1,0,0,0,0
"V00832S","E9293","10000",1,0,0,0,0
"V00838A","E8843","10000",1,0,0,0,0
"V00838D","E8843","10000",1,0,0,0,0
"V00838S","E9293","10000",1,0,0,0,0
"V00891A","E8849","10000",1,0,0,0,0
"V00891D","E8849","10000",1,0,0,0,0
"V00891S","E9293","10000",1,0,0,0,0
"V00892A","E8849","10000",1,0,0,0,0
"V00892D","E8849","10000",1,0,0,0,0
"V00892S","E9293","10000",1,0,0,0,0
"V00898A","E8849","10000",1,0,0,0,0
"V00898D","E8849","10000",1,0,0,0,0
"V00898S","E9293","10000",1,0,0,0,0
"V0100XA","E8260","10000",1,0,0,0,0
"V0100XD","E8260","10000",1,0,0,0,0
"V0100XS","E9291","10000",1,0,0,0,0
"V0101XA","E8260","10000",1,0,0,0,0
"V0101XD","E8260","10000",1,0,0,0,0
"V0101XS","E9291","10000",1,0,0,0,0
"V0102XA","E8260","10000",1,0,0,0,0
"V0102XD","E8260","10000",1,0,0,0,0
"V0102XS","E9291","10000",1,0,0,0,0
"V0109XA","E8260","10000",1,0,0,0,0
"V0109XD","E8260","10000",1,0,0,0,0
"V0109XS","E9291","10000",1,0,0,0,0
"V0110XA","E8260","10000",1,0,0,0,0
"V0110XD","E8260","10000",1,0,0,0,0
"V0110XS","E9291","10000",1,0,0,0,0
"V0111XA","E8260","10000",1,0,0,0,0
"V0111XD","E8260","10000",1,0,0,0,0
"V0111XS","E9291","10000",1,0,0,0,0
"V0112XA","E8260","10000",1,0,0,0,0
"V0112XD","E8260","10000",1,0,0,0,0
"V0112XS","E9291","10000",1,0,0,0,0
"V0119XA","E8260","10000",1,0,0,0,0
"V0119XD","E8260","10000",1,0,0,0,0
"V0119XS","E9291","10000",1,0,0,0,0
"V0190XA","E8260","10000",1,0,0,0,0
"V0190XD","E8260","10000",1,0,0,0,0
"V0190XS","E9291","10000",1,0,0,0,0
"V0191XA","E8260","10000",1,0,0,0,0
"V0191XD","E8260","10000",1,0,0,0,0
"V0191XS","E9291","10000",1,0,0,0,0
"V0192XA","E8260","10000",1,0,0,0,0
"V0192XD","E8260","10000",1,0,0,0,0
"V0192XS","E9291","10000",1,0,0,0,0
"V0199XA","E8260","10000",1,0,0,0,0
"V0199XD","E8260","10000",1,0,0,0,0
"V0199XS","E9291","10000",1,0,0,0,0
"V0200XA","E8227","10000",1,0,0,0,0
"V0200XD","E8227","10000",1,0,0,0,0
"V0200XS","E9290","10000",1,0,0,0,0
"V0201XA","E8227","10000",1,0,0,0,0
"V0201XD","E8227","10000",1,0,0,0,0
"V0201XS","E9290","10000",1,0,0,0,0
"V0202XA","E8227","10000",1,0,0,0,0
"V0202XD","E8227","10000",1,0,0,0,0
"V0202XS","E9290","10000",1,0,0,0,0
"V0209XA","E8227","10000",1,0,0,0,0
"V0209XD","E8227","10000",1,0,0,0,0
"V0209XS","E9290","10000",1,0,0,0,0
"V0210XA","E8147","10000",1,0,0,0,0
"V0210XD","E8147","10000",1,0,0,0,0
"V0210XS","E9290","10000",1,0,0,0,0
"V0211XA","E8147","10000",1,0,0,0,0
"V0211XD","E8147","10000",1,0,0,0,0
"V0211XS","E9290","10000",1,0,0,0,0
"V0212XA","E8147","10000",1,0,0,0,0
"V0212XD","E8147","10000",1,0,0,0,0
"V0212XS","E9290","10000",1,0,0,0,0
"V0219XA","E8147","10000",1,0,0,0,0
"V0219XD","E8147","10000",1,0,0,0,0
"V0219XS","E9290","10000",1,0,0,0,0
"V0290XA","E8147","10000",1,0,0,0,0
"V0290XD","E8147","10000",1,0,0,0,0
"V0290XS","E9290","10000",1,0,0,0,0
"V0291XA","E8147","10000",1,0,0,0,0
"V0291XD","E8147","10000",1,0,0,0,0
"V0291XS","E9290","10000",1,0,0,0,0
"V0292XA","E8147","10000",1,0,0,0,0
"V0292XD","E8147","10000",1,0,0,0,0
"V0292XS","E9290","10000",1,0,0,0,0
"V0299XA","E8147","10000",1,0,0,0,0
"V0299XD","E8147","10000",1,0,0,0,0
"V0299XS","E9290","10000",1,0,0,0,0
"V0300XA","E8227","10000",1,0,0,0,0
"V0300XD","E8227","10000",1,0,0,0,0
"V0300XS","E9290","10000",1,0,0,0,0
"V0301XA","E8227","10000",1,0,0,0,0
"V0301XD","E8227","10000",1,0,0,0,0
"V0301XS","E9290","10000",1,0,0,0,0
"V0302XA","E8227","10000",1,0,0,0,0
"V0302XD","E8227","10000",1,0,0,0,0
"V0302XS","E9290","10000",1,0,0,0,0
"V0309XA","E8227","10000",1,0,0,0,0
"V0309XD","E8227","10000",1,0,0,0,0
"V0309XS","E9290","10000",1,0,0,0,0
"V0310XA","E8147","10000",1,0,0,0,0
"V0310XD","E8147","10000",1,0,0,0,0
"V0310XS","E9290","10000",1,0,0,0,0
"V0311XA","E8147","10000",1,0,0,0,0
"V0311XD","E8147","10000",1,0,0,0,0
"V0311XS","E9290","10000",1,0,0,0,0
"V0312XA","E8147","10000",1,0,0,0,0
"V0312XD","E8147","10000",1,0,0,0,0
"V0312XS","E9290","10000",1,0,0,0,0
"V0319XA","E8147","10000",1,0,0,0,0
"V0319XD","E8147","10000",1,0,0,0,0
"V0319XS","E9290","10000",1,0,0,0,0
"V0390XA","E8147","10000",1,0,0,0,0
"V0390XD","E8147","10000",1,0,0,0,0
"V0390XS","E9290","10000",1,0,0,0,0
"V0391XA","E8147","10000",1,0,0,0,0
"V0391XD","E8147","10000",1,0,0,0,0
"V0391XS","E9290","10000",1,0,0,0,0
"V0392XA","E8147","10000",1,0,0,0,0
"V0392XD","E8147","10000",1,0,0,0,0
"V0392XS","E9290","10000",1,0,0,0,0
"V0399XA","E8147","10000",1,0,0,0,0
"V0399XD","E8147","10000",1,0,0,0,0
"V0399XS","E9290","10000",1,0,0,0,0
"V0400XA","E8227","10000",1,0,0,0,0
"V0400XD","E8227","10000",1,0,0,0,0
"V0400XS","E9290","10000",1,0,0,0,0
"V0401XA","E8227","10000",1,0,0,0,0
"V0401XD","E8227","10000",1,0,0,0,0
"V0401XS","E9290","10000",1,0,0,0,0
"V0402XA","E8227","10000",1,0,0,0,0
"V0402XD","E8227","10000",1,0,0,0,0
"V0402XS","E9290","10000",1,0,0,0,0
"V0409XA","E8227","10000",1,0,0,0,0
"V0409XD","E8227","10000",1,0,0,0,0
"V0409XS","E9290","10000",1,0,0,0,0
"V0410XA","E8147","10000",1,0,0,0,0
"V0410XD","E8147","10000",1,0,0,0,0
"V0410XS","E9290","10000",1,0,0,0,0
"V0411XA","E8147","10000",1,0,0,0,0
"V0411XD","E8147","10000",1,0,0,0,0
"V0411XS","E9290","10000",1,0,0,0,0
"V0412XA","E8147","10000",1,0,0,0,0
"V0412XD","E8147","10000",1,0,0,0,0
"V0412XS","E9290","10000",1,0,0,0,0
"V0419XA","E8147","10000",1,0,0,0,0
"V0419XD","E8147","10000",1,0,0,0,0
"V0419XS","E9290","10000",1,0,0,0,0
"V0490XA","E8147","10000",1,0,0,0,0
"V0490XD","E8147","10000",1,0,0,0,0
"V0490XS","E9290","10000",1,0,0,0,0
"V0491XA","E8147","10000",1,0,0,0,0
"V0491XD","E8147","10000",1,0,0,0,0
"V0491XS","E9290","10000",1,0,0,0,0
"V0492XA","E8147","10000",1,0,0,0,0
"V0492XD","E8147","10000",1,0,0,0,0
"V0492XS","E9290","10000",1,0,0,0,0
"V0499XA","E8147","10000",1,0,0,0,0
"V0499XD","E8147","10000",1,0,0,0,0
"V0499XS","E9290","10000",1,0,0,0,0
"V0500XA","E8052","10000",1,0,0,0,0
"V0500XD","E8052","10000",1,0,0,0,0
"V0500XS","E9291","10000",1,0,0,0,0
"V0501XA","E8052","10000",1,0,0,0,0
"V0501XD","E8052","10000",1,0,0,0,0
"V0501XS","E9291","10000",1,0,0,0,0
"V0502XA","E8052","10000",1,0,0,0,0
"V0502XD","E8052","10000",1,0,0,0,0
"V0502XS","E9291","10000",1,0,0,0,0
"V0509XA","E8052","10000",1,0,0,0,0
"V0509XD","E8052","10000",1,0,0,0,0
"V0509XS","E9291","10000",1,0,0,0,0
"V0510XA","E8107","10000",1,0,0,0,0
"V0510XD","E8107","10000",1,0,0,0,0
"V0510XS","E9290","10000",1,0,0,0,0
"V0511XA","E8107","10000",1,0,0,0,0
"V0511XD","E8107","10000",1,0,0,0,0
"V0511XS","E9290","10000",1,0,0,0,0
"V0512XA","E8107","10000",1,0,0,0,0
"V0512XD","E8107","10000",1,0,0,0,0
"V0512XS","E9290","10000",1,0,0,0,0
"V0519XA","E8107","10000",1,0,0,0,0
"V0519XD","E8107","10000",1,0,0,0,0
"V0519XS","E9290","10000",1,0,0,0,0
"V0590XA","E8072","10000",1,0,0,0,0
"V0590XD","E8072","10000",1,0,0,0,0
"V0590XS","E9291","10000",1,0,0,0,0
"V0591XA","E8072","10000",1,0,0,0,0
"V0591XD","E8072","10000",1,0,0,0,0
"V0591XS","E9291","10000",1,0,0,0,0
"V0592XA","E8072","10000",1,0,0,0,0
"V0592XD","E8072","10000",1,0,0,0,0
"V0592XS","E9291","10000",1,0,0,0,0
"V0599XA","E8072","10000",1,0,0,0,0
"V0599XD","E8072","10000",1,0,0,0,0
"V0599XS","E9291","10000",1,0,0,0,0
"V0600XA","E8290","10000",1,0,0,0,0
"V0600XD","E8290","10000",1,0,0,0,0
"V0600XS","E9291","10000",1,0,0,0,0
"V0601XA","E8290","10000",1,0,0,0,0
"V0601XD","E8290","10000",1,0,0,0,0
"V0601XS","E9291","10000",1,0,0,0,0
"V0602XA","E8290","10000",1,0,0,0,0
"V0602XD","E8290","10000",1,0,0,0,0
"V0602XS","E9291","10000",1,0,0,0,0
"V0609XA","E8290","10000",1,0,0,0,0
"V0609XD","E8290","10000",1,0,0,0,0
"V0609XS","E9291","10000",1,0,0,0,0
"V0610XA","E8290","10000",1,0,0,0,0
"V0610XD","E8290","10000",1,0,0,0,0
"V0610XS","E9291","10000",1,0,0,0,0
"V0611XA","E8290","10000",1,0,0,0,0
"V0611XD","E8290","10000",1,0,0,0,0
"V0611XS","E9291","10000",1,0,0,0,0
"V0612XA","E8290","10000",1,0,0,0,0
"V0612XD","E8290","10000",1,0,0,0,0
"V0612XS","E9291","10000",1,0,0,0,0
"V0619XA","E8290","10000",1,0,0,0,0
"V0619XD","E8290","10000",1,0,0,0,0
"V0619XS","E9291","10000",1,0,0,0,0
"V0690XA","E8290","10000",1,0,0,0,0
"V0690XD","E8290","10000",1,0,0,0,0
"V0690XS","E9291","10000",1,0,0,0,0
"V0691XA","E8290","10000",1,0,0,0,0
"V0691XD","E8290","10000",1,0,0,0,0
"V0691XS","E9291","10000",1,0,0,0,0
"V0692XA","E8290","10000",1,0,0,0,0
"V0692XD","E8290","10000",1,0,0,0,0
"V0692XS","E9291","10000",1,0,0,0,0
"V0699XA","E8290","10000",1,0,0,0,0
"V0699XD","E8290","10000",1,0,0,0,0
"V0699XS","E9291","10000",1,0,0,0,0
"V0900XA","E8227","10000",1,0,0,0,0
"V0900XD","E8227","10000",1,0,0,0,0
"V0900XS","E9290","10000",1,0,0,0,0
"V0901XA","E8227","10000",1,0,0,0,0
"V0901XD","E8227","10000",1,0,0,0,0
"V0901XS","E9290","10000",1,0,0,0,0
"V0909XA","E8227","10000",1,0,0,0,0
"V0909XD","E8227","10000",1,0,0,0,0
"V0909XS","E9290","10000",1,0,0,0,0
"V091XXA","E8290","10000",1,0,0,0,0
"V091XXD","E8290","10000",1,0,0,0,0
"V091XXS","E9291","10000",1,0,0,0,0
"V0920XA","E8147","10000",1,0,0,0,0
"V0920XD","E8147","10000",1,0,0,0,0
"V0920XS","E9290","10000",1,0,0,0,0
"V0921XA","E8147","10000",1,0,0,0,0
"V0921XD","E8147","10000",1,0,0,0,0
"V0921XS","E9290","10000",1,0,0,0,0
"V0929XA","E8147","10000",1,0,0,0,0
"V0929XD","E8147","10000",1,0,0,0,0
"V0929XS","E9290","10000",1,0,0,0,0
"V093XXA","E8290","10000",1,0,0,0,0
"V093XXD","E8290","10000",1,0,0,0,0
"V093XXS","E9291","10000",1,0,0,0,0
"V099XXA","E8290","10000",1,0,0,0,0
"V099XXD","E8290","10000",1,0,0,0,0
"V099XXS","E9291","10000",1,0,0,0,0
"V100XXA","E8261","10000",1,0,0,0,0
"V100XXD","E8261","10000",1,0,0,0,0
"V100XXS","E9291","10000",1,0,0,0,0
"V101XXA","E8261","10000",1,0,0,0,0
"V101XXD","E8261","10000",1,0,0,0,0
"V101XXS","E9291","10000",1,0,0,0,0
"V102XXA","E8269","10000",1,0,0,0,0
"V102XXD","E8269","10000",1,0,0,0,0
"V102XXS","E9291","10000",1,0,0,0,0
"V103XXA","E8261","10000",1,0,0,0,0
"V103XXD","E8261","10000",1,0,0,0,0
"V103XXS","E9291","10000",1,0,0,0,0
"V104XXA","E8261","10000",1,0,0,0,0
"V104XXD","E8261","10000",1,0,0,0,0
"V104XXS","E9291","10000",1,0,0,0,0
"V105XXA","E8261","10000",1,0,0,0,0
"V105XXD","E8261","10000",1,0,0,0,0
"V105XXS","E9291","10000",1,0,0,0,0
"V109XXA","E8269","10000",1,0,0,0,0
"V109XXD","E8269","10000",1,0,0,0,0
"V109XXS","E9291","10000",1,0,0,0,0
"V110XXA","E8261","10000",1,0,0,0,0
"V110XXD","E8261","10000",1,0,0,0,0
"V110XXS","E9291","10000",1,0,0,0,0
"V111XXA","E8261","10000",1,0,0,0,0
"V111XXD","E8261","10000",1,0,0,0,0
"V111XXS","E9291","10000",1,0,0,0,0
"V112XXA","E8269","10000",1,0,0,0,0
"V112XXD","E8269","10000",1,0,0,0,0
"V112XXS","E9291","10000",1,0,0,0,0
"V113XXA","E8261","10000",1,0,0,0,0
"V113XXD","E8261","10000",1,0,0,0,0
"V113XXS","E9291","10000",1,0,0,0,0
"V114XXA","E8261","10000",1,0,0,0,0
"V114XXD","E8261","10000",1,0,0,0,0
"V114XXS","E9291","10000",1,0,0,0,0
"V115XXA","E8261","10000",1,0,0,0,0
"V115XXD","E8261","10000",1,0,0,0,0
"V115XXS","E9291","10000",1,0,0,0,0
"V119XXA","E8269","10000",1,0,0,0,0
"V119XXD","E8269","10000",1,0,0,0,0
"V119XXS","E9291","10000",1,0,0,0,0
"V120XXA","E8226","10000",1,0,0,0,0
"V120XXD","E8226","10000",1,0,0,0,0
"V120XXS","E9290","10000",1,0,0,0,0
"V121XXA","E8226","10000",1,0,0,0,0
"V121XXD","E8226","10000",1,0,0,0,0
"V121XXS","E9290","10000",1,0,0,0,0
"V122XXA","E8226","10000",1,0,0,0,0
"V122XXD","E8226","10000",1,0,0,0,0
"V122XXS","E9290","10000",1,0,0,0,0
"V123XXA","E8246","10000",1,0,0,0,0
"V123XXD","E8246","10000",1,0,0,0,0
"V123XXS","E9290","10000",1,0,0,0,0
"V124XXA","E8136","10000",1,0,0,0,0
"V124XXD","E8136","10000",1,0,0,0,0
"V124XXS","E9290","10000",1,0,0,0,0
"V125XXA","E8136","10000",1,0,0,0,0
"V125XXD","E8136","10000",1,0,0,0,0
"V125XXS","E9290","10000",1,0,0,0,0
"V129XXA","E8136","10000",1,0,0,0,0
"V129XXD","E8136","10000",1,0,0,0,0
"V129XXS","E9290","10000",1,0,0,0,0
"V130XXA","E8226","10000",1,0,0,0,0
"V130XXD","E8226","10000",1,0,0,0,0
"V130XXS","E9290","10000",1,0,0,0,0
"V131XXA","E8226","10000",1,0,0,0,0
"V131XXD","E8226","10000",1,0,0,0,0
"V131XXS","E9290","10000",1,0,0,0,0
"V132XXA","E8226","10000",1,0,0,0,0
"V132XXD","E8226","10000",1,0,0,0,0
"V132XXS","E9290","10000",1,0,0,0,0
"V133XXA","E8246","10000",1,0,0,0,0
"V133XXD","E8246","10000",1,0,0,0,0
"V133XXS","E9290","10000",1,0,0,0,0
"V134XXA","E8136","10000",1,0,0,0,0
"V134XXD","E8136","10000",1,0,0,0,0
"V134XXS","E9290","10000",1,0,0,0,0
"V135XXA","E8136","10000",1,0,0,0,0
"V135XXD","E8136","10000",1,0,0,0,0
"V135XXS","E9290","10000",1,0,0,0,0
"V139XXA","E8136","10000",1,0,0,0,0
"V139XXD","E8136","10000",1,0,0,0,0
"V139XXS","E9290","10000",1,0,0,0,0
"V140XXA","E8226","10000",1,0,0,0,0
"V140XXD","E8226","10000",1,0,0,0,0
"V140XXS","E9290","10000",1,0,0,0,0
"V141XXA","E8226","10000",1,0,0,0,0
"V141XXD","E8226","10000",1,0,0,0,0
"V141XXS","E9290","10000",1,0,0,0,0
"V142XXA","E8226","10000",1,0,0,0,0
"V142XXD","E8226","10000",1,0,0,0,0
"V142XXS","E9290","10000",1,0,0,0,0
"V143XXA","E8246","10000",1,0,0,0,0
"V143XXD","E8246","10000",1,0,0,0,0
"V143XXS","E9290","10000",1,0,0,0,0
"V144XXA","E8136","10000",1,0,0,0,0
"V144XXD","E8136","10000",1,0,0,0,0
"V144XXS","E9290","10000",1,0,0,0,0
"V145XXA","E8136","10000",1,0,0,0,0
"V145XXD","E8136","10000",1,0,0,0,0
"V145XXS","E9290","10000",1,0,0,0,0
"V149XXA","E8136","10000",1,0,0,0,0
"V149XXD","E8136","10000",1,0,0,0,0
"V149XXS","E9290","10000",1,0,0,0,0
"V150XXA","E8226","10000",1,0,0,0,0
"V150XXD","E8226","10000",1,0,0,0,0
"V150XXS","E9290","10000",1,0,0,0,0
"V151XXA","E8226","10000",1,0,0,0,0
"V151XXD","E8226","10000",1,0,0,0,0
"V151XXS","E9290","10000",1,0,0,0,0
"V152XXA","E8013","10000",1,0,0,0,0
"V152XXD","E8013","10000",1,0,0,0,0
"V152XXS","E9291","10000",1,0,0,0,0
"V153XXA","E8013","10000",1,0,0,0,0
"V153XXD","E8013","10000",1,0,0,0,0
"V153XXS","E9291","10000",1,0,0,0,0
"V154XXA","E8013","10000",1,0,0,0,0
"V154XXD","E8013","10000",1,0,0,0,0
"V154XXS","E9291","10000",1,0,0,0,0
"V155XXA","E8013","10000",1,0,0,0,0
"V155XXD","E8013","10000",1,0,0,0,0
"V155XXS","E9291","10000",1,0,0,0,0
"V159XXA","E8013","10000",1,0,0,0,0
"V159XXD","E8013","10000",1,0,0,0,0
"V159XXS","E9291","10000",1,0,0,0,0
"V160XXA","E8261","10000",1,0,0,0,0
"V160XXD","E8261","10000",1,0,0,0,0
"V160XXS","E9291","10000",1,0,0,0,0
"V161XXA","E8261","10000",1,0,0,0,0
"V161XXD","E8261","10000",1,0,0,0,0
"V161XXS","E9291","10000",1,0,0,0,0
"V162XXA","E8269","10000",1,0,0,0,0
"V162XXD","E8269","10000",1,0,0,0,0
"V162XXS","E9291","10000",1,0,0,0,0
"V163XXA","E8261","10000",1,0,0,0,0
"V163XXD","E8261","10000",1,0,0,0,0
"V163XXS","E9291","10000",1,0,0,0,0
"V164XXA","E8261","10000",1,0,0,0,0
"V164XXD","E8261","10000",1,0,0,0,0
"V164XXS","E9291","10000",1,0,0,0,0
"V165XXA","E8261","10000",1,0,0,0,0
"V165XXD","E8261","10000",1,0,0,0,0
"V165XXS","E9291","10000",1,0,0,0,0
"V169XXA","E8269","10000",1,0,0,0,0
"V169XXD","E8269","10000",1,0,0,0,0
"V169XXS","E9291","10000",1,0,0,0,0
"V170XXA","E8261","10000",1,0,0,0,0
"V170XXD","E8261","10000",1,0,0,0,0
"V170XXS","E9291","10000",1,0,0,0,0
"V171XXA","E8261","10000",1,0,0,0,0
"V171XXD","E8261","10000",1,0,0,0,0
"V171XXS","E9291","10000",1,0,0,0,0
"V172XXA","E8269","10000",1,0,0,0,0
"V172XXD","E8269","10000",1,0,0,0,0
"V172XXS","E9291","10000",1,0,0,0,0
"V173XXA","E8261","10000",1,0,0,0,0
"V173XXD","E8261","10000",1,0,0,0,0
"V173XXS","E9291","10000",1,0,0,0,0
"V174XXA","E8261","10000",1,0,0,0,0
"V174XXD","E8261","10000",1,0,0,0,0
"V174XXS","E9291","10000",1,0,0,0,0
"V175XXA","E8261","10000",1,0,0,0,0
"V175XXD","E8261","10000",1,0,0,0,0
"V175XXS","E9291","10000",1,0,0,0,0
"V179XXA","E8269","10000",1,0,0,0,0
"V179XXD","E8269","10000",1,0,0,0,0
"V179XXS","E9291","10000",1,0,0,0,0
"V180XXA","E8261","10000",1,0,0,0,0
"V180XXD","E8261","10000",1,0,0,0,0
"V180XXS","E9291","10000",1,0,0,0,0
"V181XXA","E8261","10000",1,0,0,0,0
"V181XXD","E8261","10000",1,0,0,0,0
"V181XXS","E9291","10000",1,0,0,0,0
"V182XXA","E8269","10000",1,0,0,0,0
"V182XXD","E8269","10000",1,0,0,0,0
"V182XXS","E9291","10000",1,0,0,0,0
"V183XXA","E8261","10000",1,0,0,0,0
"V183XXD","E8261","10000",1,0,0,0,0
"V183XXS","E9291","10000",1,0,0,0,0
"V184XXA","E8261","10000",1,0,0,0,0
"V184XXD","E8261","10000",1,0,0,0,0
"V184XXS","E9291","10000",1,0,0,0,0
"V185XXA","E8261","10000",1,0,0,0,0
"V185XXD","E8261","10000",1,0,0,0,0
"V185XXS","E9291","10000",1,0,0,0,0
"V189XXA","E8269","10000",1,0,0,0,0
"V189XXD","E8269","10000",1,0,0,0,0
"V189XXS","E9291","10000",1,0,0,0,0
"V1900XA","E8226","10000",1,0,0,0,0
"V1900XD","E8226","10000",1,0,0,0,0
"V1900XS","E9290","10000",1,0,0,0,0
"V1909XA","E8226","10000",1,0,0,0,0
"V1909XD","E8226","10000",1,0,0,0,0
"V1909XS","E9290","10000",1,0,0,0,0
"V1910XA","E8226","10000",1,0,0,0,0
"V1910XD","E8226","10000",1,0,0,0,0
"V1910XS","E9290","10000",1,0,0,0,0
"V1919XA","E8226","10000",1,0,0,0,0
"V1919XD","E8226","10000",1,0,0,0,0
"V1919XS","E9290","10000",1,0,0,0,0
"V1920XA","E8226","10000",1,0,0,0,0
"V1920XD","E8226","10000",1,0,0,0,0
"V1920XS","E9290","10000",1,0,0,0,0
"V1929XA","E8226","10000",1,0,0,0,0
"V1929XD","E8226","10000",1,0,0,0,0
"V1929XS","E9290","10000",1,0,0,0,0
"V193XXA","E8261","10000",1,0,0,0,0
"V193XXD","E8261","10000",1,0,0,0,0
"V193XXS","E9291","10000",1,0,0,0,0
"V1940XA","E8136","10000",1,0,0,0,0
"V1940XD","E8136","10000",1,0,0,0,0
"V1940XS","E9290","10000",1,0,0,0,0
"V1949XA","E8136","10000",1,0,0,0,0
"V1949XD","E8136","10000",1,0,0,0,0
"V1949XS","E9290","10000",1,0,0,0,0
"V1950XA","E8136","10000",1,0,0,0,0
"V1950XD","E8136","10000",1,0,0,0,0
"V1950XS","E9290","10000",1,0,0,0,0
"V1959XA","E8136","10000",1,0,0,0,0
"V1959XD","E8136","10000",1,0,0,0,0
"V1959XS","E9290","10000",1,0,0,0,0
"V1960XA","E8136","10000",1,0,0,0,0
"V1960XD","E8136","10000",1,0,0,0,0
"V1960XS","E9290","10000",1,0,0,0,0
"V1969XA","E8136","10000",1,0,0,0,0
"V1969XD","E8136","10000",1,0,0,0,0
"V1969XS","E9290","10000",1,0,0,0,0
"V1981XA","E8226","10000",1,0,0,0,0
"V1981XD","E8226","10000",1,0,0,0,0
"V1981XS","E9290","10000",1,0,0,0,0
"V1988XA","E8261","10000",1,0,0,0,0
"V1988XD","E8261","10000",1,0,0,0,0
"V1988XS","E9291","10000",1,0,0,0,0
"V199XXA","E8261","10000",1,0,0,0,0
"V199XXD","E8261","10000",1,0,0,0,0
"V199XXS","E9291","10000",1,0,0,0,0
"V200XXA","E8222","10000",1,0,0,0,0
"V200XXD","E8222","10000",1,0,0,0,0
"V200XXS","E9290","10000",1,0,0,0,0
"V201XXA","E8223","10000",1,0,0,0,0
"V201XXD","E8223","10000",1,0,0,0,0
"V201XXS","E9290","10000",1,0,0,0,0
"V202XXA","E8229","10000",1,0,0,0,0
"V202XXD","E8229","10000",1,0,0,0,0
"V202XXS","E9290","10000",1,0,0,0,0
"V203XXA","E8242","10000",1,0,0,0,0
"V203XXD","E8242","10000",1,0,0,0,0
"V203XXS","E9290","10000",1,0,0,0,0
"V204XXA","E8142","10000",1,0,0,0,0
"V204XXD","E8142","10000",1,0,0,0,0
"V204XXS","E9290","10000",1,0,0,0,0
"V205XXA","E8143","10000",1,0,0,0,0
"V205XXD","E8143","10000",1,0,0,0,0
"V205XXS","E9290","10000",1,0,0,0,0
"V209XXA","E8149","10000",1,0,0,0,0
"V209XXD","E8149","10000",1,0,0,0,0
"V209XXS","E9290","10000",1,0,0,0,0
"V210XXA","E8222","10000",1,0,0,0,0
"V210XXD","E8222","10000",1,0,0,0,0
"V210XXS","E9290","10000",1,0,0,0,0
"V211XXA","E8223","10000",1,0,0,0,0
"V211XXD","E8223","10000",1,0,0,0,0
"V211XXS","E9290","10000",1,0,0,0,0
"V212XXA","E8229","10000",1,0,0,0,0
"V212XXD","E8229","10000",1,0,0,0,0
"V212XXS","E9290","10000",1,0,0,0,0
"V213XXA","E8132","10000",1,0,0,0,0
"V213XXD","E8132","10000",1,0,0,0,0
"V213XXS","E9290","10000",1,0,0,0,0
"V214XXA","E8122","10000",1,0,0,0,0
"V214XXD","E8122","10000",1,0,0,0,0
"V214XXS","E9290","10000",1,0,0,0,0
"V215XXA","E8133","10000",1,0,0,0,0
"V215XXD","E8133","10000",1,0,0,0,0
"V215XXS","E9290","10000",1,0,0,0,0
"V219XXA","E8139","10000",1,0,0,0,0
"V219XXD","E8139","10000",1,0,0,0,0
"V219XXS","E9290","10000",1,0,0,0,0
"V220XXA","E8222","10000",1,0,0,0,0
"V220XXD","E8222","10000",1,0,0,0,0
"V220XXS","E9290","10000",1,0,0,0,0
"V221XXA","E8223","10000",1,0,0,0,0
"V221XXD","E8223","10000",1,0,0,0,0
"V221XXS","E9290","10000",1,0,0,0,0
"V222XXA","E8229","10000",1,0,0,0,0
"V222XXD","E8229","10000",1,0,0,0,0
"V222XXS","E9290","10000",1,0,0,0,0
"V223XXA","E8242","10000",1,0,0,0,0
"V223XXD","E8242","10000",1,0,0,0,0
"V223XXS","E9290","10000",1,0,0,0,0
"V224XXA","E8222","10000",1,0,0,0,0
"V224XXD","E8222","10000",1,0,0,0,0
"V224XXS","E9290","10000",1,0,0,0,0
"V225XXA","E8223","10000",1,0,0,0,0
"V225XXD","E8223","10000",1,0,0,0,0
"V225XXS","E9290","10000",1,0,0,0,0
"V229XXA","E8129","10000",1,0,0,0,0
"V229XXD","E8129","10000",1,0,0,0,0
"V229XXS","E9290","10000",1,0,0,0,0
"V230XXA","E8222","10000",1,0,0,0,0
"V230XXD","E8222","10000",1,0,0,0,0
"V230XXS","E9290","10000",1,0,0,0,0
"V231XXA","E8223","10000",1,0,0,0,0
"V231XXD","E8223","10000",1,0,0,0,0
"V231XXS","E9290","10000",1,0,0,0,0
"V232XXA","E8129","10000",1,0,0,0,0
"V232XXD","E8129","10000",1,0,0,0,0
"V232XXS","E9290","10000",1,0,0,0,0
"V233XXA","E8242","10000",1,0,0,0,0
"V233XXD","E8242","10000",1,0,0,0,0
"V233XXS","E9290","10000",1,0,0,0,0
"V234XXA","E8122","10000",1,0,0,0,0
"V234XXD","E8122","10000",1,0,0,0,0
"V234XXS","E9290","10000",1,0,0,0,0
"V235XXA","E8123","10000",1,0,0,0,0
"V235XXD","E8123","10000",1,0,0,0,0
"V235XXS","E9290","10000",1,0,0,0,0
"V239XXA","E8129","10000",1,0,0,0,0
"V239XXD","E8129","10000",1,0,0,0,0
"V239XXS","E9290","10000",1,0,0,0,0
"V240XXA","E8222","10000",1,0,0,0,0
"V240XXD","E8222","10000",1,0,0,0,0
"V240XXS","E9290","10000",1,0,0,0,0
"V241XXA","E8223","10000",1,0,0,0,0
"V241XXD","E8223","10000",1,0,0,0,0
"V241XXS","E9290","10000",1,0,0,0,0
"V242XXA","E8229","10000",1,0,0,0,0
"V242XXD","E8229","10000",1,0,0,0,0
"V242XXS","E9290","10000",1,0,0,0,0
"V243XXA","E8242","10000",1,0,0,0,0
"V243XXD","E8242","10000",1,0,0,0,0
"V243XXS","E9290","10000",1,0,0,0,0
"V244XXA","E8122","10000",1,0,0,0,0
"V244XXD","E8122","10000",1,0,0,0,0
"V244XXS","E9290","10000",1,0,0,0,0
"V245XXA","E8123","10000",1,0,0,0,0
"V245XXD","E8123","10000",1,0,0,0,0
"V245XXS","E9290","10000",1,0,0,0,0
"V249XXA","E8129","10000",1,0,0,0,0
"V249XXD","E8129","10000",1,0,0,0,0
"V249XXS","E9290","10000",1,0,0,0,0
"V250XXA","E8222","10000",1,0,0,0,0
"V250XXD","E8222","10000",1,0,0,0,0
"V250XXS","E9290","10000",1,0,0,0,0
"V251XXA","E8223","10000",1,0,0,0,0
"V251XXD","E8223","10000",1,0,0,0,0
"V251XXS","E9290","10000",1,0,0,0,0
"V252XXA","E8229","10000",1,0,0,0,0
"V252XXD","E8229","10000",1,0,0,0,0
"V252XXS","E9290","10000",1,0,0,0,0
"V253XXA","E8242","10000",1,0,0,0,0
"V253XXD","E8242","10000",1,0,0,0,0
"V253XXS","E9290","10000",1,0,0,0,0
"V254XXA","E8102","10000",1,0,0,0,0
"V254XXD","E8102","10000",1,0,0,0,0
"V254XXS","E9290","10000",1,0,0,0,0
"V255XXA","E8103","10000",1,0,0,0,0
"V255XXD","E8103","10000",1,0,0,0,0
"V255XXS","E9290","10000",1,0,0,0,0
"V259XXA","E8109","10000",1,0,0,0,0
"V259XXD","E8109","10000",1,0,0,0,0
"V259XXS","E9290","10000",1,0,0,0,0
"V260XXA","E8222","10000",1,0,0,0,0
"V260XXD","E8222","10000",1,0,0,0,0
"V260XXS","E9290","10000",1,0,0,0,0
"V261XXA","E8223","10000",1,0,0,0,0
"V261XXD","E8223","10000",1,0,0,0,0
"V261XXS","E9290","10000",1,0,0,0,0
"V262XXA","E8229","10000",1,0,0,0,0
"V262XXD","E8229","10000",1,0,0,0,0
"V262XXS","E9290","10000",1,0,0,0,0
"V263XXA","E8242","10000",1,0,0,0,0
"V263XXD","E8242","10000",1,0,0,0,0
"V263XXS","E9290","10000",1,0,0,0,0
"V264XXA","E8132","10000",1,0,0,0,0
"V264XXD","E8132","10000",1,0,0,0,0
"V264XXS","E9290","10000",1,0,0,0,0
"V265XXA","E8123","10000",1,0,0,0,0
"V265XXD","E8123","10000",1,0,0,0,0
"V265XXS","E9290","10000",1,0,0,0,0
"V269XXA","E8139","10000",1,0,0,0,0
"V269XXD","E8139","10000",1,0,0,0,0
"V269XXS","E9290","10000",1,0,0,0,0
"V270XXA","E8232","10000",1,0,0,0,0
"V270XXD","E8232","10000",1,0,0,0,0
"V270XXS","E9290","10000",1,0,0,0,0
"V271XXA","E8233","10000",1,0,0,0,0
"V271XXD","E8233","10000",1,0,0,0,0
"V271XXS","E9290","10000",1,0,0,0,0
"V272XXA","E8239","10000",1,0,0,0,0
"V272XXD","E8239","10000",1,0,0,0,0
"V272XXS","E9290","10000",1,0,0,0,0
"V273XXA","E8242","10000",1,0,0,0,0
"V273XXD","E8242","10000",1,0,0,0,0
"V273XXS","E9290","10000",1,0,0,0,0
"V274XXA","E8152","10000",1,0,0,0,0
"V274XXD","E8152","10000",1,0,0,0,0
"V274XXS","E9290","10000",1,0,0,0,0
"V275XXA","E8153","10000",1,0,0,0,0
"V275XXD","E8153","10000",1,0,0,0,0
"V275XXS","E9290","10000",1,0,0,0,0
"V279XXA","E8159","10000",1,0,0,0,0
"V279XXD","E8159","10000",1,0,0,0,0
"V279XXS","E9290","10000",1,0,0,0,0
"V280XXA","E8252","10000",1,0,0,0,0
"V280XXD","E8252","10000",1,0,0,0,0
"V280XXS","E9290","10000",1,0,0,0,0
"V281XXA","E8253","10000",1,0,0,0,0
"V281XXD","E8253","10000",1,0,0,0,0
"V281XXS","E9290","10000",1,0,0,0,0
"V282XXA","E8259","10000",1,0,0,0,0
"V282XXD","E8259","10000",1,0,0,0,0
"V282XXS","E9290","10000",1,0,0,0,0
"V283XXA","E8242","10000",1,0,0,0,0
"V283XXD","E8242","10000",1,0,0,0,0
"V283XXS","E9290","10000",1,0,0,0,0
"V284XXA","E8162","10000",1,0,0,0,0
"V284XXD","E8162","10000",1,0,0,0,0
"V284XXS","E9290","10000",1,0,0,0,0
"V285XXA","E8163","10000",1,0,0,0,0
"V285XXD","E8163","10000",1,0,0,0,0
"V285XXS","E9290","10000",1,0,0,0,0
"V289XXA","E8169","10000",1,0,0,0,0
"V289XXD","E8169","10000",1,0,0,0,0
"V289XXS","E9290","10000",1,0,0,0,0
"V2900XA","E8222","10000",1,0,0,0,0
"V2900XD","E8222","10000",1,0,0,0,0
"V2900XS","E9290","10000",1,0,0,0,0
"V2909XA","E8222","10000",1,0,0,0,0
"V2909XD","E8222","10000",1,0,0,0,0
"V2909XS","E9290","10000",1,0,0,0,0
"V2910XA","E8223","10000",1,0,0,0,0
"V2910XD","E8223","10000",1,0,0,0,0
"V2910XS","E9290","10000",1,0,0,0,0
"V2919XA","E8229","10000",1,0,0,0,0
"V2919XD","E8229","10000",1,0,0,0,0
"V2919XS","E9290","10000",1,0,0,0,0
"V2920XA","E8229","10000",1,0,0,0,0
"V2920XD","E8229","10000",1,0,0,0,0
"V2920XS","E9290","10000",1,0,0,0,0
"V2929XA","E8229","10000",1,0,0,0,0
"V2929XD","E8229","10000",1,0,0,0,0
"V2929XS","E9290","10000",1,0,0,0,0
"V293XXA","E8252","10000",1,0,0,0,0
"V293XXD","E8252","10000",1,0,0,0,0
"V293XXS","E9290","10000",1,0,0,0,0
"V2940XA","E8122","10000",1,0,0,0,0
"V2940XD","E8122","10000",1,0,0,0,0
"V2940XS","E9290","10000",1,0,0,0,0
"V2949XA","E8122","10000",1,0,0,0,0
"V2949XD","E8122","10000",1,0,0,0,0
"V2949XS","E9290","10000",1,0,0,0,0
"V2950XA","E8123","10000",1,0,0,0,0
"V2950XD","E8123","10000",1,0,0,0,0
"V2950XS","E9290","10000",1,0,0,0,0
"V2959XA","E8123","10000",1,0,0,0,0
"V2959XD","E8123","10000",1,0,0,0,0
"V2959XS","E9290","10000",1,0,0,0,0
"V2960XA","E8129","10000",1,0,0,0,0
"V2960XD","E8129","10000",1,0,0,0,0
"V2960XS","E9290","10000",1,0,0,0,0
"V2969XA","E8129","10000",1,0,0,0,0
"V2969XD","E8129","10000",1,0,0,0,0
"V2969XS","E9290","10000",1,0,0,0,0
"V2981XA","E8152","10000",1,0,0,0,0
"V2981XD","E8152","10000",1,0,0,0,0
"V2981XS","E9290","10000",1,0,0,0,0
"V2988XA","E8152","10000",1,0,0,0,0
"V2988XD","E8152","10000",1,0,0,0,0
"V2988XS","E9290","10000",1,0,0,0,0
"V299XXA","E8192","10000",1,0,0,0,0
"V299XXD","E8192","10000",1,0,0,0,0
"V299XXS","E9290","10000",1,0,0,0,0
"V300XXA","E8220","10000",1,0,0,0,0
"V300XXD","E8220","10000",1,0,0,0,0
"V300XXS","E9290","10000",1,0,0,0,0
"V301XXA","E8221","10000",1,0,0,0,0
"V301XXD","E8221","10000",1,0,0,0,0
"V301XXS","E9290","10000",1,0,0,0,0
"V302XXA","E8228","10000",1,0,0,0,0
"V302XXD","E8228","10000",1,0,0,0,0
"V302XXS","E9290","10000",1,0,0,0,0
"V303XXA","E8229","10000",1,0,0,0,0
"V303XXD","E8229","10000",1,0,0,0,0
"V303XXS","E9290","10000",1,0,0,0,0
"V304XXA","E8248","10000",1,0,0,0,0
"V304XXD","E8248","10000",1,0,0,0,0
"V304XXS","E9290","10000",1,0,0,0,0
"V305XXA","E8140","10000",1,0,0,0,0
"V305XXD","E8140","10000",1,0,0,0,0
"V305XXS","E9290","10000",1,0,0,0,0
"V306XXA","E8141","10000",1,0,0,0,0
"V306XXD","E8141","10000",1,0,0,0,0
"V306XXS","E9290","10000",1,0,0,0,0
"V307XXA","E8148","10000",1,0,0,0,0
"V307XXD","E8148","10000",1,0,0,0,0
"V307XXS","E9290","10000",1,0,0,0,0
"V309XXA","E8149","10000",1,0,0,0,0
"V309XXD","E8149","10000",1,0,0,0,0
"V309XXS","E9290","10000",1,0,0,0,0
"V310XXA","E8220","10000",1,0,0,0,0
"V310XXD","E8220","10000",1,0,0,0,0
"V310XXS","E9290","10000",1,0,0,0,0
"V311XXA","E8221","10000",1,0,0,0,0
"V311XXD","E8221","10000",1,0,0,0,0
"V311XXS","E9290","10000",1,0,0,0,0
"V312XXA","E8228","10000",1,0,0,0,0
"V312XXD","E8228","10000",1,0,0,0,0
"V312XXS","E9290","10000",1,0,0,0,0
"V313XXA","E8229","10000",1,0,0,0,0
"V313XXD","E8229","10000",1,0,0,0,0
"V313XXS","E9290","10000",1,0,0,0,0
"V314XXA","E8248","10000",1,0,0,0,0
"V314XXD","E8248","10000",1,0,0,0,0
"V314XXS","E9290","10000",1,0,0,0,0
"V315XXA","E8130","10000",1,0,0,0,0
"V315XXD","E8130","10000",1,0,0,0,0
"V315XXS","E9290","10000",1,0,0,0,0
"V316XXA","E8138","10000",1,0,0,0,0
"V316XXD","E8138","10000",1,0,0,0,0
"V316XXS","E9290","10000",1,0,0,0,0
"V317XXA","E8138","10000",1,0,0,0,0
"V317XXD","E8138","10000",1,0,0,0,0
"V317XXS","E9290","10000",1,0,0,0,0
"V319XXA","E8139","10000",1,0,0,0,0
"V319XXD","E8139","10000",1,0,0,0,0
"V319XXS","E9290","10000",1,0,0,0,0
"V320XXA","E8220","10000",1,0,0,0,0
"V320XXD","E8220","10000",1,0,0,0,0
"V320XXS","E9290","10000",1,0,0,0,0
"V321XXA","E8221","10000",1,0,0,0,0
"V321XXD","E8221","10000",1,0,0,0,0
"V321XXS","E9290","10000",1,0,0,0,0
"V322XXA","E8228","10000",1,0,0,0,0
"V322XXD","E8228","10000",1,0,0,0,0
"V322XXS","E9290","10000",1,0,0,0,0
"V323XXA","E8229","10000",1,0,0,0,0
"V323XXD","E8229","10000",1,0,0,0,0
"V323XXS","E9290","10000",1,0,0,0,0
"V324XXA","E8248","10000",1,0,0,0,0
"V324XXD","E8248","10000",1,0,0,0,0
"V324XXS","E9290","10000",1,0,0,0,0
"V325XXA","E8120","10000",1,0,0,0,0
"V325XXD","E8120","10000",1,0,0,0,0
"V325XXS","E9290","10000",1,0,0,0,0
"V326XXA","E8121","10000",1,0,0,0,0
"V326XXD","E8121","10000",1,0,0,0,0
"V326XXS","E9290","10000",1,0,0,0,0
"V327XXA","E8128","10000",1,0,0,0,0
"V327XXD","E8128","10000",1,0,0,0,0
"V327XXS","E9290","10000",1,0,0,0,0
"V329XXA","E8129","10000",1,0,0,0,0
"V329XXD","E8129","10000",1,0,0,0,0
"V329XXS","E9290","10000",1,0,0,0,0
"V330XXA","E8220","10000",1,0,0,0,0
"V330XXD","E8220","10000",1,0,0,0,0
"V330XXS","E9290","10000",1,0,0,0,0
"V331XXA","E8221","10000",1,0,0,0,0
"V331XXD","E8221","10000",1,0,0,0,0
"V331XXS","E9290","10000",1,0,0,0,0
"V332XXA","E8228","10000",1,0,0,0,0
"V332XXD","E8228","10000",1,0,0,0,0
"V332XXS","E9290","10000",1,0,0,0,0
"V333XXA","E8229","10000",1,0,0,0,0
"V333XXD","E8229","10000",1,0,0,0,0
"V333XXS","E9290","10000",1,0,0,0,0
"V334XXA","E8248","10000",1,0,0,0,0
"V334XXD","E8248","10000",1,0,0,0,0
"V334XXS","E9290","10000",1,0,0,0,0
"V335XXA","E8120","10000",1,0,0,0,0
"V335XXD","E8120","10000",1,0,0,0,0
"V335XXS","E9290","10000",1,0,0,0,0
"V336XXA","E8121","10000",1,0,0,0,0
"V336XXD","E8121","10000",1,0,0,0,0
"V336XXS","E9290","10000",1,0,0,0,0
"V337XXA","E8128","10000",1,0,0,0,0
"V337XXD","E8128","10000",1,0,0,0,0
"V337XXS","E9290","10000",1,0,0,0,0
"V339XXA","E8129","10000",1,0,0,0,0
"V339XXD","E8129","10000",1,0,0,0,0
"V339XXS","E9290","10000",1,0,0,0,0
"V340XXA","E8220","10000",1,0,0,0,0
"V340XXD","E8220","10000",1,0,0,0,0
"V340XXS","E9290","10000",1,0,0,0,0
"V341XXA","E8221","10000",1,0,0,0,0
"V341XXD","E8221","10000",1,0,0,0,0
"V341XXS","E9290","10000",1,0,0,0,0
"V342XXA","E8228","10000",1,0,0,0,0
"V342XXD","E8228","10000",1,0,0,0,0
"V342XXS","E9290","10000",1,0,0,0,0
"V343XXA","E8229","10000",1,0,0,0,0
"V343XXD","E8229","10000",1,0,0,0,0
"V343XXS","E9290","10000",1,0,0,0,0
"V344XXA","E8248","10000",1,0,0,0,0
"V344XXD","E8248","10000",1,0,0,0,0
"V344XXS","E9290","10000",1,0,0,0,0
"V345XXA","E8120","10000",1,0,0,0,0
"V345XXD","E8120","10000",1,0,0,0,0
"V345XXS","E9290","10000",1,0,0,0,0
"V346XXA","E8121","10000",1,0,0,0,0
"V346XXD","E8121","10000",1,0,0,0,0
"V346XXS","E9290","10000",1,0,0,0,0
"V347XXA","E8128","10000",1,0,0,0,0
"V347XXD","E8128","10000",1,0,0,0,0
"V347XXS","E9290","10000",1,0,0,0,0
"V349XXA","E8129","10000",1,0,0,0,0
"V349XXD","E8129","10000",1,0,0,0,0
"V349XXS","E9290","10000",1,0,0,0,0
"V350XXA","E8220","10000",1,0,0,0,0
"V350XXD","E8220","10000",1,0,0,0,0
"V350XXS","E9290","10000",1,0,0,0,0
"V351XXA","E8221","10000",1,0,0,0,0
"V351XXD","E8221","10000",1,0,0,0,0
"V351XXS","E9290","10000",1,0,0,0,0
"V352XXA","E8228","10000",1,0,0,0,0
"V352XXD","E8228","10000",1,0,0,0,0
"V352XXS","E9290","10000",1,0,0,0,0
"V353XXA","E8229","10000",1,0,0,0,0
"V353XXD","E8229","10000",1,0,0,0,0
"V353XXS","E9290","10000",1,0,0,0,0
"V354XXA","E8248","10000",1,0,0,0,0
"V354XXD","E8248","10000",1,0,0,0,0
"V354XXS","E9290","10000",1,0,0,0,0
"V355XXA","E8100","10000",1,0,0,0,0
"V355XXD","E8100","10000",1,0,0,0,0
"V355XXS","E9290","10000",1,0,0,0,0
"V356XXA","E8101","10000",1,0,0,0,0
"V356XXD","E8101","10000",1,0,0,0,0
"V356XXS","E9290","10000",1,0,0,0,0
"V357XXA","E8108","10000",1,0,0,0,0
"V357XXD","E8108","10000",1,0,0,0,0
"V357XXS","E9290","10000",1,0,0,0,0
"V359XXA","E8109","10000",1,0,0,0,0
"V359XXD","E8109","10000",1,0,0,0,0
"V359XXS","E9290","10000",1,0,0,0,0
"V360XXA","E8220","10000",1,0,0,0,0
"V360XXD","E8220","10000",1,0,0,0,0
"V360XXS","E9290","10000",1,0,0,0,0
"V361XXA","E8221","10000",1,0,0,0,0
"V361XXD","E8221","10000",1,0,0,0,0
"V361XXS","E9290","10000",1,0,0,0,0
"V362XXA","E8228","10000",1,0,0,0,0
"V362XXD","E8228","10000",1,0,0,0,0
"V362XXS","E9290","10000",1,0,0,0,0
"V363XXA","E8229","10000",1,0,0,0,0
"V363XXD","E8229","10000",1,0,0,0,0
"V363XXS","E9290","10000",1,0,0,0,0
"V364XXA","E8248","10000",1,0,0,0,0
"V364XXD","E8248","10000",1,0,0,0,0
"V364XXS","E9290","10000",1,0,0,0,0
"V365XXA","E8130","10000",1,0,0,0,0
"V365XXD","E8130","10000",1,0,0,0,0
"V365XXS","E9290","10000",1,0,0,0,0
"V366XXA","E8131","10000",1,0,0,0,0
"V366XXD","E8131","10000",1,0,0,0,0
"V366XXS","E9290","10000",1,0,0,0,0
"V367XXA","E8138","10000",1,0,0,0,0
"V367XXD","E8138","10000",1,0,0,0,0
"V367XXS","E9290","10000",1,0,0,0,0
"V369XXA","E8139","10000",1,0,0,0,0
"V369XXD","E8139","10000",1,0,0,0,0
"V369XXS","E9290","10000",1,0,0,0,0
"V370XXA","E8230","10000",1,0,0,0,0
"V370XXD","E8230","10000",1,0,0,0,0
"V370XXS","E9290","10000",1,0,0,0,0
"V371XXA","E8231","10000",1,0,0,0,0
"V371XXD","E8231","10000",1,0,0,0,0
"V371XXS","E9290","10000",1,0,0,0,0
"V372XXA","E8238","10000",1,0,0,0,0
"V372XXD","E8238","10000",1,0,0,0,0
"V372XXS","E9290","10000",1,0,0,0,0
"V373XXA","E8239","10000",1,0,0,0,0
"V373XXD","E8239","10000",1,0,0,0,0
"V373XXS","E9290","10000",1,0,0,0,0
"V374XXA","E8248","10000",1,0,0,0,0
"V374XXD","E8248","10000",1,0,0,0,0
"V374XXS","E9290","10000",1,0,0,0,0
"V375XXA","E8150","10000",1,0,0,0,0
"V375XXD","E8150","10000",1,0,0,0,0
"V375XXS","E9290","10000",1,0,0,0,0
"V376XXA","E8151","10000",1,0,0,0,0
"V376XXD","E8151","10000",1,0,0,0,0
"V376XXS","E9290","10000",1,0,0,0,0
"V377XXA","E8158","10000",1,0,0,0,0
"V377XXD","E8158","10000",1,0,0,0,0
"V377XXS","E9290","10000",1,0,0,0,0
"V379XXA","E8159","10000",1,0,0,0,0
"V379XXD","E8159","10000",1,0,0,0,0
"V379XXS","E9290","10000",1,0,0,0,0
"V380XXA","E8250","10000",1,0,0,0,0
"V380XXD","E8250","10000",1,0,0,0,0
"V380XXS","E9290","10000",1,0,0,0,0
"V381XXA","E8251","10000",1,0,0,0,0
"V381XXD","E8251","10000",1,0,0,0,0
"V381XXS","E9290","10000",1,0,0,0,0
"V382XXA","E8258","10000",1,0,0,0,0
"V382XXD","E8258","10000",1,0,0,0,0
"V382XXS","E9290","10000",1,0,0,0,0
"V383XXA","E8259","10000",1,0,0,0,0
"V383XXD","E8259","10000",1,0,0,0,0
"V383XXS","E9290","10000",1,0,0,0,0
"V384XXA","E8248","10000",1,0,0,0,0
"V384XXD","E8248","10000",1,0,0,0,0
"V384XXS","E9290","10000",1,0,0,0,0
"V385XXA","E8160","10000",1,0,0,0,0
"V385XXD","E8160","10000",1,0,0,0,0
"V385XXS","E9290","10000",1,0,0,0,0
"V386XXA","E8161","10000",1,0,0,0,0
"V386XXD","E8161","10000",1,0,0,0,0
"V386XXS","E9290","10000",1,0,0,0,0
"V387XXA","E8168","10000",1,0,0,0,0
"V387XXD","E8168","10000",1,0,0,0,0
"V387XXS","E9290","10000",1,0,0,0,0
"V389XXA","E8169","10000",1,0,0,0,0
"V389XXD","E8169","10000",1,0,0,0,0
"V389XXS","E9290","10000",1,0,0,0,0
"V3900XA","E8220","10000",1,0,0,0,0
"V3900XD","E8220","10000",1,0,0,0,0
"V3900XS","E9290","10000",1,0,0,0,0
"V3909XA","E8220","10000",1,0,0,0,0
"V3909XD","E8220","10000",1,0,0,0,0
"V3909XS","E9290","10000",1,0,0,0,0
"V3910XA","E8221","10000",1,0,0,0,0
"V3910XD","E8221","10000",1,0,0,0,0
"V3910XS","E9290","10000",1,0,0,0,0
"V3919XA","E8221","10000",1,0,0,0,0
"V3919XD","E8221","10000",1,0,0,0,0
"V3919XS","E9290","10000",1,0,0,0,0
"V3920XA","E8229","10000",1,0,0,0,0
"V3920XD","E8229","10000",1,0,0,0,0
"V3920XS","E9290","10000",1,0,0,0,0
"V3929XA","E8229","10000",1,0,0,0,0
"V3929XD","E8229","10000",1,0,0,0,0
"V3929XS","E9290","10000",1,0,0,0,0
"V393XXA","E8250","10000",1,0,0,0,0
"V393XXD","E8250","10000",1,0,0,0,0
"V393XXS","E9290","10000",1,0,0,0,0
"V3940XA","E8120","10000",1,0,0,0,0
"V3940XD","E8120","10000",1,0,0,0,0
"V3940XS","E9290","10000",1,0,0,0,0
"V3949XA","E8120","10000",1,0,0,0,0
"V3949XD","E8120","10000",1,0,0,0,0
"V3949XS","E9290","10000",1,0,0,0,0
"V3950XA","E8121","10000",1,0,0,0,0
"V3950XD","E8121","10000",1,0,0,0,0
"V3950XS","E9290","10000",1,0,0,0,0
"V3959XA","E8121","10000",1,0,0,0,0
"V3959XD","E8121","10000",1,0,0,0,0
"V3959XS","E9290","10000",1,0,0,0,0
"V3960XA","E8129","10000",1,0,0,0,0
"V3960XD","E8129","10000",1,0,0,0,0
"V3960XS","E9290","10000",1,0,0,0,0
"V3969XA","E8129","10000",1,0,0,0,0
"V3969XD","E8129","10000",1,0,0,0,0
"V3969XS","E9290","10000",1,0,0,0,0
"V3981XA","E8120","10000",1,0,0,0,0
"V3981XD","E8120","10000",1,0,0,0,0
"V3981XS","E9290","10000",1,0,0,0,0
"V3989XA","E8130","10000",1,0,0,0,0
"V3989XD","E8130","10000",1,0,0,0,0
"V3989XS","E9290","10000",1,0,0,0,0
"V399XXA","E8150","10000",1,0,0,0,0
"V399XXD","E8150","10000",1,0,0,0,0
"V399XXS","E9290","10000",1,0,0,0,0
"V400XXA","E8220","10000",1,0,0,0,0
"V400XXD","E8220","10000",1,0,0,0,0
"V400XXS","E9290","10000",1,0,0,0,0
"V401XXA","E8221","10000",1,0,0,0,0
"V401XXD","E8221","10000",1,0,0,0,0
"V401XXS","E9290","10000",1,0,0,0,0
"V402XXA","E8228","10000",1,0,0,0,0
"V402XXD","E8228","10000",1,0,0,0,0
"V402XXS","E9290","10000",1,0,0,0,0
"V403XXA","E8229","10000",1,0,0,0,0
"V403XXD","E8229","10000",1,0,0,0,0
"V403XXS","E9290","10000",1,0,0,0,0
"V404XXA","E8248","10000",1,0,0,0,0
"V404XXD","E8248","10000",1,0,0,0,0
"V404XXS","E9290","10000",1,0,0,0,0
"V405XXA","E8140","10000",1,0,0,0,0
"V405XXD","E8140","10000",1,0,0,0,0
"V405XXS","E9290","10000",1,0,0,0,0
"V406XXA","E8141","10000",1,0,0,0,0
"V406XXD","E8141","10000",1,0,0,0,0
"V406XXS","E9290","10000",1,0,0,0,0
"V407XXA","E8148","10000",1,0,0,0,0
"V407XXD","E8148","10000",1,0,0,0,0
"V407XXS","E9290","10000",1,0,0,0,0
"V409XXA","E8149","10000",1,0,0,0,0
"V409XXD","E8149","10000",1,0,0,0,0
"V409XXS","E9290","10000",1,0,0,0,0
"V410XXA","E8220","10000",1,0,0,0,0
"V410XXD","E8220","10000",1,0,0,0,0
"V410XXS","E9290","10000",1,0,0,0,0
"V411XXA","E8221","10000",1,0,0,0,0
"V411XXD","E8221","10000",1,0,0,0,0
"V411XXS","E9290","10000",1,0,0,0,0
"V412XXA","E8228","10000",1,0,0,0,0
"V412XXD","E8228","10000",1,0,0,0,0
"V412XXS","E9290","10000",1,0,0,0,0
"V413XXA","E8229","10000",1,0,0,0,0
"V413XXD","E8229","10000",1,0,0,0,0
"V413XXS","E9290","10000",1,0,0,0,0
"V414XXA","E8248","10000",1,0,0,0,0
"V414XXD","E8248","10000",1,0,0,0,0
"V414XXS","E9290","10000",1,0,0,0,0
"V415XXA","E8130","10000",1,0,0,0,0
"V415XXD","E8130","10000",1,0,0,0,0
"V415XXS","E9290","10000",1,0,0,0,0
"V416XXA","E8131","10000",1,0,0,0,0
"V416XXD","E8131","10000",1,0,0,0,0
"V416XXS","E9290","10000",1,0,0,0,0
"V417XXA","E8128","10000",1,0,0,0,0
"V417XXD","E8128","10000",1,0,0,0,0
"V417XXS","E9290","10000",1,0,0,0,0
"V419XXA","E8139","10000",1,0,0,0,0
"V419XXD","E8139","10000",1,0,0,0,0
"V419XXS","E9290","10000",1,0,0,0,0
"V420XXA","E8220","10000",1,0,0,0,0
"V420XXD","E8220","10000",1,0,0,0,0
"V420XXS","E9290","10000",1,0,0,0,0
"V421XXA","E8221","10000",1,0,0,0,0
"V421XXD","E8221","10000",1,0,0,0,0
"V421XXS","E9290","10000",1,0,0,0,0
"V422XXA","E8228","10000",1,0,0,0,0
"V422XXD","E8228","10000",1,0,0,0,0
"V422XXS","E9290","10000",1,0,0,0,0
"V423XXA","E8229","10000",1,0,0,0,0
"V423XXD","E8229","10000",1,0,0,0,0
"V423XXS","E9290","10000",1,0,0,0,0
"V424XXA","E8248","10000",1,0,0,0,0
"V424XXD","E8248","10000",1,0,0,0,0
"V424XXS","E9290","10000",1,0,0,0,0
"V425XXA","E8120","10000",1,0,0,0,0
"V425XXD","E8120","10000",1,0,0,0,0
"V425XXS","E9290","10000",1,0,0,0,0
"V426XXA","E8121","10000",1,0,0,0,0
"V426XXD","E8121","10000",1,0,0,0,0
"V426XXS","E9290","10000",1,0,0,0,0
"V427XXA","E8128","10000",1,0,0,0,0
"V427XXD","E8128","10000",1,0,0,0,0
"V427XXS","E9290","10000",1,0,0,0,0
"V429XXA","E8129","10000",1,0,0,0,0
"V429XXD","E8129","10000",1,0,0,0,0
"V429XXS","E9290","10000",1,0,0,0,0
"V4301XA","E8220","10000",1,0,0,0,0
"V4301XD","E8220","10000",1,0,0,0,0
"V4301XS","E9290","10000",1,0,0,0,0
"V4302XA","E8220","10000",1,0,0,0,0
"V4302XD","E8220","10000",1,0,0,0,0
"V4302XS","E9290","10000",1,0,0,0,0
"V4303XA","E8220","10000",1,0,0,0,0
"V4303XD","E8220","10000",1,0,0,0,0
"V4303XS","E9290","10000",1,0,0,0,0
"V4304XA","E8220","10000",1,0,0,0,0
"V4304XD","E8220","10000",1,0,0,0,0
"V4304XS","E9290","10000",1,0,0,0,0
"V4311XA","E8221","10000",1,0,0,0,0
"V4311XD","E8221","10000",1,0,0,0,0
"V4311XS","E9290","10000",1,0,0,0,0
"V4312XA","E8221","10000",1,0,0,0,0
"V4312XD","E8221","10000",1,0,0,0,0
"V4312XS","E9290","10000",1,0,0,0,0
"V4313XA","E8221","10000",1,0,0,0,0
"V4313XD","E8221","10000",1,0,0,0,0
"V4313XS","E9290","10000",1,0,0,0,0
"V4314XA","E8221","10000",1,0,0,0,0
"V4314XD","E8221","10000",1,0,0,0,0
"V4314XS","E9290","10000",1,0,0,0,0
"V4321XA","E8228","10000",1,0,0,0,0
"V4321XD","E8228","10000",1,0,0,0,0
"V4321XS","E9290","10000",1,0,0,0,0
"V4322XA","E8228","10000",1,0,0,0,0
"V4322XD","E8228","10000",1,0,0,0,0
"V4322XS","E9290","10000",1,0,0,0,0
"V4323XA","E8228","10000",1,0,0,0,0
"V4323XD","E8228","10000",1,0,0,0,0
"V4323XS","E9290","10000",1,0,0,0,0
"V4324XA","E8228","10000",1,0,0,0,0
"V4324XD","E8228","10000",1,0,0,0,0
"V4324XS","E9290","10000",1,0,0,0,0
"V4331XA","E8229","10000",1,0,0,0,0
"V4331XD","E8229","10000",1,0,0,0,0
"V4331XS","E9290","10000",1,0,0,0,0
"V4332XA","E8229","10000",1,0,0,0,0
"V4332XD","E8229","10000",1,0,0,0,0
"V4332XS","E9290","10000",1,0,0,0,0
"V4333XA","E8229","10000",1,0,0,0,0
"V4333XD","E8229","10000",1,0,0,0,0
"V4333XS","E9290","10000",1,0,0,0,0
"V4334XA","E8229","10000",1,0,0,0,0
"V4334XD","E8229","10000",1,0,0,0,0
"V4334XS","E9290","10000",1,0,0,0,0
"V4341XA","E8248","10000",1,0,0,0,0
"V4341XD","E8248","10000",1,0,0,0,0
"V4341XS","E9290","10000",1,0,0,0,0
"V4342XA","E8248","10000",1,0,0,0,0
"V4342XD","E8248","10000",1,0,0,0,0
"V4342XS","E9290","10000",1,0,0,0,0
"V4343XA","E8248","10000",1,0,0,0,0
"V4343XD","E8248","10000",1,0,0,0,0
"V4343XS","E9290","10000",1,0,0,0,0
"V4344XA","E8248","10000",1,0,0,0,0
"V4344XD","E8248","10000",1,0,0,0,0
"V4344XS","E9290","10000",1,0,0,0,0
"V4351XA","E8120","10000",1,0,0,0,0
"V4351XD","E8120","10000",1,0,0,0,0
"V4351XS","E9290","10000",1,0,0,0,0
"V4352XA","E8120","10000",1,0,0,0,0
"V4352XD","E8120","10000",1,0,0,0,0
"V4352XS","E9290","10000",1,0,0,0,0
"V4353XA","E8120","10000",1,0,0,0,0
"V4353XD","E8120","10000",1,0,0,0,0
"V4353XS","E9290","10000",1,0,0,0,0
"V4354XA","E8120","10000",1,0,0,0,0
"V4354XD","E8120","10000",1,0,0,0,0
"V4354XS","E9290","10000",1,0,0,0,0
"V4361XA","E8121","10000",1,0,0,0,0
"V4361XD","E8121","10000",1,0,0,0,0
"V4361XS","E9290","10000",1,0,0,0,0
"V4362XA","E8121","10000",1,0,0,0,0
"V4362XD","E8121","10000",1,0,0,0,0
"V4362XS","E9290","10000",1,0,0,0,0
"V4363XA","E8121","10000",1,0,0,0,0
"V4363XD","E8121","10000",1,0,0,0,0
"V4363XS","E9290","10000",1,0,0,0,0
"V4364XA","E8121","10000",1,0,0,0,0
"V4364XD","E8121","10000",1,0,0,0,0
"V4364XS","E9290","10000",1,0,0,0,0
"V4371XA","E8128","10000",1,0,0,0,0
"V4371XD","E8128","10000",1,0,0,0,0
"V4371XS","E9290","10000",1,0,0,0,0
"V4372XA","E8128","10000",1,0,0,0,0
"V4372XD","E8128","10000",1,0,0,0,0
"V4372XS","E9290","10000",1,0,0,0,0
"V4373XA","E8128","10000",1,0,0,0,0
"V4373XD","E8128","10000",1,0,0,0,0
"V4373XS","E9290","10000",1,0,0,0,0
"V4374XA","E8128","10000",1,0,0,0,0
"V4374XD","E8128","10000",1,0,0,0,0
"V4374XS","E9290","10000",1,0,0,0,0
"V4391XA","E8129","10000",1,0,0,0,0
"V4391XD","E8129","10000",1,0,0,0,0
"V4391XS","E9290","10000",1,0,0,0,0
"V4392XA","E8129","10000",1,0,0,0,0
"V4392XD","E8129","10000",1,0,0,0,0
"V4392XS","E9290","10000",1,0,0,0,0
"V4393XA","E8129","10000",1,0,0,0,0
"V4393XD","E8129","10000",1,0,0,0,0
"V4393XS","E9290","10000",1,0,0,0,0
"V4394XA","E8129","10000",1,0,0,0,0
"V4394XD","E8129","10000",1,0,0,0,0
"V4394XS","E9290","10000",1,0,0,0,0
"V440XXA","E8220","10000",1,0,0,0,0
"V440XXD","E8220","10000",1,0,0,0,0
"V440XXS","E9290","10000",1,0,0,0,0
"V441XXA","E8221","10000",1,0,0,0,0
"V441XXD","E8221","10000",1,0,0,0,0
"V441XXS","E9290","10000",1,0,0,0,0
"V442XXA","E8228","10000",1,0,0,0,0
"V442XXD","E8228","10000",1,0,0,0,0
"V442XXS","E9290","10000",1,0,0,0,0
"V443XXA","E8229","10000",1,0,0,0,0
"V443XXD","E8229","10000",1,0,0,0,0
"V443XXS","E9290","10000",1,0,0,0,0
"V444XXA","E8248","10000",1,0,0,0,0
"V444XXD","E8248","10000",1,0,0,0,0
"V444XXS","E9290","10000",1,0,0,0,0
"V445XXA","E8120","10000",1,0,0,0,0
"V445XXD","E8120","10000",1,0,0,0,0
"V445XXS","E9290","10000",1,0,0,0,0
"V446XXA","E8121","10000",1,0,0,0,0
"V446XXD","E8121","10000",1,0,0,0,0
"V446XXS","E9290","10000",1,0,0,0,0
"V447XXA","E8128","10000",1,0,0,0,0
"V447XXD","E8128","10000",1,0,0,0,0
"V447XXS","E9290","10000",1,0,0,0,0
"V449XXA","E8129","10000",1,0,0,0,0
"V449XXD","E8129","10000",1,0,0,0,0
"V449XXS","E9290","10000",1,0,0,0,0
"V450XXA","E8220","10000",1,0,0,0,0
"V450XXD","E8220","10000",1,0,0,0,0
"V450XXS","E9290","10000",1,0,0,0,0
"V451XXA","E8221","10000",1,0,0,0,0
"V451XXD","E8221","10000",1,0,0,0,0
"V451XXS","E9290","10000",1,0,0,0,0
"V452XXA","E8228","10000",1,0,0,0,0
"V452XXD","E8228","10000",1,0,0,0,0
"V452XXS","E9290","10000",1,0,0,0,0
"V453XXA","E8229","10000",1,0,0,0,0
"V453XXD","E8229","10000",1,0,0,0,0
"V453XXS","E9290","10000",1,0,0,0,0
"V454XXA","E8248","10000",1,0,0,0,0
"V454XXD","E8248","10000",1,0,0,0,0
"V454XXS","E9290","10000",1,0,0,0,0
"V455XXA","E8100","10000",1,0,0,0,0
"V455XXD","E8100","10000",1,0,0,0,0
"V455XXS","E9290","10000",1,0,0,0,0
"V456XXA","E8101","10000",1,0,0,0,0
"V456XXD","E8101","10000",1,0,0,0,0
"V456XXS","E9290","10000",1,0,0,0,0
"V457XXA","E8108","10000",1,0,0,0,0
"V457XXD","E8108","10000",1,0,0,0,0
"V457XXS","E9290","10000",1,0,0,0,0
"V459XXA","E8109","10000",1,0,0,0,0
"V459XXD","E8109","10000",1,0,0,0,0
"V459XXS","E9290","10000",1,0,0,0,0
"V460XXA","E8220","10000",1,0,0,0,0
"V460XXD","E8220","10000",1,0,0,0,0
"V460XXS","E9290","10000",1,0,0,0,0
"V461XXA","E8221","10000",1,0,0,0,0
"V461XXD","E8221","10000",1,0,0,0,0
"V461XXS","E9290","10000",1,0,0,0,0
"V462XXA","E8228","10000",1,0,0,0,0
"V462XXD","E8228","10000",1,0,0,0,0
"V462XXS","E9290","10000",1,0,0,0,0
"V463XXA","E8229","10000",1,0,0,0,0
"V463XXD","E8229","10000",1,0,0,0,0
"V463XXS","E9290","10000",1,0,0,0,0
"V464XXA","E8248","10000",1,0,0,0,0
"V464XXD","E8248","10000",1,0,0,0,0
"V464XXS","E9290","10000",1,0,0,0,0
"V465XXA","E8130","10000",1,0,0,0,0
"V465XXD","E8130","10000",1,0,0,0,0
"V465XXS","E9290","10000",1,0,0,0,0
"V466XXA","E8131","10000",1,0,0,0,0
"V466XXD","E8131","10000",1,0,0,0,0
"V466XXS","E9290","10000",1,0,0,0,0
"V467XXA","E8138","10000",1,0,0,0,0
"V467XXD","E8138","10000",1,0,0,0,0
"V467XXS","E9290","10000",1,0,0,0,0
"V469XXA","E8139","10000",1,0,0,0,0
"V469XXD","E8139","10000",1,0,0,0,0
"V469XXS","E9290","10000",1,0,0,0,0
"V4701XA","E8230","10000",1,0,0,0,0
"V4701XD","E8230","10000",1,0,0,0,0
"V4701XS","E9290","10000",1,0,0,0,0
"V4702XA","E8230","10000",1,0,0,0,0
"V4702XD","E8230","10000",1,0,0,0,0
"V4702XS","E9290","10000",1,0,0,0,0
"V4711XA","E8231","10000",1,0,0,0,0
"V4711XD","E8231","10000",1,0,0,0,0
"V4711XS","E9290","10000",1,0,0,0,0
"V4712XA","E8231","10000",1,0,0,0,0
"V4712XD","E8231","10000",1,0,0,0,0
"V4712XS","E9290","10000",1,0,0,0,0
"V472XXA","E8231","10000",1,0,0,0,0
"V472XXD","E8231","10000",1,0,0,0,0
"V472XXS","E9290","10000",1,0,0,0,0
"V4731XA","E8239","10000",1,0,0,0,0
"V4731XD","E8239","10000",1,0,0,0,0
"V4731XS","E9290","10000",1,0,0,0,0
"V4732XA","E8239","10000",1,0,0,0,0
"V4732XD","E8239","10000",1,0,0,0,0
"V4732XS","E9290","10000",1,0,0,0,0
"V474XXA","E8239","10000",1,0,0,0,0
"V474XXD","E8239","10000",1,0,0,0,0
"V474XXS","E9290","10000",1,0,0,0,0
"V4751XA","E8120","10000",1,0,0,0,0
"V4751XD","E8120","10000",1,0,0,0,0
"V4751XS","E9290","10000",1,0,0,0,0
"V4752XA","E8120","10000",1,0,0,0,0
"V4752XD","E8120","10000",1,0,0,0,0
"V4752XS","E9290","10000",1,0,0,0,0
"V4761XA","E8121","10000",1,0,0,0,0
"V4761XD","E8121","10000",1,0,0,0,0
"V4761XS","E9290","10000",1,0,0,0,0
"V4762XA","E8121","10000",1,0,0,0,0
"V4762XD","E8121","10000",1,0,0,0,0
"V4762XS","E9290","10000",1,0,0,0,0
"V477XXA","E8121","10000",1,0,0,0,0
"V477XXD","E8121","10000",1,0,0,0,0
"V477XXS","E9290","10000",1,0,0,0,0
"V4791XA","E8129","10000",1,0,0,0,0
"V4791XD","E8129","10000",1,0,0,0,0
"V4791XS","E9290","10000",1,0,0,0,0
"V4792XA","E8129","10000",1,0,0,0,0
"V4792XD","E8129","10000",1,0,0,0,0
"V4792XS","E9290","10000",1,0,0,0,0
"V480XXA","E8220","10000",1,0,0,0,0
"V480XXD","E8220","10000",1,0,0,0,0
"V480XXS","E9290","10000",1,0,0,0,0
"V481XXA","E8221","10000",1,0,0,0,0
"V481XXD","E8221","10000",1,0,0,0,0
"V481XXS","E9290","10000",1,0,0,0,0
"V482XXA","E8228","10000",1,0,0,0,0
"V482XXD","E8228","10000",1,0,0,0,0
"V482XXS","E9290","10000",1,0,0,0,0
"V483XXA","E8229","10000",1,0,0,0,0
"V483XXD","E8229","10000",1,0,0,0,0
"V483XXS","E9290","10000",1,0,0,0,0
"V484XXA","E8178","10000",1,0,0,0,0
"V484XXD","E8178","10000",1,0,0,0,0
"V484XXS","E9290","10000",1,0,0,0,0
"V485XXA","E8160","10000",1,0,0,0,0
"V485XXD","E8160","10000",1,0,0,0,0
"V485XXS","E9290","10000",1,0,0,0,0
"V486XXA","E8161","10000",1,0,0,0,0
"V486XXD","E8161","10000",1,0,0,0,0
"V486XXS","E9290","10000",1,0,0,0,0
"V487XXA","E8168","10000",1,0,0,0,0
"V487XXD","E8168","10000",1,0,0,0,0
"V487XXS","E9290","10000",1,0,0,0,0
"V489XXA","E8169","10000",1,0,0,0,0
"V489XXD","E8169","10000",1,0,0,0,0
"V489XXS","E9290","10000",1,0,0,0,0
"V4900XA","E8220","10000",1,0,0,0,0
"V4900XD","E8220","10000",1,0,0,0,0
"V4900XS","E9290","10000",1,0,0,0,0
"V4909XA","E8220","10000",1,0,0,0,0
"V4909XD","E8220","10000",1,0,0,0,0
"V4909XS","E9290","10000",1,0,0,0,0
"V4910XA","E8221","10000",1,0,0,0,0
"V4910XD","E8221","10000",1,0,0,0,0
"V4910XS","E9290","10000",1,0,0,0,0
"V4919XA","E8221","10000",1,0,0,0,0
"V4919XD","E8221","10000",1,0,0,0,0
"V4919XS","E9290","10000",1,0,0,0,0
"V4920XA","E8229","10000",1,0,0,0,0
"V4920XD","E8229","10000",1,0,0,0,0
"V4920XS","E9290","10000",1,0,0,0,0
"V4929XA","E8229","10000",1,0,0,0,0
"V4929XD","E8229","10000",1,0,0,0,0
"V4929XS","E9290","10000",1,0,0,0,0
"V493XXA","E8251","10000",1,0,0,0,0
"V493XXD","E8251","10000",1,0,0,0,0
"V493XXS","E9290","10000",1,0,0,0,0
"V4940XA","E8120","10000",1,0,0,0,0
"V4940XD","E8120","10000",1,0,0,0,0
"V4940XS","E9290","10000",1,0,0,0,0
"V4949XA","E8120","10000",1,0,0,0,0
"V4949XD","E8120","10000",1,0,0,0,0
"V4949XS","E9290","10000",1,0,0,0,0
"V4950XA","E8121","10000",1,0,0,0,0
"V4950XD","E8121","10000",1,0,0,0,0
"V4950XS","E9290","10000",1,0,0,0,0
"V4959XA","E8121","10000",1,0,0,0,0
"V4959XD","E8121","10000",1,0,0,0,0
"V4959XS","E9290","10000",1,0,0,0,0
"V4960XA","E8129","10000",1,0,0,0,0
"V4960XD","E8129","10000",1,0,0,0,0
"V4960XS","E9290","10000",1,0,0,0,0
"V4969XA","E8129","10000",1,0,0,0,0
"V4969XD","E8129","10000",1,0,0,0,0
"V4969XS","E9290","10000",1,0,0,0,0
"V4981XA","E8120","10000",1,0,0,0,0
"V4981XD","E8120","10000",1,0,0,0,0
"V4981XS","E9290","10000",1,0,0,0,0
"V4988XA","E8120","10000",1,0,0,0,0
"V4988XD","E8120","10000",1,0,0,0,0
"V4988XS","E9290","10000",1,0,0,0,0
"V499XXA","E8190","10000",1,0,0,0,0
"V499XXD","E8190","10000",1,0,0,0,0
"V499XXS","E9290","10000",1,0,0,0,0
"V500XXA","E8220","10000",1,0,0,0,0
"V500XXD","E8220","10000",1,0,0,0,0
"V500XXS","E9290","10000",1,0,0,0,0
"V501XXA","E8221","10000",1,0,0,0,0
"V501XXD","E8221","10000",1,0,0,0,0
"V501XXS","E9290","10000",1,0,0,0,0
"V502XXA","E8228","10000",1,0,0,0,0
"V502XXD","E8228","10000",1,0,0,0,0
"V502XXS","E9290","10000",1,0,0,0,0
"V503XXA","E8229","10000",1,0,0,0,0
"V503XXD","E8229","10000",1,0,0,0,0
"V503XXS","E9290","10000",1,0,0,0,0
"V504XXA","E8248","10000",1,0,0,0,0
"V504XXD","E8248","10000",1,0,0,0,0
"V504XXS","E9290","10000",1,0,0,0,0
"V505XXA","E8140","10000",1,0,0,0,0
"V505XXD","E8140","10000",1,0,0,0,0
"V505XXS","E9290","10000",1,0,0,0,0
"V506XXA","E8141","10000",1,0,0,0,0
"V506XXD","E8141","10000",1,0,0,0,0
"V506XXS","E9290","10000",1,0,0,0,0
"V507XXA","E8148","10000",1,0,0,0,0
"V507XXD","E8148","10000",1,0,0,0,0
"V507XXS","E9290","10000",1,0,0,0,0
"V509XXA","E8149","10000",1,0,0,0,0
"V509XXD","E8149","10000",1,0,0,0,0
"V509XXS","E9290","10000",1,0,0,0,0
"V510XXA","E8220","10000",1,0,0,0,0
"V510XXD","E8220","10000",1,0,0,0,0
"V510XXS","E9290","10000",1,0,0,0,0
"V511XXA","E8221","10000",1,0,0,0,0
"V511XXD","E8221","10000",1,0,0,0,0
"V511XXS","E9290","10000",1,0,0,0,0
"V512XXA","E8228","10000",1,0,0,0,0
"V512XXD","E8228","10000",1,0,0,0,0
"V512XXS","E9290","10000",1,0,0,0,0
"V513XXA","E8229","10000",1,0,0,0,0
"V513XXD","E8229","10000",1,0,0,0,0
"V513XXS","E9290","10000",1,0,0,0,0
"V514XXA","E8248","10000",1,0,0,0,0
"V514XXD","E8248","10000",1,0,0,0,0
"V514XXS","E9290","10000",1,0,0,0,0
"V515XXA","E8130","10000",1,0,0,0,0
"V515XXD","E8130","10000",1,0,0,0,0
"V515XXS","E9290","10000",1,0,0,0,0
"V516XXA","E8131","10000",1,0,0,0,0
"V516XXD","E8131","10000",1,0,0,0,0
"V516XXS","E9290","10000",1,0,0,0,0
"V517XXA","E8138","10000",1,0,0,0,0
"V517XXD","E8138","10000",1,0,0,0,0
"V517XXS","E9290","10000",1,0,0,0,0
"V519XXA","E8139","10000",1,0,0,0,0
"V519XXD","E8139","10000",1,0,0,0,0
"V519XXS","E9290","10000",1,0,0,0,0
"V520XXA","E8220","10000",1,0,0,0,0
"V520XXD","E8220","10000",1,0,0,0,0
"V520XXS","E9290","10000",1,0,0,0,0
"V521XXA","E8221","10000",1,0,0,0,0
"V521XXD","E8221","10000",1,0,0,0,0
"V521XXS","E9290","10000",1,0,0,0,0
"V522XXA","E8228","10000",1,0,0,0,0
"V522XXD","E8228","10000",1,0,0,0,0
"V522XXS","E9290","10000",1,0,0,0,0
"V523XXA","E8229","10000",1,0,0,0,0
"V523XXD","E8229","10000",1,0,0,0,0
"V523XXS","E9290","10000",1,0,0,0,0
"V524XXA","E8248","10000",1,0,0,0,0
"V524XXD","E8248","10000",1,0,0,0,0
"V524XXS","E9290","10000",1,0,0,0,0
"V525XXA","E8120","10000",1,0,0,0,0
"V525XXD","E8120","10000",1,0,0,0,0
"V525XXS","E9290","10000",1,0,0,0,0
"V526XXA","E8121","10000",1,0,0,0,0
"V526XXD","E8121","10000",1,0,0,0,0
"V526XXS","E9290","10000",1,0,0,0,0
"V527XXA","E8128","10000",1,0,0,0,0
"V527XXD","E8128","10000",1,0,0,0,0
"V527XXS","E9290","10000",1,0,0,0,0
"V529XXA","E8129","10000",1,0,0,0,0
"V529XXD","E8129","10000",1,0,0,0,0
"V529XXS","E9290","10000",1,0,0,0,0
"V530XXA","E8220","10000",1,0,0,0,0
"V530XXD","E8220","10000",1,0,0,0,0
"V530XXS","E9290","10000",1,0,0,0,0
"V531XXA","E8221","10000",1,0,0,0,0
"V531XXD","E8221","10000",1,0,0,0,0
"V531XXS","E9290","10000",1,0,0,0,0
"V532XXA","E8228","10000",1,0,0,0,0
"V532XXD","E8228","10000",1,0,0,0,0
"V532XXS","E9290","10000",1,0,0,0,0
"V533XXA","E8229","10000",1,0,0,0,0
"V533XXD","E8229","10000",1,0,0,0,0
"V533XXS","E9290","10000",1,0,0,0,0
"V534XXA","E8248","10000",1,0,0,0,0
"V534XXD","E8248","10000",1,0,0,0,0
"V534XXS","E9290","10000",1,0,0,0,0
"V535XXA","E8120","10000",1,0,0,0,0
"V535XXD","E8120","10000",1,0,0,0,0
"V535XXS","E9290","10000",1,0,0,0,0
"V536XXA","E8121","10000",1,0,0,0,0
"V536XXD","E8121","10000",1,0,0,0,0
"V536XXS","E9290","10000",1,0,0,0,0
"V537XXA","E8128","10000",1,0,0,0,0
"V537XXD","E8128","10000",1,0,0,0,0
"V537XXS","E9290","10000",1,0,0,0,0
"V539XXA","E8129","10000",1,0,0,0,0
"V539XXD","E8129","10000",1,0,0,0,0
"V539XXS","E9290","10000",1,0,0,0,0
"V540XXA","E8220","10000",1,0,0,0,0
"V540XXD","E8220","10000",1,0,0,0,0
"V540XXS","E9290","10000",1,0,0,0,0
"V541XXA","E8221","10000",1,0,0,0,0
"V541XXD","E8221","10000",1,0,0,0,0
"V541XXS","E9290","10000",1,0,0,0,0
"V542XXA","E8228","10000",1,0,0,0,0
"V542XXD","E8228","10000",1,0,0,0,0
"V542XXS","E9290","10000",1,0,0,0,0
"V543XXA","E8229","10000",1,0,0,0,0
"V543XXD","E8229","10000",1,0,0,0,0
"V543XXS","E9290","10000",1,0,0,0,0
"V544XXA","E8248","10000",1,0,0,0,0
"V544XXD","E8248","10000",1,0,0,0,0
"V544XXS","E9290","10000",1,0,0,0,0
"V545XXA","E8120","10000",1,0,0,0,0
"V545XXD","E8120","10000",1,0,0,0,0
"V545XXS","E9290","10000",1,0,0,0,0
"V546XXA","E8121","10000",1,0,0,0,0
"V546XXD","E8121","10000",1,0,0,0,0
"V546XXS","E9290","10000",1,0,0,0,0
"V547XXA","E8128","10000",1,0,0,0,0
"V547XXD","E8128","10000",1,0,0,0,0
"V547XXS","E9290","10000",1,0,0,0,0
"V549XXA","E8129","10000",1,0,0,0,0
"V549XXD","E8129","10000",1,0,0,0,0
"V549XXS","E9290","10000",1,0,0,0,0
"V550XXA","E8220","10000",1,0,0,0,0
"V550XXD","E8220","10000",1,0,0,0,0
"V550XXS","E9290","10000",1,0,0,0,0
"V551XXA","E8221","10000",1,0,0,0,0
"V551XXD","E8221","10000",1,0,0,0,0
"V551XXS","E9290","10000",1,0,0,0,0
"V552XXA","E8228","10000",1,0,0,0,0
"V552XXD","E8228","10000",1,0,0,0,0
"V552XXS","E9290","10000",1,0,0,0,0
"V553XXA","E8229","10000",1,0,0,0,0
"V553XXD","E8229","10000",1,0,0,0,0
"V553XXS","E9290","10000",1,0,0,0,0
"V554XXA","E8248","10000",1,0,0,0,0
"V554XXD","E8248","10000",1,0,0,0,0
"V554XXS","E9290","10000",1,0,0,0,0
"V555XXA","E8100","10000",1,0,0,0,0
"V555XXD","E8100","10000",1,0,0,0,0
"V555XXS","E9290","10000",1,0,0,0,0
"V556XXA","E8101","10000",1,0,0,0,0
"V556XXD","E8101","10000",1,0,0,0,0
"V556XXS","E9290","10000",1,0,0,0,0
"V557XXA","E8108","10000",1,0,0,0,0
"V557XXD","E8108","10000",1,0,0,0,0
"V557XXS","E9290","10000",1,0,0,0,0
"V559XXA","E8109","10000",1,0,0,0,0
"V559XXD","E8109","10000",1,0,0,0,0
"V559XXS","E9290","10000",1,0,0,0,0
"V560XXA","E8220","10000",1,0,0,0,0
"V560XXD","E8220","10000",1,0,0,0,0
"V560XXS","E9290","10000",1,0,0,0,0
"V561XXA","E8221","10000",1,0,0,0,0
"V561XXD","E8221","10000",1,0,0,0,0
"V561XXS","E9290","10000",1,0,0,0,0
"V562XXA","E8228","10000",1,0,0,0,0
"V562XXD","E8228","10000",1,0,0,0,0
"V562XXS","E9290","10000",1,0,0,0,0
"V563XXA","E8229","10000",1,0,0,0,0
"V563XXD","E8229","10000",1,0,0,0,0
"V563XXS","E9290","10000",1,0,0,0,0
"V564XXA","E8248","10000",1,0,0,0,0
"V564XXD","E8248","10000",1,0,0,0,0
"V564XXS","E9290","10000",1,0,0,0,0
"V565XXA","E8130","10000",1,0,0,0,0
"V565XXD","E8130","10000",1,0,0,0,0
"V565XXS","E9290","10000",1,0,0,0,0
"V566XXA","E8131","10000",1,0,0,0,0
"V566XXD","E8131","10000",1,0,0,0,0
"V566XXS","E9290","10000",1,0,0,0,0
"V567XXA","E8138","10000",1,0,0,0,0
"V567XXD","E8138","10000",1,0,0,0,0
"V567XXS","E9290","10000",1,0,0,0,0
"V569XXA","E8139","10000",1,0,0,0,0
"V569XXD","E8139","10000",1,0,0,0,0
"V569XXS","E9290","10000",1,0,0,0,0
"V570XXA","E8230","10000",1,0,0,0,0
"V570XXD","E8230","10000",1,0,0,0,0
"V570XXS","E9290","10000",1,0,0,0,0
"V571XXA","E8231","10000",1,0,0,0,0
"V571XXD","E8231","10000",1,0,0,0,0
"V571XXS","E9290","10000",1,0,0,0,0
"V572XXA","E8238","10000",1,0,0,0,0
"V572XXD","E8238","10000",1,0,0,0,0
"V572XXS","E9290","10000",1,0,0,0,0
"V573XXA","E8239","10000",1,0,0,0,0
"V573XXD","E8239","10000",1,0,0,0,0
"V573XXS","E9290","10000",1,0,0,0,0
"V574XXA","E8248","10000",1,0,0,0,0
"V574XXD","E8248","10000",1,0,0,0,0
"V574XXS","E9290","10000",1,0,0,0,0
"V575XXA","E8150","10000",1,0,0,0,0
"V575XXD","E8150","10000",1,0,0,0,0
"V575XXS","E9290","10000",1,0,0,0,0
"V576XXA","E8151","10000",1,0,0,0,0
"V576XXD","E8151","10000",1,0,0,0,0
"V576XXS","E9290","10000",1,0,0,0,0
"V577XXA","E8158","10000",1,0,0,0,0
"V577XXD","E8158","10000",1,0,0,0,0
"V577XXS","E9290","10000",1,0,0,0,0
"V579XXA","E8159","10000",1,0,0,0,0
"V579XXD","E8159","10000",1,0,0,0,0
"V579XXS","E9290","10000",1,0,0,0,0
"V580XXA","E8250","10000",1,0,0,0,0
"V580XXD","E8250","10000",1,0,0,0,0
"V580XXS","E9290","10000",1,0,0,0,0
"V581XXA","E8251","10000",1,0,0,0,0
"V581XXD","E8251","10000",1,0,0,0,0
"V581XXS","E9290","10000",1,0,0,0,0
"V582XXA","E8258","10000",1,0,0,0,0
"V582XXD","E8258","10000",1,0,0,0,0
"V582XXS","E9290","10000",1,0,0,0,0
"V583XXA","E8259","10000",1,0,0,0,0
"V583XXD","E8259","10000",1,0,0,0,0
"V583XXS","E9290","10000",1,0,0,0,0
"V584XXA","E8248","10000",1,0,0,0,0
"V584XXD","E8248","10000",1,0,0,0,0
"V584XXS","E9290","10000",1,0,0,0,0
"V585XXA","E8160","10000",1,0,0,0,0
"V585XXD","E8160","10000",1,0,0,0,0
"V585XXS","E9290","10000",1,0,0,0,0
"V586XXA","E8161","10000",1,0,0,0,0
"V586XXD","E8161","10000",1,0,0,0,0
"V586XXS","E9290","10000",1,0,0,0,0
"V587XXA","E8168","10000",1,0,0,0,0
"V587XXD","E8168","10000",1,0,0,0,0
"V587XXS","E9290","10000",1,0,0,0,0
"V589XXA","E8169","10000",1,0,0,0,0
"V589XXD","E8169","10000",1,0,0,0,0
"V589XXS","E9290","10000",1,0,0,0,0
"V5900XA","E8220","10000",1,0,0,0,0
"V5900XD","E8220","10000",1,0,0,0,0
"V5900XS","E9290","10000",1,0,0,0,0
"V5909XA","E8220","10000",1,0,0,0,0
"V5909XD","E8220","10000",1,0,0,0,0
"V5909XS","E9290","10000",1,0,0,0,0
"V5910XA","E8221","10000",1,0,0,0,0
"V5910XD","E8221","10000",1,0,0,0,0
"V5910XS","E9290","10000",1,0,0,0,0
"V5919XA","E8221","10000",1,0,0,0,0
"V5919XD","E8221","10000",1,0,0,0,0
"V5919XS","E9290","10000",1,0,0,0,0
"V5920XA","E8229","10000",1,0,0,0,0
"V5920XD","E8229","10000",1,0,0,0,0
"V5920XS","E9290","10000",1,0,0,0,0
"V5929XA","E8229","10000",1,0,0,0,0
"V5929XD","E8229","10000",1,0,0,0,0
"V5929XS","E9290","10000",1,0,0,0,0
"V593XXA","E8250","10000",1,0,0,0,0
"V593XXD","E8250","10000",1,0,0,0,0
"V593XXS","E9290","10000",1,0,0,0,0
"V5940XA","E8120","10000",1,0,0,0,0
"V5940XD","E8120","10000",1,0,0,0,0
"V5940XS","E9290","10000",1,0,0,0,0
"V5949XA","E8120","10000",1,0,0,0,0
"V5949XD","E8120","10000",1,0,0,0,0
"V5949XS","E9290","10000",1,0,0,0,0
"V5950XA","E8121","10000",1,0,0,0,0
"V5950XD","E8121","10000",1,0,0,0,0
"V5950XS","E9290","10000",1,0,0,0,0
"V5959XA","E8121","10000",1,0,0,0,0
"V5959XD","E8121","10000",1,0,0,0,0
"V5959XS","E9290","10000",1,0,0,0,0
"V5960XA","E8129","10000",1,0,0,0,0
"V5960XD","E8129","10000",1,0,0,0,0
"V5960XS","E9290","10000",1,0,0,0,0
"V5969XA","E8129","10000",1,0,0,0,0
"V5969XD","E8129","10000",1,0,0,0,0
"V5969XS","E9290","10000",1,0,0,0,0
"V5981XA","E8121","10000",1,0,0,0,0
"V5981XD","E8121","10000",1,0,0,0,0
"V5981XS","E9290","10000",1,0,0,0,0
"V5988XA","E8121","10000",1,0,0,0,0
"V5988XD","E8121","10000",1,0,0,0,0
"V5988XS","E9290","10000",1,0,0,0,0
"V599XXA","E8190","10000",1,0,0,0,0
"V599XXD","E8190","10000",1,0,0,0,0
"V599XXS","E9290","10000",1,0,0,0,0
"V600XXA","E8220","10000",1,0,0,0,0
"V600XXD","E8220","10000",1,0,0,0,0
"V600XXS","E9290","10000",1,0,0,0,0
"V601XXA","E8221","10000",1,0,0,0,0
"V601XXD","E8221","10000",1,0,0,0,0
"V601XXS","E9290","10000",1,0,0,0,0
"V602XXA","E8228","10000",1,0,0,0,0
"V602XXD","E8228","10000",1,0,0,0,0
"V602XXS","E9290","10000",1,0,0,0,0
"V603XXA","E8229","10000",1,0,0,0,0
"V603XXD","E8229","10000",1,0,0,0,0
"V603XXS","E9290","10000",1,0,0,0,0
"V604XXA","E8248","10000",1,0,0,0,0
"V604XXD","E8248","10000",1,0,0,0,0
"V604XXS","E9290","10000",1,0,0,0,0
"V605XXA","E8140","10000",1,0,0,0,0
"V605XXD","E8140","10000",1,0,0,0,0
"V605XXS","E9290","10000",1,0,0,0,0
"V606XXA","E8141","10000",1,0,0,0,0
"V606XXD","E8141","10000",1,0,0,0,0
"V606XXS","E9290","10000",1,0,0,0,0
"V607XXA","E8148","10000",1,0,0,0,0
"V607XXD","E8148","10000",1,0,0,0,0
"V607XXS","E9290","10000",1,0,0,0,0
"V609XXA","E8149","10000",1,0,0,0,0
"V609XXD","E8149","10000",1,0,0,0,0
"V609XXS","E9290","10000",1,0,0,0,0
"V610XXA","E8220","10000",1,0,0,0,0
"V610XXD","E8220","10000",1,0,0,0,0
"V610XXS","E9290","10000",1,0,0,0,0
"V611XXA","E8221","10000",1,0,0,0,0
"V611XXD","E8221","10000",1,0,0,0,0
"V611XXS","E9290","10000",1,0,0,0,0
"V612XXA","E8228","10000",1,0,0,0,0
"V612XXD","E8228","10000",1,0,0,0,0
"V612XXS","E9290","10000",1,0,0,0,0
"V613XXA","E8229","10000",1,0,0,0,0
"V613XXD","E8229","10000",1,0,0,0,0
"V613XXS","E9290","10000",1,0,0,0,0
"V614XXA","E8248","10000",1,0,0,0,0
"V614XXD","E8248","10000",1,0,0,0,0
"V614XXS","E9290","10000",1,0,0,0,0
"V615XXA","E8130","10000",1,0,0,0,0
"V615XXD","E8130","10000",1,0,0,0,0
"V615XXS","E9290","10000",1,0,0,0,0
"V616XXA","E8131","10000",1,0,0,0,0
"V616XXD","E8131","10000",1,0,0,0,0
"V616XXS","E9290","10000",1,0,0,0,0
"V617XXA","E8138","10000",1,0,0,0,0
"V617XXD","E8138","10000",1,0,0,0,0
"V617XXS","E9290","10000",1,0,0,0,0
"V619XXA","E8139","10000",1,0,0,0,0
"V619XXD","E8139","10000",1,0,0,0,0
"V619XXS","E9290","10000",1,0,0,0,0
"V620XXA","E8220","10000",1,0,0,0,0
"V620XXD","E8220","10000",1,0,0,0,0
"V620XXS","E9290","10000",1,0,0,0,0
"V621XXA","E8221","10000",1,0,0,0,0
"V621XXD","E8221","10000",1,0,0,0,0
"V621XXS","E9290","10000",1,0,0,0,0
"V622XXA","E8228","10000",1,0,0,0,0
"V622XXD","E8228","10000",1,0,0,0,0
"V622XXS","E9290","10000",1,0,0,0,0
"V623XXA","E8229","10000",1,0,0,0,0
"V623XXD","E8229","10000",1,0,0,0,0
"V623XXS","E9290","10000",1,0,0,0,0
"V624XXA","E8248","10000",1,0,0,0,0
"V624XXD","E8248","10000",1,0,0,0,0
"V624XXS","E9290","10000",1,0,0,0,0
"V625XXA","E8120","10000",1,0,0,0,0
"V625XXD","E8120","10000",1,0,0,0,0
"V625XXS","E9290","10000",1,0,0,0,0
"V626XXA","E8121","10000",1,0,0,0,0
"V626XXD","E8121","10000",1,0,0,0,0
"V626XXS","E9290","10000",1,0,0,0,0
"V627XXA","E8128","10000",1,0,0,0,0
"V627XXD","E8128","10000",1,0,0,0,0
"V627XXS","E9290","10000",1,0,0,0,0
"V629XXA","E8129","10000",1,0,0,0,0
"V629XXD","E8129","10000",1,0,0,0,0
"V629XXS","E9290","10000",1,0,0,0,0
"V630XXA","E8220","10000",1,0,0,0,0
"V630XXD","E8220","10000",1,0,0,0,0
"V630XXS","E9290","10000",1,0,0,0,0
"V631XXA","E8221","10000",1,0,0,0,0
"V631XXD","E8221","10000",1,0,0,0,0
"V631XXS","E9290","10000",1,0,0,0,0
"V632XXA","E8228","10000",1,0,0,0,0
"V632XXD","E8228","10000",1,0,0,0,0
"V632XXS","E9290","10000",1,0,0,0,0
"V633XXA","E8229","10000",1,0,0,0,0
"V633XXD","E8229","10000",1,0,0,0,0
"V633XXS","E9290","10000",1,0,0,0,0
"V634XXA","E8248","10000",1,0,0,0,0
"V634XXD","E8248","10000",1,0,0,0,0
"V634XXS","E9290","10000",1,0,0,0,0
"V635XXA","E8120","10000",1,0,0,0,0
"V635XXD","E8120","10000",1,0,0,0,0
"V635XXS","E9290","10000",1,0,0,0,0
"V636XXA","E8121","10000",1,0,0,0,0
"V636XXD","E8121","10000",1,0,0,0,0
"V636XXS","E9290","10000",1,0,0,0,0
"V637XXA","E8128","10000",1,0,0,0,0
"V637XXD","E8128","10000",1,0,0,0,0
"V637XXS","E9290","10000",1,0,0,0,0
"V639XXA","E8129","10000",1,0,0,0,0
"V639XXD","E8129","10000",1,0,0,0,0
"V639XXS","E9290","10000",1,0,0,0,0
"V640XXA","E8220","10000",1,0,0,0,0
"V640XXD","E8220","10000",1,0,0,0,0
"V640XXS","E9290","10000",1,0,0,0,0
"V641XXA","E8221","10000",1,0,0,0,0
"V641XXD","E8221","10000",1,0,0,0,0
"V641XXS","E9290","10000",1,0,0,0,0
"V642XXA","E8228","10000",1,0,0,0,0
"V642XXD","E8228","10000",1,0,0,0,0
"V642XXS","E9290","10000",1,0,0,0,0
"V643XXA","E8229","10000",1,0,0,0,0
"V643XXD","E8229","10000",1,0,0,0,0
"V643XXS","E9290","10000",1,0,0,0,0
"V644XXA","E8248","10000",1,0,0,0,0
"V644XXD","E8248","10000",1,0,0,0,0
"V644XXS","E9290","10000",1,0,0,0,0
"V645XXA","E8120","10000",1,0,0,0,0
"V645XXD","E8120","10000",1,0,0,0,0
"V645XXS","E9290","10000",1,0,0,0,0
"V646XXA","E8121","10000",1,0,0,0,0
"V646XXD","E8121","10000",1,0,0,0,0
"V646XXS","E9290","10000",1,0,0,0,0
"V647XXA","E8128","10000",1,0,0,0,0
"V647XXD","E8128","10000",1,0,0,0,0
"V647XXS","E9290","10000",1,0,0,0,0
"V649XXA","E8129","10000",1,0,0,0,0
"V649XXD","E8129","10000",1,0,0,0,0
"V649XXS","E9290","10000",1,0,0,0,0
"V650XXA","E8220","10000",1,0,0,0,0
"V650XXD","E8220","10000",1,0,0,0,0
"V650XXS","E9290","10000",1,0,0,0,0
"V651XXA","E8221","10000",1,0,0,0,0
"V651XXD","E8221","10000",1,0,0,0,0
"V651XXS","E9290","10000",1,0,0,0,0
"V652XXA","E8228","10000",1,0,0,0,0
"V652XXD","E8228","10000",1,0,0,0,0
"V652XXS","E9290","10000",1,0,0,0,0
"V653XXA","E8229","10000",1,0,0,0,0
"V653XXD","E8229","10000",1,0,0,0,0
"V653XXS","E9290","10000",1,0,0,0,0
"V654XXA","E8248","10000",1,0,0,0,0
"V654XXD","E8248","10000",1,0,0,0,0
"V654XXS","E9290","10000",1,0,0,0,0
"V655XXA","E8100","10000",1,0,0,0,0
"V655XXD","E8100","10000",1,0,0,0,0
"V655XXS","E9290","10000",1,0,0,0,0
"V656XXA","E8101","10000",1,0,0,0,0
"V656XXD","E8101","10000",1,0,0,0,0
"V656XXS","E9290","10000",1,0,0,0,0
"V657XXA","E8108","10000",1,0,0,0,0
"V657XXD","E8108","10000",1,0,0,0,0
"V657XXS","E9290","10000",1,0,0,0,0
"V659XXA","E8109","10000",1,0,0,0,0
"V659XXD","E8109","10000",1,0,0,0,0
"V659XXS","E9290","10000",1,0,0,0,0
"V660XXA","E8220","10000",1,0,0,0,0
"V660XXD","E8220","10000",1,0,0,0,0
"V660XXS","E9290","10000",1,0,0,0,0
"V661XXA","E8221","10000",1,0,0,0,0
"V661XXD","E8221","10000",1,0,0,0,0
"V661XXS","E9290","10000",1,0,0,0,0
"V662XXA","E8228","10000",1,0,0,0,0
"V662XXD","E8228","10000",1,0,0,0,0
"V662XXS","E9290","10000",1,0,0,0,0
"V663XXA","E8229","10000",1,0,0,0,0
"V663XXD","E8229","10000",1,0,0,0,0
"V663XXS","E9290","10000",1,0,0,0,0
"V664XXA","E8248","10000",1,0,0,0,0
"V664XXD","E8248","10000",1,0,0,0,0
"V664XXS","E9290","10000",1,0,0,0,0
"V665XXA","E8130","10000",1,0,0,0,0
"V665XXD","E8130","10000",1,0,0,0,0
"V665XXS","E9290","10000",1,0,0,0,0
"V666XXA","E8131","10000",1,0,0,0,0
"V666XXD","E8131","10000",1,0,0,0,0
"V666XXS","E9290","10000",1,0,0,0,0
"V667XXA","E8138","10000",1,0,0,0,0
"V667XXD","E8138","10000",1,0,0,0,0
"V667XXS","E9290","10000",1,0,0,0,0
"V669XXA","E8139","10000",1,0,0,0,0
"V669XXD","E8139","10000",1,0,0,0,0
"V669XXS","E9290","10000",1,0,0,0,0
"V670XXA","E8230","10000",1,0,0,0,0
"V670XXD","E8230","10000",1,0,0,0,0
"V670XXS","E9290","10000",1,0,0,0,0
"V671XXA","E8231","10000",1,0,0,0,0
"V671XXD","E8231","10000",1,0,0,0,0
"V671XXS","E9290","10000",1,0,0,0,0
"V672XXA","E8238","10000",1,0,0,0,0
"V672XXD","E8238","10000",1,0,0,0,0
"V672XXS","E9290","10000",1,0,0,0,0
"V673XXA","E8239","10000",1,0,0,0,0
"V673XXD","E8239","10000",1,0,0,0,0
"V673XXS","E9290","10000",1,0,0,0,0
"V674XXA","E8248","10000",1,0,0,0,0
"V674XXD","E8248","10000",1,0,0,0,0
"V674XXS","E9290","10000",1,0,0,0,0
"V675XXA","E8150","10000",1,0,0,0,0
"V675XXD","E8150","10000",1,0,0,0,0
"V675XXS","E9290","10000",1,0,0,0,0
"V676XXA","E8151","10000",1,0,0,0,0
"V676XXD","E8151","10000",1,0,0,0,0
"V676XXS","E9290","10000",1,0,0,0,0
"V677XXA","E8158","10000",1,0,0,0,0
"V677XXD","E8158","10000",1,0,0,0,0
"V677XXS","E9290","10000",1,0,0,0,0
"V679XXA","E8159","10000",1,0,0,0,0
"V679XXD","E8159","10000",1,0,0,0,0
"V679XXS","E9290","10000",1,0,0,0,0
"V680XXA","E8250","10000",1,0,0,0,0
"V680XXD","E8250","10000",1,0,0,0,0
"V680XXS","E9290","10000",1,0,0,0,0
"V681XXA","E8251","10000",1,0,0,0,0
"V681XXD","E8251","10000",1,0,0,0,0
"V681XXS","E9290","10000",1,0,0,0,0
"V682XXA","E8258","10000",1,0,0,0,0
"V682XXD","E8258","10000",1,0,0,0,0
"V682XXS","E9290","10000",1,0,0,0,0
"V683XXA","E8259","10000",1,0,0,0,0
"V683XXD","E8259","10000",1,0,0,0,0
"V683XXS","E9290","10000",1,0,0,0,0
"V684XXA","E8248","10000",1,0,0,0,0
"V684XXD","E8248","10000",1,0,0,0,0
"V684XXS","E9290","10000",1,0,0,0,0
"V685XXA","E8160","10000",1,0,0,0,0
"V685XXD","E8160","10000",1,0,0,0,0
"V685XXS","E9290","10000",1,0,0,0,0
"V686XXA","E8161","10000",1,0,0,0,0
"V686XXD","E8161","10000",1,0,0,0,0
"V686XXS","E9290","10000",1,0,0,0,0
"V687XXA","E8168","10000",1,0,0,0,0
"V687XXD","E8168","10000",1,0,0,0,0
"V687XXS","E9290","10000",1,0,0,0,0
"V689XXA","E8169","10000",1,0,0,0,0
"V689XXD","E8169","10000",1,0,0,0,0
"V689XXS","E9290","10000",1,0,0,0,0
"V6900XA","E8220","10000",1,0,0,0,0
"V6900XD","E8220","10000",1,0,0,0,0
"V6900XS","E9290","10000",1,0,0,0,0
"V6909XA","E8220","10000",1,0,0,0,0
"V6909XD","E8220","10000",1,0,0,0,0
"V6909XS","E9290","10000",1,0,0,0,0
"V6910XA","E8221","10000",1,0,0,0,0
"V6910XD","E8221","10000",1,0,0,0,0
"V6910XS","E9290","10000",1,0,0,0,0
"V6919XA","E8221","10000",1,0,0,0,0
"V6919XD","E8221","10000",1,0,0,0,0
"V6919XS","E9290","10000",1,0,0,0,0
"V6920XA","E8229","10000",1,0,0,0,0
"V6920XD","E8229","10000",1,0,0,0,0
"V6920XS","E9290","10000",1,0,0,0,0
"V6929XA","E8229","10000",1,0,0,0,0
"V6929XD","E8229","10000",1,0,0,0,0
"V6929XS","E9290","10000",1,0,0,0,0
"V693XXA","E8250","10000",1,0,0,0,0
"V693XXD","E8250","10000",1,0,0,0,0
"V693XXS","E9290","10000",1,0,0,0,0
"V6940XA","E8120","10000",1,0,0,0,0
"V6940XD","E8120","10000",1,0,0,0,0
"V6940XS","E9290","10000",1,0,0,0,0
"V6949XA","E8120","10000",1,0,0,0,0
"V6949XD","E8120","10000",1,0,0,0,0
"V6949XS","E9290","10000",1,0,0,0,0
"V6950XA","E8121","10000",1,0,0,0,0
"V6950XD","E8121","10000",1,0,0,0,0
"V6950XS","E9290","10000",1,0,0,0,0
"V6959XA","E8121","10000",1,0,0,0,0
"V6959XD","E8121","10000",1,0,0,0,0
"V6959XS","E9290","10000",1,0,0,0,0
"V6960XA","E8129","10000",1,0,0,0,0
"V6960XD","E8129","10000",1,0,0,0,0
"V6960XS","E9290","10000",1,0,0,0,0
"V6969XA","E8129","10000",1,0,0,0,0
"V6969XD","E8129","10000",1,0,0,0,0
"V6969XS","E9290","10000",1,0,0,0,0
"V6981XA","E8120","10000",1,0,0,0,0
"V6981XD","E8120","10000",1,0,0,0,0
"V6981XS","E9290","10000",1,0,0,0,0
"V6988XA","E8120","10000",1,0,0,0,0
"V6988XD","E8120","10000",1,0,0,0,0
"V6988XS","E9290","10000",1,0,0,0,0
"V699XXA","E8120","10000",1,0,0,0,0
"V699XXA","E8190","10000",1,0,0,0,0
"V699XXD","E8120","10000",1,0,0,0,0
"V699XXS","E9290","10000",1,0,0,0,0
"V700XXA","E8220","10000",1,0,0,0,0
"V700XXD","E8220","10000",1,0,0,0,0
"V700XXS","E9290","10000",1,0,0,0,0
"V701XXA","E8221","10000",1,0,0,0,0
"V701XXD","E8221","10000",1,0,0,0,0
"V701XXS","E9290","10000",1,0,0,0,0
"V702XXA","E8228","10000",1,0,0,0,0
"V702XXD","E8228","10000",1,0,0,0,0
"V702XXS","E9290","10000",1,0,0,0,0
"V703XXA","E8229","10000",1,0,0,0,0
"V703XXD","E8229","10000",1,0,0,0,0
"V703XXS","E9290","10000",1,0,0,0,0
"V704XXA","E8248","10000",1,0,0,0,0
"V704XXD","E8248","10000",1,0,0,0,0
"V704XXS","E9290","10000",1,0,0,0,0
"V705XXA","E8140","10000",1,0,0,0,0
"V705XXD","E8140","10000",1,0,0,0,0
"V705XXS","E9290","10000",1,0,0,0,0
"V706XXA","E8141","10000",1,0,0,0,0
"V706XXD","E8141","10000",1,0,0,0,0
"V706XXS","E9290","10000",1,0,0,0,0
"V707XXA","E8148","10000",1,0,0,0,0
"V707XXD","E8148","10000",1,0,0,0,0
"V707XXS","E9290","10000",1,0,0,0,0
"V709XXA","E8149","10000",1,0,0,0,0
"V709XXD","E8149","10000",1,0,0,0,0
"V709XXS","E9290","10000",1,0,0,0,0
"V710XXA","E8220","10000",1,0,0,0,0
"V710XXD","E8220","10000",1,0,0,0,0
"V710XXS","E9290","10000",1,0,0,0,0
"V711XXA","E8221","10000",1,0,0,0,0
"V711XXD","E8221","10000",1,0,0,0,0
"V711XXS","E9290","10000",1,0,0,0,0
"V712XXA","E8228","10000",1,0,0,0,0
"V712XXD","E8228","10000",1,0,0,0,0
"V712XXS","E9290","10000",1,0,0,0,0
"V713XXA","E8229","10000",1,0,0,0,0
"V713XXD","E8229","10000",1,0,0,0,0
"V713XXS","E9290","10000",1,0,0,0,0
"V714XXA","E8248","10000",1,0,0,0,0
"V714XXD","E8248","10000",1,0,0,0,0
"V714XXS","E9290","10000",1,0,0,0,0
"V715XXA","E8130","10000",1,0,0,0,0
"V715XXD","E8130","10000",1,0,0,0,0
"V715XXS","E9290","10000",1,0,0,0,0
"V716XXA","E8131","10000",1,0,0,0,0
"V716XXD","E8131","10000",1,0,0,0,0
"V716XXS","E9290","10000",1,0,0,0,0
"V717XXA","E8138","10000",1,0,0,0,0
"V717XXD","E8138","10000",1,0,0,0,0
"V717XXS","E9290","10000",1,0,0,0,0
"V719XXA","E8139","10000",1,0,0,0,0
"V719XXD","E8139","10000",1,0,0,0,0
"V719XXS","E9290","10000",1,0,0,0,0
"V720XXA","E8220","10000",1,0,0,0,0
"V720XXD","E8220","10000",1,0,0,0,0
"V720XXS","E9290","10000",1,0,0,0,0
"V721XXA","E8221","10000",1,0,0,0,0
"V721XXD","E8221","10000",1,0,0,0,0
"V721XXS","E9290","10000",1,0,0,0,0
"V722XXA","E8228","10000",1,0,0,0,0
"V722XXD","E8228","10000",1,0,0,0,0
"V722XXS","E9290","10000",1,0,0,0,0
"V723XXA","E8229","10000",1,0,0,0,0
"V723XXD","E8229","10000",1,0,0,0,0
"V723XXS","E9290","10000",1,0,0,0,0
"V724XXA","E8248","10000",1,0,0,0,0
"V724XXD","E8248","10000",1,0,0,0,0
"V724XXS","E9290","10000",1,0,0,0,0
"V725XXA","E8120","10000",1,0,0,0,0
"V725XXD","E8120","10000",1,0,0,0,0
"V725XXS","E9290","10000",1,0,0,0,0
"V726XXA","E8121","10000",1,0,0,0,0
"V726XXD","E8121","10000",1,0,0,0,0
"V726XXS","E9290","10000",1,0,0,0,0
"V727XXA","E8128","10000",1,0,0,0,0
"V727XXD","E8128","10000",1,0,0,0,0
"V727XXS","E9290","10000",1,0,0,0,0
"V729XXA","E8129","10000",1,0,0,0,0
"V729XXD","E8129","10000",1,0,0,0,0
"V729XXS","E9290","10000",1,0,0,0,0
"V730XXA","E8220","10000",1,0,0,0,0
"V730XXD","E8220","10000",1,0,0,0,0
"V730XXS","E9290","10000",1,0,0,0,0
"V731XXA","E8221","10000",1,0,0,0,0
"V731XXD","E8221","10000",1,0,0,0,0
"V731XXS","E9290","10000",1,0,0,0,0
"V732XXA","E8228","10000",1,0,0,0,0
"V732XXD","E8228","10000",1,0,0,0,0
"V732XXS","E9290","10000",1,0,0,0,0
"V733XXA","E8229","10000",1,0,0,0,0
"V733XXD","E8229","10000",1,0,0,0,0
"V733XXS","E9290","10000",1,0,0,0,0
"V734XXA","E8248","10000",1,0,0,0,0
"V734XXD","E8248","10000",1,0,0,0,0
"V734XXS","E9290","10000",1,0,0,0,0
"V735XXA","E8120","10000",1,0,0,0,0
"V735XXD","E8120","10000",1,0,0,0,0
"V735XXS","E9290","10000",1,0,0,0,0
"V736XXA","E8121","10000",1,0,0,0,0
"V736XXD","E8121","10000",1,0,0,0,0
"V736XXS","E9290","10000",1,0,0,0,0
"V737XXA","E8128","10000",1,0,0,0,0
"V737XXD","E8128","10000",1,0,0,0,0
"V737XXS","E9290","10000",1,0,0,0,0
"V739XXA","E8129","10000",1,0,0,0,0
"V739XXD","E8129","10000",1,0,0,0,0
"V739XXS","E9290","10000",1,0,0,0,0
"V740XXA","E8220","10000",1,0,0,0,0
"V740XXD","E8220","10000",1,0,0,0,0
"V740XXS","E9290","10000",1,0,0,0,0
"V741XXA","E8221","10000",1,0,0,0,0
"V741XXD","E8221","10000",1,0,0,0,0
"V741XXS","E9290","10000",1,0,0,0,0
"V742XXA","E8228","10000",1,0,0,0,0
"V742XXD","E8228","10000",1,0,0,0,0
"V742XXS","E9290","10000",1,0,0,0,0
"V743XXA","E8229","10000",1,0,0,0,0
"V743XXD","E8229","10000",1,0,0,0,0
"V743XXS","E9290","10000",1,0,0,0,0
"V744XXA","E8248","10000",1,0,0,0,0
"V744XXD","E8248","10000",1,0,0,0,0
"V744XXS","E9290","10000",1,0,0,0,0
"V745XXA","E8120","10000",1,0,0,0,0
"V745XXD","E8120","10000",1,0,0,0,0
"V745XXS","E9290","10000",1,0,0,0,0
"V746XXA","E8121","10000",1,0,0,0,0
"V746XXD","E8121","10000",1,0,0,0,0
"V746XXS","E9290","10000",1,0,0,0,0
"V747XXA","E8128","10000",1,0,0,0,0
"V747XXD","E8128","10000",1,0,0,0,0
"V747XXS","E9290","10000",1,0,0,0,0
"V749XXA","E8129","10000",1,0,0,0,0
"V749XXD","E8129","10000",1,0,0,0,0
"V749XXS","E9290","10000",1,0,0,0,0
"V750XXA","E8220","10000",1,0,0,0,0
"V750XXD","E8220","10000",1,0,0,0,0
"V750XXS","E9290","10000",1,0,0,0,0
"V751XXA","E8221","10000",1,0,0,0,0
"V751XXD","E8221","10000",1,0,0,0,0
"V751XXS","E9290","10000",1,0,0,0,0
"V752XXA","E8228","10000",1,0,0,0,0
"V752XXD","E8228","10000",1,0,0,0,0
"V752XXS","E9290","10000",1,0,0,0,0
"V753XXA","E8229","10000",1,0,0,0,0
"V753XXD","E8229","10000",1,0,0,0,0
"V753XXS","E9290","10000",1,0,0,0,0
"V754XXA","E8248","10000",1,0,0,0,0
"V754XXD","E8248","10000",1,0,0,0,0
"V754XXS","E9290","10000",1,0,0,0,0
"V755XXA","E8100","10000",1,0,0,0,0
"V755XXD","E8100","10000",1,0,0,0,0
"V755XXS","E9290","10000",1,0,0,0,0
"V756XXA","E8101","10000",1,0,0,0,0
"V756XXD","E8101","10000",1,0,0,0,0
"V756XXS","E9290","10000",1,0,0,0,0
"V757XXA","E8108","10000",1,0,0,0,0
"V757XXD","E8108","10000",1,0,0,0,0
"V757XXS","E9290","10000",1,0,0,0,0
"V759XXA","E8109","10000",1,0,0,0,0
"V759XXD","E8109","10000",1,0,0,0,0
"V759XXS","E9290","10000",1,0,0,0,0
"V760XXA","E8220","10000",1,0,0,0,0
"V760XXD","E8220","10000",1,0,0,0,0
"V760XXS","E9290","10000",1,0,0,0,0
"V761XXA","E8221","10000",1,0,0,0,0
"V761XXD","E8221","10000",1,0,0,0,0
"V761XXS","E9290","10000",1,0,0,0,0
"V762XXA","E8228","10000",1,0,0,0,0
"V762XXD","E8228","10000",1,0,0,0,0
"V762XXS","E9290","10000",1,0,0,0,0
"V763XXA","E8229","10000",1,0,0,0,0
"V763XXD","E8229","10000",1,0,0,0,0
"V763XXS","E9290","10000",1,0,0,0,0
"V764XXA","E8248","10000",1,0,0,0,0
"V764XXD","E8248","10000",1,0,0,0,0
"V764XXS","E9290","10000",1,0,0,0,0
"V765XXA","E8130","10000",1,0,0,0,0
"V765XXD","E8130","10000",1,0,0,0,0
"V765XXS","E9290","10000",1,0,0,0,0
"V766XXA","E8131","10000",1,0,0,0,0
"V766XXD","E8131","10000",1,0,0,0,0
"V766XXS","E9290","10000",1,0,0,0,0
"V767XXA","E8138","10000",1,0,0,0,0
"V767XXD","E8138","10000",1,0,0,0,0
"V767XXS","E9290","10000",1,0,0,0,0
"V769XXA","E8139","10000",1,0,0,0,0
"V769XXD","E8139","10000",1,0,0,0,0
"V769XXS","E9290","10000",1,0,0,0,0
"V770XXA","E8230","10000",1,0,0,0,0
"V770XXD","E8230","10000",1,0,0,0,0
"V770XXS","E9290","10000",1,0,0,0,0
"V771XXA","E8231","10000",1,0,0,0,0
"V771XXD","E8231","10000",1,0,0,0,0
"V771XXS","E9290","10000",1,0,0,0,0
"V772XXA","E8238","10000",1,0,0,0,0
"V772XXD","E8238","10000",1,0,0,0,0
"V772XXS","E9290","10000",1,0,0,0,0
"V773XXA","E8239","10000",1,0,0,0,0
"V773XXD","E8239","10000",1,0,0,0,0
"V773XXS","E9290","10000",1,0,0,0,0
"V774XXA","E8248","10000",1,0,0,0,0
"V774XXD","E8248","10000",1,0,0,0,0
"V774XXS","E9290","10000",1,0,0,0,0
"V775XXA","E8150","10000",1,0,0,0,0
"V775XXD","E8150","10000",1,0,0,0,0
"V775XXS","E9290","10000",1,0,0,0,0
"V776XXA","E8151","10000",1,0,0,0,0
"V776XXD","E8151","10000",1,0,0,0,0
"V776XXS","E9290","10000",1,0,0,0,0
"V777XXA","E8158","10000",1,0,0,0,0
"V777XXD","E8158","10000",1,0,0,0,0
"V777XXS","E9290","10000",1,0,0,0,0
"V779XXA","E8159","10000",1,0,0,0,0
"V779XXD","E8159","10000",1,0,0,0,0
"V779XXS","E9290","10000",1,0,0,0,0
"V780XXA","E8250","10000",1,0,0,0,0
"V780XXD","E8250","10000",1,0,0,0,0
"V780XXS","E9290","10000",1,0,0,0,0
"V781XXA","E8251","10000",1,0,0,0,0
"V781XXD","E8251","10000",1,0,0,0,0
"V781XXS","E9290","10000",1,0,0,0,0
"V782XXA","E8258","10000",1,0,0,0,0
"V782XXD","E8258","10000",1,0,0,0,0
"V782XXS","E9290","10000",1,0,0,0,0
"V783XXA","E8259","10000",1,0,0,0,0
"V783XXD","E8259","10000",1,0,0,0,0
"V783XXS","E9290","10000",1,0,0,0,0
"V784XXA","E8248","10000",1,0,0,0,0
"V784XXD","E8248","10000",1,0,0,0,0
"V784XXS","E9290","10000",1,0,0,0,0
"V785XXA","E8160","10000",1,0,0,0,0
"V785XXD","E8160","10000",1,0,0,0,0
"V785XXS","E9290","10000",1,0,0,0,0
"V786XXA","E8161","10000",1,0,0,0,0
"V786XXD","E8161","10000",1,0,0,0,0
"V786XXS","E9290","10000",1,0,0,0,0
"V787XXA","E8188","10000",1,0,0,0,0
"V787XXD","E8188","10000",1,0,0,0,0
"V787XXS","E9290","10000",1,0,0,0,0
"V789XXA","E8169","10000",1,0,0,0,0
"V789XXD","E8169","10000",1,0,0,0,0
"V789XXS","E9290","10000",1,0,0,0,0
"V7900XA","E8220","10000",1,0,0,0,0
"V7900XD","E8220","10000",1,0,0,0,0
"V7900XS","E9290","10000",1,0,0,0,0
"V7909XA","E8220","10000",1,0,0,0,0
"V7909XD","E8220","10000",1,0,0,0,0
"V7909XS","E9290","10000",1,0,0,0,0
"V7910XA","E8221","10000",1,0,0,0,0
"V7910XD","E8221","10000",1,0,0,0,0
"V7910XS","E9290","10000",1,0,0,0,0
"V7919XA","E8221","10000",1,0,0,0,0
"V7919XD","E8221","10000",1,0,0,0,0
"V7919XS","E9290","10000",1,0,0,0,0
"V7920XA","E8229","10000",1,0,0,0,0
"V7920XD","E8229","10000",1,0,0,0,0
"V7920XS","E9290","10000",1,0,0,0,0
"V7929XA","E8229","10000",1,0,0,0,0
"V7929XD","E8229","10000",1,0,0,0,0
"V7929XS","E9290","10000",1,0,0,0,0
"V793XXA","E8250","10000",1,0,0,0,0
"V793XXD","E8250","10000",1,0,0,0,0
"V793XXS","E9290","10000",1,0,0,0,0
"V7940XA","E8120","10000",1,0,0,0,0
"V7940XD","E8120","10000",1,0,0,0,0
"V7940XS","E9290","10000",1,0,0,0,0
"V7949XA","E8120","10000",1,0,0,0,0
"V7949XD","E8120","10000",1,0,0,0,0
"V7949XS","E9290","10000",1,0,0,0,0
"V7950XA","E8121","10000",1,0,0,0,0
"V7950XD","E8121","10000",1,0,0,0,0
"V7950XS","E9290","10000",1,0,0,0,0
"V7959XA","E8121","10000",1,0,0,0,0
"V7959XD","E8121","10000",1,0,0,0,0
"V7959XS","E9290","10000",1,0,0,0,0
"V7960XA","E8129","10000",1,0,0,0,0
"V7960XD","E8129","10000",1,0,0,0,0
"V7960XS","E9290","10000",1,0,0,0,0
"V7969XA","E8129","10000",1,0,0,0,0
"V7969XD","E8129","10000",1,0,0,0,0
"V7969XS","E9290","10000",1,0,0,0,0
"V7981XA","E8120","10000",1,0,0,0,0
"V7981XD","E8120","10000",1,0,0,0,0
"V7981XS","E9290","10000",1,0,0,0,0
"V7988XA","E8120","10000",1,0,0,0,0
"V7988XD","E8120","10000",1,0,0,0,0
"V7988XS","E9290","10000",1,0,0,0,0
"V799XXA","E8120","10000",1,0,0,0,0
"V799XXD","E8120","10000",1,0,0,0,0
"V799XXS","E9290","10000",1,0,0,0,0
"V80010A","E8282","10000",1,0,0,0,0
"V80010D","E8282","10000",1,0,0,0,0
"V80010S","E9291","10000",1,0,0,0,0
"V80018A","E8282","10000",1,0,0,0,0
"V80018D","E8282","10000",1,0,0,0,0
"V80018S","E9291","10000",1,0,0,0,0
"V8002XA","E8273","10000",1,0,0,0,0
"V8002XD","E8273","10000",1,0,0,0,0
"V8002XS","E9291","10000",1,0,0,0,0
"V8011XA","E8282","10000",1,0,0,0,0
"V8011XD","E8282","10000",1,0,0,0,0
"V8011XS","E9291","10000",1,0,0,0,0
"V8012XA","E8273","10000",1,0,0,0,0
"V8012XD","E8273","10000",1,0,0,0,0
"V8012XS","E9291","10000",1,0,0,0,0
"V8021XA","E8262","10000",1,0,0,0,0
"V8021XD","E8262","10000",1,0,0,0,0
"V8021XS","E9291","10000",1,0,0,0,0
"V8022XA","E8263","10000",1,0,0,0,0
"V8022XD","E8263","10000",1,0,0,0,0
"V8022XS","E9291","10000",1,0,0,0,0
"V8031XA","E8135","10000",1,0,0,0,0
"V8031XD","E8135","10000",1,0,0,0,0
"V8031XS","E9290","10000",1,0,0,0,0
"V8032XA","E8135","10000",1,0,0,0,0
"V8032XD","E8135","10000",1,0,0,0,0
"V8032XS","E9290","10000",1,0,0,0,0
"V8041XA","E8135","10000",1,0,0,0,0
"V8041XD","E8135","10000",1,0,0,0,0
"V8041XS","E9290","10000",1,0,0,0,0
"V8042XA","E8135","10000",1,0,0,0,0
"V8042XD","E8135","10000",1,0,0,0,0
"V8042XS","E9290","10000",1,0,0,0,0
"V8051XA","E8135","10000",1,0,0,0,0
"V8051XD","E8135","10000",1,0,0,0,0
"V8051XS","E9290","10000",1,0,0,0,0
"V8052XA","E8135","10000",1,0,0,0,0
"V8052XD","E8135","10000",1,0,0,0,0
"V8052XS","E9290","10000",1,0,0,0,0
"V8061XA","E8018","10000",1,0,0,0,0
"V8061XD","E8018","10000",1,0,0,0,0
"V8061XS","E9291","10000",1,0,0,0,0
"V8062XA","E8018","10000",1,0,0,0,0
"V8062XD","E8018","10000",1,0,0,0,0
"V8062XS","E9291","10000",1,0,0,0,0
"V80710A","E8272","10000",1,0,0,0,0
"V80710D","E8272","10000",1,0,0,0,0
"V80710S","E9291","10000",1,0,0,0,0
"V80711A","E8273","10000",1,0,0,0,0
"V80711D","E8273","10000",1,0,0,0,0
"V80711S","E9291","10000",1,0,0,0,0
"V80720A","E8272","10000",1,0,0,0,0
"V80720D","E8272","10000",1,0,0,0,0
"V80720S","E9291","10000",1,0,0,0,0
"V80721A","E8273","10000",1,0,0,0,0
"V80721D","E8273","10000",1,0,0,0,0
"V80721S","E9291","10000",1,0,0,0,0
"V80730A","E8282","10000",1,0,0,0,0
"V80730D","E8282","10000",1,0,0,0,0
"V80730S","E9291","10000",1,0,0,0,0
"V80731A","E8273","10000",1,0,0,0,0
"V80731D","E8273","10000",1,0,0,0,0
"V80731S","E9291","10000",1,0,0,0,0
"V80790A","E8282","10000",1,0,0,0,0
"V80790D","E8282","10000",1,0,0,0,0
"V80790S","E9291","10000",1,0,0,0,0
"V80791A","E8273","10000",1,0,0,0,0
"V80791D","E8273","10000",1,0,0,0,0
"V80791S","E9291","10000",1,0,0,0,0
"V8081XA","E8282","10000",1,0,0,0,0
"V8081XD","E8282","10000",1,0,0,0,0
"V8081XS","E9291","10000",1,0,0,0,0
"V8082XA","E8273","10000",1,0,0,0,0
"V8082XD","E8273","10000",1,0,0,0,0
"V8082XS","E9291","10000",1,0,0,0,0
"V80910A","E8282","10000",1,0,0,0,0
"V80910D","E8282","10000",1,0,0,0,0
"V80910S","E9291","10000",1,0,0,0,0
"V80918A","E8282","10000",1,0,0,0,0
"V80918D","E8282","10000",1,0,0,0,0
"V80918S","E9291","10000",1,0,0,0,0
"V80919A","E8282","10000",1,0,0,0,0
"V80919D","E8282","10000",1,0,0,0,0
"V80919S","E9291","10000",1,0,0,0,0
"V80920A","E8273","10000",1,0,0,0,0
"V80920D","E8273","10000",1,0,0,0,0
"V80920S","E9291","10000",1,0,0,0,0
"V80928A","E8273","10000",1,0,0,0,0
"V80928D","E8273","10000",1,0,0,0,0
"V80928S","E9291","10000",1,0,0,0,0
"V80929A","E8273","10000",1,0,0,0,0
"V80929D","E8273","10000",1,0,0,0,0
"V80929S","E9291","10000",1,0,0,0,0
"V810XXA","E8228","10000",1,0,0,0,0
"V810XXD","E8228","10000",1,0,0,0,0
"V810XXS","E9290","10000",1,0,0,0,0
"V811XXA","E8108","10000",1,0,0,0,0
"V811XXD","E8108","10000",1,0,0,0,0
"V811XXS","E9290","10000",1,0,0,0,0
"V812XXA","E8001","10000",1,0,0,0,0
"V812XXD","E8001","10000",1,0,0,0,0
"V812XXS","E9291","10000",1,0,0,0,0
"V813XXA","E8011","10000",1,0,0,0,0
"V813XXD","E8011","10000",1,0,0,0,0
"V813XXS","E9291","10000",1,0,0,0,0
"V814XXA","E8041","10000",1,0,0,0,0
"V814XXD","E8041","10000",1,0,0,0,0
"V814XXS","E9291","10000",1,0,0,0,0
"V815XXA","E8041","10000",1,0,0,0,0
"V815XXD","E8041","10000",1,0,0,0,0
"V815XXS","E9291","10000",1,0,0,0,0
"V816XXA","E8041","10000",1,0,0,0,0
"V816XXD","E8041","10000",1,0,0,0,0
"V816XXS","E9291","10000",1,0,0,0,0
"V817XXA","E8021","10000",1,0,0,0,0
"V817XXD","E8021","10000",1,0,0,0,0
"V817XXS","E9291","10000",1,0,0,0,0
"V8181XA","E8031","10000",1,0,0,0,0
"V8181XD","E8031","10000",1,0,0,0,0
"V8181XS","E9291","10000",1,0,0,0,0
"V8182XA","E8061","10000",1,0,0,0,0
"V8182XD","E8061","10000",1,0,0,0,0
"V8182XS","E9291","10000",1,0,0,0,0
"V8183XA","E8061","10000",1,0,0,0,0
"V8183XD","E8061","10000",1,0,0,0,0
"V8183XS","E9291","10000",1,0,0,0,0
"V8189XA","E8061","10000",1,0,0,0,0
"V8189XD","E8061","10000",1,0,0,0,0
"V8189XS","E9291","10000",1,0,0,0,0
"V819XXA","E8071","10000",1,0,0,0,0
"V819XXD","E8071","10000",1,0,0,0,0
"V819XXS","E9291","10000",1,0,0,0,0
"V820XXA","E8224","10000",1,0,0,0,0
"V820XXD","E8224","10000",1,0,0,0,0
"V820XXS","E9290","10000",1,0,0,0,0
"V821XXA","E8134","10000",1,0,0,0,0
"V821XXD","E8134","10000",1,0,0,0,0
"V821XXS","E9290","10000",1,0,0,0,0
"V822XXA","E8019","10000",1,0,0,0,0
"V822XXD","E8019","10000",1,0,0,0,0
"V822XXS","E9291","10000",1,0,0,0,0
"V823XXA","E8294","10000",1,0,0,0,0
"V823XXD","E8294","10000",1,0,0,0,0
"V823XXS","E9291","10000",1,0,0,0,0
"V824XXA","E8294","10000",1,0,0,0,0
"V824XXD","E8294","10000",1,0,0,0,0
"V824XXS","E9291","10000",1,0,0,0,0
"V825XXA","E8294","10000",1,0,0,0,0
"V825XXD","E8294","10000",1,0,0,0,0
"V825XXS","E9291","10000",1,0,0,0,0
"V826XXA","E8294","10000",1,0,0,0,0
"V826XXD","E8294","10000",1,0,0,0,0
"V826XXS","E9291","10000",1,0,0,0,0
"V827XXA","E8294","10000",1,0,0,0,0
"V827XXD","E8294","10000",1,0,0,0,0
"V827XXS","E9291","10000",1,0,0,0,0
"V828XXA","E8294","10000",1,0,0,0,0
"V828XXD","E8294","10000",1,0,0,0,0
"V828XXS","E9291","10000",1,0,0,0,0
"V829XXA","E8294","10000",1,0,0,0,0
"V829XXD","E8294","10000",1,0,0,0,0
"V829XXS","E9291","10000",1,0,0,0,0
"V830XXA","E846","10000",1,0,0,0,0
"V830XXD","E846","10000",1,0,0,0,0
"V830XXS","E9291","10000",1,0,0,0,0
"V831XXA","E846","10000",1,0,0,0,0
"V831XXD","E846","10000",1,0,0,0,0
"V831XXS","E9291","10000",1,0,0,0,0
"V832XXA","E846","10000",1,0,0,0,0
"V832XXD","E846","10000",1,0,0,0,0
"V832XXS","E9291","10000",1,0,0,0,0
"V833XXA","E846","10000",1,0,0,0,0
"V833XXD","E846","10000",1,0,0,0,0
"V833XXS","E9291","10000",1,0,0,0,0
"V834XXA","E846","10000",1,0,0,0,0
"V834XXD","E846","10000",1,0,0,0,0
"V834XXS","E9291","10000",1,0,0,0,0
"V835XXA","E846","10000",1,0,0,0,0
"V835XXD","E846","10000",1,0,0,0,0
"V835XXS","E9291","10000",1,0,0,0,0
"V836XXA","E846","10000",1,0,0,0,0
"V836XXD","E846","10000",1,0,0,0,0
"V836XXS","E9291","10000",1,0,0,0,0
"V837XXA","E846","10000",1,0,0,0,0
"V837XXD","E846","10000",1,0,0,0,0
"V837XXS","E9291","10000",1,0,0,0,0
"V839XXA","E846","10000",1,0,0,0,0
"V839XXD","E846","10000",1,0,0,0,0
"V839XXS","E9291","10000",1,0,0,0,0
"V840XXA","E8120","10000",1,0,0,0,0
"V840XXD","E8120","10000",1,0,0,0,0
"V840XXS","E9290","10000",1,0,0,0,0
"V841XXA","E8121","10000",1,0,0,0,0
"V841XXD","E8121","10000",1,0,0,0,0
"V841XXS","E9290","10000",1,0,0,0,0
"V842XXA","E8128","10000",1,0,0,0,0
"V842XXD","E8128","10000",1,0,0,0,0
"V842XXS","E9290","10000",1,0,0,0,0
"V843XXA","E8129","10000",1,0,0,0,0
"V843XXD","E8129","10000",1,0,0,0,0
"V843XXS","E9290","10000",1,0,0,0,0
"V844XXA","E8248","10000",1,0,0,0,0
"V844XXD","E8248","10000",1,0,0,0,0
"V844XXS","E9290","10000",1,0,0,0,0
"V845XXA","E8220","10000",1,0,0,0,0
"V845XXD","E8220","10000",1,0,0,0,0
"V845XXS","E9290","10000",1,0,0,0,0
"V846XXA","E8221","10000",1,0,0,0,0
"V846XXD","E8221","10000",1,0,0,0,0
"V846XXS","E9290","10000",1,0,0,0,0
"V847XXA","E8228","10000",1,0,0,0,0
"V847XXD","E8228","10000",1,0,0,0,0
"V847XXS","E9290","10000",1,0,0,0,0
"V849XXA","E8229","10000",1,0,0,0,0
"V849XXD","E8229","10000",1,0,0,0,0
"V849XXS","E9290","10000",1,0,0,0,0
"V850XXA","E8120","10000",1,0,0,0,0
"V850XXD","E8120","10000",1,0,0,0,0
"V850XXS","E9290","10000",1,0,0,0,0
"V851XXA","E8121","10000",1,0,0,0,0
"V851XXD","E8121","10000",1,0,0,0,0
"V851XXS","E9290","10000",1,0,0,0,0
"V852XXA","E8128","10000",1,0,0,0,0
"V852XXD","E8128","10000",1,0,0,0,0
"V852XXS","E9290","10000",1,0,0,0,0
"V853XXA","E8129","10000",1,0,0,0,0
"V853XXD","E8129","10000",1,0,0,0,0
"V853XXS","E9290","10000",1,0,0,0,0
"V854XXA","E8248","10000",1,0,0,0,0
"V854XXD","E8248","10000",1,0,0,0,0
"V854XXS","E9290","10000",1,0,0,0,0
"V855XXA","E8220","10000",1,0,0,0,0
"V855XXD","E8220","10000",1,0,0,0,0
"V855XXS","E9290","10000",1,0,0,0,0
"V856XXA","E8221","10000",1,0,0,0,0
"V856XXD","E8221","10000",1,0,0,0,0
"V856XXS","E9290","10000",1,0,0,0,0
"V857XXA","E8228","10000",1,0,0,0,0
"V857XXD","E8228","10000",1,0,0,0,0
"V857XXS","E9290","10000",1,0,0,0,0
"V859XXA","E8229","10000",1,0,0,0,0
"V859XXD","E8229","10000",1,0,0,0,0
"V859XXS","E9290","10000",1,0,0,0,0
"V8601XA","E8150","10000",1,0,0,0,0
"V8601XD","E8150","10000",1,0,0,0,0
"V8601XS","E9290","10000",1,0,0,0,0
"V8602XA","E8150","10000",1,0,0,0,0
"V8602XD","E8150","10000",1,0,0,0,0
"V8602XS","E9290","10000",1,0,0,0,0
"V8603XA","E8150","10000",1,0,0,0,0
"V8603XD","E8150","10000",1,0,0,0,0
"V8603XS","E9290","10000",1,0,0,0,0
"V8604XA","E8150","10000",1,0,0,0,0
"V8604XD","E8150","10000",1,0,0,0,0
"V8604XS","E9290","10000",1,0,0,0,0
"V8609XA","E8150","10000",1,0,0,0,0
"V8609XD","E8150","10000",1,0,0,0,0
"V8609XS","E9290","10000",1,0,0,0,0
"V8611XA","E8151","10000",1,0,0,0,0
"V8611XD","E8151","10000",1,0,0,0,0
"V8611XS","E9290","10000",1,0,0,0,0
"V8612XA","E8151","10000",1,0,0,0,0
"V8612XD","E8151","10000",1,0,0,0,0
"V8612XS","E9290","10000",1,0,0,0,0
"V8613XA","E8151","10000",1,0,0,0,0
"V8613XD","E8151","10000",1,0,0,0,0
"V8613XS","E9290","10000",1,0,0,0,0
"V8614XA","E8151","10000",1,0,0,0,0
"V8614XD","E8151","10000",1,0,0,0,0
"V8614XS","E9290","10000",1,0,0,0,0
"V8619XA","E8151","10000",1,0,0,0,0
"V8619XD","E8151","10000",1,0,0,0,0
"V8619XS","E9290","10000",1,0,0,0,0
"V8621XA","E8158","10000",1,0,0,0,0
"V8621XD","E8158","10000",1,0,0,0,0
"V8621XS","E9290","10000",1,0,0,0,0
"V8622XA","E8158","10000",1,0,0,0,0
"V8622XD","E8158","10000",1,0,0,0,0
"V8622XS","E9290","10000",1,0,0,0,0
"V8623XA","E8158","10000",1,0,0,0,0
"V8623XD","E8158","10000",1,0,0,0,0
"V8623XS","E9290","10000",1,0,0,0,0
"V8624XA","E8158","10000",1,0,0,0,0
"V8624XD","E8158","10000",1,0,0,0,0
"V8624XS","E9290","10000",1,0,0,0,0
"V8629XA","E8158","10000",1,0,0,0,0
"V8629XD","E8158","10000",1,0,0,0,0
"V8629XS","E9290","10000",1,0,0,0,0
"V8631XA","E8159","10000",1,0,0,0,0
"V8631XD","E8159","10000",1,0,0,0,0
"V8631XS","E9290","10000",1,0,0,0,0
"V8632XA","E8159","10000",1,0,0,0,0
"V8632XD","E8159","10000",1,0,0,0,0
"V8632XS","E9290","10000",1,0,0,0,0
"V8633XA","E8159","10000",1,0,0,0,0
"V8633XD","E8159","10000",1,0,0,0,0
"V8633XS","E9290","10000",1,0,0,0,0
"V8634XA","E8159","10000",1,0,0,0,0
"V8634XD","E8159","10000",1,0,0,0,0
"V8634XS","E9290","10000",1,0,0,0,0
"V8639XA","E8159","10000",1,0,0,0,0
"V8639XD","E8159","10000",1,0,0,0,0
"V8639XS","E9290","10000",1,0,0,0,0
"V8641XA","E8248","10000",1,0,0,0,0
"V8641XD","E8248","10000",1,0,0,0,0
"V8641XS","E9290","10000",1,0,0,0,0
"V8642XA","E8208","10000",1,0,0,0,0
"V8642XD","E8208","10000",1,0,0,0,0
"V8642XS","E9290","10000",1,0,0,0,0
"V8643XA","E8218","10000",1,0,0,0,0
"V8643XD","E8218","10000",1,0,0,0,0
"V8643XS","E9290","10000",1,0,0,0,0
"V8644XA","E8248","10000",1,0,0,0,0
"V8644XD","E8248","10000",1,0,0,0,0
"V8644XS","E9290","10000",1,0,0,0,0
"V8649XA","E8218","10000",1,0,0,0,0
"V8649XD","E8218","10000",1,0,0,0,0
"V8649XS","E9290","10000",1,0,0,0,0
"V8651XA","E8220","10000",1,0,0,0,0
"V8651XD","E8220","10000",1,0,0,0,0
"V8651XS","E9290","10000",1,0,0,0,0
"V8652XA","E8200","10000",1,0,0,0,0
"V8652XD","E8200","10000",1,0,0,0,0
"V8652XS","E9290","10000",1,0,0,0,0
"V8653XA","E8210","10000",1,0,0,0,0
"V8653XD","E8210","10000",1,0,0,0,0
"V8653XS","E9290","10000",1,0,0,0,0
"V8654XA","E8220","10000",1,0,0,0,0
"V8654XD","E8220","10000",1,0,0,0,0
"V8654XS","E9290","10000",1,0,0,0,0
"V8659XA","E8210","10000",1,0,0,0,0
"V8659XD","E8210","10000",1,0,0,0,0
"V8659XS","E9290","10000",1,0,0,0,0
"V8661XA","E8221","10000",1,0,0,0,0
"V8661XD","E8221","10000",1,0,0,0,0
"V8661XS","E9290","10000",1,0,0,0,0
"V8662XA","E8201","10000",1,0,0,0,0
"V8662XD","E8201","10000",1,0,0,0,0
"V8662XS","E9290","10000",1,0,0,0,0
"V8663XA","E8211","10000",1,0,0,0,0
"V8663XD","E8211","10000",1,0,0,0,0
"V8663XS","E9290","10000",1,0,0,0,0
"V8664XA","E8221","10000",1,0,0,0,0
"V8664XD","E8221","10000",1,0,0,0,0
"V8664XS","E9290","10000",1,0,0,0,0
"V8669XA","E8211","10000",1,0,0,0,0
"V8669XD","E8211","10000",1,0,0,0,0
"V8669XS","E9290","10000",1,0,0,0,0
"V8671XA","E8228","10000",1,0,0,0,0
"V8671XD","E8228","10000",1,0,0,0,0
"V8671XS","E9290","10000",1,0,0,0,0
"V8672XA","E8208","10000",1,0,0,0,0
"V8672XD","E8208","10000",1,0,0,0,0
"V8672XS","E9290","10000",1,0,0,0,0
"V8673XA","E8218","10000",1,0,0,0,0
"V8673XD","E8218","10000",1,0,0,0,0
"V8673XS","E9290","10000",1,0,0,0,0
"V8674XA","E8258","10000",1,0,0,0,0
"V8674XD","E8258","10000",1,0,0,0,0
"V8674XS","E9290","10000",1,0,0,0,0
"V8679XA","E8218","10000",1,0,0,0,0
"V8679XD","E8218","10000",1,0,0,0,0
"V8679XS","E9290","10000",1,0,0,0,0
"V8691XA","E8259","10000",1,0,0,0,0
"V8691XD","E8259","10000",1,0,0,0,0
"V8691XS","E9290","10000",1,0,0,0,0
"V8692XA","E8209","10000",1,0,0,0,0
"V8692XD","E8209","10000",1,0,0,0,0
"V8692XS","E9290","10000",1,0,0,0,0
"V8693XA","E8219","10000",1,0,0,0,0
"V8693XD","E8219","10000",1,0,0,0,0
"V8693XS","E9290","10000",1,0,0,0,0
"V8694XA","E8259","10000",1,0,0,0,0
"V8694XD","E8259","10000",1,0,0,0,0
"V8694XS","E9290","10000",1,0,0,0,0
"V8699XA","E8219","10000",1,0,0,0,0
"V8699XD","E8219","10000",1,0,0,0,0
"V8699XS","E9290","10000",1,0,0,0,0
"V870XXA","E8129","10000",1,0,0,0,0
"V870XXD","E8129","10000",1,0,0,0,0
"V870XXS","E9290","10000",1,0,0,0,0
"V871XXA","E8129","10000",1,0,0,0,0
"V871XXD","E8129","10000",1,0,0,0,0
"V871XXS","E9290","10000",1,0,0,0,0
"V872XXA","E8129","10000",1,0,0,0,0
"V872XXD","E8129","10000",1,0,0,0,0
"V872XXS","E9290","10000",1,0,0,0,0
"V873XXA","E8129","10000",1,0,0,0,0
"V873XXD","E8129","10000",1,0,0,0,0
"V873XXS","E9290","10000",1,0,0,0,0
"V874XXA","E8129","10000",1,0,0,0,0
"V874XXD","E8129","10000",1,0,0,0,0
"V874XXS","E9290","10000",1,0,0,0,0
"V875XXA","E8129","10000",1,0,0,0,0
"V875XXD","E8129","10000",1,0,0,0,0
"V875XXS","E9290","10000",1,0,0,0,0
"V876XXA","E8109","10000",1,0,0,0,0
"V876XXD","E8109","10000",1,0,0,0,0
"V876XXS","E9290","10000",1,0,0,0,0
"V877XXA","E8129","10000",1,0,0,0,0
"V877XXD","E8129","10000",1,0,0,0,0
"V877XXS","E9290","10000",1,0,0,0,0
"V878XXA","E8189","10000",1,0,0,0,0
"V878XXD","E8189","10000",1,0,0,0,0
"V878XXS","E9290","10000",1,0,0,0,0
"V879XXA","E8139","10000",1,0,0,0,0
"V879XXD","E8139","10000",1,0,0,0,0
"V879XXS","E9290","10000",1,0,0,0,0
"V880XXA","E8228","10000",1,0,0,0,0
"V880XXD","E8228","10000",1,0,0,0,0
"V880XXS","E9290","10000",1,0,0,0,0
"V881XXA","E8228","10000",1,0,0,0,0
"V881XXD","E8228","10000",1,0,0,0,0
"V881XXS","E9290","10000",1,0,0,0,0
"V882XXA","E8228","10000",1,0,0,0,0
"V882XXD","E8228","10000",1,0,0,0,0
"V882XXS","E9290","10000",1,0,0,0,0
"V883XXA","E8228","10000",1,0,0,0,0
"V883XXD","E8228","10000",1,0,0,0,0
"V883XXS","E9290","10000",1,0,0,0,0
"V884XXA","E8228","10000",1,0,0,0,0
"V884XXD","E8228","10000",1,0,0,0,0
"V884XXS","E9290","10000",1,0,0,0,0
"V885XXA","E8228","10000",1,0,0,0,0
"V885XXD","E8228","10000",1,0,0,0,0
"V885XXS","E9290","10000",1,0,0,0,0
"V886XXA","E8228","10000",1,0,0,0,0
"V886XXD","E8228","10000",1,0,0,0,0
"V886XXS","E9290","10000",1,0,0,0,0
"V887XXA","E8228","10000",1,0,0,0,0
"V887XXD","E8228","10000",1,0,0,0,0
"V887XXS","E9290","10000",1,0,0,0,0
"V888XXA","E8228","10000",1,0,0,0,0
"V888XXD","E8228","10000",1,0,0,0,0
"V888XXS","E9290","10000",1,0,0,0,0
"V889XXA","E8228","10000",1,0,0,0,0
"V889XXD","E8228","10000",1,0,0,0,0
"V889XXS","E9291","10000",1,0,0,0,0
"V890XXA","E8259","10000",1,0,0,0,0
"V890XXD","E8259","10000",1,0,0,0,0
"V890XXS","E9290","10000",1,0,0,0,0
"V891XXA","E8299","10000",1,0,0,0,0
"V891XXD","E8299","10000",1,0,0,0,0
"V891XXS","E9291","10000",1,0,0,0,0
"V892XXA","E8199","10000",1,0,0,0,0
"V892XXD","E8199","10000",1,0,0,0,0
"V892XXS","E9290","10000",1,0,0,0,0
"V893XXA","E8199","10000",1,0,0,0,0
"V893XXD","E8199","10000",1,0,0,0,0
"V893XXS","E9290","10000",1,0,0,0,0
"V899XXA","E8199","10000",1,0,0,0,0
"V899XXD","E8199","10000",1,0,0,0,0
"V899XXS","E9290","10000",1,0,0,0,0
"V9000XA","E8309","10000",1,0,0,0,0
"V9000XD","E8309","10000",1,0,0,0,0
"V9000XS","E9291","10000",1,0,0,0,0
"V9001XA","E8309","10000",1,0,0,0,0
"V9001XD","E8309","10000",1,0,0,0,0
"V9001XS","E9291","10000",1,0,0,0,0
"V9002XA","E8309","10000",1,0,0,0,0
"V9002XD","E8309","10000",1,0,0,0,0
"V9002XS","E9291","10000",1,0,0,0,0
"V9003XA","E8309","10000",1,0,0,0,0
"V9003XD","E8309","10000",1,0,0,0,0
"V9003XS","E9291","10000",1,0,0,0,0
"V9004XA","E8309","10000",1,0,0,0,0
"V9004XD","E8309","10000",1,0,0,0,0
"V9004XS","E9291","10000",1,0,0,0,0
"V9005XA","E8309","10000",1,0,0,0,0
"V9005XD","E8309","10000",1,0,0,0,0
"V9005XS","E9291","10000",1,0,0,0,0
"V9006XA","E8309","10000",1,0,0,0,0
"V9006XD","E8309","10000",1,0,0,0,0
"V9006XS","E9291","10000",1,0,0,0,0
"V9008XA","E8309","10000",1,0,0,0,0
"V9008XD","E8309","10000",1,0,0,0,0
"V9008XS","E9291","10000",1,0,0,0,0
"V9009XA","E8309","10000",1,0,0,0,0
"V9009XD","E8309","10000",1,0,0,0,0
"V9009XS","E9291","10000",1,0,0,0,0
"V9010XA","E8309","10000",1,0,0,0,0
"V9010XD","E8309","10000",1,0,0,0,0
"V9010XS","E9291","10000",1,0,0,0,0
"V9011XA","E8309","10000",1,0,0,0,0
"V9011XD","E8309","10000",1,0,0,0,0
"V9011XS","E9291","10000",1,0,0,0,0
"V9012XA","E8309","10000",1,0,0,0,0
"V9012XD","E8309","10000",1,0,0,0,0
"V9012XS","E9291","10000",1,0,0,0,0
"V9013XA","E8309","10000",1,0,0,0,0
"V9013XD","E8309","10000",1,0,0,0,0
"V9013XS","E9291","10000",1,0,0,0,0
"V9014XA","E8309","10000",1,0,0,0,0
"V9014XD","E8309","10000",1,0,0,0,0
"V9014XS","E9291","10000",1,0,0,0,0
"V9015XA","E8309","10000",1,0,0,0,0
"V9015XD","E8309","10000",1,0,0,0,0
"V9015XS","E9291","10000",1,0,0,0,0
"V9016XA","E8309","10000",1,0,0,0,0
"V9016XD","E8309","10000",1,0,0,0,0
"V9016XS","E9291","10000",1,0,0,0,0
"V9018XA","E8309","10000",1,0,0,0,0
"V9018XD","E8309","10000",1,0,0,0,0
"V9018XS","E9291","10000",1,0,0,0,0
"V9019XA","E8309","10000",1,0,0,0,0
"V9019XD","E8309","10000",1,0,0,0,0
"V9019XS","E9291","10000",1,0,0,0,0
"V9020XA","E8309","10000",1,0,0,0,0
"V9020XD","E8309","10000",1,0,0,0,0
"V9020XS","E9291","10000",1,0,0,0,0
"V9021XA","E8309","10000",1,0,0,0,0
"V9021XD","E8309","10000",1,0,0,0,0
"V9021XS","E9291","10000",1,0,0,0,0
"V9022XA","E8309","10000",1,0,0,0,0
"V9022XD","E8309","10000",1,0,0,0,0
"V9022XS","E9291","10000",1,0,0,0,0
"V9023XA","E8309","10000",1,0,0,0,0
"V9023XD","E8309","10000",1,0,0,0,0
"V9023XS","E9291","10000",1,0,0,0,0
"V9024XA","E8309","10000",1,0,0,0,0
"V9024XD","E8309","10000",1,0,0,0,0
"V9024XS","E9291","10000",1,0,0,0,0
"V9025XA","E8309","10000",1,0,0,0,0
"V9025XD","E8309","10000",1,0,0,0,0
"V9025XS","E9291","10000",1,0,0,0,0
"V9026XA","E8309","10000",1,0,0,0,0
"V9026XD","E8309","10000",1,0,0,0,0
"V9026XS","E9291","10000",1,0,0,0,0
"V9027XA","E8309","10000",1,0,0,0,0
"V9027XD","E8309","10000",1,0,0,0,0
"V9027XS","E9291","10000",1,0,0,0,0
"V9028XA","E8309","10000",1,0,0,0,0
"V9028XD","E8309","10000",1,0,0,0,0
"V9028XS","E9291","10000",1,0,0,0,0
"V9029XA","E8309","10000",1,0,0,0,0
"V9029XD","E8309","10000",1,0,0,0,0
"V9029XS","E9291","10000",1,0,0,0,0
"V9030XA","E8309","10000",1,0,0,0,0
"V9030XD","E8309","10000",1,0,0,0,0
"V9030XS","E9291","10000",1,0,0,0,0
"V9031XA","E8309","10000",1,0,0,0,0
"V9031XD","E8309","10000",1,0,0,0,0
"V9031XS","E9291","10000",1,0,0,0,0
"V9032XA","E8309","10000",1,0,0,0,0
"V9032XD","E8309","10000",1,0,0,0,0
"V9032XS","E9291","10000",1,0,0,0,0
"V9033XA","E8309","10000",1,0,0,0,0
"V9033XD","E8309","10000",1,0,0,0,0
"V9033XS","E9291","10000",1,0,0,0,0
"V9034XA","E8309","10000",1,0,0,0,0
"V9034XD","E8309","10000",1,0,0,0,0
"V9034XS","E9291","10000",1,0,0,0,0
"V9035XA","E8309","10000",1,0,0,0,0
"V9035XD","E8309","10000",1,0,0,0,0
"V9035XS","E9291","10000",1,0,0,0,0
"V9036XA","E8309","10000",1,0,0,0,0
"V9036XD","E8309","10000",1,0,0,0,0
"V9036XS","E9291","10000",1,0,0,0,0
"V9037XA","E8309","10000",1,0,0,0,0
"V9037XD","E8309","10000",1,0,0,0,0
"V9037XS","E9291","10000",1,0,0,0,0
"V9038XA","E8309","10000",1,0,0,0,0
"V9038XD","E8309","10000",1,0,0,0,0
"V9038XS","E9291","10000",1,0,0,0,0
"V9039XA","E8309","10000",1,0,0,0,0
"V9039XD","E8309","10000",1,0,0,0,0
"V9039XS","E9291","10000",1,0,0,0,0
"V9080XA","E8309","10000",1,0,0,0,0
"V9080XD","E8309","10000",1,0,0,0,0
"V9080XS","E9291","10000",1,0,0,0,0
"V9081XA","E8309","10000",1,0,0,0,0
"V9081XD","E8309","10000",1,0,0,0,0
"V9081XS","E9291","10000",1,0,0,0,0
"V9082XA","E8309","10000",1,0,0,0,0
"V9082XD","E8309","10000",1,0,0,0,0
"V9082XS","E9291","10000",1,0,0,0,0
"V9083XA","E8309","10000",1,0,0,0,0
"V9083XD","E8309","10000",1,0,0,0,0
"V9083XS","E9291","10000",1,0,0,0,0
"V9084XA","E8309","10000",1,0,0,0,0
"V9084XD","E8309","10000",1,0,0,0,0
"V9084XS","E9291","10000",1,0,0,0,0
"V9085XA","E8309","10000",1,0,0,0,0
"V9085XD","E8309","10000",1,0,0,0,0
"V9085XS","E9291","10000",1,0,0,0,0
"V9086XA","E8309","10000",1,0,0,0,0
"V9086XD","E8309","10000",1,0,0,0,0
"V9086XS","E9291","10000",1,0,0,0,0
"V9087XA","E8309","10000",1,0,0,0,0
"V9087XD","E8309","10000",1,0,0,0,0
"V9087XS","E9291","10000",1,0,0,0,0
"V9088XA","E8309","10000",1,0,0,0,0
"V9088XD","E8309","10000",1,0,0,0,0
"V9088XS","E9291","10000",1,0,0,0,0
"V9089XA","E8309","10000",1,0,0,0,0
"V9089XD","E8309","10000",1,0,0,0,0
"V9089XS","E9291","10000",1,0,0,0,0
"V9100XA","E8319","10000",1,0,0,0,0
"V9100XD","E8319","10000",1,0,0,0,0
"V9100XS","E9291","10000",1,0,0,0,0
"V9101XA","E8319","10000",1,0,0,0,0
"V9101XD","E8319","10000",1,0,0,0,0
"V9101XS","E9291","10000",1,0,0,0,0
"V9102XA","E8319","10000",1,0,0,0,0
"V9102XD","E8319","10000",1,0,0,0,0
"V9102XS","E9291","10000",1,0,0,0,0
"V9103XA","E8319","10000",1,0,0,0,0
"V9103XD","E8319","10000",1,0,0,0,0
"V9103XS","E9291","10000",1,0,0,0,0
"V9104XA","E8319","10000",1,0,0,0,0
"V9104XD","E8319","10000",1,0,0,0,0
"V9104XS","E9291","10000",1,0,0,0,0
"V9105XA","E8319","10000",1,0,0,0,0
"V9105XD","E8319","10000",1,0,0,0,0
"V9105XS","E9291","10000",1,0,0,0,0
"V9106XA","E8319","10000",1,0,0,0,0
"V9106XD","E8319","10000",1,0,0,0,0
"V9106XS","E9291","10000",1,0,0,0,0
"V9107XA","E8319","10000",1,0,0,0,0
"V9107XD","E8319","10000",1,0,0,0,0
"V9107XS","E9291","10000",1,0,0,0,0
"V9108XA","E8319","10000",1,0,0,0,0
"V9108XD","E8319","10000",1,0,0,0,0
"V9108XS","E9291","10000",1,0,0,0,0
"V9109XA","E8319","10000",1,0,0,0,0
"V9109XD","E8319","10000",1,0,0,0,0
"V9109XS","E9291","10000",1,0,0,0,0
"V9110XA","E8319","10000",1,0,0,0,0
"V9110XD","E8319","10000",1,0,0,0,0
"V9110XS","E9291","10000",1,0,0,0,0
"V9111XA","E8319","10000",1,0,0,0,0
"V9111XD","E8319","10000",1,0,0,0,0
"V9111XS","E9291","10000",1,0,0,0,0
"V9112XA","E8319","10000",1,0,0,0,0
"V9112XD","E8319","10000",1,0,0,0,0
"V9112XS","E9291","10000",1,0,0,0,0
"V9113XA","E8319","10000",1,0,0,0,0
"V9113XD","E8319","10000",1,0,0,0,0
"V9113XS","E9291","10000",1,0,0,0,0
"V9114XA","E8319","10000",1,0,0,0,0
"V9114XD","E8319","10000",1,0,0,0,0
"V9114XS","E9291","10000",1,0,0,0,0
"V9115XA","E8319","10000",1,0,0,0,0
"V9115XD","E8319","10000",1,0,0,0,0
"V9115XS","E9291","10000",1,0,0,0,0
"V9116XA","E8319","10000",1,0,0,0,0
"V9116XD","E8319","10000",1,0,0,0,0
"V9116XS","E9291","10000",1,0,0,0,0
"V9118XA","E8319","10000",1,0,0,0,0
"V9118XD","E8319","10000",1,0,0,0,0
"V9118XS","E9291","10000",1,0,0,0,0
"V9119XA","E8319","10000",1,0,0,0,0
"V9119XD","E8319","10000",1,0,0,0,0
"V9119XS","E9291","10000",1,0,0,0,0
"V9120XA","E8319","10000",1,0,0,0,0
"V9120XD","E8319","10000",1,0,0,0,0
"V9120XS","E9291","10000",1,0,0,0,0
"V9121XA","E8319","10000",1,0,0,0,0
"V9121XD","E8319","10000",1,0,0,0,0
"V9121XS","E9291","10000",1,0,0,0,0
"V9122XA","E8319","10000",1,0,0,0,0
"V9122XD","E8319","10000",1,0,0,0,0
"V9122XS","E9291","10000",1,0,0,0,0
"V9123XA","E8319","10000",1,0,0,0,0
"V9123XD","E8319","10000",1,0,0,0,0
"V9123XS","E9291","10000",1,0,0,0,0
"V9124XA","E8319","10000",1,0,0,0,0
"V9124XD","E8319","10000",1,0,0,0,0
"V9124XS","E9291","10000",1,0,0,0,0
"V9125XA","E8319","10000",1,0,0,0,0
"V9125XD","E8319","10000",1,0,0,0,0
"V9125XS","E9291","10000",1,0,0,0,0
"V9126XA","E8319","10000",1,0,0,0,0
"V9126XD","E8319","10000",1,0,0,0,0
"V9126XS","E9291","10000",1,0,0,0,0
"V9129XA","E8319","10000",1,0,0,0,0
"V9129XD","E8319","10000",1,0,0,0,0
"V9129XS","E9291","10000",1,0,0,0,0
"V9130XA","E8319","10000",1,0,0,0,0
"V9130XD","E8319","10000",1,0,0,0,0
"V9130XS","E9291","10000",1,0,0,0,0
"V9131XA","E8319","10000",1,0,0,0,0
"V9131XD","E8319","10000",1,0,0,0,0
"V9131XS","E9291","10000",1,0,0,0,0
"V9132XA","E8319","10000",1,0,0,0,0
"V9132XD","E8319","10000",1,0,0,0,0
"V9132XS","E9291","10000",1,0,0,0,0
"V9133XA","E8319","10000",1,0,0,0,0
"V9133XD","E8319","10000",1,0,0,0,0
"V9133XS","E9291","10000",1,0,0,0,0
"V9134XA","E8319","10000",1,0,0,0,0
"V9134XD","E8319","10000",1,0,0,0,0
"V9134XS","E9291","10000",1,0,0,0,0
"V9135XA","E8319","10000",1,0,0,0,0
"V9135XD","E8319","10000",1,0,0,0,0
"V9135XS","E9291","10000",1,0,0,0,0
"V9136XA","E8319","10000",1,0,0,0,0
"V9136XD","E8319","10000",1,0,0,0,0
"V9136XS","E9291","10000",1,0,0,0,0
"V9137XA","E8319","10000",1,0,0,0,0
"V9137XD","E8319","10000",1,0,0,0,0
"V9137XS","E9291","10000",1,0,0,0,0
"V9138XA","E8319","10000",1,0,0,0,0
"V9138XD","E8319","10000",1,0,0,0,0
"V9138XS","E9291","10000",1,0,0,0,0
"V9139XA","E8319","10000",1,0,0,0,0
"V9139XD","E8319","10000",1,0,0,0,0
"V9139XS","E9291","10000",1,0,0,0,0
"V9180XA","E8319","10000",1,0,0,0,0
"V9180XD","E8319","10000",1,0,0,0,0
"V9180XS","E9291","10000",1,0,0,0,0
"V9181XA","E8319","10000",1,0,0,0,0
"V9181XD","E8319","10000",1,0,0,0,0
"V9181XS","E9291","10000",1,0,0,0,0
"V9182XA","E8319","10000",1,0,0,0,0
"V9182XD","E8319","10000",1,0,0,0,0
"V9182XS","E9291","10000",1,0,0,0,0
"V9183XA","E8319","10000",1,0,0,0,0
"V9183XD","E8319","10000",1,0,0,0,0
"V9183XS","E9291","10000",1,0,0,0,0
"V9184XA","E8319","10000",1,0,0,0,0
"V9184XD","E8319","10000",1,0,0,0,0
"V9184XS","E9291","10000",1,0,0,0,0
"V9185XA","E8319","10000",1,0,0,0,0
"V9185XD","E8319","10000",1,0,0,0,0
"V9185XS","E9291","10000",1,0,0,0,0
"V9186XA","E8319","10000",1,0,0,0,0
"V9186XD","E8319","10000",1,0,0,0,0
"V9186XS","E9291","10000",1,0,0,0,0
"V9187XA","E8319","10000",1,0,0,0,0
"V9187XD","E8319","10000",1,0,0,0,0
"V9187XS","E9291","10000",1,0,0,0,0
"V9188XA","E8319","10000",1,0,0,0,0
"V9188XD","E8319","10000",1,0,0,0,0
"V9188XS","E9291","10000",1,0,0,0,0
"V9189XA","E8319","10000",1,0,0,0,0
"V9189XD","E8319","10000",1,0,0,0,0
"V9189XS","E9291","10000",1,0,0,0,0
"V9200XA","E8329","10000",1,0,0,0,0
"V9200XD","E8329","10000",1,0,0,0,0
"V9200XS","E9291","10000",1,0,0,0,0
"V9201XA","E8329","10000",1,0,0,0,0
"V9201XD","E8329","10000",1,0,0,0,0
"V9201XS","E9291","10000",1,0,0,0,0
"V9202XA","E8329","10000",1,0,0,0,0
"V9202XD","E8329","10000",1,0,0,0,0
"V9202XS","E9291","10000",1,0,0,0,0
"V9203XA","E8329","10000",1,0,0,0,0
"V9203XD","E8329","10000",1,0,0,0,0
"V9203XS","E9291","10000",1,0,0,0,0
"V9204XA","E8329","10000",1,0,0,0,0
"V9204XD","E8329","10000",1,0,0,0,0
"V9204XS","E9291","10000",1,0,0,0,0
"V9205XA","E8329","10000",1,0,0,0,0
"V9205XD","E8329","10000",1,0,0,0,0
"V9205XS","E9291","10000",1,0,0,0,0
"V9206XA","E8329","10000",1,0,0,0,0
"V9206XD","E8329","10000",1,0,0,0,0
"V9206XS","E9291","10000",1,0,0,0,0
"V9207XA","E8329","10000",1,0,0,0,0
"V9207XD","E8329","10000",1,0,0,0,0
"V9207XS","E9291","10000",1,0,0,0,0
"V9208XA","E8329","10000",1,0,0,0,0
"V9208XD","E8329","10000",1,0,0,0,0
"V9208XS","E9291","10000",1,0,0,0,0
"V9209XA","E8329","10000",1,0,0,0,0
"V9209XD","E8329","10000",1,0,0,0,0
"V9209XS","E9291","10000",1,0,0,0,0
"V9210XA","E8329","10000",1,0,0,0,0
"V9210XD","E8329","10000",1,0,0,0,0
"V9210XS","E9291","10000",1,0,0,0,0
"V9211XA","E8329","10000",1,0,0,0,0
"V9211XD","E8329","10000",1,0,0,0,0
"V9211XS","E9291","10000",1,0,0,0,0
"V9212XA","E8329","10000",1,0,0,0,0
"V9212XD","E8329","10000",1,0,0,0,0
"V9212XS","E9291","10000",1,0,0,0,0
"V9213XA","E8329","10000",1,0,0,0,0
"V9213XD","E8329","10000",1,0,0,0,0
"V9213XS","E9291","10000",1,0,0,0,0
"V9214XA","E8329","10000",1,0,0,0,0
"V9214XD","E8329","10000",1,0,0,0,0
"V9214XS","E9291","10000",1,0,0,0,0
"V9215XA","E8329","10000",1,0,0,0,0
"V9215XD","E8329","10000",1,0,0,0,0
"V9215XS","E9291","10000",1,0,0,0,0
"V9216XA","E8329","10000",1,0,0,0,0
"V9216XD","E8329","10000",1,0,0,0,0
"V9216XS","E9291","10000",1,0,0,0,0
"V9219XA","E8329","10000",1,0,0,0,0
"V9219XD","E8329","10000",1,0,0,0,0
"V9219XS","E9291","10000",1,0,0,0,0
"V9220XA","E8329","10000",1,0,0,0,0
"V9220XD","E8329","10000",1,0,0,0,0
"V9220XS","E9291","10000",1,0,0,0,0
"V9221XA","E8329","10000",1,0,0,0,0
"V9221XD","E8329","10000",1,0,0,0,0
"V9221XS","E9291","10000",1,0,0,0,0
"V9222XA","E8329","10000",1,0,0,0,0
"V9222XD","E8329","10000",1,0,0,0,0
"V9222XS","E9291","10000",1,0,0,0,0
"V9223XA","E8329","10000",1,0,0,0,0
"V9223XD","E8329","10000",1,0,0,0,0
"V9223XS","E9291","10000",1,0,0,0,0
"V9224XA","E8329","10000",1,0,0,0,0
"V9224XD","E8329","10000",1,0,0,0,0
"V9224XS","E9291","10000",1,0,0,0,0
"V9225XA","E8329","10000",1,0,0,0,0
"V9225XD","E8329","10000",1,0,0,0,0
"V9225XS","E9291","10000",1,0,0,0,0
"V9226XA","E8329","10000",1,0,0,0,0
"V9226XD","E8329","10000",1,0,0,0,0
"V9226XS","E9291","10000",1,0,0,0,0
"V9227XA","E8329","10000",1,0,0,0,0
"V9227XD","E8329","10000",1,0,0,0,0
"V9227XS","E9291","10000",1,0,0,0,0
"V9228XA","E8329","10000",1,0,0,0,0
"V9228XD","E8329","10000",1,0,0,0,0
"V9228XS","E9291","10000",1,0,0,0,0
"V9229XA","E8329","10000",1,0,0,0,0
"V9229XD","E8329","10000",1,0,0,0,0
"V9229XS","E9291","10000",1,0,0,0,0
"V9300XA","E8379","10000",1,0,0,0,0
"V9300XD","E8379","10000",1,0,0,0,0
"V9300XS","E9291","10000",1,0,0,0,0
"V9301XA","E8379","10000",1,0,0,0,0
"V9301XD","E8379","10000",1,0,0,0,0
"V9301XS","E9291","10000",1,0,0,0,0
"V9302XA","E8379","10000",1,0,0,0,0
"V9302XD","E8379","10000",1,0,0,0,0
"V9302XS","E9291","10000",1,0,0,0,0
"V9303XA","E8379","10000",1,0,0,0,0
"V9303XD","E8379","10000",1,0,0,0,0
"V9303XS","E9291","10000",1,0,0,0,0
"V9304XA","E8379","10000",1,0,0,0,0
"V9304XD","E8379","10000",1,0,0,0,0
"V9304XS","E9291","10000",1,0,0,0,0
"V9309XA","E8379","10000",1,0,0,0,0
"V9309XD","E8379","10000",1,0,0,0,0
"V9309XS","E9291","10000",1,0,0,0,0
"V9310XA","E8379","10000",1,0,0,0,0
"V9310XD","E8379","10000",1,0,0,0,0
"V9310XS","E9291","10000",1,0,0,0,0
"V9311XA","E8379","10000",1,0,0,0,0
"V9311XD","E8379","10000",1,0,0,0,0
"V9311XS","E9291","10000",1,0,0,0,0
"V9312XA","E8379","10000",1,0,0,0,0
"V9312XD","E8379","10000",1,0,0,0,0
"V9312XS","E9291","10000",1,0,0,0,0
"V9313XA","E8379","10000",1,0,0,0,0
"V9313XD","E8379","10000",1,0,0,0,0
"V9313XS","E9291","10000",1,0,0,0,0
"V9314XA","E8379","10000",1,0,0,0,0
"V9314XD","E8379","10000",1,0,0,0,0
"V9314XS","E9291","10000",1,0,0,0,0
"V9319XA","E8379","10000",1,0,0,0,0
"V9319XD","E8379","10000",1,0,0,0,0
"V9319XS","E9291","10000",1,0,0,0,0
"V9320XA","E8389","10000",1,0,0,0,0
"V9320XD","E8389","10000",1,0,0,0,0
"V9320XS","E9291","10000",1,0,0,0,0
"V9321XA","E8389","10000",1,0,0,0,0
"V9321XD","E8389","10000",1,0,0,0,0
"V9321XS","E9291","10000",1,0,0,0,0
"V9322XA","E8389","10000",1,0,0,0,0
"V9322XD","E8389","10000",1,0,0,0,0
"V9322XS","E9291","10000",1,0,0,0,0
"V9323XA","E8389","10000",1,0,0,0,0
"V9323XD","E8389","10000",1,0,0,0,0
"V9323XS","E9291","10000",1,0,0,0,0
"V9324XA","E8389","10000",1,0,0,0,0
"V9324XD","E8389","10000",1,0,0,0,0
"V9324XS","E9291","10000",1,0,0,0,0
"V9329XA","E8389","10000",1,0,0,0,0
"V9329XD","E8389","10000",1,0,0,0,0
"V9329XS","E9291","10000",1,0,0,0,0
"V9330XA","E8359","10000",1,0,0,0,0
"V9330XD","E8359","10000",1,0,0,0,0
"V9330XS","E9291","10000",1,0,0,0,0
"V9331XA","E8359","10000",1,0,0,0,0
"V9331XD","E8359","10000",1,0,0,0,0
"V9331XS","E9291","10000",1,0,0,0,0
"V9332XA","E8359","10000",1,0,0,0,0
"V9332XD","E8359","10000",1,0,0,0,0
"V9332XS","E9291","10000",1,0,0,0,0
"V9333XA","E8359","10000",1,0,0,0,0
"V9333XD","E8359","10000",1,0,0,0,0
"V9333XS","E9291","10000",1,0,0,0,0
"V9334XA","E8359","10000",1,0,0,0,0
"V9334XD","E8359","10000",1,0,0,0,0
"V9334XS","E9291","10000",1,0,0,0,0
"V9335XA","E8359","10000",1,0,0,0,0
"V9335XD","E8359","10000",1,0,0,0,0
"V9335XS","E9291","10000",1,0,0,0,0
"V9336XA","E8359","10000",1,0,0,0,0
"V9336XD","E8359","10000",1,0,0,0,0
"V9336XS","E9291","10000",1,0,0,0,0
"V9338XA","E8359","10000",1,0,0,0,0
"V9338XD","E8359","10000",1,0,0,0,0
"V9338XS","E9291","10000",1,0,0,0,0
"V9339XA","E8359","10000",1,0,0,0,0
"V9339XD","E8359","10000",1,0,0,0,0
"V9339XS","E9291","10000",1,0,0,0,0
"V9340XA","E8389","10000",1,0,0,0,0
"V9340XD","E8389","10000",1,0,0,0,0
"V9340XS","E9291","10000",1,0,0,0,0
"V9341XA","E8389","10000",1,0,0,0,0
"V9341XD","E8389","10000",1,0,0,0,0
"V9341XS","E9291","10000",1,0,0,0,0
"V9342XA","E8389","10000",1,0,0,0,0
"V9342XD","E8389","10000",1,0,0,0,0
"V9342XS","E9291","10000",1,0,0,0,0
"V9343XA","E8389","10000",1,0,0,0,0
"V9343XD","E8389","10000",1,0,0,0,0
"V9343XS","E9291","10000",1,0,0,0,0
"V9344XA","E8389","10000",1,0,0,0,0
"V9344XD","E8389","10000",1,0,0,0,0
"V9344XS","E9291","10000",1,0,0,0,0
"V9348XA","E8389","10000",1,0,0,0,0
"V9348XD","E8389","10000",1,0,0,0,0
"V9348XS","E9291","10000",1,0,0,0,0
"V9349XA","E8389","10000",1,0,0,0,0
"V9349XD","E8389","10000",1,0,0,0,0
"V9349XS","E9291","10000",1,0,0,0,0
"V9350XA","E8379","10000",1,0,0,0,0
"V9350XD","E8379","10000",1,0,0,0,0
"V9350XS","E9291","10000",1,0,0,0,0
"V9351XA","E8379","10000",1,0,0,0,0
"V9351XD","E8379","10000",1,0,0,0,0
"V9351XS","E9291","10000",1,0,0,0,0
"V9352XA","E8379","10000",1,0,0,0,0
"V9352XD","E8379","10000",1,0,0,0,0
"V9352XS","E9291","10000",1,0,0,0,0
"V9353XA","E8379","10000",1,0,0,0,0
"V9353XD","E8379","10000",1,0,0,0,0
"V9353XS","E9291","10000",1,0,0,0,0
"V9354XA","E8379","10000",1,0,0,0,0
"V9354XD","E8379","10000",1,0,0,0,0
"V9354XS","E9291","10000",1,0,0,0,0
"V9359XA","E8379","10000",1,0,0,0,0
"V9359XD","E8379","10000",1,0,0,0,0
"V9359XS","E9291","10000",1,0,0,0,0
"V9360XA","E8369","10000",1,0,0,0,0
"V9360XD","E8369","10000",1,0,0,0,0
"V9360XS","E9291","10000",1,0,0,0,0
"V9361XA","E8369","10000",1,0,0,0,0
"V9361XD","E8369","10000",1,0,0,0,0
"V9361XS","E9291","10000",1,0,0,0,0
"V9362XA","E8369","10000",1,0,0,0,0
"V9362XD","E8369","10000",1,0,0,0,0
"V9362XS","E9291","10000",1,0,0,0,0
"V9363XA","E8369","10000",1,0,0,0,0
"V9363XD","E8369","10000",1,0,0,0,0
"V9363XS","E9291","10000",1,0,0,0,0
"V9364XA","E8369","10000",1,0,0,0,0
"V9364XD","E8369","10000",1,0,0,0,0
"V9364XS","E9291","10000",1,0,0,0,0
"V9369XA","E8369","10000",1,0,0,0,0
"V9369XD","E8369","10000",1,0,0,0,0
"V9369XS","E9291","10000",1,0,0,0,0
"V9380XA","E8389","10000",1,0,0,0,0
"V9380XD","E8389","10000",1,0,0,0,0
"V9380XS","E9291","10000",1,0,0,0,0
"V9381XA","E8389","10000",1,0,0,0,0
"V9381XD","E8389","10000",1,0,0,0,0
"V9381XS","E9291","10000",1,0,0,0,0
"V9382XA","E8389","10000",1,0,0,0,0
"V9382XD","E8389","10000",1,0,0,0,0
"V9382XS","E9291","10000",1,0,0,0,0
"V9383XA","E8389","10000",1,0,0,0,0
"V9383XD","E8389","10000",1,0,0,0,0
"V9383XS","E9291","10000",1,0,0,0,0
"V9384XA","E8389","10000",1,0,0,0,0
"V9384XD","E8389","10000",1,0,0,0,0
"V9384XS","E9291","10000",1,0,0,0,0
"V9385XA","E8389","10000",1,0,0,0,0
"V9385XD","E8389","10000",1,0,0,0,0
"V9385XS","E9291","10000",1,0,0,0,0
"V9386XA","E8389","10000",1,0,0,0,0
"V9386XD","E8389","10000",1,0,0,0,0
"V9386XS","E9291","10000",1,0,0,0,0
"V9387XA","E8389","10000",1,0,0,0,0
"V9387XD","E8389","10000",1,0,0,0,0
"V9387XS","E9291","10000",1,0,0,0,0
"V9388XA","E8389","10000",1,0,0,0,0
"V9388XD","E8389","10000",1,0,0,0,0
"V9388XS","E9291","10000",1,0,0,0,0
"V9389XA","E8389","10000",1,0,0,0,0
"V9389XD","E8389","10000",1,0,0,0,0
"V9389XS","E9291","10000",1,0,0,0,0
"V940XXA","E8389","10000",1,0,0,0,0
"V940XXD","E8389","10000",1,0,0,0,0
"V940XXS","E9291","10000",1,0,0,0,0
"V9411XA","E8385","10000",1,0,0,0,0
"V9411XD","E8385","10000",1,0,0,0,0
"V9411XS","E9291","10000",1,0,0,0,0
"V9412XA","E8385","10000",1,0,0,0,0
"V9412XD","E8385","10000",1,0,0,0,0
"V9412XS","E9291","10000",1,0,0,0,0
"V9421XA","E8380","10000",1,0,0,0,0
"V9421XD","E8380","10000",1,0,0,0,0
"V9421XS","E9291","10000",1,0,0,0,0
"V9422XA","E8381","10000",1,0,0,0,0
"V9422XD","E8381","10000",1,0,0,0,0
"V9422XS","E9291","10000",1,0,0,0,0
"V9431XA","E8380","10000",1,0,0,0,0
"V9431XD","E8380","10000",1,0,0,0,0
"V9431XS","E9291","10000",1,0,0,0,0
"V9432XA","E8380","10000",1,0,0,0,0
"V9432XD","E8380","10000",1,0,0,0,0
"V9432XS","E9291","10000",1,0,0,0,0
"V944XXA","E8384","10000",1,0,0,0,0
"V944XXD","E8384","10000",1,0,0,0,0
"V944XXS","E9291","10000",1,0,0,0,0
"V94810A","E8389","10000",1,0,0,0,0
"V94810D","E8389","10000",1,0,0,0,0
"V94810S","E9291","10000",1,0,0,0,0
"V94811A","E8385","10000",1,0,0,0,0
"V94811D","E8385","10000",1,0,0,0,0
"V94811S","E9291","10000",1,0,0,0,0
"V94818A","E8389","10000",1,0,0,0,0
"V94818D","E8389","10000",1,0,0,0,0
"V94818S","E9291","10000",1,0,0,0,0
"V9489XA","E8389","10000",1,0,0,0,0
"V9489XD","E8389","10000",1,0,0,0,0
"V9489XS","E9291","10000",1,0,0,0,0
"V949XXA","E8389","10000",1,0,0,0,0
"V949XXD","E8389","10000",1,0,0,0,0
"V949XXS","E9291","10000",1,0,0,0,0
"V9500XA","E8413","10000",1,0,0,0,0
"V9500XD","E8413","10000",1,0,0,0,0
"V9500XS","E9291","10000",1,0,0,0,0
"V9501XA","E8403","10000",1,0,0,0,0
"V9501XD","E8403","10000",1,0,0,0,0
"V9501XS","E9291","10000",1,0,0,0,0
"V9502XA","E8403","10000",1,0,0,0,0
"V9502XD","E8403","10000",1,0,0,0,0
"V9502XS","E9291","10000",1,0,0,0,0
"V9503XA","E8403","10000",1,0,0,0,0
"V9503XD","E8403","10000",1,0,0,0,0
"V9503XS","E9291","10000",1,0,0,0,0
"V9504XA","E8403","10000",1,0,0,0,0
"V9504XD","E8403","10000",1,0,0,0,0
"V9504XS","E9291","10000",1,0,0,0,0
"V9505XA","E8403","10000",1,0,0,0,0
"V9505XD","E8403","10000",1,0,0,0,0
"V9505XS","E9291","10000",1,0,0,0,0
"V9509XA","E8413","10000",1,0,0,0,0
"V9509XD","E8413","10000",1,0,0,0,0
"V9509XS","E9291","10000",1,0,0,0,0
"V9510XA","E8413","10000",1,0,0,0,0
"V9510XD","E8413","10000",1,0,0,0,0
"V9510XS","E9291","10000",1,0,0,0,0
"V9511XA","E8406","10000",1,0,0,0,0
"V9511XD","E8406","10000",1,0,0,0,0
"V9511XS","E9291","10000",1,0,0,0,0
"V9512XA","E8406","10000",1,0,0,0,0
"V9512XD","E8406","10000",1,0,0,0,0
"V9512XS","E9291","10000",1,0,0,0,0
"V9513XA","E8406","10000",1,0,0,0,0
"V9513XD","E8406","10000",1,0,0,0,0
"V9513XS","E9291","10000",1,0,0,0,0
"V9514XA","E8406","10000",1,0,0,0,0
"V9514XD","E8406","10000",1,0,0,0,0
"V9514XS","E9291","10000",1,0,0,0,0
"V9515XA","E8406","10000",1,0,0,0,0
"V9515XD","E8406","10000",1,0,0,0,0
"V9515XS","E9291","10000",1,0,0,0,0
"V9519XA","E8406","10000",1,0,0,0,0
"V9519XD","E8406","10000",1,0,0,0,0
"V9519XS","E9291","10000",1,0,0,0,0
"V9520XA","E8413","10000",1,0,0,0,0
"V9520XD","E8413","10000",1,0,0,0,0
"V9520XS","E9291","10000",1,0,0,0,0
"V9521XA","E8403","10000",1,0,0,0,0
"V9521XD","E8403","10000",1,0,0,0,0
"V9521XS","E9291","10000",1,0,0,0,0
"V9522XA","E8403","10000",1,0,0,0,0
"V9522XD","E8403","10000",1,0,0,0,0
"V9522XS","E9291","10000",1,0,0,0,0
"V9523XA","E8403","10000",1,0,0,0,0
"V9523XD","E8403","10000",1,0,0,0,0
"V9523XS","E9291","10000",1,0,0,0,0
"V9524XA","E8403","10000",1,0,0,0,0
"V9524XD","E8403","10000",1,0,0,0,0
"V9524XS","E9291","10000",1,0,0,0,0
"V9525XA","E8403","10000",1,0,0,0,0
"V9525XD","E8403","10000",1,0,0,0,0
"V9525XS","E9291","10000",1,0,0,0,0
"V9529XA","E8403","10000",1,0,0,0,0
"V9529XD","E8403","10000",1,0,0,0,0
"V9529XS","E9291","10000",1,0,0,0,0
"V9530XA","E8413","10000",1,0,0,0,0
"V9530XD","E8413","10000",1,0,0,0,0
"V9530XS","E9291","10000",1,0,0,0,0
"V9531XA","E8403","10000",1,0,0,0,0
"V9531XD","E8403","10000",1,0,0,0,0
"V9531XS","E9291","10000",1,0,0,0,0
"V9532XA","E8403","10000",1,0,0,0,0
"V9532XD","E8403","10000",1,0,0,0,0
"V9532XS","E9291","10000",1,0,0,0,0
"V9533XA","E8403","10000",1,0,0,0,0
"V9533XD","E8403","10000",1,0,0,0,0
"V9533XS","E9291","10000",1,0,0,0,0
"V9534XA","E8403","10000",1,0,0,0,0
"V9534XD","E8403","10000",1,0,0,0,0
"V9534XS","E9291","10000",1,0,0,0,0
"V9535XA","E8403","10000",1,0,0,0,0
"V9535XD","E8403","10000",1,0,0,0,0
"V9535XS","E9291","10000",1,0,0,0,0
"V9539XA","E8413","10000",1,0,0,0,0
"V9539XD","E8413","10000",1,0,0,0,0
"V9539XS","E9291","10000",1,0,0,0,0
"V9540XA","E8450","10000",1,0,0,0,0
"V9540XD","E8450","10000",1,0,0,0,0
"V9540XS","E9291","10000",1,0,0,0,0
"V9541XA","E8450","10000",1,0,0,0,0
"V9541XD","E8450","10000",1,0,0,0,0
"V9541XS","E9291","10000",1,0,0,0,0
"V9542XA","E8450","10000",1,0,0,0,0
"V9542XD","E8450","10000",1,0,0,0,0
"V9542XS","E9291","10000",1,0,0,0,0
"V9543XA","E8450","10000",1,0,0,0,0
"V9543XD","E8450","10000",1,0,0,0,0
"V9543XS","E9291","10000",1,0,0,0,0
"V9544XA","E8450","10000",1,0,0,0,0
"V9544XD","E8450","10000",1,0,0,0,0
"V9544XS","E9291","10000",1,0,0,0,0
"V9545XA","E8450","10000",1,0,0,0,0
"V9545XD","E8450","10000",1,0,0,0,0
"V9545XS","E9291","10000",1,0,0,0,0
"V9549XA","E8450","10000",1,0,0,0,0
"V9549XD","E8450","10000",1,0,0,0,0
"V9549XS","E9291","10000",1,0,0,0,0
"V958XXA","E8413","10000",1,0,0,0,0
"V958XXD","E8413","10000",1,0,0,0,0
"V958XXS","E9291","10000",1,0,0,0,0
"V959XXA","E8413","10000",1,0,0,0,0
"V959XXD","E8413","10000",1,0,0,0,0
"V959XXS","E9291","10000",1,0,0,0,0
"V9600XA","E8426","10000",1,0,0,0,0
"V9600XD","E8426","10000",1,0,0,0,0
"V9600XS","E9291","10000",1,0,0,0,0
"V9601XA","E8426","10000",1,0,0,0,0
"V9601XD","E8426","10000",1,0,0,0,0
"V9601XS","E9291","10000",1,0,0,0,0
"V9602XA","E8426","10000",1,0,0,0,0
"V9602XD","E8426","10000",1,0,0,0,0
"V9602XS","E9291","10000",1,0,0,0,0
"V9603XA","E8426","10000",1,0,0,0,0
"V9603XD","E8426","10000",1,0,0,0,0
"V9603XS","E9291","10000",1,0,0,0,0
"V9604XA","E8426","10000",1,0,0,0,0
"V9604XD","E8426","10000",1,0,0,0,0
"V9604XS","E9291","10000",1,0,0,0,0
"V9605XA","E8426","10000",1,0,0,0,0
"V9605XD","E8426","10000",1,0,0,0,0
"V9605XS","E9291","10000",1,0,0,0,0
"V9609XA","E8426","10000",1,0,0,0,0
"V9609XD","E8426","10000",1,0,0,0,0
"V9609XS","E9291","10000",1,0,0,0,0
"V9610XA","E8426","10000",1,0,0,0,0
"V9610XD","E8426","10000",1,0,0,0,0
"V9610XS","E9291","10000",1,0,0,0,0
"V9611XA","E8426","10000",1,0,0,0,0
"V9611XD","E8426","10000",1,0,0,0,0
"V9611XS","E9291","10000",1,0,0,0,0
"V9612XA","E8426","10000",1,0,0,0,0
"V9612XD","E8426","10000",1,0,0,0,0
"V9612XS","E9291","10000",1,0,0,0,0
"V9613XA","E8426","10000",1,0,0,0,0
"V9613XD","E8426","10000",1,0,0,0,0
"V9613XS","E9291","10000",1,0,0,0,0
"V9614XA","E8426","10000",1,0,0,0,0
"V9614XD","E8426","10000",1,0,0,0,0
"V9614XS","E9291","10000",1,0,0,0,0
"V9615XA","E8426","10000",1,0,0,0,0
"V9615XD","E8426","10000",1,0,0,0,0
"V9615XS","E9291","10000",1,0,0,0,0
"V9619XA","E8426","10000",1,0,0,0,0
"V9619XD","E8426","10000",1,0,0,0,0
"V9619XS","E9291","10000",1,0,0,0,0
"V9620XA","E8426","10000",1,0,0,0,0
"V9620XD","E8426","10000",1,0,0,0,0
"V9620XS","E9291","10000",1,0,0,0,0
"V9621XA","E8426","10000",1,0,0,0,0
"V9621XD","E8426","10000",1,0,0,0,0
"V9621XS","E9291","10000",1,0,0,0,0
"V9622XA","E8426","10000",1,0,0,0,0
"V9622XD","E8426","10000",1,0,0,0,0
"V9622XS","E9291","10000",1,0,0,0,0
"V9623XA","E8426","10000",1,0,0,0,0
"V9623XD","E8426","10000",1,0,0,0,0
"V9623XS","E9291","10000",1,0,0,0,0
"V9624XA","E8426","10000",1,0,0,0,0
"V9624XD","E8426","10000",1,0,0,0,0
"V9624XS","E9291","10000",1,0,0,0,0
"V9625XA","E8426","10000",1,0,0,0,0
"V9625XD","E8426","10000",1,0,0,0,0
"V9625XS","E9291","10000",1,0,0,0,0
"V9629XA","E8426","10000",1,0,0,0,0
"V9629XD","E8426","10000",1,0,0,0,0
"V9629XS","E9291","10000",1,0,0,0,0
"V968XXA","E8426","10000",1,0,0,0,0
"V968XXD","E8426","10000",1,0,0,0,0
"V968XXS","E9291","10000",1,0,0,0,0
"V969XXA","E8426","10000",1,0,0,0,0
"V969XXD","E8426","10000",1,0,0,0,0
"V969XXS","E9291","10000",1,0,0,0,0
"V970XXA","E8433","10000",1,0,0,0,0
"V970XXA","E8443","10000",1,0,0,0,0
"V970XXD","E8433","10000",1,0,0,0,0
"V970XXD","E8443","10000",1,0,0,0,0
"V970XXS","E9291","10000",1,0,0,0,0
"V971XXA","E8439","10000",1,0,0,0,0
"V971XXD","E8439","10000",1,0,0,0,0
"V971XXS","E9291","10000",1,0,0,0,0
"V9721XA","E8437","10000",1,0,0,0,0
"V9721XD","E8437","10000",1,0,0,0,0
"V9721XS","E9291","10000",1,0,0,0,0
"V9722XA","E8437","10000",1,0,0,0,0
"V9722XD","E8437","10000",1,0,0,0,0
"V9722XS","E9291","10000",1,0,0,0,0
"V9729XA","E8447","10000",1,0,0,0,0
"V9729XD","E8447","10000",1,0,0,0,0
"V9729XS","E9291","10000",1,0,0,0,0
"V9731XA","E8449","10000",1,0,0,0,0
"V9731XD","E8449","10000",1,0,0,0,0
"V9731XS","E9291","10000",1,0,0,0,0
"V9732XA","E8449","10000",1,0,0,0,0
"V9732XD","E8449","10000",1,0,0,0,0
"V9732XS","E9291","10000",1,0,0,0,0
"V9733XA","E8449","10000",1,0,0,0,0
"V9733XD","E8449","10000",1,0,0,0,0
"V9733XS","E9291","10000",1,0,0,0,0
"V9739XA","E8449","10000",1,0,0,0,0
"V9739XD","E8449","10000",1,0,0,0,0
"V9739XS","E9291","10000",1,0,0,0,0
"V97810A","E8449","10000",1,0,0,0,0
"V97810D","E8449","10000",1,0,0,0,0
"V97810S","E9291","10000",1,0,0,0,0
"V97811A","E8441","10000",1,0,0,0,0
"V97811D","E8441","10000",1,0,0,0,0
"V97811S","E9291","10000",1,0,0,0,0
"V97818A","E8401","10000",1,0,0,0,0
"V97818A","E8411","10000",1,0,0,0,0
"V97818D","E8411","10000",1,0,0,0,0
"V97818S","E9291","10000",1,0,0,0,0
"V9789XA","E8449","10000",1,0,0,0,0
"V9789XD","E8449","10000",1,0,0,0,0
"V9789XS","E9291","10000",1,0,0,0,0
"V980XXA","E847","10000",1,0,0,0,0
"V980XXD","E847","10000",1,0,0,0,0
"V980XXS","E9291","10000",1,0,0,0,0
"V981XXA","E848","10000",1,0,0,0,0
"V981XXD","E848","10000",1,0,0,0,0
"V981XXS","E9291","10000",1,0,0,0,0
"V982XXA","E848","10000",1,0,0,0,0
"V982XXD","E848","10000",1,0,0,0,0
"V982XXS","E9291","10000",1,0,0,0,0
"V983XXA","E847","10000",1,0,0,0,0
"V983XXD","E847","10000",1,0,0,0,0
"V983XXS","E9291","10000",1,0,0,0,0
"V988XXA","E848","10000",1,0,0,0,0
"V988XXD","E848","10000",1,0,0,0,0
"V988XXS","E9291","10000",1,0,0,0,0
"V99XXXA","E848","10000",1,0,0,0,0
"V99XXXD","E848","10000",1,0,0,0,0
"V99XXXS","E9291","10000",1,0,0,0,0
"W000XXA","E8859","10000",1,0,0,0,0
"W000XXD","E8859","10000",1,0,0,0,0
"W000XXS","E9293","10000",1,0,0,0,0
"W001XXA","E8849","10000",1,0,0,0,0
"W001XXD","E8849","10000",1,0,0,0,0
"W001XXS","E9293","10000",1,0,0,0,0
"W002XXA","E8849","10000",1,0,0,0,0
"W002XXD","E8849","10000",1,0,0,0,0
"W002XXS","E9293","10000",1,0,0,0,0
"W009XXA","E8859","10000",1,0,0,0,0
"W009XXD","E8859","10000",1,0,0,0,0
"W009XXS","E9293","10000",1,0,0,0,0
"W010XXA","E8859","10000",1,0,0,0,0
"W010XXD","E8859","10000",1,0,0,0,0
"W010XXS","E9293","10000",1,0,0,0,0
"W0110XA","E8880","10000",1,0,0,0,0
"W0110XD","E8880","10000",1,0,0,0,0
"W0110XS","E9293","10000",1,0,0,0,0
"W01110A","E8880","10000",1,0,0,0,0
"W01110D","E8880","10000",1,0,0,0,0
"W01110S","E9293","10000",1,0,0,0,0
"W01111A","E8880","10000",1,0,0,0,0
"W01111D","E8880","10000",1,0,0,0,0
"W01111S","E9293","10000",1,0,0,0,0
"W01118A","E8880","10000",1,0,0,0,0
"W01118D","E8880","10000",1,0,0,0,0
"W01118S","E9293","10000",1,0,0,0,0
"W01119A","E8880","10000",1,0,0,0,0
"W01119D","E8880","10000",1,0,0,0,0
"W01119S","E9293","10000",1,0,0,0,0
"W01190A","E8881","10000",1,0,0,0,0
"W01190D","E8881","10000",1,0,0,0,0
"W01190S","E9293","10000",1,0,0,0,0
"W01198A","E8881","10000",1,0,0,0,0
"W01198D","E8881","10000",1,0,0,0,0
"W01198S","E9293","10000",1,0,0,0,0
"W03XXXA","E8860","10000",1,0,0,0,0
"W03XXXD","E8860","10000",1,0,0,0,0
"W03XXXS","E9293","10000",1,0,0,0,0
"W04XXXA","E8888","10000",1,0,0,0,0
"W04XXXD","E8888","10000",1,0,0,0,0
"W04XXXS","E9293","10000",1,0,0,0,0
"W050XXA","E8843","10000",1,0,0,0,0
"W050XXD","E8843","10000",1,0,0,0,0
"W050XXS","E9293","10000",1,0,0,0,0
"W051XXA","E8843","10000",1,0,0,0,0
"W051XXD","E8843","10000",1,0,0,0,0
"W051XXS","E9293","10000",1,0,0,0,0
"W052XXA","E8843","10000",1,0,0,0,0
"W052XXD","E8843","10000",1,0,0,0,0
"W052XXS","E9293","10000",1,0,0,0,0
"W06XXXA","E8844","10000",1,0,0,0,0
"W06XXXD","E8844","10000",1,0,0,0,0
"W06XXXS","E9293","10000",1,0,0,0,0
"W07XXXA","E8842","10000",1,0,0,0,0
"W07XXXD","E8842","10000",1,0,0,0,0
"W07XXXS","E9293","10000",1,0,0,0,0
"W08XXXA","E8845","10000",1,0,0,0,0
"W08XXXD","E8845","10000",1,0,0,0,0
"W08XXXS","E9293","10000",1,0,0,0,0
"W090XXA","E8840","10000",1,0,0,0,0
"W090XXD","E8840","10000",1,0,0,0,0
"W090XXS","E9293","10000",1,0,0,0,0
"W091XXA","E8840","10000",1,0,0,0,0
"W091XXD","E8840","10000",1,0,0,0,0
"W091XXS","E9293","10000",1,0,0,0,0
"W092XXA","E8840","10000",1,0,0,0,0
"W092XXD","E8840","10000",1,0,0,0,0
"W092XXS","E9293","10000",1,0,0,0,0
"W098XXA","E8840","10000",1,0,0,0,0
"W098XXD","E8840","10000",1,0,0,0,0
"W098XXS","E9293","10000",1,0,0,0,0
"W100XXA","E8800","10000",1,0,0,0,0
"W100XXD","E8800","10000",1,0,0,0,0
"W100XXS","E9293","10000",1,0,0,0,0
"W101XXA","E8801","10000",1,0,0,0,0
"W101XXD","E8801","10000",1,0,0,0,0
"W101XXS","E9293","10000",1,0,0,0,0
"W102XXA","E8809","10000",1,0,0,0,0
"W102XXD","E8809","10000",1,0,0,0,0
"W102XXS","E9293","10000",1,0,0,0,0
"W108XXA","E8809","10000",1,0,0,0,0
"W108XXD","E8809","10000",1,0,0,0,0
"W108XXS","E9293","10000",1,0,0,0,0
"W109XXA","E8809","10000",1,0,0,0,0
"W109XXD","E8809","10000",1,0,0,0,0
"W109XXS","E9293","10000",1,0,0,0,0
"W11XXXA","E8810","10000",1,0,0,0,0
"W11XXXD","E8810","10000",1,0,0,0,0
"W11XXXS","E9293","10000",1,0,0,0,0
"W12XXXA","E8811","10000",1,0,0,0,0
"W12XXXD","E8811","10000",1,0,0,0,0
"W12XXXS","E9293","10000",1,0,0,0,0
"W130XXA","E882","10000",1,0,0,0,0
"W130XXD","E882","10000",1,0,0,0,0
"W130XXS","E9293","10000",1,0,0,0,0
"W131XXA","E882","10000",1,0,0,0,0
"W131XXD","E882","10000",1,0,0,0,0
"W131XXS","E9293","10000",1,0,0,0,0
"W132XXA","E882","10000",1,0,0,0,0
"W132XXD","E882","10000",1,0,0,0,0
"W132XXS","E9293","10000",1,0,0,0,0
"W133XXA","E882","10000",1,0,0,0,0
"W133XXD","E882","10000",1,0,0,0,0
"W133XXS","E9293","10000",1,0,0,0,0
"W134XXA","E882","10000",1,0,0,0,0
"W134XXD","E882","10000",1,0,0,0,0
"W134XXS","E9293","10000",1,0,0,0,0
"W138XXA","E882","10000",1,0,0,0,0
"W138XXD","E882","10000",1,0,0,0,0
"W138XXS","E9293","10000",1,0,0,0,0
"W139XXA","E882","10000",1,0,0,0,0
"W139XXD","E882","10000",1,0,0,0,0
"W139XXS","E9293","10000",1,0,0,0,0
"W14XXXA","E8849","10000",1,0,0,0,0
"W14XXXD","E8849","10000",1,0,0,0,0
"W14XXXS","E9293","10000",1,0,0,0,0
"W15XXXA","E8841","10000",1,0,0,0,0
"W15XXXD","E8841","10000",1,0,0,0,0
"W15XXXS","E9293","10000",1,0,0,0,0
"W16011A","E8830","10000",1,0,0,0,0
"W16011D","E8830","10000",1,0,0,0,0
"W16011S","E9293","10000",1,0,0,0,0
"W16012A","E8830","10000",1,0,0,0,0
"W16012D","E8830","10000",1,0,0,0,0
"W16012S","E9293","10000",1,0,0,0,0
"W16021A","E8830","10000",1,0,0,0,0
"W16021D","E8830","10000",1,0,0,0,0
"W16021S","E9293","10000",1,0,0,0,0
"W16022A","E8830","10000",1,0,0,0,0
"W16022D","E8830","10000",1,0,0,0,0
"W16022S","E9293","10000",1,0,0,0,0
"W16031A","E8830","10000",1,0,0,0,0
"W16031D","E8830","10000",1,0,0,0,0
"W16031S","E9293","10000",1,0,0,0,0
"W16032A","E8830","10000",1,0,0,0,0
"W16032D","E8830","10000",1,0,0,0,0
"W16032S","E9293","10000",1,0,0,0,0
"W16111A","E8830","10000",1,0,0,0,0
"W16111D","E8830","10000",1,0,0,0,0
"W16111S","E9293","10000",1,0,0,0,0
"W16112A","E8830","10000",1,0,0,0,0
"W16112D","E8830","10000",1,0,0,0,0
"W16112S","E9293","10000",1,0,0,0,0
"W16121A","E8830","10000",1,0,0,0,0
"W16121D","E8830","10000",1,0,0,0,0
"W16121S","E9293","10000",1,0,0,0,0
"W16122A","E8830","10000",1,0,0,0,0
"W16122D","E8830","10000",1,0,0,0,0
"W16122S","E9293","10000",1,0,0,0,0
"W16131A","E8830","10000",1,0,0,0,0
"W16131D","E8830","10000",1,0,0,0,0
"W16131S","E9293","10000",1,0,0,0,0
"W16132A","E8830","10000",1,0,0,0,0
"W16132D","E8830","10000",1,0,0,0,0
"W16132S","E9293","10000",1,0,0,0,0
"W16211A","E8830","10000",1,0,0,0,0
"W16211D","E8830","10000",1,0,0,0,0
"W16211S","E9293","10000",1,0,0,0,0
"W16212A","E8830","10000",1,0,0,0,0
"W16212D","E8830","10000",1,0,0,0,0
"W16212S","E9293","10000",1,0,0,0,0
"W16221A","E8830","10000",1,0,0,0,0
"W16221D","E8830","10000",1,0,0,0,0
"W16221S","E9293","10000",1,0,0,0,0
"W16222A","E8830","10000",1,0,0,0,0
"W16222D","E8830","10000",1,0,0,0,0
"W16222S","E9293","10000",1,0,0,0,0
"W16311A","E8830","10000",1,0,0,0,0
"W16311D","E8830","10000",1,0,0,0,0
"W16311S","E9293","10000",1,0,0,0,0
"W16312A","E8830","10000",1,0,0,0,0
"W16312D","E8830","10000",1,0,0,0,0
"W16312S","E9293","10000",1,0,0,0,0
"W16321A","E8830","10000",1,0,0,0,0
"W16321D","E8830","10000",1,0,0,0,0
"W16321S","E9293","10000",1,0,0,0,0
"W16322A","E8830","10000",1,0,0,0,0
"W16322D","E8830","10000",1,0,0,0,0
"W16322S","E9293","10000",1,0,0,0,0
"W16331A","E8830","10000",1,0,0,0,0
"W16331D","E8830","10000",1,0,0,0,0
"W16331S","E9293","10000",1,0,0,0,0
"W16332A","E8830","10000",1,0,0,0,0
"W16332D","E8830","10000",1,0,0,0,0
"W16332S","E9293","10000",1,0,0,0,0
"W1641XA","E8830","10000",1,0,0,0,0
"W1641XD","E8830","10000",1,0,0,0,0
"W1641XS","E9293","10000",1,0,0,0,0
"W1642XA","E8830","10000",1,0,0,0,0
"W1642XD","E8830","10000",1,0,0,0,0
"W1642XS","E9293","10000",1,0,0,0,0
"W16511A","E8830","10000",1,0,0,0,0
"W16511D","E8830","10000",1,0,0,0,0
"W16511S","E9293","10000",1,0,0,0,0
"W16512A","E8830","10000",1,0,0,0,0
"W16512D","E8830","10000",1,0,0,0,0
"W16512S","E9293","10000",1,0,0,0,0
"W16521A","E8830","10000",1,0,0,0,0
"W16521D","E8830","10000",1,0,0,0,0
"W16521S","E9293","10000",1,0,0,0,0
"W16522A","E8830","10000",1,0,0,0,0
"W16522D","E8830","10000",1,0,0,0,0
"W16522S","E9293","10000",1,0,0,0,0
"W16531A","E8830","10000",1,0,0,0,0
"W16531D","E8830","10000",1,0,0,0,0
"W16531S","E9293","10000",1,0,0,0,0
"W16532A","E8830","10000",1,0,0,0,0
"W16532D","E8830","10000",1,0,0,0,0
"W16532S","E9293","10000",1,0,0,0,0
"W16611A","E8830","10000",1,0,0,0,0
"W16611D","E8830","10000",1,0,0,0,0
"W16611S","E9293","10000",1,0,0,0,0
"W16612A","E8830","10000",1,0,0,0,0
"W16612D","E8830","10000",1,0,0,0,0
"W16612S","E9293","10000",1,0,0,0,0
"W16621A","E8830","10000",1,0,0,0,0
"W16621D","E8830","10000",1,0,0,0,0
"W16621S","E9293","10000",1,0,0,0,0
"W16622A","E8830","10000",1,0,0,0,0
"W16622D","E8830","10000",1,0,0,0,0
"W16622S","E9293","10000",1,0,0,0,0
"W16711A","E8830","10000",1,0,0,0,0
"W16711D","E8830","10000",1,0,0,0,0
"W16711S","E9293","10000",1,0,0,0,0
"W16712A","E8830","10000",1,0,0,0,0
"W16712D","E8830","10000",1,0,0,0,0
"W16712S","E9293","10000",1,0,0,0,0
"W16721A","E8830","10000",1,0,0,0,0
"W16721D","E8830","10000",1,0,0,0,0
"W16721S","E9293","10000",1,0,0,0,0
"W16722A","E8830","10000",1,0,0,0,0
"W16722D","E8830","10000",1,0,0,0,0
"W16722S","E9293","10000",1,0,0,0,0
"W16811A","E8830","10000",1,0,0,0,0
"W16811D","E8830","10000",1,0,0,0,0
"W16811S","E9293","10000",1,0,0,0,0
"W16812A","E8830","10000",1,0,0,0,0
"W16812D","E8830","10000",1,0,0,0,0
"W16812S","E9293","10000",1,0,0,0,0
"W16821A","E8830","10000",1,0,0,0,0
"W16821D","E8830","10000",1,0,0,0,0
"W16821S","E9293","10000",1,0,0,0,0
"W16822A","E8830","10000",1,0,0,0,0
"W16822D","E8830","10000",1,0,0,0,0
"W16822S","E9293","10000",1,0,0,0,0
"W16831A","E8830","10000",1,0,0,0,0
"W16831D","E8830","10000",1,0,0,0,0
"W16831S","E9293","10000",1,0,0,0,0
"W16832A","E8830","10000",1,0,0,0,0
"W16832D","E8830","10000",1,0,0,0,0
"W16832S","E9293","10000",1,0,0,0,0
"W1691XA","E8830","10000",1,0,0,0,0
"W1691XD","E8830","10000",1,0,0,0,0
"W1691XS","E9293","10000",1,0,0,0,0
"W1692XA","E8830","10000",1,0,0,0,0
"W1692XD","E8830","10000",1,0,0,0,0
"W1692XS","E9293","10000",1,0,0,0,0
"W170XXA","E8831","10000",1,0,0,0,0
"W170XXD","E8831","10000",1,0,0,0,0
"W170XXS","E9293","10000",1,0,0,0,0
"W171XXA","E8832","10000",1,0,0,0,0
"W171XXD","E8832","10000",1,0,0,0,0
"W171XXS","E9293","10000",1,0,0,0,0
"W172XXA","E8839","10000",1,0,0,0,0
"W172XXD","E8839","10000",1,0,0,0,0
"W172XXS","E9293","10000",1,0,0,0,0
"W173XXA","E8839","10000",1,0,0,0,0
"W173XXD","E8839","10000",1,0,0,0,0
"W173XXS","E9293","10000",1,0,0,0,0
"W174XXA","E8839","10000",1,0,0,0,0
"W174XXD","E8839","10000",1,0,0,0,0
"W174XXS","E9293","10000",1,0,0,0,0
"W1781XA","E8849","10000",1,0,0,0,0
"W1781XD","E8849","10000",1,0,0,0,0
"W1781XS","E9293","10000",1,0,0,0,0
"W1782XA","E8849","10000",1,0,0,0,0
"W1782XD","E8849","10000",1,0,0,0,0
"W1782XS","E9293","10000",1,0,0,0,0
"W1789XA","E8849","10000",1,0,0,0,0
"W1789XD","E8849","10000",1,0,0,0,0
"W1789XS","E9293","10000",1,0,0,0,0
"W1800XA","E8881","10000",1,0,0,0,0
"W1800XD","E8881","10000",1,0,0,0,0
"W1800XS","E9293","10000",1,0,0,0,0
"W1801XA","E8881","10000",1,0,0,0,0
"W1801XD","E8881","10000",1,0,0,0,0
"W1801XS","E9293","10000",1,0,0,0,0
"W1802XA","E8880","10000",1,0,0,0,0
"W1802XD","E8880","10000",1,0,0,0,0
"W1802XS","E9293","10000",1,0,0,0,0
"W1809XA","E9178","10000",1,0,0,0,0
"W1809XD","E8881","10000",1,0,0,0,0
"W1809XS","E9293","10000",1,0,0,0,0
"W1811XA","E8846","10000",1,0,0,0,0
"W1811XD","E8846","10000",1,0,0,0,0
"W1811XS","E9293","10000",1,0,0,0,0
"W1812XA","E8846","10000",1,0,0,0,0
"W1812XD","E8846","10000",1,0,0,0,0
"W1812XS","E9293","10000",1,0,0,0,0
"W182XXA","E8859","10000",1,0,0,0,0
"W182XXD","E8859","10000",1,0,0,0,0
"W182XXS","E9293","10000",1,0,0,0,0
"W1830XA","E8888","10000",1,0,0,0,0
"W1830XD","E8888","10000",1,0,0,0,0
"W1830XS","E9293","10000",1,0,0,0,0
"W1831XA","E8888","10000",1,0,0,0,0
"W1831XD","E8888","10000",1,0,0,0,0
"W1831XS","E9293","10000",1,0,0,0,0
"W1839XA","E8888","10000",1,0,0,0,0
"W1839XD","E8888","10000",1,0,0,0,0
"W1839XS","E9293","10000",1,0,0,0,0
"W1840XA","E8859","10000",1,0,0,0,0
"W1840XD","E8859","10000",1,0,0,0,0
"W1840XS","E9293","10000",1,0,0,0,0
"W1841XA","E8859","10000",1,0,0,0,0
"W1841XD","E8859","10000",1,0,0,0,0
"W1841XS","E9293","10000",1,0,0,0,0
"W1842XA","E8859","10000",1,0,0,0,0
"W1842XD","E8859","10000",1,0,0,0,0
"W1842XS","E9293","10000",1,0,0,0,0
"W1843XA","E8859","10000",1,0,0,0,0
"W1843XD","E8859","10000",1,0,0,0,0
"W1843XS","E9293","10000",1,0,0,0,0
"W1849XA","E8859","10000",1,0,0,0,0
"W1849XD","E8859","10000",1,0,0,0,0
"W1849XS","E9293","10000",1,0,0,0,0
"W19XXXA","E8889","10000",1,0,0,0,0
"W19XXXD","E8889","10000",1,0,0,0,0
"W19XXXS","E9293","10000",1,0,0,0,0
"W200XXA","E916","10000",1,0,0,0,0
"W200XXD","E916","10000",1,0,0,0,0
"W200XXS","E9298","10000",1,0,0,0,0
"W201XXA","E916","10000",1,0,0,0,0
"W201XXD","E916","10000",1,0,0,0,0
"W201XXS","E9298","10000",1,0,0,0,0
"W208XXA","E916","10000",1,0,0,0,0
"W208XXD","E916","10000",1,0,0,0,0
"W208XXS","E9298","10000",1,0,0,0,0
"W2100XA","E9170","10000",1,0,0,0,0
"W2100XD","E9170","10000",1,0,0,0,0
"W2100XS","E9298","10000",1,0,0,0,0
"W2101XA","E9170","10000",1,0,0,0,0
"W2101XD","E9170","10000",1,0,0,0,0
"W2101XS","E9298","10000",1,0,0,0,0
"W2102XA","E9170","10000",1,0,0,0,0
"W2102XD","E9170","10000",1,0,0,0,0
"W2102XS","E9298","10000",1,0,0,0,0
"W2103XA","E9170","10000",1,0,0,0,0
"W2103XD","E9170","10000",1,0,0,0,0
"W2103XS","E9298","10000",1,0,0,0,0
"W2104XA","E9170","10000",1,0,0,0,0
"W2104XD","E9170","10000",1,0,0,0,0
"W2104XS","E9298","10000",1,0,0,0,0
"W2105XA","E9170","10000",1,0,0,0,0
"W2105XD","E9170","10000",1,0,0,0,0
"W2105XS","E9298","10000",1,0,0,0,0
"W2106XA","E9170","10000",1,0,0,0,0
"W2106XD","E9170","10000",1,0,0,0,0
"W2106XS","E9298","10000",1,0,0,0,0
"W2107XA","E9170","10000",1,0,0,0,0
"W2107XD","E9170","10000",1,0,0,0,0
"W2107XS","E9298","10000",1,0,0,0,0
"W2109XA","E9170","10000",1,0,0,0,0
"W2109XD","E9170","10000",1,0,0,0,0
"W2109XS","E9298","10000",1,0,0,0,0
"W2111XA","E9170","10000",1,0,0,0,0
"W2111XD","E9170","10000",1,0,0,0,0
"W2111XS","E9298","10000",1,0,0,0,0
"W2112XA","E9170","10000",1,0,0,0,0
"W2112XD","E9170","10000",1,0,0,0,0
"W2112XS","E9298","10000",1,0,0,0,0
"W2113XA","E9170","10000",1,0,0,0,0
"W2113XD","E9170","10000",1,0,0,0,0
"W2113XS","E9298","10000",1,0,0,0,0
"W2119XA","E9170","10000",1,0,0,0,0
"W2119XD","E9170","10000",1,0,0,0,0
"W2119XS","E9298","10000",1,0,0,0,0
"W21210A","E9170","10000",1,0,0,0,0
"W21210D","E9170","10000",1,0,0,0,0
"W21210S","E9298","10000",1,0,0,0,0
"W21211A","E9170","10000",1,0,0,0,0
"W21211D","E9170","10000",1,0,0,0,0
"W21211S","E9298","10000",1,0,0,0,0
"W21220A","E9170","10000",1,0,0,0,0
"W21220D","E9170","10000",1,0,0,0,0
"W21220S","E9298","10000",1,0,0,0,0
"W21221A","E9170","10000",1,0,0,0,0
"W21221D","E9170","10000",1,0,0,0,0
"W21221S","E9298","10000",1,0,0,0,0
"W2131XA","E9170","10000",1,0,0,0,0
"W2131XD","E9170","10000",1,0,0,0,0
"W2131XS","E9298","10000",1,0,0,0,0
"W2132XA","E9170","10000",1,0,0,0,0
"W2132XD","E9170","10000",1,0,0,0,0
"W2132XS","E9298","10000",1,0,0,0,0
"W2139XA","E9170","10000",1,0,0,0,0
"W2139XD","E9170","10000",1,0,0,0,0
"W2139XS","E9298","10000",1,0,0,0,0
"W214XXA","E9170","10000",1,0,0,0,0
"W214XXD","E9170","10000",1,0,0,0,0
"W214XXS","E9298","10000",1,0,0,0,0
"W2181XA","E9170","10000",1,0,0,0,0
"W2181XD","E9170","10000",1,0,0,0,0
"W2181XS","E9298","10000",1,0,0,0,0
"W2189XA","E9170","10000",1,0,0,0,0
"W2189XD","E9170","10000",1,0,0,0,0
"W2189XS","E9298","10000",1,0,0,0,0
"W219XXA","E9170","10000",1,0,0,0,0
"W219XXD","E9170","10000",1,0,0,0,0
"W219XXS","E9298","10000",1,0,0,0,0
"W2201XA","E9174","10000",1,0,0,0,0
"W2201XD","E9174","10000",1,0,0,0,0
"W2201XS","E9298","10000",1,0,0,0,0
"W2202XA","E9174","10000",1,0,0,0,0
"W2202XD","E9174","10000",1,0,0,0,0
"W2202XS","E9298","10000",1,0,0,0,0
"W2203XA","E9173","10000",1,0,0,0,0
"W2203XD","E9173","10000",1,0,0,0,0
"W2203XS","E9298","10000",1,0,0,0,0
"W22041A","E9174","10000",1,0,0,0,0
"W22041D","E9174","10000",1,0,0,0,0
"W22041S","E9298","10000",1,0,0,0,0
"W22042A","E9174","10000",1,0,0,0,0
"W22042D","E9174","10000",1,0,0,0,0
"W22042S","E9298","10000",1,0,0,0,0
"W2209XA","E9174","10000",1,0,0,0,0
"W2209XD","E9174","10000",1,0,0,0,0
"W2209XS","E9298","10000",1,0,0,0,0
"W2210XA","E9174","10000",1,0,0,0,0
"W2210XD","E9174","10000",1,0,0,0,0
"W2210XS","E9298","10000",1,0,0,0,0
"W2211XA","E9174","10000",1,0,0,0,0
"W2211XD","E9174","10000",1,0,0,0,0
"W2211XS","E9298","10000",1,0,0,0,0
"W2212XA","E9174","10000",1,0,0,0,0
"W2212XD","E9174","10000",1,0,0,0,0
"W2212XS","E9298","10000",1,0,0,0,0
"W2219XA","E9174","10000",1,0,0,0,0
"W2219XD","E9174","10000",1,0,0,0,0
"W2219XS","E9298","10000",1,0,0,0,0
"W228XXA","E9174","10000",1,0,0,0,0
"W228XXD","E9174","10000",1,0,0,0,0
"W228XXS","E9298","10000",1,0,0,0,0
"W230XXA","E918","10000",1,0,0,0,0
"W230XXD","E918","10000",1,0,0,0,0
"W230XXS","E9298","10000",1,0,0,0,0
"W231XXA","E918","10000",1,0,0,0,0
"W231XXD","E918","10000",1,0,0,0,0
"W231XXS","E9298","10000",1,0,0,0,0
"W240XXA","E9192","10000",1,0,0,0,0
"W240XXD","E9192","10000",1,0,0,0,0
"W240XXS","E9298","10000",1,0,0,0,0
"W241XXA","E9196","10000",1,0,0,0,0
"W241XXD","E9196","10000",1,0,0,0,0
"W241XXS","E9298","10000",1,0,0,0,0
"W25XXXA","E9208","10000",1,0,0,0,0
"W25XXXD","E9208","10000",1,0,0,0,0
"W25XXXS","E9298","10000",1,0,0,0,0
"W260XXA","E9203","10000",1,0,0,0,0
"W260XXD","E9203","10000",1,0,0,0,0
"W260XXS","E9298","10000",1,0,0,0,0
"W261XXA","E9203","10000",1,0,0,0,0
"W261XXD","E9203","10000",1,0,0,0,0
"W261XXS","E9298","10000",1,0,0,0,0
"W270XXA","E9204","10000",1,0,0,0,0
"W270XXD","E9204","10000",1,0,0,0,0
"W270XXS","E9298","10000",1,0,0,0,0
"W271XXA","E9204","10000",1,0,0,0,0
"W271XXD","E9204","10000",1,0,0,0,0
"W271XXS","E9298","10000",1,0,0,0,0
"W272XXA","E9204","10000",1,0,0,0,0
"W272XXD","E9204","10000",1,0,0,0,0
"W272XXS","E9298","10000",1,0,0,0,0
"W273XXA","E9204","10000",1,0,0,0,0
"W273XXD","E9204","10000",1,0,0,0,0
"W273XXS","E9298","10000",1,0,0,0,0
"W274XXA","E9204","10000",1,0,0,0,0
"W274XXD","E9204","10000",1,0,0,0,0
"W274XXS","E9298","10000",1,0,0,0,0
"W275XXA","E9204","10000",1,0,0,0,0
"W275XXD","E9204","10000",1,0,0,0,0
"W275XXS","E9298","10000",1,0,0,0,0
"W278XXA","E9204","10000",1,0,0,0,0
"W278XXD","E9204","10000",1,0,0,0,0
"W278XXS","E9298","10000",1,0,0,0,0
"W28XXXA","E9200","10000",1,0,0,0,0
"W28XXXD","E9200","10000",1,0,0,0,0
"W28XXXS","E9298","10000",1,0,0,0,0
"W290XXA","E9202","10000",1,0,0,0,0
"W290XXD","E9202","10000",1,0,0,0,0
"W290XXS","E9298","10000",1,0,0,0,0
"W291XXA","E9202","10000",1,0,0,0,0
"W291XXD","E9202","10000",1,0,0,0,0
"W291XXS","E9298","10000",1,0,0,0,0
"W292XXA","E9202","10000",1,0,0,0,0
"W292XXD","E9202","10000",1,0,0,0,0
"W292XXS","E9298","10000",1,0,0,0,0
"W293XXA","E9201","10000",1,0,0,0,0
"W293XXD","E9201","10000",1,0,0,0,0
"W293XXS","E9298","10000",1,0,0,0,0
"W294XXA","E9201","10000",1,0,0,0,0
"W294XXD","E9201","10000",1,0,0,0,0
"W294XXS","E9298","10000",1,0,0,0,0
"W298XXA","E9201","10000",1,0,0,0,0
"W298XXD","E9201","10000",1,0,0,0,0
"W298XXS","E9298","10000",1,0,0,0,0
"W300XXA","E9190","10000",1,0,0,0,0
"W300XXD","E9190","10000",1,0,0,0,0
"W300XXS","E9298","10000",1,0,0,0,0
"W301XXA","E9190","10000",1,0,0,0,0
"W301XXD","E9190","10000",1,0,0,0,0
"W301XXS","E9298","10000",1,0,0,0,0
"W302XXA","E9190","10000",1,0,0,0,0
"W302XXD","E9190","10000",1,0,0,0,0
"W302XXS","E9298","10000",1,0,0,0,0
"W303XXA","E9190","10000",1,0,0,0,0
"W303XXD","E9190","10000",1,0,0,0,0
"W303XXS","E9298","10000",1,0,0,0,0
"W3081XA","E9190","10000",1,0,0,0,0
"W3081XD","E9190","10000",1,0,0,0,0
"W3081XS","E9298","10000",1,0,0,0,0
"W3089XA","E9190","10000",1,0,0,0,0
"W3089XD","E9190","10000",1,0,0,0,0
"W3089XS","E9298","10000",1,0,0,0,0
"W309XXA","E9190","10000",1,0,0,0,0
"W309XXD","E9190","10000",1,0,0,0,0
"W309XXS","E9298","10000",1,0,0,0,0
"W310XXA","E9191","10000",1,0,0,0,0
"W310XXD","E9191","10000",1,0,0,0,0
"W310XXS","E9298","10000",1,0,0,0,0
"W311XXA","E9193","10000",1,0,0,0,0
"W311XXD","E9193","10000",1,0,0,0,0
"W311XXS","E9298","10000",1,0,0,0,0
"W312XXA","E9194","10000",1,0,0,0,0
"W312XXD","E9194","10000",1,0,0,0,0
"W312XXS","E9298","10000",1,0,0,0,0
"W313XXA","E9195","10000",1,0,0,0,0
"W313XXD","E9195","10000",1,0,0,0,0
"W313XXS","E9298","10000",1,0,0,0,0
"W3181XA","E9198","10000",1,0,0,0,0
"W3181XD","E9198","10000",1,0,0,0,0
"W3181XS","E9298","10000",1,0,0,0,0
"W3182XA","E9198","10000",1,0,0,0,0
"W3182XD","E9198","10000",1,0,0,0,0
"W3182XS","E9298","10000",1,0,0,0,0
"W3183XA","E9197","10000",1,0,0,0,0
"W3183XD","E9197","10000",1,0,0,0,0
"W3183XS","E9298","10000",1,0,0,0,0
"W3189XA","E9198","10000",1,0,0,0,0
"W3189XD","E9198","10000",1,0,0,0,0
"W3189XS","E9298","10000",1,0,0,0,0
"W319XXA","E9199","10000",1,0,0,0,0
"W319XXD","E9199","10000",1,0,0,0,0
"W319XXS","E9298","10000",1,0,0,0,0
"W320XXA","E9220","10000",1,0,0,0,0
"W320XXD","E9220","10000",1,0,0,0,0
"W320XXS","E9298","10000",1,0,0,0,0
"W321XXA","E9220","10000",1,0,0,0,0
"W321XXD","E9220","10000",1,0,0,0,0
"W321XXS","E9298","10000",1,0,0,0,0
"W3300XA","E9229","10000",1,0,0,0,0
"W3300XD","E9229","10000",1,0,0,0,0
"W3300XS","E9298","10000",1,0,0,0,0
"W3301XA","E9221","10000",1,0,0,0,0
"W3301XD","E9221","10000",1,0,0,0,0
"W3301XS","E9298","10000",1,0,0,0,0
"W3302XA","E9222","10000",1,0,0,0,0
"W3302XD","E9222","10000",1,0,0,0,0
"W3302XS","E9298","10000",1,0,0,0,0
"W3303XA","E9223","10000",1,0,0,0,0
"W3303XD","E9223","10000",1,0,0,0,0
"W3303XS","E9298","10000",1,0,0,0,0
"W3309XA","E9228","10000",1,0,0,0,0
"W3309XD","E9228","10000",1,0,0,0,0
"W3309XS","E9298","10000",1,0,0,0,0
"W3310XA","E9229","10000",1,0,0,0,0
"W3310XD","E9229","10000",1,0,0,0,0
"W3310XS","E9298","10000",1,0,0,0,0
"W3311XA","E9221","10000",1,0,0,0,0
"W3311XD","E9221","10000",1,0,0,0,0
"W3311XS","E9298","10000",1,0,0,0,0
"W3312XA","E9222","10000",1,0,0,0,0
"W3312XD","E9222","10000",1,0,0,0,0
"W3312XS","E9298","10000",1,0,0,0,0
"W3313XA","E9223","10000",1,0,0,0,0
"W3313XD","E9223","10000",1,0,0,0,0
"W3313XS","E9298","10000",1,0,0,0,0
"W3319XA","E9228","10000",1,0,0,0,0
"W3319XD","E9228","10000",1,0,0,0,0
"W3319XS","E9298","10000",1,0,0,0,0
"W3400XA","E9229","10000",1,0,0,0,0
"W3400XD","E9229","10000",1,0,0,0,0
"W3400XS","E9298","10000",1,0,0,0,0
"W34010A","E9224","10000",1,0,0,0,0
"W34010D","E9224","10000",1,0,0,0,0
"W34010S","E9298","10000",1,0,0,0,0
"W34011A","E9225","10000",1,0,0,0,0
"W34011D","E9225","10000",1,0,0,0,0
"W34011S","E9298","10000",1,0,0,0,0
"W34018A","E9228","10000",1,0,0,0,0
"W34018D","E9228","10000",1,0,0,0,0
"W34018S","E9298","10000",1,0,0,0,0
"W3409XA","E9228","10000",1,0,0,0,0
"W3409XD","E9228","10000",1,0,0,0,0
"W3409XS","E9298","10000",1,0,0,0,0
"W3410XA","E9229","10000",1,0,0,0,0
"W3410XD","E9229","10000",1,0,0,0,0
"W3410XS","E9298","10000",1,0,0,0,0
"W34110A","E9224","10000",1,0,0,0,0
"W34110D","E9224","10000",1,0,0,0,0
"W34110S","E9298","10000",1,0,0,0,0
"W34111A","E9225","10000",1,0,0,0,0
"W34111D","E9225","10000",1,0,0,0,0
"W34111S","E9298","10000",1,0,0,0,0
"W34118A","E9228","10000",1,0,0,0,0
"W34118D","E9228","10000",1,0,0,0,0
"W34118S","E9298","10000",1,0,0,0,0
"W3419XA","E9228","10000",1,0,0,0,0
"W3419XD","E9228","10000",1,0,0,0,0
"W3419XS","E9298","10000",1,0,0,0,0
"W35XXXA","E9210","10000",1,0,0,0,0
"W35XXXD","E9210","10000",1,0,0,0,0
"W35XXXS","E9298","10000",1,0,0,0,0
"W361XXA","E9218","10000",1,0,0,0,0
"W361XXD","E9218","10000",1,0,0,0,0
"W361XXS","E9298","10000",1,0,0,0,0
"W362XXA","E9211","10000",1,0,0,0,0
"W362XXD","E9211","10000",1,0,0,0,0
"W362XXS","E9298","10000",1,0,0,0,0
"W363XXA","E9211","10000",1,0,0,0,0
"W363XXD","E9211","10000",1,0,0,0,0
"W363XXS","E9298","10000",1,0,0,0,0
"W368XXA","E9211","10000",1,0,0,0,0
"W368XXD","E9211","10000",1,0,0,0,0
"W368XXS","E9298","10000",1,0,0,0,0
"W369XXA","E9211","10000",1,0,0,0,0
"W369XXD","E9211","10000",1,0,0,0,0
"W369XXS","E9298","10000",1,0,0,0,0
"W370XXA","E9218","10000",1,0,0,0,0
"W370XXD","E9218","10000",1,0,0,0,0
"W370XXS","E9298","10000",1,0,0,0,0
"W378XXA","E9218","10000",1,0,0,0,0
"W378XXD","E9218","10000",1,0,0,0,0
"W378XXS","E9298","10000",1,0,0,0,0
"W38XXXA","E9218","10000",1,0,0,0,0
"W38XXXD","E9218","10000",1,0,0,0,0
"W38XXXS","E9298","10000",1,0,0,0,0
"W39XXXA","E9230","10000",1,0,0,0,0
"W39XXXD","E9230","10000",1,0,0,0,0
"W39XXXS","E9298","10000",1,0,0,0,0
"W400XXA","E9231","10000",1,0,0,0,0
"W400XXD","E9231","10000",1,0,0,0,0
"W400XXS","E9298","10000",1,0,0,0,0
"W401XXA","E9232","10000",1,0,0,0,0
"W401XXD","E9232","10000",1,0,0,0,0
"W401XXS","E9298","10000",1,0,0,0,0
"W408XXA","E9238","10000",1,0,0,0,0
"W408XXD","E9238","10000",1,0,0,0,0
"W408XXS","E9298","10000",1,0,0,0,0
"W409XXA","E9239","10000",1,0,0,0,0
"W409XXD","E9239","10000",1,0,0,0,0
"W409XXS","E9298","10000",1,0,0,0,0
"W420XXA","E9281","10000",1,0,0,0,0
"W420XXD","E9281","10000",1,0,0,0,0
"W420XXS","E9298","10000",1,0,0,0,0
"W429XXA","E9281","10000",1,0,0,0,0
"W429XXD","E9281","10000",1,0,0,0,0
"W429XXS","E9298","10000",1,0,0,0,0
"W450XXA","E9208","10000",1,0,0,0,0
"W450XXD","E9208","10000",1,0,0,0,0
"W450XXS","E9298","10000",1,0,0,0,0
"W451XXA","E9208","10000",1,0,0,0,0
"W451XXD","E9208","10000",1,0,0,0,0
"W451XXS","E9298","10000",1,0,0,0,0
"W452XXA","E9208","10000",1,0,0,0,0
"W452XXD","E9208","10000",1,0,0,0,0
"W452XXS","E9298","10000",1,0,0,0,0
"W458XXA","E9208","10000",1,0,0,0,0
"W458XXD","E9208","10000",1,0,0,0,0
"W458XXS","E9298","10000",1,0,0,0,0
"W460XXA","E9205","10000",1,0,0,0,0
"W460XXD","E9205","10000",1,0,0,0,0
"W460XXS","E9298","10000",1,0,0,0,0
"W461XXA","E9205","10000",1,0,0,0,0
"W461XXD","E9205","10000",1,0,0,0,0
"W461XXS","E9298","10000",1,0,0,0,0
"W4901XA","E9284","10000",1,0,0,0,0
"W4901XD","E9284","10000",1,0,0,0,0
"W4901XS","E9298","10000",1,0,0,0,0
"W4902XA","E9285","10000",1,0,0,0,0
"W4902XD","E9285","10000",1,0,0,0,0
"W4902XS","E9298","10000",1,0,0,0,0
"W4903XA","E9285","10000",1,0,0,0,0
"W4903XD","E9285","10000",1,0,0,0,0
"W4903XS","E9298","10000",1,0,0,0,0
"W4904XA","E9285","10000",1,0,0,0,0
"W4904XD","E9285","10000",1,0,0,0,0
"W4904XS","E9298","10000",1,0,0,0,0
"W4909XA","E9285","10000",1,0,0,0,0
"W4909XD","E9285","10000",1,0,0,0,0
"W4909XS","E9298","10000",1,0,0,0,0
"W499XXA","E9288","10000",1,0,0,0,0
"W499XXD","E9288","10000",1,0,0,0,0
"W499XXS","E9298","10000",1,0,0,0,0
"W500XXA","E9179","10000",1,0,0,0,0
"W500XXD","E9179","10000",1,0,0,0,0
"W500XXS","E9298","10000",1,0,0,0,0
"W501XXA","E9179","10000",1,0,0,0,0
"W501XXD","E9179","10000",1,0,0,0,0
"W501XXS","E9298","10000",1,0,0,0,0
"W502XXA","E9179","10000",1,0,0,0,0
"W502XXD","E9179","10000",1,0,0,0,0
"W502XXS","E9298","10000",1,0,0,0,0
"W503XXA","E9283","10000",1,0,0,0,0
"W503XXD","E9283","10000",1,0,0,0,0
"W503XXS","E9298","10000",1,0,0,0,0
"W504XXA","E9179","10000",1,0,0,0,0
"W504XXD","E9179","10000",1,0,0,0,0
"W504XXS","E9298","10000",1,0,0,0,0
"W51XXXA","E9179","10000",1,0,0,0,0
"W51XXXD","E9179","10000",1,0,0,0,0
"W51XXXS","E9298","10000",1,0,0,0,0
"W52XXXA","E9171","10000",1,0,0,0,0
"W52XXXD","E9171","10000",1,0,0,0,0
"W52XXXS","E9298","10000",1,0,0,0,0
"W5301XA","E9061","10000",1,0,0,0,0
"W5301XD","E9061","10000",1,0,0,0,0
"W5301XS","E9295","10000",1,0,0,0,0
"W5309XA","E9061","10000",1,0,0,0,0
"W5309XD","E9061","10000",1,0,0,0,0
"W5309XS","E9295","10000",1,0,0,0,0
"W5311XA","E9061","10000",1,0,0,0,0
"W5311XD","E9061","10000",1,0,0,0,0
"W5311XS","E9295","10000",1,0,0,0,0
"W5319XA","E9061","10000",1,0,0,0,0
"W5319XD","E9061","10000",1,0,0,0,0
"W5319XS","E9295","10000",1,0,0,0,0
"W5321XA","E9063","10000",1,0,0,0,0
"W5321XD","E9063","10000",1,0,0,0,0
"W5321XS","E9295","10000",1,0,0,0,0
"W5329XA","E9068","10000",1,0,0,0,0
"W5329XD","E9068","10000",1,0,0,0,0
"W5329XS","E9295","10000",1,0,0,0,0
"W5381XA","E9063","10000",1,0,0,0,0
"W5381XD","E9063","10000",1,0,0,0,0
"W5381XS","E9295","10000",1,0,0,0,0
"W5389XA","E9068","10000",1,0,0,0,0
"W5389XD","E9068","10000",1,0,0,0,0
"W5389XS","E9295","10000",1,0,0,0,0
"W540XXA","E9060","10000",1,0,0,0,0
"W540XXD","E9060","10000",1,0,0,0,0
"W540XXS","E9295","10000",1,0,0,0,0
"W541XXA","E9068","10000",1,0,0,0,0
"W541XXD","E9068","10000",1,0,0,0,0
"W541XXS","E9295","10000",1,0,0,0,0
"W548XXA","E9068","10000",1,0,0,0,0
"W548XXD","E9068","10000",1,0,0,0,0
"W548XXS","E9295","10000",1,0,0,0,0
"W5501XA","E9063","10000",1,0,0,0,0
"W5501XD","E9063","10000",1,0,0,0,0
"W5501XS","E9295","10000",1,0,0,0,0
"W5503XA","E9068","10000",1,0,0,0,0
"W5503XD","E9068","10000",1,0,0,0,0
"W5503XS","E9295","10000",1,0,0,0,0
"W5509XA","E9068","10000",1,0,0,0,0
"W5509XD","E9068","10000",1,0,0,0,0
"W5509XS","E9295","10000",1,0,0,0,0
"W5511XA","E9063","10000",1,0,0,0,0
"W5511XD","E9063","10000",1,0,0,0,0
"W5511XS","E9295","10000",1,0,0,0,0
"W5512XA","E9068","10000",1,0,0,0,0
"W5512XD","E9068","10000",1,0,0,0,0
"W5512XS","E9295","10000",1,0,0,0,0
"W5519XA","E9068","10000",1,0,0,0,0
"W5519XD","E9068","10000",1,0,0,0,0
"W5519XS","E9295","10000",1,0,0,0,0
"W5521XA","E9063","10000",1,0,0,0,0
"W5521XD","E9063","10000",1,0,0,0,0
"W5521XS","E9295","10000",1,0,0,0,0
"W5522XA","E9068","10000",1,0,0,0,0
"W5522XD","E9068","10000",1,0,0,0,0
"W5522XS","E9295","10000",1,0,0,0,0
"W5529XA","E9068","10000",1,0,0,0,0
"W5529XD","E9068","10000",1,0,0,0,0
"W5529XS","E9295","10000",1,0,0,0,0
"W5531XA","E9063","10000",1,0,0,0,0
"W5531XD","E9063","10000",1,0,0,0,0
"W5531XS","E9295","10000",1,0,0,0,0
"W5532XA","E9068","10000",1,0,0,0,0
"W5532XD","E9068","10000",1,0,0,0,0
"W5532XS","E9295","10000",1,0,0,0,0
"W5539XA","E9068","10000",1,0,0,0,0
"W5539XD","E9068","10000",1,0,0,0,0
"W5539XS","E9295","10000",1,0,0,0,0
"W5541XA","E9063","10000",1,0,0,0,0
"W5541XD","E9063","10000",1,0,0,0,0
"W5541XS","E9295","10000",1,0,0,0,0
"W5542XA","E9068","10000",1,0,0,0,0
"W5542XD","E9068","10000",1,0,0,0,0
"W5542XS","E9295","10000",1,0,0,0,0
"W5549XA","E9068","10000",1,0,0,0,0
"W5549XD","E9068","10000",1,0,0,0,0
"W5549XS","E9295","10000",1,0,0,0,0
"W5551XA","E9063","10000",1,0,0,0,0
"W5551XD","E9063","10000",1,0,0,0,0
"W5551XS","E9295","10000",1,0,0,0,0
"W5552XA","E9068","10000",1,0,0,0,0
"W5552XD","E9068","10000",1,0,0,0,0
"W5552XS","E9295","10000",1,0,0,0,0
"W5559XA","E9068","10000",1,0,0,0,0
"W5559XD","E9068","10000",1,0,0,0,0
"W5559XS","E9295","10000",1,0,0,0,0
"W5581XA","E9063","10000",1,0,0,0,0
"W5581XD","E9063","10000",1,0,0,0,0
"W5581XS","E9295","10000",1,0,0,0,0
"W5582XA","E9068","10000",1,0,0,0,0
"W5582XD","E9068","10000",1,0,0,0,0
"W5582XS","E9295","10000",1,0,0,0,0
"W5589XA","E9068","10000",1,0,0,0,0
"W5589XD","E9068","10000",1,0,0,0,0
"W5589XS","E9295","10000",1,0,0,0,0
"W5601XA","E9063","10000",1,0,0,0,0
"W5601XD","E9063","10000",1,0,0,0,0
"W5601XS","E9295","10000",1,0,0,0,0
"W5602XA","E9068","10000",1,0,0,0,0
"W5602XD","E9068","10000",1,0,0,0,0
"W5602XS","E9295","10000",1,0,0,0,0
"W5609XA","E9068","10000",1,0,0,0,0
"W5609XD","E9068","10000",1,0,0,0,0
"W5609XS","E9295","10000",1,0,0,0,0
"W5611XA","E9063","10000",1,0,0,0,0
"W5611XD","E9063","10000",1,0,0,0,0
"W5611XS","E9295","10000",1,0,0,0,0
"W5612XA","E9068","10000",1,0,0,0,0
"W5612XD","E9068","10000",1,0,0,0,0
"W5612XS","E9295","10000",1,0,0,0,0
"W5619XA","E9068","10000",1,0,0,0,0
"W5619XD","E9068","10000",1,0,0,0,0
"W5619XS","E9295","10000",1,0,0,0,0
"W5621XA","E9063","10000",1,0,0,0,0
"W5621XD","E9063","10000",1,0,0,0,0
"W5621XS","E9295","10000",1,0,0,0,0
"W5622XA","E9068","10000",1,0,0,0,0
"W5622XD","E9068","10000",1,0,0,0,0
"W5622XS","E9295","10000",1,0,0,0,0
"W5629XA","E9068","10000",1,0,0,0,0
"W5629XD","E9068","10000",1,0,0,0,0
"W5629XS","E9295","10000",1,0,0,0,0
"W5631XA","E9063","10000",1,0,0,0,0
"W5631XD","E9063","10000",1,0,0,0,0
"W5631XS","E9295","10000",1,0,0,0,0
"W5632XA","E9068","10000",1,0,0,0,0
"W5632XD","E9068","10000",1,0,0,0,0
"W5632XS","E9295","10000",1,0,0,0,0
"W5639XA","E9068","10000",1,0,0,0,0
"W5639XD","E9068","10000",1,0,0,0,0
"W5639XS","E9295","10000",1,0,0,0,0
"W5641XA","E9063","10000",1,0,0,0,0
"W5641XD","E9063","10000",1,0,0,0,0
"W5641XS","E9295","10000",1,0,0,0,0
"W5642XA","E9068","10000",1,0,0,0,0
"W5642XD","E9068","10000",1,0,0,0,0
"W5642XS","E9295","10000",1,0,0,0,0
"W5649XA","E9068","10000",1,0,0,0,0
"W5649XD","E9068","10000",1,0,0,0,0
"W5649XS","E9295","10000",1,0,0,0,0
"W5651XA","E9063","10000",1,0,0,0,0
"W5651XD","E9063","10000",1,0,0,0,0
"W5651XS","E9295","10000",1,0,0,0,0
"W5652XA","E9068","10000",1,0,0,0,0
"W5652XD","E9068","10000",1,0,0,0,0
"W5652XS","E9295","10000",1,0,0,0,0
"W5659XA","E9068","10000",1,0,0,0,0
"W5659XD","E9068","10000",1,0,0,0,0
"W5659XS","E9295","10000",1,0,0,0,0
"W5681XA","E9063","10000",1,0,0,0,0
"W5681XD","E9063","10000",1,0,0,0,0
"W5681XS","E9295","10000",1,0,0,0,0
"W5682XA","E9068","10000",1,0,0,0,0
"W5682XD","E9068","10000",1,0,0,0,0
"W5682XS","E9295","10000",1,0,0,0,0
"W5689XA","E9068","10000",1,0,0,0,0
"W5689XD","E9068","10000",1,0,0,0,0
"W5689XS","E9295","10000",1,0,0,0,0
"W57XXXA","E9064","10000",1,0,0,0,0
"W57XXXD","E9064","10000",1,0,0,0,0
"W57XXXS","E9295","10000",1,0,0,0,0
"W5801XA","E9063","10000",1,0,0,0,0
"W5801XD","E9063","10000",1,0,0,0,0
"W5801XS","E9295","10000",1,0,0,0,0
"W5802XA","E9068","10000",1,0,0,0,0
"W5802XD","E9068","10000",1,0,0,0,0
"W5802XS","E9295","10000",1,0,0,0,0
"W5803XA","E9068","10000",1,0,0,0,0
"W5803XD","E9068","10000",1,0,0,0,0
"W5803XS","E9295","10000",1,0,0,0,0
"W5809XA","E9063","10000",1,0,0,0,0
"W5809XD","E9063","10000",1,0,0,0,0
"W5809XS","E9295","10000",1,0,0,0,0
"W5811XA","E9063","10000",1,0,0,0,0
"W5811XD","E9063","10000",1,0,0,0,0
"W5811XS","E9295","10000",1,0,0,0,0
"W5812XA","E9068","10000",1,0,0,0,0
"W5812XD","E9068","10000",1,0,0,0,0
"W5812XS","E9295","10000",1,0,0,0,0
"W5813XA","E9068","10000",1,0,0,0,0
"W5813XD","E9068","10000",1,0,0,0,0
"W5813XS","E9295","10000",1,0,0,0,0
"W5819XA","E9063","10000",1,0,0,0,0
"W5819XD","E9063","10000",1,0,0,0,0
"W5819XS","E9295","10000",1,0,0,0,0
"W5901XA","E9062","10000",1,0,0,0,0
"W5901XD","E9062","10000",1,0,0,0,0
"W5901XS","E9295","10000",1,0,0,0,0
"W5902XA","E9068","10000",1,0,0,0,0
"W5902XD","E9068","10000",1,0,0,0,0
"W5902XS","E9295","10000",1,0,0,0,0
"W5909XA","E9068","10000",1,0,0,0,0
"W5909XD","E9068","10000",1,0,0,0,0
"W5909XS","E9295","10000",1,0,0,0,0
"W5911XA","E9062","10000",1,0,0,0,0
"W5911XD","E9062","10000",1,0,0,0,0
"W5911XS","E9295","10000",1,0,0,0,0
"W5912XA","E9068","10000",1,0,0,0,0
"W5912XD","E9068","10000",1,0,0,0,0
"W5912XS","E9295","10000",1,0,0,0,0
"W5913XA","E9068","10000",1,0,0,0,0
"W5913XD","E9068","10000",1,0,0,0,0
"W5913XS","E9295","10000",1,0,0,0,0
"W5919XA","E9068","10000",1,0,0,0,0
"W5919XD","E9068","10000",1,0,0,0,0
"W5919XS","E9295","10000",1,0,0,0,0
"W5921XA","E9063","10000",1,0,0,0,0
"W5921XD","E9063","10000",1,0,0,0,0
"W5921XS","E9295","10000",1,0,0,0,0
"W5922XA","E9068","10000",1,0,0,0,0
"W5922XD","E9068","10000",1,0,0,0,0
"W5922XS","E9295","10000",1,0,0,0,0
"W5929XA","E9068","10000",1,0,0,0,0
"W5929XD","E9068","10000",1,0,0,0,0
"W5929XS","E9295","10000",1,0,0,0,0
"W5981XA","E9062","10000",1,0,0,0,0
"W5981XD","E9062","10000",1,0,0,0,0
"W5981XS","E9295","10000",1,0,0,0,0
"W5982XA","E9068","10000",1,0,0,0,0
"W5982XD","E9068","10000",1,0,0,0,0
"W5982XS","E9295","10000",1,0,0,0,0
"W5983XA","E9068","10000",1,0,0,0,0
"W5983XD","E9068","10000",1,0,0,0,0
"W5983XS","E9295","10000",1,0,0,0,0
"W5989XA","E9068","10000",1,0,0,0,0
"W5989XD","E9068","10000",1,0,0,0,0
"W5989XS","E9295","10000",1,0,0,0,0
"W60XXXA","E9208","10000",1,0,0,0,0
"W60XXXD","E9208","10000",1,0,0,0,0
"W60XXXS","E9298","10000",1,0,0,0,0
"W6101XA","E9063","10000",1,0,0,0,0
"W6101XD","E9063","10000",1,0,0,0,0
"W6101XS","E9295","10000",1,0,0,0,0
"W6102XA","E9068","10000",1,0,0,0,0
"W6102XD","E9068","10000",1,0,0,0,0
"W6102XS","E9295","10000",1,0,0,0,0
"W6109XA","E9068","10000",1,0,0,0,0
"W6109XD","E9068","10000",1,0,0,0,0
"W6109XS","E9295","10000",1,0,0,0,0
"W6111XA","E9063","10000",1,0,0,0,0
"W6111XD","E9063","10000",1,0,0,0,0
"W6111XS","E9295","10000",1,0,0,0,0
"W6112XA","E9068","10000",1,0,0,0,0
"W6112XD","E9068","10000",1,0,0,0,0
"W6112XS","E9295","10000",1,0,0,0,0
"W6119XA","E9068","10000",1,0,0,0,0
"W6119XD","E9068","10000",1,0,0,0,0
"W6119XS","E9295","10000",1,0,0,0,0
"W6121XA","E9063","10000",1,0,0,0,0
"W6121XD","E9063","10000",1,0,0,0,0
"W6121XS","E9295","10000",1,0,0,0,0
"W6122XA","E9068","10000",1,0,0,0,0
"W6122XD","E9068","10000",1,0,0,0,0
"W6122XS","E9295","10000",1,0,0,0,0
"W6129XA","E9068","10000",1,0,0,0,0
"W6129XD","E9068","10000",1,0,0,0,0
"W6129XS","E9295","10000",1,0,0,0,0
"W6132XA","E9068","10000",1,0,0,0,0
"W6132XD","E9068","10000",1,0,0,0,0
"W6132XS","E9295","10000",1,0,0,0,0
"W6133XA","E9068","10000",1,0,0,0,0
"W6133XD","E9068","10000",1,0,0,0,0
"W6133XS","E9295","10000",1,0,0,0,0
"W6139XA","E9068","10000",1,0,0,0,0
"W6139XD","E9068","10000",1,0,0,0,0
"W6139XS","E9295","10000",1,0,0,0,0
"W6142XA","E9068","10000",1,0,0,0,0
"W6142XD","E9068","10000",1,0,0,0,0
"W6142XS","E9295","10000",1,0,0,0,0
"W6143XA","E9068","10000",1,0,0,0,0
"W6143XD","E9068","10000",1,0,0,0,0
"W6143XS","E9295","10000",1,0,0,0,0
"W6149XA","E9068","10000",1,0,0,0,0
"W6149XD","E9068","10000",1,0,0,0,0
"W6149XS","E9295","10000",1,0,0,0,0
"W6151XA","E9063","10000",1,0,0,0,0
"W6151XD","E9063","10000",1,0,0,0,0
"W6151XS","E9295","10000",1,0,0,0,0
"W6152XA","E9068","10000",1,0,0,0,0
"W6152XD","E9068","10000",1,0,0,0,0
"W6152XS","E9295","10000",1,0,0,0,0
"W6159XA","E9068","10000",1,0,0,0,0
"W6159XD","E9068","10000",1,0,0,0,0
"W6159XS","E9295","10000",1,0,0,0,0
"W6161XA","E9063","10000",1,0,0,0,0
"W6161XD","E9063","10000",1,0,0,0,0
"W6161XS","E9295","10000",1,0,0,0,0
"W6162XA","E9068","10000",1,0,0,0,0
"W6162XD","E9068","10000",1,0,0,0,0
"W6162XS","E9295","10000",1,0,0,0,0
"W6169XA","E9068","10000",1,0,0,0,0
"W6169XD","E9068","10000",1,0,0,0,0
"W6169XS","E9295","10000",1,0,0,0,0
"W6191XA","E9063","10000",1,0,0,0,0
"W6191XD","E9063","10000",1,0,0,0,0
"W6191XS","E9295","10000",1,0,0,0,0
"W6192XA","E9068","10000",1,0,0,0,0
"W6192XD","E9068","10000",1,0,0,0,0
"W6192XS","E9295","10000",1,0,0,0,0
"W6199XA","E9068","10000",1,0,0,0,0
"W6199XD","E9068","10000",1,0,0,0,0
"W6199XS","E9295","10000",1,0,0,0,0
"W620XXA","E9068","10000",1,0,0,0,0
"W620XXD","E9068","10000",1,0,0,0,0
"W620XXS","E9295","10000",1,0,0,0,0
"W621XXA","E9068","10000",1,0,0,0,0
"W621XXD","E9068","10000",1,0,0,0,0
"W621XXS","E9295","10000",1,0,0,0,0
"W629XXA","E9068","10000",1,0,0,0,0
"W629XXD","E9068","10000",1,0,0,0,0
"W629XXS","E9295","10000",1,0,0,0,0
"W64XXXA","E9069","10000",1,0,0,0,0
"W64XXXD","E9069","10000",1,0,0,0,0
"W64XXXS","E9295","10000",1,0,0,0,0
"W65XXXA","E9104","10000",1,0,0,0,0
"W65XXXD","E9104","10000",1,0,0,0,0
"W65XXXS","E9298","10000",1,0,0,0,0
"W67XXXA","E9108","10000",1,0,0,0,0
"W67XXXD","E9108","10000",1,0,0,0,0
"W67XXXS","E9298","10000",1,0,0,0,0
"W69XXXA","E9102","10000",1,0,0,0,0
"W69XXXD","E9102","10000",1,0,0,0,0
"W69XXXS","E9298","10000",1,0,0,0,0
"W73XXXA","E9108","10000",1,0,0,0,0
"W73XXXD","E9108","10000",1,0,0,0,0
"W73XXXS","E9298","10000",1,0,0,0,0
"W74XXXA","E9109","10000",1,0,0,0,0
"W74XXXD","E9109","10000",1,0,0,0,0
"W74XXXS","E9298","10000",1,0,0,0,0
"W85XXXA","E9251","10000",1,0,0,0,0
"W85XXXD","E9251","10000",1,0,0,0,0
"W85XXXS","E9298","10000",1,0,0,0,0
"W860XXA","E9250","10000",1,0,0,0,0
"W860XXD","E9250","10000",1,0,0,0,0
"W860XXS","E9298","10000",1,0,0,0,0
"W861XXA","E9252","10000",1,0,0,0,0
"W861XXD","E9252","10000",1,0,0,0,0
"W861XXS","E9298","10000",1,0,0,0,0
"W868XXA","E9258","10000",1,0,0,0,0
"W868XXD","E9258","10000",1,0,0,0,0
"W868XXS","E9298","10000",1,0,0,0,0
"W880XXA","E9263","10000",1,0,0,0,0
"W880XXD","E9263","10000",1,0,0,0,0
"W880XXS","E9298","10000",1,0,0,0,0
"W881XXA","E9265","10000",1,0,0,0,0
"W881XXD","E9265","10000",1,0,0,0,0
"W881XXS","E9298","10000",1,0,0,0,0
"W888XXA","E9263","10000",1,0,0,0,0
"W888XXD","E9263","10000",1,0,0,0,0
"W888XXS","E9298","10000",1,0,0,0,0
"W890XXA","E9262","10000",1,0,0,0,0
"W890XXD","E9262","10000",1,0,0,0,0
"W890XXS","E9298","10000",1,0,0,0,0
"W891XXA","E9262","10000",1,0,0,0,0
"W891XXD","E9262","10000",1,0,0,0,0
"W891XXS","E9298","10000",1,0,0,0,0
"W898XXA","E9262","10000",1,0,0,0,0
"W898XXD","E9262","10000",1,0,0,0,0
"W898XXS","E9298","10000",1,0,0,0,0
"W899XXA","E9262","10000",1,0,0,0,0
"W899XXD","E9262","10000",1,0,0,0,0
"W899XXS","E9298","10000",1,0,0,0,0
"W900XXA","E9260","10000",1,0,0,0,0
"W900XXD","E9260","10000",1,0,0,0,0
"W900XXS","E9298","10000",1,0,0,0,0
"W901XXA","E9261","10000",1,0,0,0,0
"W901XXD","E9261","10000",1,0,0,0,0
"W901XXS","E9298","10000",1,0,0,0,0
"W902XXA","E9264","10000",1,0,0,0,0
"W902XXD","E9264","10000",1,0,0,0,0
"W902XXS","E9298","10000",1,0,0,0,0
"W908XXA","E9268","10000",1,0,0,0,0
"W908XXD","E9268","10000",1,0,0,0,0
"W908XXS","E9298","10000",1,0,0,0,0
"W92XXXA","E9001","10000",1,0,0,0,0
"W92XXXD","E9001","10000",1,0,0,0,0
"W92XXXS","E9295","10000",1,0,0,0,0
"W9301XA","E9011","10000",1,0,0,0,0
"W9301XD","E9011","10000",1,0,0,0,0
"W9301XS","E9295","10000",1,0,0,0,0
"W9302XA","E9011","10000",1,0,0,0,0
"W9302XD","E9011","10000",1,0,0,0,0
"W9302XS","E9295","10000",1,0,0,0,0
"W9311XA","E9011","10000",1,0,0,0,0
"W9311XD","E9011","10000",1,0,0,0,0
"W9311XS","E9295","10000",1,0,0,0,0
"W9312XA","E9011","10000",1,0,0,0,0
"W9312XD","E9011","10000",1,0,0,0,0
"W9312XS","E9295","10000",1,0,0,0,0
"W932XXA","E9011","10000",1,0,0,0,0
"W932XXD","E9011","10000",1,0,0,0,0
"W932XXS","E9295","10000",1,0,0,0,0
"W938XXA","E9018","10000",1,0,0,0,0
"W938XXD","E9018","10000",1,0,0,0,0
"W938XXS","E9295","10000",1,0,0,0,0
"W940XXA","E9020","10000",1,0,0,0,0
"W940XXD","E9020","10000",1,0,0,0,0
"W940XXS","E9295","10000",1,0,0,0,0
"W9411XA","E9020","10000",1,0,0,0,0
"W9411XD","E9020","10000",1,0,0,0,0
"W9411XS","E9295","10000",1,0,0,0,0
"W9412XA","E9028","10000",1,0,0,0,0
"W9412XD","E9028","10000",1,0,0,0,0
"W9412XS","E9295","10000",1,0,0,0,0
"W9421XA","E9022","10000",1,0,0,0,0
"W9421XD","E9022","10000",1,0,0,0,0
"W9421XS","E9295","10000",1,0,0,0,0
"W9422XA","E9028","10000",1,0,0,0,0
"W9422XD","E9028","10000",1,0,0,0,0
"W9422XS","E9295","10000",1,0,0,0,0
"W9423XA","E9021","10000",1,0,0,0,0
"W9423XD","E9021","10000",1,0,0,0,0
"W9423XS","E9295","10000",1,0,0,0,0
"W9429XA","E9021","10000",1,0,0,0,0
"W9429XD","E9021","10000",1,0,0,0,0
"W9429XS","E9295","10000",1,0,0,0,0
"W9431XA","E9021","10000",1,0,0,0,0
"W9431XD","E9021","10000",1,0,0,0,0
"W9431XS","E9295","10000",1,0,0,0,0
"W9432XA","E9022","10000",1,0,0,0,0
"W9432XD","E9022","10000",1,0,0,0,0
"W9432XS","E9295","10000",1,0,0,0,0
"W9439XA","E9022","10000",1,0,0,0,0
"W9439XD","E9022","10000",1,0,0,0,0
"W9439XS","E9295","10000",1,0,0,0,0
"W99XXXA","E9028","10000",1,0,0,0,0
"W99XXXD","E9028","10000",1,0,0,0,0
"W99XXXS","E9295","10000",1,0,0,0,0
"X000XXA","E8903","10000",1,0,0,0,0
"X000XXD","E8903","10000",1,0,0,0,0
"X000XXS","E9294","10000",1,0,0,0,0
"X001XXA","E8902","10000",1,0,0,0,0
"X001XXD","E8902","10000",1,0,0,0,0
"X001XXS","E9294","10000",1,0,0,0,0
"X002XXA","E8908","10000",1,0,0,0,0
"X002XXD","E8908","10000",1,0,0,0,0
"X002XXS","E9294","10000",1,0,0,0,0
"X003XXA","E8908","10000",1,0,0,0,0
"X003XXD","E8908","10000",1,0,0,0,0
"X003XXS","E9294","10000",1,0,0,0,0
"X004XXA","E8908","10000",1,0,0,0,0
"X004XXD","E8908","10000",1,0,0,0,0
"X004XXS","E9294","10000",1,0,0,0,0
"X005XXA","E8908","10000",1,0,0,0,0
"X005XXD","E8908","10000",1,0,0,0,0
"X005XXS","E9294","10000",1,0,0,0,0
"X008XXA","E8908","10000",1,0,0,0,0
"X008XXD","E8908","10000",1,0,0,0,0
"X008XXS","E9294","10000",1,0,0,0,0
"X010XXA","E892","10000",1,0,0,0,0
"X010XXD","E892","10000",1,0,0,0,0
"X010XXS","E9294","10000",1,0,0,0,0
"X011XXA","E892","10000",1,0,0,0,0
"X011XXD","E892","10000",1,0,0,0,0
"X011XXS","E9294","10000",1,0,0,0,0
"X013XXA","E892","10000",1,0,0,0,0
"X013XXD","E892","10000",1,0,0,0,0
"X013XXS","E9294","10000",1,0,0,0,0
"X014XXA","E892","10000",1,0,0,0,0
"X014XXD","E892","10000",1,0,0,0,0
"X014XXS","E9294","10000",1,0,0,0,0
"X018XXA","E892","10000",1,0,0,0,0
"X018XXD","E892","10000",1,0,0,0,0
"X018XXS","E9294","10000",1,0,0,0,0
"X020XXA","E8903","10000",1,0,0,0,0
"X020XXD","E8903","10000",1,0,0,0,0
"X020XXS","E9294","10000",1,0,0,0,0
"X021XXA","E8902","10000",1,0,0,0,0
"X021XXD","E8902","10000",1,0,0,0,0
"X021XXS","E9294","10000",1,0,0,0,0
"X022XXA","E8908","10000",1,0,0,0,0
"X022XXD","E8908","10000",1,0,0,0,0
"X022XXS","E9294","10000",1,0,0,0,0
"X023XXA","E8908","10000",1,0,0,0,0
"X023XXD","E8908","10000",1,0,0,0,0
"X023XXS","E9294","10000",1,0,0,0,0
"X024XXA","E8908","10000",1,0,0,0,0
"X024XXD","E8908","10000",1,0,0,0,0
"X024XXS","E9294","10000",1,0,0,0,0
"X025XXA","E8908","10000",1,0,0,0,0
"X025XXD","E8908","10000",1,0,0,0,0
"X025XXS","E9294","10000",1,0,0,0,0
"X028XXA","E896","10000",1,0,0,0,0
"X028XXD","E8908","10000",1,0,0,0,0
"X028XXS","E9294","10000",1,0,0,0,0
"X030XXA","E897","10000",1,0,0,0,0
"X030XXD","E897","10000",1,0,0,0,0
"X030XXS","E9294","10000",1,0,0,0,0
"X031XXA","E897","10000",1,0,0,0,0
"X031XXD","E897","10000",1,0,0,0,0
"X031XXS","E9294","10000",1,0,0,0,0
"X033XXA","E897","10000",1,0,0,0,0
"X033XXD","E897","10000",1,0,0,0,0
"X033XXS","E9294","10000",1,0,0,0,0
"X034XXA","E897","10000",1,0,0,0,0
"X034XXD","E897","10000",1,0,0,0,0
"X034XXS","E9294","10000",1,0,0,0,0
"X038XXA","E897","10000",1,0,0,0,0
"X038XXD","E897","10000",1,0,0,0,0
"X038XXS","E9294","10000",1,0,0,0,0
"X04XXXA","E894","10000",1,0,0,0,0
"X04XXXD","E894","10000",1,0,0,0,0
"X04XXXS","E9294","10000",1,0,0,0,0
"X05XXXA","E8930","10000",1,0,0,0,0
"X05XXXD","E8930","10000",1,0,0,0,0
"X05XXXS","E9294","10000",1,0,0,0,0
"X060XXA","E8938","10000",1,0,0,0,0
"X060XXD","E8938","10000",1,0,0,0,0
"X060XXS","E9294","10000",1,0,0,0,0
"X061XXA","E8938","10000",1,0,0,0,0
"X061XXD","E8938","10000",1,0,0,0,0
"X061XXS","E9294","10000",1,0,0,0,0
"X062XXA","E8938","10000",1,0,0,0,0
"X062XXD","E8938","10000",1,0,0,0,0
"X062XXS","E9294","10000",1,0,0,0,0
"X063XXA","E8938","10000",1,0,0,0,0
"X063XXD","E8938","10000",1,0,0,0,0
"X063XXS","E9294","10000",1,0,0,0,0
"X0800XA","E8981","10000",1,0,0,0,0
"X0800XD","E8981","10000",1,0,0,0,0
"X0800XS","E9294","10000",1,0,0,0,0
"X0801XA","E8981","10000",1,0,0,0,0
"X0801XD","E8981","10000",1,0,0,0,0
"X0801XS","E9294","10000",1,0,0,0,0
"X0809XA","E8980","10000",1,0,0,0,0
"X0809XD","E8980","10000",1,0,0,0,0
"X0809XS","E9294","10000",1,0,0,0,0
"X0810XA","E8981","10000",1,0,0,0,0
"X0810XD","E8981","10000",1,0,0,0,0
"X0810XS","E9294","10000",1,0,0,0,0
"X0811XA","E8981","10000",1,0,0,0,0
"X0811XD","E8981","10000",1,0,0,0,0
"X0811XS","E9294","10000",1,0,0,0,0
"X0819XA","E8981","10000",1,0,0,0,0
"X0819XD","E8981","10000",1,0,0,0,0
"X0819XS","E9294","10000",1,0,0,0,0
"X0820XA","E8981","10000",1,0,0,0,0
"X0820XD","E8981","10000",1,0,0,0,0
"X0820XS","E9294","10000",1,0,0,0,0
"X0821XA","E8981","10000",1,0,0,0,0
"X0821XD","E8981","10000",1,0,0,0,0
"X0821XS","E9294","10000",1,0,0,0,0
"X0829XA","E8981","10000",1,0,0,0,0
"X0829XD","E8981","10000",1,0,0,0,0
"X0829XS","E9294","10000",1,0,0,0,0
"X088XXA","E8981","10000",1,0,0,0,0
"X088XXD","E8981","10000",1,0,0,0,0
"X088XXS","E9294","10000",1,0,0,0,0
"X100XXA","E9240","10000",1,0,0,0,0
"X100XXD","E9240","10000",1,0,0,0,0
"X100XXS","E9298","10000",1,0,0,0,0
"X101XXA","E9240","10000",1,0,0,0,0
"X101XXD","E9240","10000",1,0,0,0,0
"X101XXS","E9298","10000",1,0,0,0,0
"X102XXA","E9240","10000",1,0,0,0,0
"X102XXD","E9240","10000",1,0,0,0,0
"X102XXS","E9298","10000",1,0,0,0,0
"X110XXA","E9242","10000",1,0,0,0,0
"X110XXD","E9242","10000",1,0,0,0,0
"X110XXS","E9298","10000",1,0,0,0,0
"X111XXA","E9242","10000",1,0,0,0,0
"X111XXD","E9242","10000",1,0,0,0,0
"X111XXS","E9298","10000",1,0,0,0,0
"X118XXA","E9242","10000",1,0,0,0,0
"X118XXD","E9242","10000",1,0,0,0,0
"X118XXS","E9298","10000",1,0,0,0,0
"X12XXXA","E9240","10000",1,0,0,0,0
"X12XXXD","E9240","10000",1,0,0,0,0
"X12XXXS","E9298","10000",1,0,0,0,0
"X130XXA","E9240","10000",1,0,0,0,0
"X130XXD","E9240","10000",1,0,0,0,0
"X130XXS","E9298","10000",1,0,0,0,0
"X131XXA","E9240","10000",1,0,0,0,0
"X131XXD","E9240","10000",1,0,0,0,0
"X131XXS","E9298","10000",1,0,0,0,0
"X140XXA","E9240","10000",1,0,0,0,0
"X140XXD","E9240","10000",1,0,0,0,0
"X140XXS","E9298","10000",1,0,0,0,0
"X141XXA","E9240","10000",1,0,0,0,0
"X141XXD","E9240","10000",1,0,0,0,0
"X141XXS","E9298","10000",1,0,0,0,0
"X150XXA","E9248","10000",1,0,0,0,0
"X150XXD","E9248","10000",1,0,0,0,0
"X150XXS","E9298","10000",1,0,0,0,0
"X151XXA","E9248","10000",1,0,0,0,0
"X151XXD","E9248","10000",1,0,0,0,0
"X151XXS","E9298","10000",1,0,0,0,0
"X152XXA","E9248","10000",1,0,0,0,0
"X152XXD","E9248","10000",1,0,0,0,0
"X152XXS","E9298","10000",1,0,0,0,0
"X153XXA","E9248","10000",1,0,0,0,0
"X153XXD","E9248","10000",1,0,0,0,0
"X153XXS","E9298","10000",1,0,0,0,0
"X158XXA","E9248","10000",1,0,0,0,0
"X158XXD","E9248","10000",1,0,0,0,0
"X158XXS","E9298","10000",1,0,0,0,0
"X16XXXA","E9248","10000",1,0,0,0,0
"X16XXXD","E9248","10000",1,0,0,0,0
"X16XXXS","E9298","10000",1,0,0,0,0
"X17XXXA","E9248","10000",1,0,0,0,0
"X17XXXD","E9248","10000",1,0,0,0,0
"X17XXXS","E9298","10000",1,0,0,0,0
"X18XXXA","E9240","10000",1,0,0,0,0
"X18XXXD","E9240","10000",1,0,0,0,0
"X18XXXS","E9298","10000",1,0,0,0,0
"X19XXXA","E9248","10000",1,0,0,0,0
"X19XXXD","E9248","10000",1,0,0,0,0
"X19XXXS","E9298","10000",1,0,0,0,0
"X30XXXA","E9000","10000",1,0,0,0,0
"X30XXXD","E9000","10000",1,0,0,0,0
"X30XXXS","E9295","10000",1,0,0,0,0
"X31XXXA","E9010","10000",1,0,0,0,0
"X31XXXD","E9010","10000",1,0,0,0,0
"X31XXXS","E9295","10000",1,0,0,0,0
"X32XXXA","E9000","10000",1,0,0,0,0
"X32XXXD","E9000","10000",1,0,0,0,0
"X32XXXS","E9295","10000",1,0,0,0,0
"X34XXXA","E9090","10000",1,0,0,0,0
"X34XXXD","E9090","10000",1,0,0,0,0
"X34XXXS","E9295","10000",1,0,0,0,0
"X35XXXA","E9091","10000",1,0,0,0,0
"X35XXXD","E9091","10000",1,0,0,0,0
"X35XXXS","E9295","10000",1,0,0,0,0
"X360XXA","E9093","10000",1,0,0,0,0
"X360XXD","E9093","10000",1,0,0,0,0
"X360XXS","E9295","10000",1,0,0,0,0
"X361XXA","E9092","10000",1,0,0,0,0
"X361XXD","E9092","10000",1,0,0,0,0
"X361XXS","E9295","10000",1,0,0,0,0
"X370XXA","E9080","10000",1,0,0,0,0
"X370XXD","E9080","10000",1,0,0,0,0
"X370XXS","E9295","10000",1,0,0,0,0
"X371XXA","E9081","10000",1,0,0,0,0
"X371XXD","E9081","10000",1,0,0,0,0
"X371XXS","E9295","10000",1,0,0,0,0
"X372XXA","E9083","10000",1,0,0,0,0
"X372XXD","E9083","10000",1,0,0,0,0
"X372XXS","E9295","10000",1,0,0,0,0
"X373XXA","E9084","10000",1,0,0,0,0
"X373XXD","E9084","10000",1,0,0,0,0
"X373XXS","E9295","10000",1,0,0,0,0
"X3741XA","E9094","10000",1,0,0,0,0
"X3741XD","E9094","10000",1,0,0,0,0
"X3741XS","E9295","10000",1,0,0,0,0
"X3742XA","E9080","10000",1,0,0,0,0
"X3742XD","E9080","10000",1,0,0,0,0
"X3742XS","E9295","10000",1,0,0,0,0
"X3743XA","E9098","10000",1,0,0,0,0
"X3743XD","E9098","10000",1,0,0,0,0
"X3743XS","E9295","10000",1,0,0,0,0
"X378XXA","E9088","10000",1,0,0,0,0
"X378XXD","E9088","10000",1,0,0,0,0
"X378XXS","E9295","10000",1,0,0,0,0
"X379XXA","E9089","10000",1,0,0,0,0
"X379XXD","E9089","10000",1,0,0,0,0
"X379XXS","E9295","10000",1,0,0,0,0
"X38XXXA","E9082","10000",1,0,0,0,0
"X38XXXD","E9082","10000",1,0,0,0,0
"X38XXXS","E9295","10000",1,0,0,0,0
"X3901XA","E9268","10000",1,0,0,0,0
"X3901XD","E9268","10000",1,0,0,0,0
"X3901XS","E9298","10000",1,0,0,0,0
"X3908XA","E9268","10000",1,0,0,0,0
"X3908XD","E9268","10000",1,0,0,0,0
"X3908XS","E9298","10000",1,0,0,0,0
"X398XXA","E9288","10000",1,0,0,0,0
"X398XXD","E9288","10000",1,0,0,0,0
"X398XXS","E9295","10000",1,0,0,0,0
"X52XXXA","E9280","10000",1,0,0,0,0
"X52XXXD","E9280","10000",1,0,0,0,0
"X52XXXS","E9298","10000",1,0,0,0,0
"X58XXXA","E9288","10000",1,0,0,0,0
"X58XXXD","E9288","10000",1,0,0,0,0
"X58XXXS","E9298","10000",1,0,0,0,0
"X710XXA","E954","10000",1,0,0,0,0
"X710XXD","E954","10000",1,0,0,0,0
"X710XXS","E959","10000",1,0,0,0,0
"X711XXA","E954","10000",1,0,0,0,0
"X711XXD","E954","10000",1,0,0,0,0
"X711XXS","E959","10000",1,0,0,0,0
"X712XXA","E954","10000",1,0,0,0,0
"X712XXD","E954","10000",1,0,0,0,0
"X712XXS","E959","10000",1,0,0,0,0
"X713XXA","E954","10000",1,0,0,0,0
"X713XXD","E954","10000",1,0,0,0,0
"X713XXS","E959","10000",1,0,0,0,0
"X718XXA","E954","10000",1,0,0,0,0
"X718XXD","E954","10000",1,0,0,0,0
"X718XXS","E959","10000",1,0,0,0,0
"X719XXA","E954","10000",1,0,0,0,0
"X719XXD","E954","10000",1,0,0,0,0
"X719XXS","E959","10000",1,0,0,0,0
"X72XXXA","E9550","10000",1,0,0,0,0
"X72XXXD","E9550","10000",1,0,0,0,0
"X72XXXS","E959","10000",1,0,0,0,0
"X730XXA","E9551","10000",1,0,0,0,0
"X730XXD","E9551","10000",1,0,0,0,0
"X730XXS","E959","10000",1,0,0,0,0
"X731XXA","E9552","10000",1,0,0,0,0
"X731XXD","E9552","10000",1,0,0,0,0
"X731XXS","E959","10000",1,0,0,0,0
"X732XXA","E9553","10000",1,0,0,0,0
"X732XXD","E9553","10000",1,0,0,0,0
"X732XXS","E959","10000",1,0,0,0,0
"X738XXA","E9554","10000",1,0,0,0,0
"X738XXD","E9554","10000",1,0,0,0,0
"X738XXS","E959","10000",1,0,0,0,0
"X739XXA","E9554","10000",1,0,0,0,0
"X739XXD","E9554","10000",1,0,0,0,0
"X739XXS","E959","10000",1,0,0,0,0
"X7401XA","E9556","10000",1,0,0,0,0
"X7401XD","E9556","10000",1,0,0,0,0
"X7401XS","E959","10000",1,0,0,0,0
"X7402XA","E9557","10000",1,0,0,0,0
"X7402XD","E9557","10000",1,0,0,0,0
"X7402XS","E959","10000",1,0,0,0,0
"X7409XA","E9556","10000",1,0,0,0,0
"X7409XD","E9556","10000",1,0,0,0,0
"X7409XS","E959","10000",1,0,0,0,0
"X748XXA","E9554","10000",1,0,0,0,0
"X748XXD","E9554","10000",1,0,0,0,0
"X748XXS","E959","10000",1,0,0,0,0
"X749XXA","E9559","10000",1,0,0,0,0
"X749XXD","E9559","10000",1,0,0,0,0
"X749XXS","E959","10000",1,0,0,0,0
"X75XXXA","E9555","10000",1,0,0,0,0
"X75XXXD","E9555","10000",1,0,0,0,0
"X75XXXS","E959","10000",1,0,0,0,0
"X76XXXA","E9581","10000",1,0,0,0,0
"X76XXXD","E9581","10000",1,0,0,0,0
"X76XXXS","E959","10000",1,0,0,0,0
"X770XXA","E9582","10000",1,0,0,0,0
"X770XXD","E9582","10000",1,0,0,0,0
"X770XXS","E959","10000",1,0,0,0,0
"X771XXA","E9582","10000",1,0,0,0,0
"X771XXD","E9582","10000",1,0,0,0,0
"X771XXS","E959","10000",1,0,0,0,0
"X772XXA","E9582","10000",1,0,0,0,0
"X772XXD","E9582","10000",1,0,0,0,0
"X772XXS","E959","10000",1,0,0,0,0
"X773XXA","E9581","10000",1,0,0,0,0
"X773XXD","E9581","10000",1,0,0,0,0
"X773XXS","E959","10000",1,0,0,0,0
"X778XXA","E9581","10000",1,0,0,0,0
"X778XXD","E9581","10000",1,0,0,0,0
"X778XXS","E959","10000",1,0,0,0,0
"X779XXA","E9581","10000",1,0,0,0,0
"X779XXD","E9581","10000",1,0,0,0,0
"X779XXS","E959","10000",1,0,0,0,0
"X780XXA","E956","10000",1,0,0,0,0
"X780XXD","E956","10000",1,0,0,0,0
"X780XXS","E959","10000",1,0,0,0,0
"X781XXA","E956","10000",1,0,0,0,0
"X781XXD","E956","10000",1,0,0,0,0
"X781XXS","E959","10000",1,0,0,0,0
"X782XXA","E956","10000",1,0,0,0,0
"X782XXD","E956","10000",1,0,0,0,0
"X782XXS","E959","10000",1,0,0,0,0
"X788XXA","E956","10000",1,0,0,0,0
"X788XXD","E956","10000",1,0,0,0,0
"X788XXS","E959","10000",1,0,0,0,0
"X789XXA","E956","10000",1,0,0,0,0
"X789XXD","E956","10000",1,0,0,0,0
"X789XXS","E959","10000",1,0,0,0,0
"X79XXXA","E9588","10000",1,0,0,0,0
"X79XXXD","E9588","10000",1,0,0,0,0
"X79XXXS","E959","10000",1,0,0,0,0
"X80XXXA","E9579","10000",1,0,0,0,0
"X80XXXD","E9579","10000",1,0,0,0,0
"X80XXXS","E959","10000",1,0,0,0,0
"X810XXA","E9580","10000",1,0,0,0,0
"X810XXD","E9580","10000",1,0,0,0,0
"X810XXS","E959","10000",1,0,0,0,0
"X811XXA","E9580","10000",1,0,0,0,0
"X811XXD","E9580","10000",1,0,0,0,0
"X811XXS","E959","10000",1,0,0,0,0
"X818XXA","E9580","10000",1,0,0,0,0
"X818XXD","E9580","10000",1,0,0,0,0
"X818XXS","E959","10000",1,0,0,0,0
"X820XXA","E9585","10000",1,0,0,0,0
"X820XXD","E9585","10000",1,0,0,0,0
"X820XXS","E959","10000",1,0,0,0,0
"X821XXA","E9585","10000",1,0,0,0,0
"X821XXD","E9585","10000",1,0,0,0,0
"X821XXS","E959","10000",1,0,0,0,0
"X822XXA","E9585","10000",1,0,0,0,0
"X822XXD","E9585","10000",1,0,0,0,0
"X822XXS","E959","10000",1,0,0,0,0
"X828XXA","E9585","10000",1,0,0,0,0
"X828XXD","E9585","10000",1,0,0,0,0
"X828XXS","E959","10000",1,0,0,0,0
"X830XXA","E9586","10000",1,0,0,0,0
"X830XXD","E9586","10000",1,0,0,0,0
"X830XXS","E959","10000",1,0,0,0,0
"X831XXA","E9584","10000",1,0,0,0,0
"X831XXD","E9584","10000",1,0,0,0,0
"X831XXS","E959","10000",1,0,0,0,0
"X832XXA","E9583","10000",1,0,0,0,0
"X832XXD","E9583","10000",1,0,0,0,0
"X832XXS","E959","10000",1,0,0,0,0
"X838XXA","E9587","10000",1,0,0,0,0
"X838XXA","E9588","10000",1,0,0,0,0
"X838XXD","E9587","10000",1,0,0,0,0
"X838XXD","E9588","10000",1,0,0,0,0
"X838XXS","E959","10000",1,0,0,0,0
"X920XXA","E964","10000",1,0,0,0,0
"X920XXD","E964","10000",1,0,0,0,0
"X920XXS","E969","10000",1,0,0,0,0
"X921XXA","E964","10000",1,0,0,0,0
"X921XXD","E964","10000",1,0,0,0,0
"X921XXS","E969","10000",1,0,0,0,0
"X922XXA","E964","10000",1,0,0,0,0
"X922XXD","E964","10000",1,0,0,0,0
"X922XXS","E969","10000",1,0,0,0,0
"X923XXA","E964","10000",1,0,0,0,0
"X923XXD","E964","10000",1,0,0,0,0
"X923XXS","E969","10000",1,0,0,0,0
"X928XXA","E964","10000",1,0,0,0,0
"X928XXD","E964","10000",1,0,0,0,0
"X928XXS","E969","10000",1,0,0,0,0
"X929XXA","E964","10000",1,0,0,0,0
"X929XXD","E964","10000",1,0,0,0,0
"X929XXS","E969","10000",1,0,0,0,0
"X93XXXA","E9650","10000",1,0,0,0,0
"X93XXXD","E9650","10000",1,0,0,0,0
"X93XXXS","E969","10000",1,0,0,0,0
"X940XXA","E9651","10000",1,0,0,0,0
"X940XXD","E9651","10000",1,0,0,0,0
"X940XXS","E969","10000",1,0,0,0,0
"X941XXA","E9652","10000",1,0,0,0,0
"X941XXD","E9652","10000",1,0,0,0,0
"X941XXS","E969","10000",1,0,0,0,0
"X942XXA","E9653","10000",1,0,0,0,0
"X942XXD","E9653","10000",1,0,0,0,0
"X942XXS","E969","10000",1,0,0,0,0
"X948XXA","E9654","10000",1,0,0,0,0
"X948XXD","E9654","10000",1,0,0,0,0
"X948XXS","E969","10000",1,0,0,0,0
"X949XXA","E9654","10000",1,0,0,0,0
"X949XXD","E9654","10000",1,0,0,0,0
"X949XXS","E969","10000",1,0,0,0,0
"X9501XA","E9686","10000",1,0,0,0,0
"X9501XD","E9686","10000",1,0,0,0,0
"X9501XS","E969","10000",1,0,0,0,0
"X9502XA","E9654","10000",1,0,0,0,0
"X9502XD","E9654","10000",1,0,0,0,0
"X9502XS","E969","10000",1,0,0,0,0
"X9509XA","E9654","10000",1,0,0,0,0
"X9509XD","E9654","10000",1,0,0,0,0
"X9509XS","E969","10000",1,0,0,0,0
"X958XXA","E9654","10000",1,0,0,0,0
"X958XXD","E9654","10000",1,0,0,0,0
"X958XXS","E969","10000",1,0,0,0,0
"X959XXA","E9654","10000",1,0,0,0,0
"X959XXD","E9654","10000",1,0,0,0,0
"X959XXS","E969","10000",1,0,0,0,0
"X960XXA","E9655","10000",1,0,0,0,0
"X960XXD","E9655","10000",1,0,0,0,0
"X960XXS","E969","10000",1,0,0,0,0
"X961XXA","E9656","10000",1,0,0,0,0
"X961XXD","E9656","10000",1,0,0,0,0
"X961XXS","E969","10000",1,0,0,0,0
"X962XXA","E9657","10000",1,0,0,0,0
"X962XXD","E9657","10000",1,0,0,0,0
"X962XXS","E969","10000",1,0,0,0,0
"X963XXA","E9658","10000",1,0,0,0,0
"X963XXD","E9658","10000",1,0,0,0,0
"X963XXS","E969","10000",1,0,0,0,0
"X964XXA","E9658","10000",1,0,0,0,0
"X964XXD","E9658","10000",1,0,0,0,0
"X964XXS","E969","10000",1,0,0,0,0
"X968XXA","E9658","10000",1,0,0,0,0
"X968XXD","E9658","10000",1,0,0,0,0
"X968XXS","E969","10000",1,0,0,0,0
"X969XXA","E9659","10000",1,0,0,0,0
"X969XXD","E9659","10000",1,0,0,0,0
"X969XXS","E969","10000",1,0,0,0,0
"X97XXXA","E9680","10000",1,0,0,0,0
"X97XXXD","E9680","10000",1,0,0,0,0
"X97XXXS","E969","10000",1,0,0,0,0
"X980XXA","E9688","10000",1,0,0,0,0
"X980XXD","E9688","10000",1,0,0,0,0
"X980XXS","E969","10000",1,0,0,0,0
"X981XXA","E9683","10000",1,0,0,0,0
"X981XXD","E9683","10000",1,0,0,0,0
"X981XXS","E969","10000",1,0,0,0,0
"X982XXA","E9683","10000",1,0,0,0,0
"X982XXD","E9683","10000",1,0,0,0,0
"X982XXS","E969","10000",1,0,0,0,0
"X983XXA","E9688","10000",1,0,0,0,0
"X983XXD","E9688","10000",1,0,0,0,0
"X983XXS","E969","10000",1,0,0,0,0
"X988XXA","E9688","10000",1,0,0,0,0
"X988XXD","E9688","10000",1,0,0,0,0
"X988XXS","E969","10000",1,0,0,0,0
"X989XXA","E9688","10000",1,0,0,0,0
"X989XXD","E9688","10000",1,0,0,0,0
"X989XXS","E969","10000",1,0,0,0,0
"X990XXA","E966","10000",1,0,0,0,0
"X990XXD","E966","10000",1,0,0,0,0
"X990XXS","E969","10000",1,0,0,0,0
"X991XXA","E966","10000",1,0,0,0,0
"X991XXD","E966","10000",1,0,0,0,0
"X991XXS","E969","10000",1,0,0,0,0
"X992XXA","E966","10000",1,0,0,0,0
"X992XXD","E966","10000",1,0,0,0,0
"X992XXS","E969","10000",1,0,0,0,0
"X998XXA","E966","10000",1,0,0,0,0
"X998XXD","E966","10000",1,0,0,0,0
"X998XXS","E969","10000",1,0,0,0,0
"X999XXA","E966","10000",1,0,0,0,0
"X999XXD","E966","10000",1,0,0,0,0
"X999XXS","E969","10000",1,0,0,0,0
"Y00XXXA","E9682","10000",1,0,0,0,0
"Y00XXXD","E9682","10000",1,0,0,0,0
"Y00XXXS","E969","10000",1,0,0,0,0
"Y01XXXA","E9681","10000",1,0,0,0,0
"Y01XXXD","E9681","10000",1,0,0,0,0
"Y01XXXS","E969","10000",1,0,0,0,0
"Y020XXA","E9685","10000",1,0,0,0,0
"Y020XXD","E9685","10000",1,0,0,0,0
"Y020XXS","E969","10000",1,0,0,0,0
"Y021XXA","E9685","10000",1,0,0,0,0
"Y021XXD","E9685","10000",1,0,0,0,0
"Y021XXS","E969","10000",1,0,0,0,0
"Y028XXA","E9685","10000",1,0,0,0,0
"Y028XXD","E9685","10000",1,0,0,0,0
"Y028XXS","E969","10000",1,0,0,0,0
"Y030XXA","E9685","10000",1,0,0,0,0
"Y030XXD","E9685","10000",1,0,0,0,0
"Y030XXS","E969","10000",1,0,0,0,0
"Y038XXA","E9685","10000",1,0,0,0,0
"Y038XXD","E9685","10000",1,0,0,0,0
"Y038XXS","E969","10000",1,0,0,0,0
"Y040XXA","E9600","10000",1,0,0,0,0
"Y040XXD","E9600","10000",1,0,0,0,0
"Y040XXS","E969","10000",1,0,0,0,0
"Y041XXA","E9687","10000",1,0,0,0,0
"Y041XXD","E9687","10000",1,0,0,0,0
"Y041XXS","E969","10000",1,0,0,0,0
"Y042XXA","E9600","10000",1,0,0,0,0
"Y042XXD","E9600","10000",1,0,0,0,0
"Y042XXS","E969","10000",1,0,0,0,0
"Y048XXA","E9600","10000",1,0,0,0,0
"Y048XXD","E9600","10000",1,0,0,0,0
"Y048XXS","E969","10000",1,0,0,0,0
"Y0701","E9673","10000",1,0,0,0,0
"Y0701","E9684","10000",1,0,0,0,0
"Y0702","E9673","10000",1,0,0,0,0
"Y0702","E9684","10000",1,0,0,0,0
"Y0703","E9673","10000",1,0,0,0,0
"Y0703","E9684","10000",1,0,0,0,0
"Y0704","E9673","10000",1,0,0,0,0
"Y0704","E9684","10000",1,0,0,0,0
"Y0711","E9670","10000",1,0,0,0,0
"Y0711","E9684","10000",1,0,0,0,0
"Y0712","E9672","10000",1,0,0,0,0
"Y0712","E9684","10000",1,0,0,0,0
"Y0713","E9670","10000",1,0,0,0,0
"Y0713","E9684","10000",1,0,0,0,0
"Y0714","E9672","10000",1,0,0,0,0
"Y0714","E9684","10000",1,0,0,0,0
"Y07410","E9675","10000",1,0,0,0,0
"Y07410","E9684","10000",1,0,0,0,0
"Y07411","E9675","10000",1,0,0,0,0
"Y07411","E9684","10000",1,0,0,0,0
"Y07420","E9678","10000",1,0,0,0,0
"Y07420","E9684","10000",1,0,0,0,0
"Y07421","E9678","10000",1,0,0,0,0
"Y07421","E9684","10000",1,0,0,0,0
"Y07430","E9670","10000",1,0,0,0,0
"Y07430","E9684","10000",1,0,0,0,0
"Y07432","E9670","10000",1,0,0,0,0
"Y07432","E9684","10000",1,0,0,0,0
"Y07433","E9672","10000",1,0,0,0,0
"Y07433","E9684","10000",1,0,0,0,0
"Y07434","E9672","10000",1,0,0,0,0
"Y07434","E9684","10000",1,0,0,0,0
"Y07435","E9675","10000",1,0,0,0,0
"Y07435","E9684","10000",1,0,0,0,0
"Y07436","E9675","10000",1,0,0,0,0
"Y07436","E9684","10000",1,0,0,0,0
"Y07490","E9677","10000",1,0,0,0,0
"Y07490","E9684","10000",1,0,0,0,0
"Y07491","E9677","10000",1,0,0,0,0
"Y07491","E9684","10000",1,0,0,0,0
"Y07499","E9677","10000",1,0,0,0,0
"Y07499","E9684","10000",1,0,0,0,0
"Y0750","E9678","10000",1,0,0,0,0
"Y0750","E9684","10000",1,0,0,0,0
"Y07510","E9678","10000",1,0,0,0,0
"Y07510","E9684","10000",1,0,0,0,0
"Y07511","E9678","10000",1,0,0,0,0
"Y07511","E9684","10000",1,0,0,0,0
"Y07512","E9678","10000",1,0,0,0,0
"Y07512","E9684","10000",1,0,0,0,0
"Y07513","E9678","10000",1,0,0,0,0
"Y07513","E9684","10000",1,0,0,0,0
"Y07519","E9678","10000",1,0,0,0,0
"Y07519","E9684","10000",1,0,0,0,0
"Y07521","E9678","10000",1,0,0,0,0
"Y07521","E9684","10000",1,0,0,0,0
"Y07528","E9678","10000",1,0,0,0,0
"Y07528","E9684","10000",1,0,0,0,0
"Y07529","E9678","10000",1,0,0,0,0
"Y07529","E9684","10000",1,0,0,0,0
"Y0753","E9678","10000",1,0,0,0,0
"Y0753","E9684","10000",1,0,0,0,0
"Y0759","E9678","10000",1,0,0,0,0
"Y0759","E9684","10000",1,0,0,0,0
"Y079","E9679","10000",1,0,0,0,0
"Y0801XA","E9682","10000",1,0,0,0,0
"Y0801XD","E9682","10000",1,0,0,0,0
"Y0801XS","E969","10000",1,0,0,0,0
"Y0802XA","E9682","10000",1,0,0,0,0
"Y0802XD","E9682","10000",1,0,0,0,0
"Y0802XS","E969","10000",1,0,0,0,0
"Y0809XA","E9682","10000",1,0,0,0,0
"Y0809XD","E9682","10000",1,0,0,0,0
"Y0809XS","E969","10000",1,0,0,0,0
"Y0881XA","E9685","10000",1,0,0,0,0
"Y0881XD","E9685","10000",1,0,0,0,0
"Y0881XS","E969","10000",1,0,0,0,0
"Y0889XA","E9688","10000",1,0,0,0,0
"Y0889XD","E9688","10000",1,0,0,0,0
"Y0889XS","E969","10000",1,0,0,0,0
"Y09","E9689","00000",0,0,0,0,0
"Y210XXA","E9104","10000",1,0,0,0,0
"Y210XXD","E9104","10000",1,0,0,0,0
"Y210XXS","E9298","10000",1,0,0,0,0
"Y211XXA","E9104","10000",1,0,0,0,0
"Y211XXD","E9104","10000",1,0,0,0,0
"Y211XXS","E9298","10000",1,0,0,0,0
"Y212XXA","E9108","10000",1,0,0,0,0
"Y212XXD","E9108","10000",1,0,0,0,0
"Y212XXS","E9298","10000",1,0,0,0,0
"Y213XXA","E9108","10000",1,0,0,0,0
"Y213XXD","E9108","10000",1,0,0,0,0
"Y213XXS","E9298","10000",1,0,0,0,0
"Y214XXA","E9108","10000",1,0,0,0,0
"Y214XXD","E9108","10000",1,0,0,0,0
"Y214XXS","E9298","10000",1,0,0,0,0
"Y218XXA","E9108","10000",1,0,0,0,0
"Y218XXD","E9108","10000",1,0,0,0,0
"Y218XXS","E9298","10000",1,0,0,0,0
"Y219XXA","E984","10000",1,0,0,0,0
"Y219XXD","E984","10000",1,0,0,0,0
"Y219XXS","E9298","10000",1,0,0,0,0
"Y22XXXA","E9850","10000",1,0,0,0,0
"Y22XXXD","E9850","10000",1,0,0,0,0
"Y22XXXS","E9298","10000",1,0,0,0,0
"Y230XXA","E9851","10000",1,0,0,0,0
"Y230XXD","E9851","10000",1,0,0,0,0
"Y230XXS","E9298","10000",1,0,0,0,0
"Y231XXA","E9852","10000",1,0,0,0,0
"Y231XXD","E9852","10000",1,0,0,0,0
"Y231XXS","E9298","10000",1,0,0,0,0
"Y232XXA","E9853","10000",1,0,0,0,0
"Y232XXD","E9853","10000",1,0,0,0,0
"Y232XXS","E9298","10000",1,0,0,0,0
"Y233XXA","E9853","10000",1,0,0,0,0
"Y233XXD","E9853","10000",1,0,0,0,0
"Y233XXS","E9298","10000",1,0,0,0,0
"Y238XXA","E9854","10000",1,0,0,0,0
"Y238XXD","E9854","10000",1,0,0,0,0
"Y238XXS","E9298","10000",1,0,0,0,0
"Y239XXA","E9854","10000",1,0,0,0,0
"Y239XXD","E9854","10000",1,0,0,0,0
"Y239XXS","E9298","10000",1,0,0,0,0
"Y240XXA","E9856","10000",1,0,0,0,0
"Y240XXD","E9856","10000",1,0,0,0,0
"Y240XXS","E9298","10000",1,0,0,0,0
"Y248XXA","E9857","10000",1,0,0,0,0
"Y248XXD","E9857","10000",1,0,0,0,0
"Y248XXS","E9298","10000",1,0,0,0,0
"Y249XXA","E9854","10000",1,0,0,0,0
"Y249XXD","E9854","10000",1,0,0,0,0
"Y249XXS","E9298","10000",1,0,0,0,0
"Y25XXXA","E9855","10000",1,0,0,0,0
"Y25XXXD","E9855","10000",1,0,0,0,0
"Y25XXXS","E9298","10000",1,0,0,0,0
"Y26XXXA","E9881","10000",1,0,0,0,0
"Y26XXXD","E9881","10000",1,0,0,0,0
"Y26XXXS","E9298","10000",1,0,0,0,0
"Y270XXA","E9882","10000",1,0,0,0,0
"Y270XXD","E9882","10000",1,0,0,0,0
"Y270XXS","E9298","10000",1,0,0,0,0
"Y271XXA","E9882","10000",1,0,0,0,0
"Y271XXD","E9882","10000",1,0,0,0,0
"Y271XXS","E9298","10000",1,0,0,0,0
"Y272XXA","E9882","10000",1,0,0,0,0
"Y272XXD","E9882","10000",1,0,0,0,0
"Y272XXS","E9298","10000",1,0,0,0,0
"Y273XXA","E9881","10000",1,0,0,0,0
"Y273XXD","E9881","10000",1,0,0,0,0
"Y273XXS","E9298","10000",1,0,0,0,0
"Y278XXA","E9881","10000",1,0,0,0,0
"Y278XXD","E9881","10000",1,0,0,0,0
"Y278XXS","E9298","10000",1,0,0,0,0
"Y279XXA","E9881","10000",1,0,0,0,0
"Y279XXD","E9881","10000",1,0,0,0,0
"Y279XXS","E9298","10000",1,0,0,0,0
"Y280XXA","E986","10000",1,0,0,0,0
"Y280XXD","E986","10000",1,0,0,0,0
"Y280XXS","E9298","10000",1,0,0,0,0
"Y281XXA","E986","10000",1,0,0,0,0
"Y281XXD","E986","10000",1,0,0,0,0
"Y281XXS","E9298","10000",1,0,0,0,0
"Y282XXA","E986","10000",1,0,0,0,0
"Y282XXD","E986","10000",1,0,0,0,0
"Y282XXS","E9298","10000",1,0,0,0,0
"Y288XXA","E986","10000",1,0,0,0,0
"Y288XXD","E986","10000",1,0,0,0,0
"Y288XXS","E9298","10000",1,0,0,0,0
"Y289XXA","E986","10000",1,0,0,0,0
"Y289XXD","E986","10000",1,0,0,0,0
"Y289XXS","E9298","10000",1,0,0,0,0
"Y29XXXA","E9888","10000",1,0,0,0,0
"Y29XXXD","E9888","10000",1,0,0,0,0
"Y29XXXS","E9298","10000",1,0,0,0,0
"Y30XXXA","E9879","10000",1,0,0,0,0
"Y30XXXD","E9879","10000",1,0,0,0,0
"Y30XXXS","E9298","10000",1,0,0,0,0
"Y31XXXA","E9880","10000",1,0,0,0,0
"Y31XXXD","E9880","10000",1,0,0,0,0
"Y31XXXS","E9298","10000",1,0,0,0,0
"Y32XXXA","E9885","10000",1,0,0,0,0
"Y32XXXD","E9885","10000",1,0,0,0,0
"Y32XXXS","E9298","10000",1,0,0,0,0
"Y33XXXA","E9888","10000",1,0,0,0,0
"Y33XXXD","E9888","10000",1,0,0,0,0
"Y33XXXS","E9298","10000",1,0,0,0,0
"Y35001A","E970","10000",1,0,0,0,0
"Y35001D","E970","10000",1,0,0,0,0
"Y35001S","E977","10000",1,0,0,0,0
"Y35002A","E970","10000",1,0,0,0,0
"Y35002D","E970","10000",1,0,0,0,0
"Y35002S","E977","10000",1,0,0,0,0
"Y35003A","E970","10000",1,0,0,0,0
"Y35003D","E970","10000",1,0,0,0,0
"Y35003S","E977","10000",1,0,0,0,0
"Y35011A","E970","10000",1,0,0,0,0
"Y35011D","E970","10000",1,0,0,0,0
"Y35011S","E977","10000",1,0,0,0,0
"Y35012A","E970","10000",1,0,0,0,0
"Y35012D","E970","10000",1,0,0,0,0
"Y35012S","E977","10000",1,0,0,0,0
"Y35013A","E970","10000",1,0,0,0,0
"Y35013D","E970","10000",1,0,0,0,0
"Y35013S","E977","10000",1,0,0,0,0
"Y35021A","E970","10000",1,0,0,0,0
"Y35021D","E970","10000",1,0,0,0,0
"Y35021S","E977","10000",1,0,0,0,0
"Y35022A","E970","10000",1,0,0,0,0
"Y35022D","E970","10000",1,0,0,0,0
"Y35022S","E977","10000",1,0,0,0,0
"Y35023A","E970","10000",1,0,0,0,0
"Y35023D","E970","10000",1,0,0,0,0
"Y35023S","E977","10000",1,0,0,0,0
"Y35031A","E970","10000",1,0,0,0,0
"Y35031D","E970","10000",1,0,0,0,0
"Y35031S","E977","10000",1,0,0,0,0
"Y35032A","E970","10000",1,0,0,0,0
"Y35032D","E970","10000",1,0,0,0,0
"Y35032S","E977","10000",1,0,0,0,0
"Y35033A","E970","10000",1,0,0,0,0
"Y35033D","E970","10000",1,0,0,0,0
"Y35033S","E977","10000",1,0,0,0,0
"Y35041A","E970","10000",1,0,0,0,0
"Y35041D","E970","10000",1,0,0,0,0
"Y35041S","E977","10000",1,0,0,0,0
"Y35042A","E970","10000",1,0,0,0,0
"Y35042D","E970","10000",1,0,0,0,0
"Y35042S","E977","10000",1,0,0,0,0
"Y35043A","E970","10000",1,0,0,0,0
"Y35043D","E970","10000",1,0,0,0,0
"Y35043S","E977","10000",1,0,0,0,0
"Y35091A","E970","10000",1,0,0,0,0
"Y35091D","E970","10000",1,0,0,0,0
"Y35091S","E977","10000",1,0,0,0,0
"Y35092A","E970","10000",1,0,0,0,0
"Y35092D","E970","10000",1,0,0,0,0
"Y35092S","E977","10000",1,0,0,0,0
"Y35093A","E970","10000",1,0,0,0,0
"Y35093D","E970","10000",1,0,0,0,0
"Y35093S","E977","10000",1,0,0,0,0
"Y35101A","E971","10000",1,0,0,0,0
"Y35101D","E971","10000",1,0,0,0,0
"Y35101S","E977","10000",1,0,0,0,0
"Y35102A","E971","10000",1,0,0,0,0
"Y35102D","E971","10000",1,0,0,0,0
"Y35102S","E977","10000",1,0,0,0,0
"Y35103A","E971","10000",1,0,0,0,0
"Y35103D","E971","10000",1,0,0,0,0
"Y35103S","E977","10000",1,0,0,0,0
"Y35111A","E971","10000",1,0,0,0,0
"Y35111D","E971","10000",1,0,0,0,0
"Y35111S","E977","10000",1,0,0,0,0
"Y35112A","E971","10000",1,0,0,0,0
"Y35112D","E971","10000",1,0,0,0,0
"Y35112S","E977","10000",1,0,0,0,0
"Y35113A","E971","10000",1,0,0,0,0
"Y35113D","E971","10000",1,0,0,0,0
"Y35113S","E977","10000",1,0,0,0,0
"Y35121A","E971","10000",1,0,0,0,0
"Y35121D","E971","10000",1,0,0,0,0
"Y35121S","E977","10000",1,0,0,0,0
"Y35122A","E971","10000",1,0,0,0,0
"Y35122D","E971","10000",1,0,0,0,0
"Y35122S","E977","10000",1,0,0,0,0
"Y35123A","E971","10000",1,0,0,0,0
"Y35123D","E971","10000",1,0,0,0,0
"Y35123S","E977","10000",1,0,0,0,0
"Y35191A","E971","10000",1,0,0,0,0
"Y35191D","E971","10000",1,0,0,0,0
"Y35191S","E977","10000",1,0,0,0,0
"Y35192A","E971","10000",1,0,0,0,0
"Y35192D","E971","10000",1,0,0,0,0
"Y35192S","E977","10000",1,0,0,0,0
"Y35193A","E971","10000",1,0,0,0,0
"Y35193D","E971","10000",1,0,0,0,0
"Y35193S","E977","10000",1,0,0,0,0
"Y35201A","E972","10000",1,0,0,0,0
"Y35201D","E972","10000",1,0,0,0,0
"Y35201S","E977","10000",1,0,0,0,0
"Y35202A","E972","10000",1,0,0,0,0
"Y35202D","E972","10000",1,0,0,0,0
"Y35202S","E977","10000",1,0,0,0,0
"Y35203A","E972","10000",1,0,0,0,0
"Y35203D","E972","10000",1,0,0,0,0
"Y35203S","E977","10000",1,0,0,0,0
"Y35211A","E972","10000",1,0,0,0,0
"Y35211D","E972","10000",1,0,0,0,0
"Y35211S","E977","10000",1,0,0,0,0
"Y35212A","E972","10000",1,0,0,0,0
"Y35212D","E972","10000",1,0,0,0,0
"Y35212S","E977","10000",1,0,0,0,0
"Y35213A","E972","10000",1,0,0,0,0
"Y35213D","E972","10000",1,0,0,0,0
"Y35213S","E977","10000",1,0,0,0,0
"Y35291A","E972","10000",1,0,0,0,0
"Y35291D","E972","10000",1,0,0,0,0
"Y35291S","E977","10000",1,0,0,0,0
"Y35292A","E972","10000",1,0,0,0,0
"Y35292D","E972","10000",1,0,0,0,0
"Y35292S","E977","10000",1,0,0,0,0
"Y35293A","E972","10000",1,0,0,0,0
"Y35293D","E972","10000",1,0,0,0,0
"Y35293S","E977","10000",1,0,0,0,0
"Y35301A","E973","10000",1,0,0,0,0
"Y35301D","E973","10000",1,0,0,0,0
"Y35301S","E977","10000",1,0,0,0,0
"Y35302A","E973","10000",1,0,0,0,0
"Y35302D","E973","10000",1,0,0,0,0
"Y35302S","E977","10000",1,0,0,0,0
"Y35303A","E973","10000",1,0,0,0,0
"Y35303D","E973","10000",1,0,0,0,0
"Y35303S","E977","10000",1,0,0,0,0
"Y35311A","E973","10000",1,0,0,0,0
"Y35311D","E973","10000",1,0,0,0,0
"Y35311S","E977","10000",1,0,0,0,0
"Y35312A","E973","10000",1,0,0,0,0
"Y35312D","E973","10000",1,0,0,0,0
"Y35312S","E977","10000",1,0,0,0,0
"Y35313A","E973","10000",1,0,0,0,0
"Y35313D","E973","10000",1,0,0,0,0
"Y35313S","E977","10000",1,0,0,0,0
"Y35391A","E973","10000",1,0,0,0,0
"Y35391D","E973","10000",1,0,0,0,0
"Y35391S","E977","10000",1,0,0,0,0
"Y35392A","E973","10000",1,0,0,0,0
"Y35392D","E973","10000",1,0,0,0,0
"Y35392S","E977","10000",1,0,0,0,0
"Y35393A","E973","10000",1,0,0,0,0
"Y35393D","E973","10000",1,0,0,0,0
"Y35393S","E977","10000",1,0,0,0,0
"Y35401A","E974","10000",1,0,0,0,0
"Y35401D","E974","10000",1,0,0,0,0
"Y35401S","E977","10000",1,0,0,0,0
"Y35402A","E974","10000",1,0,0,0,0
"Y35402D","E974","10000",1,0,0,0,0
"Y35402S","E977","10000",1,0,0,0,0
"Y35403A","E974","10000",1,0,0,0,0
"Y35403D","E974","10000",1,0,0,0,0
"Y35403S","E977","10000",1,0,0,0,0
"Y35411A","E974","10000",1,0,0,0,0
"Y35411D","E974","10000",1,0,0,0,0
"Y35411S","E977","10000",1,0,0,0,0
"Y35412A","E974","10000",1,0,0,0,0
"Y35412D","E974","10000",1,0,0,0,0
"Y35412S","E977","10000",1,0,0,0,0
"Y35413A","E974","10000",1,0,0,0,0
"Y35413D","E974","10000",1,0,0,0,0
"Y35413S","E977","10000",1,0,0,0,0
"Y35491A","E974","10000",1,0,0,0,0
"Y35491D","E974","10000",1,0,0,0,0
"Y35491S","E977","10000",1,0,0,0,0
"Y35492A","E974","10000",1,0,0,0,0
"Y35492D","E974","10000",1,0,0,0,0
"Y35492S","E977","10000",1,0,0,0,0
"Y35493A","E974","10000",1,0,0,0,0
"Y35493D","E974","10000",1,0,0,0,0
"Y35493S","E977","10000",1,0,0,0,0
"Y35811A","E975","10000",1,0,0,0,0
"Y35811D","E975","10000",1,0,0,0,0
"Y35811S","E977","10000",1,0,0,0,0
"Y35812A","E975","10000",1,0,0,0,0
"Y35812D","E975","10000",1,0,0,0,0
"Y35812S","E977","10000",1,0,0,0,0
"Y35813A","E975","10000",1,0,0,0,0
"Y35813D","E975","10000",1,0,0,0,0
"Y35813S","E977","10000",1,0,0,0,0
"Y35891A","E975","10000",1,0,0,0,0
"Y35891D","E975","10000",1,0,0,0,0
"Y35891S","E977","10000",1,0,0,0,0
"Y35892A","E975","10000",1,0,0,0,0
"Y35892D","E975","10000",1,0,0,0,0
"Y35892S","E977","10000",1,0,0,0,0
"Y35893A","E975","10000",1,0,0,0,0
"Y35893D","E975","10000",1,0,0,0,0
"Y35893S","E977","10000",1,0,0,0,0
"Y3591XA","E976","10000",1,0,0,0,0
"Y3591XD","E976","10000",1,0,0,0,0
"Y3591XS","E977","10000",1,0,0,0,0
"Y3592XA","E976","10000",1,0,0,0,0
"Y3592XD","E976","10000",1,0,0,0,0
"Y3592XS","E977","10000",1,0,0,0,0
"Y3593XA","E976","10000",1,0,0,0,0
"Y3593XD","E976","10000",1,0,0,0,0
"Y3593XS","E977","10000",1,0,0,0,0
"Y36000A","E9929","10000",1,0,0,0,0
"Y36000D","E9929","10000",1,0,0,0,0
"Y36000S","E9990","10000",1,0,0,0,0
"Y36001A","E9929","10000",1,0,0,0,0
"Y36001D","E9929","10000",1,0,0,0,0
"Y36001S","E9990","10000",1,0,0,0,0
"Y36010A","E9921","10000",1,0,0,0,0
"Y36010D","E9921","10000",1,0,0,0,0
"Y36010S","E9990","10000",1,0,0,0,0
"Y36011A","E9921","10000",1,0,0,0,0
"Y36011D","E9921","10000",1,0,0,0,0
"Y36011S","E9990","10000",1,0,0,0,0
"Y36020A","E9922","10000",1,0,0,0,0
"Y36020D","E9922","10000",1,0,0,0,0
"Y36020S","E9990","10000",1,0,0,0,0
"Y36021A","E9922","10000",1,0,0,0,0
"Y36021D","E9922","10000",1,0,0,0,0
"Y36021S","E9990","10000",1,0,0,0,0
"Y36030A","E9923","10000",1,0,0,0,0
"Y36030D","E9923","10000",1,0,0,0,0
"Y36030S","E9990","10000",1,0,0,0,0
"Y36031A","E9923","10000",1,0,0,0,0
"Y36031D","E9923","10000",1,0,0,0,0
"Y36031S","E9990","10000",1,0,0,0,0
"Y36040A","E9920","10000",1,0,0,0,0
"Y36040D","E9920","10000",1,0,0,0,0
"Y36040S","E9990","10000",1,0,0,0,0
"Y36041A","E9920","10000",1,0,0,0,0
"Y36041D","E9920","10000",1,0,0,0,0
"Y36041S","E9990","10000",1,0,0,0,0
"Y36050A","E9929","10000",1,0,0,0,0
"Y36050D","E9929","10000",1,0,0,0,0
"Y36050S","E9990","10000",1,0,0,0,0
"Y36051A","E9929","10000",1,0,0,0,0
"Y36051D","E9929","10000",1,0,0,0,0
"Y36051S","E9990","10000",1,0,0,0,0
"Y36090A","E9928","10000",1,0,0,0,0
"Y36090D","E9928","10000",1,0,0,0,0
"Y36090S","E9990","10000",1,0,0,0,0
"Y36091A","E9928","10000",1,0,0,0,0
"Y36091D","E9928","10000",1,0,0,0,0
"Y36091S","E9990","10000",1,0,0,0,0
"Y36100A","E9949","10000",1,0,0,0,0
"Y36100D","E9949","10000",1,0,0,0,0
"Y36100S","E9990","10000",1,0,0,0,0
"Y36101A","E9949","10000",1,0,0,0,0
"Y36101D","E9949","10000",1,0,0,0,0
"Y36101S","E9990","10000",1,0,0,0,0
"Y36110A","E9940","10000",1,0,0,0,0
"Y36110D","E9940","10000",1,0,0,0,0
"Y36110S","E9990","10000",1,0,0,0,0
"Y36111A","E9940","10000",1,0,0,0,0
"Y36111D","E9940","10000",1,0,0,0,0
"Y36111S","E9990","10000",1,0,0,0,0
"Y36120A","E9942","10000",1,0,0,0,0
"Y36120D","E9942","10000",1,0,0,0,0
"Y36120S","E9990","10000",1,0,0,0,0
"Y36121A","E9942","10000",1,0,0,0,0
"Y36121D","E9942","10000",1,0,0,0,0
"Y36121S","E9990","10000",1,0,0,0,0
"Y36130A","E9943","10000",1,0,0,0,0
"Y36130D","E9943","10000",1,0,0,0,0
"Y36130S","E9990","10000",1,0,0,0,0
"Y36131A","E9943","10000",1,0,0,0,0
"Y36131D","E9943","10000",1,0,0,0,0
"Y36131S","E9990","10000",1,0,0,0,0
"Y36140A","E9941","10000",1,0,0,0,0
"Y36140D","E9941","10000",1,0,0,0,0
"Y36140S","E9990","10000",1,0,0,0,0
"Y36141A","E9941","10000",1,0,0,0,0
"Y36141D","E9941","10000",1,0,0,0,0
"Y36141S","E9990","10000",1,0,0,0,0
"Y36190A","E9948","10000",1,0,0,0,0
"Y36190D","E9948","10000",1,0,0,0,0
"Y36190S","E9990","10000",1,0,0,0,0
"Y36191A","E9948","10000",1,0,0,0,0
"Y36191D","E9948","10000",1,0,0,0,0
"Y36191S","E9990","10000",1,0,0,0,0
"Y36200A","E9919","10000",1,0,0,0,0
"Y36200A","E9939","10000",1,0,0,0,0
"Y36200D","E9919","10000",1,0,0,0,0
"Y36200D","E9939","10000",1,0,0,0,0
"Y36200S","E9990","10000",1,0,0,0,0
"Y36201A","E9919","10000",1,0,0,0,0
"Y36201A","E9939","10000",1,0,0,0,0
"Y36201D","E9919","10000",1,0,0,0,0
"Y36201D","E9939","10000",1,0,0,0,0
"Y36201S","E9990","10000",1,0,0,0,0
"Y36210A","E9930","10000",1,0,0,0,0
"Y36210D","E9930","10000",1,0,0,0,0
"Y36210S","E9990","10000",1,0,0,0,0
"Y36211A","E9930","10000",1,0,0,0,0
"Y36211D","E9930","10000",1,0,0,0,0
"Y36211S","E9990","10000",1,0,0,0,0
"Y36220A","E9931","10000",1,0,0,0,0
"Y36220D","E9931","10000",1,0,0,0,0
"Y36220S","E9990","10000",1,0,0,0,0
"Y36221A","E9931","10000",1,0,0,0,0
"Y36221D","E9931","10000",1,0,0,0,0
"Y36221S","E9990","10000",1,0,0,0,0
"Y36230A","E9933","10000",1,0,0,0,0
"Y36230A","E9934","10000",1,0,0,0,0
"Y36230A","E9935","10000",1,0,0,0,0
"Y36230D","E9933","10000",1,0,0,0,0
"Y36230D","E9934","10000",1,0,0,0,0
"Y36230D","E9935","10000",1,0,0,0,0
"Y36230S","E9990","10000",1,0,0,0,0
"Y36231A","E9933","10000",1,0,0,0,0
"Y36231A","E9934","10000",1,0,0,0,0
"Y36231A","E9935","10000",1,0,0,0,0
"Y36231D","E9933","10000",1,0,0,0,0
"Y36231D","E9934","10000",1,0,0,0,0
"Y36231D","E9935","10000",1,0,0,0,0
"Y36231S","E9990","10000",1,0,0,0,0
"Y36240A","E9936","10000",1,0,0,0,0
"Y36240A","E9937","10000",1,0,0,0,0
"Y36240D","E9936","10000",1,0,0,0,0
"Y36240D","E9937","10000",1,0,0,0,0
"Y36240S","E9990","10000",1,0,0,0,0
"Y36241A","E9936","10000",1,0,0,0,0
"Y36241A","E9937","10000",1,0,0,0,0
"Y36241D","E9936","10000",1,0,0,0,0
"Y36241D","E9937","10000",1,0,0,0,0
"Y36241S","E9990","10000",1,0,0,0,0
"Y36250A","E9914","10000",1,0,0,0,0
"Y36250D","E9914","10000",1,0,0,0,0
"Y36250S","E9990","10000",1,0,0,0,0
"Y36251A","E9914","10000",1,0,0,0,0
"Y36251D","E9914","10000",1,0,0,0,0
"Y36251S","E9990","10000",1,0,0,0,0
"Y36260A","E9915","10000",1,0,0,0,0
"Y36260A","E9916","10000",1,0,0,0,0
"Y36260A","E9917","10000",1,0,0,0,0
"Y36260D","E9915","10000",1,0,0,0,0
"Y36260D","E9916","10000",1,0,0,0,0
"Y36260D","E9917","10000",1,0,0,0,0
"Y36260S","E9990","10000",1,0,0,0,0
"Y36261A","E9915","10000",1,0,0,0,0
"Y36261A","E9916","10000",1,0,0,0,0
"Y36261A","E9917","10000",1,0,0,0,0
"Y36261D","E9915","10000",1,0,0,0,0
"Y36261D","E9916","10000",1,0,0,0,0
"Y36261D","E9917","10000",1,0,0,0,0
"Y36261S","E9990","10000",1,0,0,0,0
"Y36270A","E9918","10000",1,0,0,0,0
"Y36270D","E9918","10000",1,0,0,0,0
"Y36270S","E9990","10000",1,0,0,0,0
"Y36271A","E9918","10000",1,0,0,0,0
"Y36271D","E9918","10000",1,0,0,0,0
"Y36271S","E9990","10000",1,0,0,0,0
"Y36290A","E9913","10000",1,0,0,0,0
"Y36290A","E9932","10000",1,0,0,0,0
"Y36290A","E9938","10000",1,0,0,0,0
"Y36290D","E9913","10000",1,0,0,0,0
"Y36290D","E9932","10000",1,0,0,0,0
"Y36290D","E9938","10000",1,0,0,0,0
"Y36290S","E9990","10000",1,0,0,0,0
"Y36291A","E9913","10000",1,0,0,0,0
"Y36291A","E9932","10000",1,0,0,0,0
"Y36291A","E9938","10000",1,0,0,0,0
"Y36291D","E9913","10000",1,0,0,0,0
"Y36291D","E9932","10000",1,0,0,0,0
"Y36291D","E9938","10000",1,0,0,0,0
"Y36291S","E9990","10000",1,0,0,0,0
"Y36300A","E9909","10000",1,0,0,0,0
"Y36300D","E9909","10000",1,0,0,0,0
"Y36300S","E9990","10000",1,0,0,0,0
"Y36301A","E9909","10000",1,0,0,0,0
"Y36301D","E9909","10000",1,0,0,0,0
"Y36301S","E9990","10000",1,0,0,0,0
"Y36310A","E9900","10000",1,0,0,0,0
"Y36310D","E9900","10000",1,0,0,0,0
"Y36310S","E9990","10000",1,0,0,0,0
"Y36311A","E9900","10000",1,0,0,0,0
"Y36311D","E9900","10000",1,0,0,0,0
"Y36311S","E9990","10000",1,0,0,0,0
"Y36320A","E9902","10000",1,0,0,0,0
"Y36320D","E9902","10000",1,0,0,0,0
"Y36320S","E9990","10000",1,0,0,0,0
"Y36321A","E9902","10000",1,0,0,0,0
"Y36321D","E9902","10000",1,0,0,0,0
"Y36321S","E9990","10000",1,0,0,0,0
"Y36330A","E9901","10000",1,0,0,0,0
"Y36330D","E9901","10000",1,0,0,0,0
"Y36330S","E9990","10000",1,0,0,0,0
"Y36331A","E9901","10000",1,0,0,0,0
"Y36331D","E9901","10000",1,0,0,0,0
"Y36331S","E9990","10000",1,0,0,0,0
"Y36390A","E9903","10000",1,0,0,0,0
"Y36390D","E9903","10000",1,0,0,0,0
"Y36390S","E9990","10000",1,0,0,0,0
"Y36391A","E9903","10000",1,0,0,0,0
"Y36391D","E9903","10000",1,0,0,0,0
"Y36391S","E9990","10000",1,0,0,0,0
"Y36410A","E9910","10000",1,0,0,0,0
"Y36410D","E9910","10000",1,0,0,0,0
"Y36410S","E9990","10000",1,0,0,0,0
"Y36411A","E9910","10000",1,0,0,0,0
"Y36411D","E9910","10000",1,0,0,0,0
"Y36411S","E9990","10000",1,0,0,0,0
"Y36420A","E9911","10000",1,0,0,0,0
"Y36420D","E9911","10000",1,0,0,0,0
"Y36420S","E9990","10000",1,0,0,0,0
"Y36421A","E9911","10000",1,0,0,0,0
"Y36421D","E9911","10000",1,0,0,0,0
"Y36421S","E9990","10000",1,0,0,0,0
"Y36430A","E9912","10000",1,0,0,0,0
"Y36430D","E9912","10000",1,0,0,0,0
"Y36430S","E9990","10000",1,0,0,0,0
"Y36431A","E9912","10000",1,0,0,0,0
"Y36431D","E9912","10000",1,0,0,0,0
"Y36431S","E9990","10000",1,0,0,0,0
"Y36440A","E9950","10000",1,0,0,0,0
"Y36440D","E9950","10000",1,0,0,0,0
"Y36440S","E9990","10000",1,0,0,0,0
"Y36441A","E9950","10000",1,0,0,0,0
"Y36441D","E9950","10000",1,0,0,0,0
"Y36441S","E9990","10000",1,0,0,0,0
"Y36450A","E9951","10000",1,0,0,0,0
"Y36450A","E9952","10000",1,0,0,0,0
"Y36450D","E9951","10000",1,0,0,0,0
"Y36450D","E9952","10000",1,0,0,0,0
"Y36450S","E9990","10000",1,0,0,0,0
"Y36451A","E9951","10000",1,0,0,0,0
"Y36451A","E9952","10000",1,0,0,0,0
"Y36451D","E9951","10000",1,0,0,0,0
"Y36451D","E9952","10000",1,0,0,0,0
"Y36451S","E9990","10000",1,0,0,0,0
"Y36460A","E9953","10000",1,0,0,0,0
"Y36460D","E9953","10000",1,0,0,0,0
"Y36460S","E9990","10000",1,0,0,0,0
"Y36461A","E9953","10000",1,0,0,0,0
"Y36461D","E9953","10000",1,0,0,0,0
"Y36461S","E9990","10000",1,0,0,0,0
"Y36470A","E9954","10000",1,0,0,0,0
"Y36470D","E9954","10000",1,0,0,0,0
"Y36470S","E9990","10000",1,0,0,0,0
"Y36471A","E9954","10000",1,0,0,0,0
"Y36471D","E9954","10000",1,0,0,0,0
"Y36471S","E9990","10000",1,0,0,0,0
"Y36490A","E9958","10000",1,0,0,0,0
"Y36490A","E9959","10000",1,0,0,0,0
"Y36490D","E9958","10000",1,0,0,0,0
"Y36490D","E9959","10000",1,0,0,0,0
"Y36490S","E9990","10000",1,0,0,0,0
"Y36491A","E9958","10000",1,0,0,0,0
"Y36491A","E9959","10000",1,0,0,0,0
"Y36491D","E9958","10000",1,0,0,0,0
"Y36491D","E9959","10000",1,0,0,0,0
"Y36491S","E9990","10000",1,0,0,0,0
"Y36500A","E9969","10000",1,0,0,0,0
"Y36500D","E9969","10000",1,0,0,0,0
"Y36500S","E9990","10000",1,0,0,0,0
"Y36501A","E9969","10000",1,0,0,0,0
"Y36501D","E9969","10000",1,0,0,0,0
"Y36501S","E9990","10000",1,0,0,0,0
"Y36510A","E9960","10000",1,0,0,0,0
"Y36510D","E9960","10000",1,0,0,0,0
"Y36510S","E9990","10000",1,0,0,0,0
"Y36511A","E9960","10000",1,0,0,0,0
"Y36511D","E9960","10000",1,0,0,0,0
"Y36511S","E9990","10000",1,0,0,0,0
"Y36520A","E9961","10000",1,0,0,0,0
"Y36520D","E9961","10000",1,0,0,0,0
"Y36520S","E9990","10000",1,0,0,0,0
"Y36521A","E9961","10000",1,0,0,0,0
"Y36521D","E9961","10000",1,0,0,0,0
"Y36521S","E9990","10000",1,0,0,0,0
"Y36530A","E9962","10000",1,0,0,0,0
"Y36530D","E9962","10000",1,0,0,0,0
"Y36530S","E9990","10000",1,0,0,0,0
"Y36531A","E9962","10000",1,0,0,0,0
"Y36531D","E9962","10000",1,0,0,0,0
"Y36531S","E9990","10000",1,0,0,0,0
"Y36540A","E9963","10000",1,0,0,0,0
"Y36540D","E9963","10000",1,0,0,0,0
"Y36540S","E9990","10000",1,0,0,0,0
"Y36541A","E9963","10000",1,0,0,0,0
"Y36541D","E9963","10000",1,0,0,0,0
"Y36541S","E9990","10000",1,0,0,0,0
"Y36590A","E9968","10000",1,0,0,0,0
"Y36590D","E9968","10000",1,0,0,0,0
"Y36590S","E9990","10000",1,0,0,0,0
"Y36591A","E9968","10000",1,0,0,0,0
"Y36591D","E9968","10000",1,0,0,0,0
"Y36591S","E9990","10000",1,0,0,0,0
"Y366X0A","E9971","10000",1,0,0,0,0
"Y366X0D","E9971","10000",1,0,0,0,0
"Y366X0S","E9990","10000",1,0,0,0,0
"Y366X1A","E9971","10000",1,0,0,0,0
"Y366X1D","E9971","10000",1,0,0,0,0
"Y366X1S","E9990","10000",1,0,0,0,0
"Y367X0A","E9970","10000",1,0,0,0,0
"Y367X0A","E9972","10000",1,0,0,0,0
"Y367X0A","E9978","10000",1,0,0,0,0
"Y367X0D","E9970","10000",1,0,0,0,0
"Y367X0D","E9972","10000",1,0,0,0,0
"Y367X0D","E9978","10000",1,0,0,0,0
"Y367X0S","E9990","10000",1,0,0,0,0
"Y367X1A","E9970","10000",1,0,0,0,0
"Y367X1A","E9972","10000",1,0,0,0,0
"Y367X1A","E9979","10000",1,0,0,0,0
"Y367X1D","E9970","10000",1,0,0,0,0
"Y367X1D","E9972","10000",1,0,0,0,0
"Y367X1D","E9979","10000",1,0,0,0,0
"Y367X1S","E9990","10000",1,0,0,0,0
"Y36810A","E9980","10000",1,0,0,0,0
"Y36810D","E9980","10000",1,0,0,0,0
"Y36810S","E9990","10000",1,0,0,0,0
"Y36811A","E9980","10000",1,0,0,0,0
"Y36811D","E9980","10000",1,0,0,0,0
"Y36811S","E9990","10000",1,0,0,0,0
"Y36820A","E9981","10000",1,0,0,0,0
"Y36820D","E9981","10000",1,0,0,0,0
"Y36820S","E9990","10000",1,0,0,0,0
"Y36821A","E9981","10000",1,0,0,0,0
"Y36821D","E9981","10000",1,0,0,0,0
"Y36821S","E9990","10000",1,0,0,0,0
"Y36880A","E9988","10000",1,0,0,0,0
"Y36880D","E9988","10000",1,0,0,0,0
"Y36880S","E9990","10000",1,0,0,0,0
"Y36881A","E9988","10000",1,0,0,0,0
"Y36881D","E9988","10000",1,0,0,0,0
"Y36881S","E9990","10000",1,0,0,0,0
"Y36890A","E9989","10000",1,0,0,0,0
"Y36890D","E9989","10000",1,0,0,0,0
"Y36890S","E9990","10000",1,0,0,0,0
"Y36891A","E9989","10000",1,0,0,0,0
"Y36891D","E9989","10000",1,0,0,0,0
"Y36891S","E9990","10000",1,0,0,0,0
"Y3690XA","E9909","10000",1,0,0,0,0
"Y3690XD","E9909","10000",1,0,0,0,0
"Y3690XS","E9990","10000",1,0,0,0,0
"Y3691XA","E9973","10000",1,0,0,0,0
"Y3691XD","E9973","10000",1,0,0,0,0
"Y3691XS","E9990","10000",1,0,0,0,0
"Y3692XA","E9909","10000",1,0,0,0,0
"Y3692XD","E9909","10000",1,0,0,0,0
"Y3692XS","E9990","10000",1,0,0,0,0
"Y37000A","E9929","10000",1,0,0,0,0
"Y37000D","E9929","10000",1,0,0,0,0
"Y37000S","E9990","10000",1,0,0,0,0
"Y37001A","E9929","10000",1,0,0,0,0
"Y37001D","E9929","10000",1,0,0,0,0
"Y37001S","E9990","10000",1,0,0,0,0
"Y37010A","E9921","10000",1,0,0,0,0
"Y37010D","E9921","10000",1,0,0,0,0
"Y37010S","E9990","10000",1,0,0,0,0
"Y37011A","E9921","10000",1,0,0,0,0
"Y37011D","E9921","10000",1,0,0,0,0
"Y37011S","E9990","10000",1,0,0,0,0
"Y37020A","E9922","10000",1,0,0,0,0
"Y37020D","E9922","10000",1,0,0,0,0
"Y37020S","E9990","10000",1,0,0,0,0
"Y37021A","E9922","10000",1,0,0,0,0
"Y37021D","E9922","10000",1,0,0,0,0
"Y37021S","E9990","10000",1,0,0,0,0
"Y37030A","E9923","10000",1,0,0,0,0
"Y37030D","E9923","10000",1,0,0,0,0
"Y37030S","E9990","10000",1,0,0,0,0
"Y37031A","E9923","10000",1,0,0,0,0
"Y37031D","E9923","10000",1,0,0,0,0
"Y37031S","E9990","10000",1,0,0,0,0
"Y37040A","E9920","10000",1,0,0,0,0
"Y37040D","E9920","10000",1,0,0,0,0
"Y37040S","E9990","10000",1,0,0,0,0
"Y37041A","E9920","10000",1,0,0,0,0
"Y37041D","E9920","10000",1,0,0,0,0
"Y37041S","E9990","10000",1,0,0,0,0
"Y37050A","E9929","10000",1,0,0,0,0
"Y37050D","E9929","10000",1,0,0,0,0
"Y37050S","E9990","10000",1,0,0,0,0
"Y37051A","E9929","10000",1,0,0,0,0
"Y37051D","E9929","10000",1,0,0,0,0
"Y37051S","E9990","10000",1,0,0,0,0
"Y37090A","E9928","10000",1,0,0,0,0
"Y37090D","E9928","10000",1,0,0,0,0
"Y37090S","E9990","10000",1,0,0,0,0
"Y37091A","E9928","10000",1,0,0,0,0
"Y37091D","E9928","10000",1,0,0,0,0
"Y37091S","E9990","10000",1,0,0,0,0
"Y37100A","E9949","10000",1,0,0,0,0
"Y37100D","E9949","10000",1,0,0,0,0
"Y37100S","E9990","10000",1,0,0,0,0
"Y37101A","E9949","10000",1,0,0,0,0
"Y37101D","E9949","10000",1,0,0,0,0
"Y37101S","E9990","10000",1,0,0,0,0
"Y37110A","E9940","10000",1,0,0,0,0
"Y37110D","E9940","10000",1,0,0,0,0
"Y37110S","E9990","10000",1,0,0,0,0
"Y37111A","E9940","10000",1,0,0,0,0
"Y37111D","E9940","10000",1,0,0,0,0
"Y37111S","E9990","10000",1,0,0,0,0
"Y37120A","E9942","10000",1,0,0,0,0
"Y37120D","E9942","10000",1,0,0,0,0
"Y37120S","E9990","10000",1,0,0,0,0
"Y37121A","E9942","10000",1,0,0,0,0
"Y37121D","E9942","10000",1,0,0,0,0
"Y37121S","E9990","10000",1,0,0,0,0
"Y37130A","E9943","10000",1,0,0,0,0
"Y37130D","E9943","10000",1,0,0,0,0
"Y37130S","E9990","10000",1,0,0,0,0
"Y37131A","E9943","10000",1,0,0,0,0
"Y37131D","E9943","10000",1,0,0,0,0
"Y37131S","E9990","10000",1,0,0,0,0
"Y37140A","E9941","10000",1,0,0,0,0
"Y37140D","E9941","10000",1,0,0,0,0
"Y37140S","E9990","10000",1,0,0,0,0
"Y37141A","E9941","10000",1,0,0,0,0
"Y37141D","E9941","10000",1,0,0,0,0
"Y37141S","E9990","10000",1,0,0,0,0
"Y37190A","E9948","10000",1,0,0,0,0
"Y37190D","E9948","10000",1,0,0,0,0
"Y37190S","E9990","10000",1,0,0,0,0
"Y37191A","E9948","10000",1,0,0,0,0
"Y37191D","E9948","10000",1,0,0,0,0
"Y37191S","E9990","10000",1,0,0,0,0
"Y37200A","E9939","10000",1,0,0,0,0
"Y37200D","E9939","10000",1,0,0,0,0
"Y37200S","E9990","10000",1,0,0,0,0
"Y37201A","E9939","10000",1,0,0,0,0
"Y37201D","E9939","10000",1,0,0,0,0
"Y37201S","E9990","10000",1,0,0,0,0
"Y37210A","E9930","10000",1,0,0,0,0
"Y37210D","E9930","10000",1,0,0,0,0
"Y37210S","E9990","10000",1,0,0,0,0
"Y37211A","E9930","10000",1,0,0,0,0
"Y37211D","E9930","10000",1,0,0,0,0
"Y37211S","E9990","10000",1,0,0,0,0
"Y37220A","E9931","10000",1,0,0,0,0
"Y37220D","E9931","10000",1,0,0,0,0
"Y37220S","E9990","10000",1,0,0,0,0
"Y37221A","E9931","10000",1,0,0,0,0
"Y37221D","E9931","10000",1,0,0,0,0
"Y37221S","E9990","10000",1,0,0,0,0
"Y37230A","E9933","10000",1,0,0,0,0
"Y37230A","E9934","10000",1,0,0,0,0
"Y37230A","E9935","10000",1,0,0,0,0
"Y37230D","E9933","10000",1,0,0,0,0
"Y37230D","E9934","10000",1,0,0,0,0
"Y37230D","E9935","10000",1,0,0,0,0
"Y37230S","E9990","10000",1,0,0,0,0
"Y37231A","E9933","10000",1,0,0,0,0
"Y37231A","E9934","10000",1,0,0,0,0
"Y37231A","E9935","10000",1,0,0,0,0
"Y37231D","E9933","10000",1,0,0,0,0
"Y37231D","E9934","10000",1,0,0,0,0
"Y37231D","E9935","10000",1,0,0,0,0
"Y37231S","E9990","10000",1,0,0,0,0
"Y37240A","E9936","10000",1,0,0,0,0
"Y37240A","E9937","10000",1,0,0,0,0
"Y37240D","E9936","10000",1,0,0,0,0
"Y37240D","E9937","10000",1,0,0,0,0
"Y37240S","E9990","10000",1,0,0,0,0
"Y37241A","E9936","10000",1,0,0,0,0
"Y37241A","E9937","10000",1,0,0,0,0
"Y37241D","E9936","10000",1,0,0,0,0
"Y37241D","E9937","10000",1,0,0,0,0
"Y37241S","E9990","10000",1,0,0,0,0
"Y37250A","E9914","10000",1,0,0,0,0
"Y37250D","E9914","10000",1,0,0,0,0
"Y37250S","E9990","10000",1,0,0,0,0
"Y37251A","E9914","10000",1,0,0,0,0
"Y37251D","E9914","10000",1,0,0,0,0
"Y37251S","E9990","10000",1,0,0,0,0
"Y37260A","E9915","10000",1,0,0,0,0
"Y37260A","E9916","10000",1,0,0,0,0
"Y37260A","E9917","10000",1,0,0,0,0
"Y37260D","E9915","10000",1,0,0,0,0
"Y37260D","E9916","10000",1,0,0,0,0
"Y37260D","E9917","10000",1,0,0,0,0
"Y37260S","E9990","10000",1,0,0,0,0
"Y37261A","E9915","10000",1,0,0,0,0
"Y37261A","E9916","10000",1,0,0,0,0
"Y37261A","E9917","10000",1,0,0,0,0
"Y37261D","E9915","10000",1,0,0,0,0
"Y37261D","E9916","10000",1,0,0,0,0
"Y37261D","E9917","10000",1,0,0,0,0
"Y37261S","E9990","10000",1,0,0,0,0
"Y37270A","E9918","10000",1,0,0,0,0
"Y37270D","E9918","10000",1,0,0,0,0
"Y37270S","E9990","10000",1,0,0,0,0
"Y37271A","E9918","10000",1,0,0,0,0
"Y37271D","E9918","10000",1,0,0,0,0
"Y37271S","E9990","10000",1,0,0,0,0
"Y37290A","E9932","10000",1,0,0,0,0
"Y37290A","E9938","10000",1,0,0,0,0
"Y37290D","E9932","10000",1,0,0,0,0
"Y37290D","E9938","10000",1,0,0,0,0
"Y37290S","E9990","10000",1,0,0,0,0
"Y37291A","E9932","10000",1,0,0,0,0
"Y37291A","E9938","10000",1,0,0,0,0
"Y37291D","E9932","10000",1,0,0,0,0
"Y37291D","E9938","10000",1,0,0,0,0
"Y37291S","E9990","10000",1,0,0,0,0
"Y37300A","E9909","10000",1,0,0,0,0
"Y37300D","E9909","10000",1,0,0,0,0
"Y37300S","E9990","10000",1,0,0,0,0
"Y37301A","E9909","10000",1,0,0,0,0
"Y37301D","E9909","10000",1,0,0,0,0
"Y37301S","E9990","10000",1,0,0,0,0
"Y37310A","E9900","10000",1,0,0,0,0
"Y37310D","E9900","10000",1,0,0,0,0
"Y37310S","E9990","10000",1,0,0,0,0
"Y37311A","E9900","10000",1,0,0,0,0
"Y37311D","E9900","10000",1,0,0,0,0
"Y37311S","E9990","10000",1,0,0,0,0
"Y37320A","E9902","10000",1,0,0,0,0
"Y37320D","E9902","10000",1,0,0,0,0
"Y37320S","E9990","10000",1,0,0,0,0
"Y37321A","E9902","10000",1,0,0,0,0
"Y37321D","E9902","10000",1,0,0,0,0
"Y37321S","E9990","10000",1,0,0,0,0
"Y37330A","E9901","10000",1,0,0,0,0
"Y37330D","E9901","10000",1,0,0,0,0
"Y37330S","E9990","10000",1,0,0,0,0
"Y37331A","E9901","10000",1,0,0,0,0
"Y37331D","E9901","10000",1,0,0,0,0
"Y37331S","E9990","10000",1,0,0,0,0
"Y37390A","E9903","10000",1,0,0,0,0
"Y37390D","E9903","10000",1,0,0,0,0
"Y37390S","E9990","10000",1,0,0,0,0
"Y37391A","E9903","10000",1,0,0,0,0
"Y37391D","E9903","10000",1,0,0,0,0
"Y37391S","E9990","10000",1,0,0,0,0
"Y37410A","E9910","10000",1,0,0,0,0
"Y37410D","E9910","10000",1,0,0,0,0
"Y37410S","E9990","10000",1,0,0,0,0
"Y37411A","E9910","10000",1,0,0,0,0
"Y37411D","E9910","10000",1,0,0,0,0
"Y37411S","E9990","10000",1,0,0,0,0
"Y37420A","E9911","10000",1,0,0,0,0
"Y37420D","E9911","10000",1,0,0,0,0
"Y37420S","E9990","10000",1,0,0,0,0
"Y37421A","E9911","10000",1,0,0,0,0
"Y37421D","E9911","10000",1,0,0,0,0
"Y37421S","E9990","10000",1,0,0,0,0
"Y37430A","E9912","10000",1,0,0,0,0
"Y37430D","E9912","10000",1,0,0,0,0
"Y37430S","E9990","10000",1,0,0,0,0
"Y37431A","E9912","10000",1,0,0,0,0
"Y37431D","E9912","10000",1,0,0,0,0
"Y37431S","E9990","10000",1,0,0,0,0
"Y37440A","E9950","10000",1,0,0,0,0
"Y37440D","E9950","10000",1,0,0,0,0
"Y37440S","E9990","10000",1,0,0,0,0
"Y37441A","E9950","10000",1,0,0,0,0
"Y37441D","E9950","10000",1,0,0,0,0
"Y37441S","E9990","10000",1,0,0,0,0
"Y37450A","E9951","10000",1,0,0,0,0
"Y37450A","E9952","10000",1,0,0,0,0
"Y37450D","E9951","10000",1,0,0,0,0
"Y37450D","E9952","10000",1,0,0,0,0
"Y37450S","E9990","10000",1,0,0,0,0
"Y37451A","E9951","10000",1,0,0,0,0
"Y37451A","E9952","10000",1,0,0,0,0
"Y37451D","E9951","10000",1,0,0,0,0
"Y37451D","E9952","10000",1,0,0,0,0
"Y37451S","E9990","10000",1,0,0,0,0
"Y37460A","E9953","10000",1,0,0,0,0
"Y37460D","E9953","10000",1,0,0,0,0
"Y37460S","E9990","10000",1,0,0,0,0
"Y37461A","E9953","10000",1,0,0,0,0
"Y37461D","E9953","10000",1,0,0,0,0
"Y37461S","E9990","10000",1,0,0,0,0
"Y37470A","E9954","10000",1,0,0,0,0
"Y37470D","E9954","10000",1,0,0,0,0
"Y37470S","E9990","10000",1,0,0,0,0
"Y37471A","E9954","10000",1,0,0,0,0
"Y37471D","E9954","10000",1,0,0,0,0
"Y37471S","E9990","10000",1,0,0,0,0
"Y37490A","E9958","10000",1,0,0,0,0
"Y37490A","E9959","10000",1,0,0,0,0
"Y37490D","E9958","10000",1,0,0,0,0
"Y37490D","E9959","10000",1,0,0,0,0
"Y37490S","E9990","10000",1,0,0,0,0
"Y37491A","E9958","10000",1,0,0,0,0
"Y37491D","E9959","10000",1,0,0,0,0
"Y37491S","E9990","10000",1,0,0,0,0
"Y37500A","E9969","10000",1,0,0,0,0
"Y37500D","E9969","10000",1,0,0,0,0
"Y37500S","E9990","10000",1,0,0,0,0
"Y37501A","E9969","10000",1,0,0,0,0
"Y37501D","E9969","10000",1,0,0,0,0
"Y37501S","E9990","10000",1,0,0,0,0
"Y37510A","E9960","10000",1,0,0,0,0
"Y37510D","E9960","10000",1,0,0,0,0
"Y37510S","E9990","10000",1,0,0,0,0
"Y37511A","E9960","10000",1,0,0,0,0
"Y37511D","E9960","10000",1,0,0,0,0
"Y37511S","E9990","10000",1,0,0,0,0
"Y37520A","E9961","10000",1,0,0,0,0
"Y37520D","E9961","10000",1,0,0,0,0
"Y37520S","E9990","10000",1,0,0,0,0
"Y37521A","E9961","10000",1,0,0,0,0
"Y37521D","E9961","10000",1,0,0,0,0
"Y37521S","E9990","10000",1,0,0,0,0
"Y37530A","E9962","10000",1,0,0,0,0
"Y37530D","E9962","10000",1,0,0,0,0
"Y37530S","E9990","10000",1,0,0,0,0
"Y37531A","E9962","10000",1,0,0,0,0
"Y37531D","E9962","10000",1,0,0,0,0
"Y37531S","E9990","10000",1,0,0,0,0
"Y37540A","E9963","10000",1,0,0,0,0
"Y37540D","E9963","10000",1,0,0,0,0
"Y37540S","E9990","10000",1,0,0,0,0
"Y37541A","E9963","10000",1,0,0,0,0
"Y37541D","E9963","10000",1,0,0,0,0
"Y37541S","E9990","10000",1,0,0,0,0
"Y37590A","E9968","10000",1,0,0,0,0
"Y37590D","E9968","10000",1,0,0,0,0
"Y37590S","E9990","10000",1,0,0,0,0
"Y37591A","E9968","10000",1,0,0,0,0
"Y37591D","E9968","10000",1,0,0,0,0
"Y37591S","E9990","10000",1,0,0,0,0
"Y376X0A","E9971","10000",1,0,0,0,0
"Y376X0D","E9971","10000",1,0,0,0,0
"Y376X0S","E9990","10000",1,0,0,0,0
"Y376X1A","E9971","10000",1,0,0,0,0
"Y376X1D","E9971","10000",1,0,0,0,0
"Y376X1S","E9990","10000",1,0,0,0,0
"Y377X0A","E9972","10000",1,0,0,0,0
"Y377X0D","E9972","10000",1,0,0,0,0
"Y377X0S","E9990","10000",1,0,0,0,0
"Y377X1A","E9972","10000",1,0,0,0,0
"Y377X1D","E9972","10000",1,0,0,0,0
"Y377X1S","E9990","10000",1,0,0,0,0
"Y3790XA","E9909","10000",1,0,0,0,0
"Y3790XD","E9909","10000",1,0,0,0,0
"Y3790XS","E9990","10000",1,0,0,0,0
"Y3791XA","E9973","10000",1,0,0,0,0
"Y3791XD","E9973","10000",1,0,0,0,0
"Y3791XS","E9990","10000",1,0,0,0,0
"Y3792XA","E9909","10000",1,0,0,0,0
"Y3792XD","E9909","10000",1,0,0,0,0
"Y3792XS","E9990","10000",1,0,0,0,0
"Y380X1A","E9790","10000",1,0,0,0,0
"Y380X1D","E9790","10000",1,0,0,0,0
"Y380X1S","E9991","10000",1,0,0,0,0
"Y380X2A","E9790","10000",1,0,0,0,0
"Y380X2D","E9790","10000",1,0,0,0,0
"Y380X2S","E9991","10000",1,0,0,0,0
"Y380X3A","E9790","10000",1,0,0,0,0
"Y380X3D","E9790","10000",1,0,0,0,0
"Y380X3S","E9991","10000",1,0,0,0,0
"Y381X1A","E9791","10000",1,0,0,0,0
"Y381X1D","E9791","10000",1,0,0,0,0
"Y381X1S","E9991","10000",1,0,0,0,0
"Y381X2A","E9791","10000",1,0,0,0,0
"Y381X2D","E9791","10000",1,0,0,0,0
"Y381X2S","E9991","10000",1,0,0,0,0
"Y381X3A","E9791","10000",1,0,0,0,0
"Y381X3D","E9791","10000",1,0,0,0,0
"Y381X3S","E9991","10000",1,0,0,0,0
"Y382X1A","E9792","10000",1,0,0,0,0
"Y382X1D","E9792","10000",1,0,0,0,0
"Y382X1S","E9991","10000",1,0,0,0,0
"Y382X2A","E9792","10000",1,0,0,0,0
"Y382X2D","E9792","10000",1,0,0,0,0
"Y382X2S","E9991","10000",1,0,0,0,0
"Y382X3A","E9792","10000",1,0,0,0,0
"Y382X3D","E9792","10000",1,0,0,0,0
"Y382X3S","E9991","10000",1,0,0,0,0
"Y383X1A","E9793","10000",1,0,0,0,0
"Y383X1D","E9793","10000",1,0,0,0,0
"Y383X1S","E9991","10000",1,0,0,0,0
"Y383X2A","E9793","10000",1,0,0,0,0
"Y383X2D","E9793","10000",1,0,0,0,0
"Y383X2S","E9991","10000",1,0,0,0,0
"Y383X3A","E9793","10000",1,0,0,0,0
"Y383X3D","E9793","10000",1,0,0,0,0
"Y383X3S","E9991","10000",1,0,0,0,0
"Y384X1A","E9794","10000",1,0,0,0,0
"Y384X1D","E9794","10000",1,0,0,0,0
"Y384X1S","E9991","10000",1,0,0,0,0
"Y384X2A","E9794","10000",1,0,0,0,0
"Y384X2D","E9794","10000",1,0,0,0,0
"Y384X2S","E9991","10000",1,0,0,0,0
"Y384X3A","E9794","10000",1,0,0,0,0
"Y384X3D","E9794","10000",1,0,0,0,0
"Y384X3S","E9991","10000",1,0,0,0,0
"Y385X1A","E9795","10000",1,0,0,0,0
"Y385X1D","E9795","10000",1,0,0,0,0
"Y385X1S","E9991","10000",1,0,0,0,0
"Y385X2A","E9795","10000",1,0,0,0,0
"Y385X2D","E9795","10000",1,0,0,0,0
"Y385X2S","E9991","10000",1,0,0,0,0
"Y385X3A","E9795","10000",1,0,0,0,0
"Y385X3D","E9795","10000",1,0,0,0,0
"Y385X3S","E9991","10000",1,0,0,0,0
"Y386X1A","E9796","10000",1,0,0,0,0
"Y386X1D","E9796","10000",1,0,0,0,0
"Y386X1S","E9991","10000",1,0,0,0,0
"Y386X2A","E9796","10000",1,0,0,0,0
"Y386X2D","E9796","10000",1,0,0,0,0
"Y386X2S","E9991","10000",1,0,0,0,0
"Y386X3A","E9796","10000",1,0,0,0,0
"Y386X3D","E9796","10000",1,0,0,0,0
"Y386X3S","E9991","10000",1,0,0,0,0
"Y387X1A","E9797","10000",1,0,0,0,0
"Y387X1D","E9797","10000",1,0,0,0,0
"Y387X1S","E9991","10000",1,0,0,0,0
"Y387X2A","E9797","10000",1,0,0,0,0
"Y387X2D","E9797","10000",1,0,0,0,0
"Y387X2S","E9991","10000",1,0,0,0,0
"Y387X3A","E9797","10000",1,0,0,0,0
"Y387X3D","E9797","10000",1,0,0,0,0
"Y387X3S","E9991","10000",1,0,0,0,0
"Y3880XA","E9798","10000",1,0,0,0,0
"Y3880XD","E9798","10000",1,0,0,0,0
"Y3880XS","E9991","10000",1,0,0,0,0
"Y38811A","E9798","10000",1,0,0,0,0
"Y38811D","E9798","10000",1,0,0,0,0
"Y38811S","E9991","10000",1,0,0,0,0
"Y38812A","E9798","10000",1,0,0,0,0
"Y38812D","E9798","10000",1,0,0,0,0
"Y38812S","E9991","10000",1,0,0,0,0
"Y38891A","E9798","10000",1,0,0,0,0
"Y38891D","E9798","10000",1,0,0,0,0
"Y38891S","E9991","10000",1,0,0,0,0
"Y38892A","E9798","10000",1,0,0,0,0
"Y38892D","E9798","10000",1,0,0,0,0
"Y38892S","E9991","10000",1,0,0,0,0
"Y38893A","E9798","10000",1,0,0,0,0
"Y38893D","E9798","10000",1,0,0,0,0
"Y38893S","E9991","10000",1,0,0,0,0
"Y389X1A","E9799","10000",1,0,0,0,0
"Y389X1D","E9799","10000",1,0,0,0,0
"Y389X1S","E9991","10000",1,0,0,0,0
"Y389X2A","E9799","10000",1,0,0,0,0
"Y389X2D","E9799","10000",1,0,0,0,0
"Y389X2S","E9991","10000",1,0,0,0,0
"Y620","E8720","00000",0,0,0,0,0
"Y621","E8721","00000",0,0,0,0,0
"Y622","E8722","00000",0,0,0,0,0
"Y623","E8723","00000",0,0,0,0,0
"Y624","E8724","00000",0,0,0,0,0
"Y625","E8726","00000",0,0,0,0,0
"Y626","E8725","00000",0,0,0,0,0
"Y628","E8728","00000",0,0,0,0,0
"Y629","E8729","00000",0,0,0,0,0
"Y630","E8730","00000",0,0,0,0,0
"Y631","E8731","00000",0,0,0,0,0
"Y632","E8732","00000",0,0,0,0,0
"Y633","E8733","00000",0,0,0,0,0
"Y634","E8734","00000",0,0,0,0,0
"Y635","E8735","00000",0,0,0,0,0
"Y636","E8736","10000",1,0,0,0,0
"Y636","E8738","10000",1,0,0,0,0
"Y638","E8738","10000",1,0,0,0,0
"Y639","E8739","00000",0,0,0,0,0
"Y640","E8750","00000",0,0,0,0,0
"Y641","E8751","00000",0,0,0,0,0
"Y648","E8752","10000",1,0,0,0,0
"Y648","E8758","10000",1,0,0,0,0
"Y649","E8759","00000",0,0,0,0,0
"Y650","E8760","00000",0,0,0,0,0
"Y651","E8761","00000",0,0,0,0,0
"Y652","E8762","00000",0,0,0,0,0
"Y653","E8763","00000",0,0,0,0,0
"Y654","E8764","00000",0,0,0,0,0
"Y6551","E8765","00000",0,0,0,0,0
"Y6552","E8766","00000",0,0,0,0,0
"Y6553","E8767","00000",0,0,0,0,0
"Y658","E8768","10000",1,0,0,0,0
"Y66","E8768","10000",1,0,0,0,0
"Y69","E8769","00000",0,0,0,0,0
"Y700","NoDx","11000",1,1,0,0,0
"Y701","NoDx","11000",1,1,0,0,0
"Y702","NoDx","11000",1,1,0,0,0
"Y703","NoDx","11000",1,1,0,0,0
"Y708","NoDx","11000",1,1,0,0,0
"Y710","NoDx","11000",1,1,0,0,0
"Y711","NoDx","11000",1,1,0,0,0
"Y712","NoDx","11000",1,1,0,0,0
"Y713","NoDx","11000",1,1,0,0,0
"Y718","NoDx","11000",1,1,0,0,0
"Y720","NoDx","11000",1,1,0,0,0
"Y721","NoDx","11000",1,1,0,0,0
"Y722","NoDx","11000",1,1,0,0,0
"Y723","NoDx","11000",1,1,0,0,0
"Y728","NoDx","11000",1,1,0,0,0
"Y730","NoDx","11000",1,1,0,0,0
"Y731","NoDx","11000",1,1,0,0,0
"Y732","NoDx","11000",1,1,0,0,0
"Y733","NoDx","11000",1,1,0,0,0
"Y738","NoDx","11000",1,1,0,0,0
"Y740","NoDx","11000",1,1,0,0,0
"Y741","NoDx","11000",1,1,0,0,0
"Y742","NoDx","11000",1,1,0,0,0
"Y743","NoDx","11000",1,1,0,0,0
"Y748","NoDx","11000",1,1,0,0,0
"Y750","NoDx","11000",1,1,0,0,0
"Y751","NoDx","11000",1,1,0,0,0
"Y752","NoDx","11000",1,1,0,0,0
"Y753","NoDx","11000",1,1,0,0,0
"Y758","NoDx","11000",1,1,0,0,0
"Y760","NoDx","11000",1,1,0,0,0
"Y761","NoDx","11000",1,1,0,0,0
"Y762","NoDx","11000",1,1,0,0,0
"Y763","NoDx","11000",1,1,0,0,0
"Y768","NoDx","11000",1,1,0,0,0
"Y770","NoDx","11000",1,1,0,0,0
"Y771","NoDx","11000",1,1,0,0,0
"Y772","NoDx","11000",1,1,0,0,0
"Y773","NoDx","11000",1,1,0,0,0
"Y778","NoDx","11000",1,1,0,0,0
"Y780","NoDx","11000",1,1,0,0,0
"Y781","NoDx","11000",1,1,0,0,0
"Y782","NoDx","11000",1,1,0,0,0
"Y783","NoDx","11000",1,1,0,0,0
"Y788","NoDx","11000",1,1,0,0,0
"Y790","NoDx","11000",1,1,0,0,0
"Y791","NoDx","11000",1,1,0,0,0
"Y792","NoDx","11000",1,1,0,0,0
"Y793","NoDx","11000",1,1,0,0,0
"Y798","NoDx","11000",1,1,0,0,0
"Y800","NoDx","11000",1,1,0,0,0
"Y801","NoDx","11000",1,1,0,0,0
"Y802","NoDx","11000",1,1,0,0,0
"Y803","NoDx","11000",1,1,0,0,0
"Y808","NoDx","11000",1,1,0,0,0
"Y810","NoDx","11000",1,1,0,0,0
"Y811","NoDx","11000",1,1,0,0,0
"Y812","NoDx","11000",1,1,0,0,0
"Y813","NoDx","11000",1,1,0,0,0
"Y818","NoDx","11000",1,1,0,0,0
"Y828","NoDx","11000",1,1,0,0,0
"Y829","NoDx","11000",1,1,0,0,0
"Y830","E8780","00000",0,0,0,0,0
"Y831","E8781","00000",0,0,0,0,0
"Y832","E8782","00000",0,0,0,0,0
"Y833","E8783","00000",0,0,0,0,0
"Y834","E8784","00000",0,0,0,0,0
"Y835","E8785","00000",0,0,0,0,0
"Y836","E8786","00000",0,0,0,0,0
"Y838","E8788","00000",0,0,0,0,0
"Y839","E8789","10000",1,0,0,0,0
"Y840","E8790","00000",0,0,0,0,0
"Y841","E8791","00000",0,0,0,0,0
"Y842","E8792","00000",0,0,0,0,0
"Y843","E8793","00000",0,0,0,0,0
"Y844","E8794","00000",0,0,0,0,0
"Y845","E8795","00000",0,0,0,0,0
"Y846","E8796","00000",0,0,0,0,0
"Y847","E8797","00000",0,0,0,0,0
"Y848","E8798","10000",1,0,0,0,0
"Y849","E8789","10000",1,0,0,0,0
"Y900","NoDx","11000",1,1,0,0,0
"Y901","NoDx","11000",1,1,0,0,0
"Y902","NoDx","11000",1,1,0,0,0
"Y903","NoDx","11000",1,1,0,0,0
"Y904","NoDx","11000",1,1,0,0,0
"Y905","NoDx","11000",1,1,0,0,0
"Y906","NoDx","11000",1,1,0,0,0
"Y907","NoDx","11000",1,1,0,0,0
"Y908","NoDx","11000",1,1,0,0,0
"Y909","NoDx","11000",1,1,0,0,0
"Y92000","E8490","10000",1,0,0,0,0
"Y92001","E8490","10000",1,0,0,0,0
"Y92002","E8490","10000",1,0,0,0,0
"Y92003","E8490","10000",1,0,0,0,0
"Y92007","E8490","10000",1,0,0,0,0
"Y92008","E8490","10000",1,0,0,0,0
"Y92009","E8490","10000",1,0,0,0,0
"Y92010","E8490","10000",1,0,0,0,0
"Y92011","E8490","10000",1,0,0,0,0
"Y92012","E8490","10000",1,0,0,0,0
"Y92013","E8490","10000",1,0,0,0,0
"Y92014","E8490","10000",1,0,0,0,0
"Y92015","E8490","10000",1,0,0,0,0
"Y92016","E8490","10000",1,0,0,0,0
"Y92017","E8490","10000",1,0,0,0,0
"Y92018","E8490","10000",1,0,0,0,0
"Y92019","E8490","10000",1,0,0,0,0
"Y92020","E8490","10000",1,0,0,0,0
"Y92021","E8490","10000",1,0,0,0,0
"Y92022","E8490","10000",1,0,0,0,0
"Y92023","E8490","10000",1,0,0,0,0
"Y92024","E8490","10000",1,0,0,0,0
"Y92025","E8490","10000",1,0,0,0,0
"Y92026","E8490","10000",1,0,0,0,0
"Y92027","E8490","10000",1,0,0,0,0
"Y92028","E8490","10000",1,0,0,0,0
"Y92029","E8490","10000",1,0,0,0,0
"Y92030","E8490","10000",1,0,0,0,0
"Y92031","E8490","10000",1,0,0,0,0
"Y92032","E8490","10000",1,0,0,0,0
"Y92038","E8490","10000",1,0,0,0,0
"Y92039","E8490","10000",1,0,0,0,0
"Y92040","E8490","10000",1,0,0,0,0
"Y92041","E8490","10000",1,0,0,0,0
"Y92042","E8490","10000",1,0,0,0,0
"Y92043","E8490","10000",1,0,0,0,0
"Y92044","E8490","10000",1,0,0,0,0
"Y92045","E8490","10000",1,0,0,0,0
"Y92046","E8490","10000",1,0,0,0,0
"Y92048","E8490","10000",1,0,0,0,0
"Y92049","E8490","10000",1,0,0,0,0
"Y92090","E8490","10000",1,0,0,0,0
"Y92091","E8490","10000",1,0,0,0,0
"Y92092","E8490","10000",1,0,0,0,0
"Y92093","E8490","10000",1,0,0,0,0
"Y92094","E8490","10000",1,0,0,0,0
"Y92095","E8490","10000",1,0,0,0,0
"Y92096","E8490","10000",1,0,0,0,0
"Y92098","E8490","10000",1,0,0,0,0
"Y92099","E8490","10000",1,0,0,0,0
"Y9210","E8490","10000",1,0,0,0,0
"Y92110","E8497","10000",1,0,0,0,0
"Y92111","E8497","10000",1,0,0,0,0
"Y92112","E8497","10000",1,0,0,0,0
"Y92113","E8497","10000",1,0,0,0,0
"Y92114","E8497","10000",1,0,0,0,0
"Y92115","E8497","10000",1,0,0,0,0
"Y92116","E8497","10000",1,0,0,0,0
"Y92118","E8497","10000",1,0,0,0,0
"Y92119","E8497","10000",1,0,0,0,0
"Y92120","E8497","10000",1,0,0,0,0
"Y92121","E8497","10000",1,0,0,0,0
"Y92122","E8497","10000",1,0,0,0,0
"Y92123","E8497","10000",1,0,0,0,0
"Y92124","E8497","10000",1,0,0,0,0
"Y92125","E8497","10000",1,0,0,0,0
"Y92126","E8497","10000",1,0,0,0,0
"Y92128","E8497","10000",1,0,0,0,0
"Y92129","E8497","10000",1,0,0,0,0
"Y92130","E8498","10000",1,0,0,0,0
"Y92131","E8498","10000",1,0,0,0,0
"Y92133","E8498","10000",1,0,0,0,0
"Y92135","E8498","10000",1,0,0,0,0
"Y92136","E8498","10000",1,0,0,0,0
"Y92137","E8498","10000",1,0,0,0,0
"Y92138","E8498","10000",1,0,0,0,0
"Y92139","E8498","10000",1,0,0,0,0
"Y92140","E8497","10000",1,0,0,0,0
"Y92141","E8497","10000",1,0,0,0,0
"Y92142","E8497","10000",1,0,0,0,0
"Y92143","E8497","10000",1,0,0,0,0
"Y92146","E8497","10000",1,0,0,0,0
"Y92147","E8497","10000",1,0,0,0,0
"Y92148","E8497","10000",1,0,0,0,0
"Y92149","E8497","10000",1,0,0,0,0
"Y92150","E8497","10000",1,0,0,0,0
"Y92151","E8497","10000",1,0,0,0,0
"Y92152","E8497","10000",1,0,0,0,0
"Y92153","E8497","10000",1,0,0,0,0
"Y92154","E8497","10000",1,0,0,0,0
"Y92155","E8497","10000",1,0,0,0,0
"Y92156","E8497","10000",1,0,0,0,0
"Y92157","E8497","10000",1,0,0,0,0
"Y92158","E8497","10000",1,0,0,0,0
"Y92159","E8497","10000",1,0,0,0,0
"Y92160","E8497","10000",1,0,0,0,0
"Y92161","E8497","10000",1,0,0,0,0
"Y92162","E8497","10000",1,0,0,0,0
"Y92163","E8497","10000",1,0,0,0,0
"Y92168","E8497","10000",1,0,0,0,0
"Y92169","E8497","10000",1,0,0,0,0
"Y92190","E8497","10000",1,0,0,0,0
"Y92191","E8497","10000",1,0,0,0,0
"Y92192","E8497","10000",1,0,0,0,0
"Y92193","E8497","10000",1,0,0,0,0
"Y92194","E8497","10000",1,0,0,0,0
"Y92195","E8497","10000",1,0,0,0,0
"Y92196","E8497","10000",1,0,0,0,0
"Y92197","E8497","10000",1,0,0,0,0
"Y92198","E8497","10000",1,0,0,0,0
"Y92199","E8497","10000",1,0,0,0,0
"Y92210","E8496","10000",1,0,0,0,0
"Y92211","E8496","10000",1,0,0,0,0
"Y92212","E8496","10000",1,0,0,0,0
"Y92213","E8496","10000",1,0,0,0,0
"Y92214","E8496","10000",1,0,0,0,0
"Y92215","E8496","10000",1,0,0,0,0
"Y92218","E8496","10000",1,0,0,0,0
"Y92219","E8496","10000",1,0,0,0,0
"Y9222","E8496","10000",1,0,0,0,0
"Y92230","E8497","10000",1,0,0,0,0
"Y92231","E8497","10000",1,0,0,0,0
"Y92232","E8497","10000",1,0,0,0,0
"Y92233","E8497","10000",1,0,0,0,0
"Y92234","E8497","10000",1,0,0,0,0
"Y92238","E8497","10000",1,0,0,0,0
"Y92239","E8497","10000",1,0,0,0,0
"Y92240","E8496","10000",1,0,0,0,0
"Y92241","E8496","10000",1,0,0,0,0
"Y92242","E8496","10000",1,0,0,0,0
"Y92243","E8496","10000",1,0,0,0,0
"Y92248","E8496","10000",1,0,0,0,0
"Y92250","E8496","10000",1,0,0,0,0
"Y92251","E8496","10000",1,0,0,0,0
"Y92252","E8496","10000",1,0,0,0,0
"Y92253","E8496","10000",1,0,0,0,0
"Y92254","E8496","10000",1,0,0,0,0
"Y92258","E8496","10000",1,0,0,0,0
"Y9226","E8496","10000",1,0,0,0,0
"Y9229","E8496","10000",1,0,0,0,0
"Y92310","E8494","10000",1,0,0,0,0
"Y92311","E8494","10000",1,0,0,0,0
"Y92312","E8494","10000",1,0,0,0,0
"Y92318","E8494","10000",1,0,0,0,0
"Y92320","E8494","10000",1,0,0,0,0
"Y92321","E8494","10000",1,0,0,0,0
"Y92322","E8494","10000",1,0,0,0,0
"Y92328","E8494","10000",1,0,0,0,0
"Y92330","E8494","10000",1,0,0,0,0
"Y92331","E8494","10000",1,0,0,0,0
"Y9234","E8494","10000",1,0,0,0,0
"Y9239","E8494","10000",1,0,0,0,0
"Y92410","E8495","10000",1,0,0,0,0
"Y92411","E8495","10000",1,0,0,0,0
"Y92412","E8495","10000",1,0,0,0,0
"Y92413","E8495","10000",1,0,0,0,0
"Y92414","E8495","10000",1,0,0,0,0
"Y92415","E8495","10000",1,0,0,0,0
"Y92480","E8495","10000",1,0,0,0,0
"Y92481","E8495","10000",1,0,0,0,0
"Y92482","E8495","10000",1,0,0,0,0
"Y92488","E8495","10000",1,0,0,0,0
"Y92510","E8496","10000",1,0,0,0,0
"Y92511","E8496","10000",1,0,0,0,0
"Y92512","E8496","10000",1,0,0,0,0
"Y92513","E8496","10000",1,0,0,0,0
"Y92520","E8496","10000",1,0,0,0,0
"Y92521","E8496","10000",1,0,0,0,0
"Y92522","E8496","10000",1,0,0,0,0
"Y92523","E8496","10000",1,0,0,0,0
"Y92524","E8496","10000",1,0,0,0,0
"Y92530","E8496","10000",1,0,0,0,0
"Y92531","E8496","10000",1,0,0,0,0
"Y92532","E8496","10000",1,0,0,0,0
"Y92538","E8496","10000",1,0,0,0,0
"Y9259","E8496","10000",1,0,0,0,0
"Y9261","E8493","10000",1,0,0,0,0
"Y9262","E8493","10000",1,0,0,0,0
"Y9263","E8493","10000",1,0,0,0,0
"Y9264","E8492","10000",1,0,0,0,0
"Y9265","E8493","10000",1,0,0,0,0
"Y9269","E8493","10000",1,0,0,0,0
"Y9271","E8491","10000",1,0,0,0,0
"Y9272","E8491","10000",1,0,0,0,0
"Y9273","E8491","10000",1,0,0,0,0
"Y9274","E8491","10000",1,0,0,0,0
"Y9279","E8491","10000",1,0,0,0,0
"Y92810","E8498","10000",1,0,0,0,0
"Y92811","E8498","10000",1,0,0,0,0
"Y92812","E8498","10000",1,0,0,0,0
"Y92813","E8498","10000",1,0,0,0,0
"Y92814","E8498","10000",1,0,0,0,0
"Y92815","E8498","10000",1,0,0,0,0
"Y92816","E8498","10000",1,0,0,0,0
"Y92818","E8498","10000",1,0,0,0,0
"Y92820","E8498","10000",1,0,0,0,0
"Y92821","E8498","10000",1,0,0,0,0
"Y92828","E8498","10000",1,0,0,0,0
"Y92830","E8494","10000",1,0,0,0,0
"Y92831","E8494","10000",1,0,0,0,0
"Y92832","E8494","10000",1,0,0,0,0
"Y92833","E8494","10000",1,0,0,0,0
"Y92834","E8494","10000",1,0,0,0,0
"Y92838","E8494","10000",1,0,0,0,0
"Y9284","E8498","10000",1,0,0,0,0
"Y9285","E8498","10000",1,0,0,0,0
"Y9286","E8498","10000",1,0,0,0,0
"Y9289","E8498","10000",1,0,0,0,0
"Y929","E8499","10000",1,0,0,0,0
"Y9301","E0010","00000",0,0,0,0,0
"Y9302","E0011","00000",0,0,0,0,0
"Y9311","E0020","00000",0,0,0,0,0
"Y9312","E0021","00000",0,0,0,0,0
"Y9313","E0022","00000",0,0,0,0,0
"Y9314","E0023","00000",0,0,0,0,0
"Y9315","E0024","00000",0,0,0,0,0
"Y9316","E0025","00000",0,0,0,0,0
"Y9317","E0026","00000",0,0,0,0,0
"Y9318","E0027","00000",0,0,0,0,0
"Y9319","E0028","10000",1,0,0,0,0
"Y9319","E0029","10000",1,0,0,0,0
"Y9321","E0030","00000",0,0,0,0,0
"Y9322","E0031","00000",0,0,0,0,0
"Y9323","E0032","00000",0,0,0,0,0
"Y9324","E0033","00000",0,0,0,0,0
"Y9329","E0039","00000",0,0,0,0,0
"Y9331","E0040","00000",0,0,0,0,0
"Y9332","E0041","00000",0,0,0,0,0
"Y9333","E0042","00000",0,0,0,0,0
"Y9334","E0043","00000",0,0,0,0,0
"Y9335","E0044","00000",0,0,0,0,0
"Y9339","E0049","00000",0,0,0,0,0
"Y9341","E0050","00000",0,0,0,0,0
"Y9342","E0051","00000",0,0,0,0,0
"Y9343","E0052","00000",0,0,0,0,0
"Y9344","E0053","00000",0,0,0,0,0
"Y9345","E0054","00000",0,0,0,0,0
"Y9349","E0059","00000",0,0,0,0,0
"Y9351","E0060","00000",0,0,0,0,0
"Y9352","E0061","00000",0,0,0,0,0
"Y9353","E0062","00000",0,0,0,0,0
"Y9354","E0063","00000",0,0,0,0,0
"Y9355","E0064","00000",0,0,0,0,0
"Y9356","E0065","00000",0,0,0,0,0
"Y9357","E0066","00000",0,0,0,0,0
"Y9359","E0069","00000",0,0,0,0,0
"Y9361","E0070","00000",0,0,0,0,0
"Y9362","E0071","00000",0,0,0,0,0
"Y9363","E0072","00000",0,0,0,0,0
"Y9364","E0073","00000",0,0,0,0,0
"Y9365","E0074","00000",0,0,0,0,0
"Y9366","E0075","00000",0,0,0,0,0
"Y9367","E0076","00000",0,0,0,0,0
"Y9368","E0077","00000",0,0,0,0,0
"Y9369","E0079","00000",0,0,0,0,0
"Y936A","E0078","00000",0,0,0,0,0
"Y9371","E0080","00000",0,0,0,0,0
"Y9372","E0081","00000",0,0,0,0,0
"Y9373","E0082","00000",0,0,0,0,0
"Y9374","E0083","00000",0,0,0,0,0
"Y9375","E0084","00000",0,0,0,0,0
"Y9379","E0089","00000",0,0,0,0,0
"Y9381","E0290","00000",0,0,0,0,0
"Y9382","E0291","00000",0,0,0,0,0
"Y9383","E0292","00000",0,0,0,0,0
"Y9384","E0299","10000",1,0,0,0,0
"Y9389","E0299","10000",1,0,0,0,0
"Y939","E030","00000",0,0,0,0,0
"Y93A1","E0090","00000",0,0,0,0,0
"Y93A2","E0091","00000",0,0,0,0,0
"Y93A3","E0092","00000",0,0,0,0,0
"Y93A4","E0093","00000",0,0,0,0,0
"Y93A5","E0094","00000",0,0,0,0,0
"Y93A6","E0095","00000",0,0,0,0,0
"Y93A9","E0099","00000",0,0,0,0,0
"Y93B1","E0100","00000",0,0,0,0,0
"Y93B2","E0101","00000",0,0,0,0,0
"Y93B3","E0102","00000",0,0,0,0,0
"Y93B4","E0103","00000",0,0,0,0,0
"Y93B9","E0109","00000",0,0,0,0,0
"Y93C1","E0110","00000",0,0,0,0,0
"Y93C2","E0111","00000",0,0,0,0,0
"Y93C9","E0119","00000",0,0,0,0,0
"Y93D1","E0120","00000",0,0,0,0,0
"Y93D2","E0121","00000",0,0,0,0,0
"Y93D3","E0122","00000",0,0,0,0,0
"Y93D9","E0129","00000",0,0,0,0,0
"Y93E1","E0130","00000",0,0,0,0,0
"Y93E2","E0131","00000",0,0,0,0,0
"Y93E3","E0132","00000",0,0,0,0,0
"Y93E4","E0133","00000",0,0,0,0,0
"Y93E5","E0134","00000",0,0,0,0,0
"Y93E6","E0135","00000",0,0,0,0,0
"Y93E8","E0138","00000",0,0,0,0,0
"Y93E9","E0139","00000",0,0,0,0,0
"Y93F1","E0140","00000",0,0,0,0,0
"Y93F2","E0141","00000",0,0,0,0,0
"Y93F9","E0149","00000",0,0,0,0,0
"Y93G1","E0150","00000",0,0,0,0,0
"Y93G2","E0151","00000",0,0,0,0,0
"Y93G3","E0152","00000",0,0,0,0,0
"Y93G9","E0159","00000",0,0,0,0,0
"Y93H1","E0160","00000",0,0,0,0,0
"Y93H2","E0161","00000",0,0,0,0,0
"Y93H3","E0162","00000",0,0,0,0,0
"Y93H9","E0169","00000",0,0,0,0,0
"Y93I1","E0170","00000",0,0,0,0,0
"Y93I9","E0179","00000",0,0,0,0,0
"Y93J1","E0180","00000",0,0,0,0,0
"Y93J2","E0181","00000",0,0,0,0,0
"Y93J3","E0182","00000",0,0,0,0,0
"Y93J4","E0183","00000",0,0,0,0,0
"Y93K1","E0190","00000",0,0,0,0,0
"Y93K2","E0191","00000",0,0,0,0,0
"Y93K3","E0192","00000",0,0,0,0,0
"Y93K9","E0199","00000",0,0,0,0,0
"Y95","NoDx","11000",1,1,0,0,0
"Y990","E0000","00000",0,0,0,0,0
"Y991","E0001","00000",0,0,0,0,0
"Y992","E0002","00000",0,0,0,0,0
"Y998","E0008","00000",0,0,0,0,0
"Y999","E0009","00000",0,0,0,0,0
"Z0000","V700","10000",1,0,0,0,0
"Z0001","V700","10000",1,0,0,0,0
"Z00110","V2031","00000",0,0,0,0,0
"Z00111","V2032","00000",0,0,0,0,0
"Z00121","V202","10000",1,0,0,0,0
"Z00129","V202","10000",1,0,0,0,0
"Z002","V210","10000",1,0,0,0,0
"Z003","V211","10000",1,0,0,0,0
"Z003","V212","10000",1,0,0,0,0
"Z005","V708","10000",1,0,0,0,0
"Z006","V707","00000",0,0,0,0,0
"Z0070","V708","10000",1,0,0,0,0
"Z0071","V708","10000",1,0,0,0,0
"Z008","V706","10000",1,0,0,0,0
"Z008","V708","10000",1,0,0,0,0
"Z0100","V720","10000",1,0,0,0,0
"Z0101","V720","10000",1,0,0,0,0
"Z0110","V7219","10000",1,0,0,0,0
"Z01110","V7211","00000",0,0,0,0,0
"Z01118","V7219","10000",1,0,0,0,0
"Z0112","V7212","00000",0,0,0,0,0
"Z0120","V722","10000",1,0,0,0,0
"Z0121","V722","10000",1,0,0,0,0
"Z0130","V7285","10000",1,0,0,0,0
"Z0131","V7285","10000",1,0,0,0,0
"Z01411","V7231","10000",1,0,0,0,0
"Z01419","V7231","10000",1,0,0,0,0
"Z0142","V7232","00000",0,0,0,0,0
"Z01810","V7281","00000",0,0,0,0,0
"Z01811","V7282","00000",0,0,0,0,0
"Z01812","V7263","00000",0,0,0,0,0
"Z01818","V7283","10000",1,0,0,0,0
"Z01818","V7284","10000",1,0,0,0,0
"Z0182","V7285","10000",1,0,0,0,0
"Z0183","V7286","00000",0,0,0,0,0
"Z0184","V7261","00000",0,0,0,0,0
"Z0189","V7285","10000",1,0,0,0,0
"Z020","V703","10000",1,0,0,0,0
"Z021","V705","10000",1,0,0,0,0
"Z022","V703","10000",1,0,0,0,0
"Z023","V705","10000",1,0,0,0,0
"Z024","V703","10000",1,0,0,0,0
"Z025","V703","10000",1,0,0,0,0
"Z026","V703","10000",1,0,0,0,0
"Z0271","V6801","00000",0,0,0,0,0
"Z0279","V6809","00000",0,0,0,0,0
"Z0281","V704","10000",1,0,0,0,0
"Z0282","V703","10000",1,0,0,0,0
"Z0283","V704","10000",1,0,0,0,0
"Z0289","V6889","10000",1,0,0,0,0
"Z0289","V703","10000",1,0,0,0,0
"Z0289","V705","10000",1,0,0,0,0
"Z029","V689","10000",1,0,0,0,0
"Z036","V7189","10000",1,0,0,0,0
"Z0371","V8901","00000",0,0,0,0,0
"Z0372","V8902","00000",0,0,0,0,0
"Z0373","V8903","00000",0,0,0,0,0
"Z0374","V8904","00000",0,0,0,0,0
"Z0375","V8905","00000",0,0,0,0,0
"Z0379","V8909","00000",0,0,0,0,0
"Z03810","V7182","00000",0,0,0,0,0
"Z03818","V7183","00000",0,0,0,0,0
"Z0389","V7189","10000",1,0,0,0,0
"Z041","V714","10000",1,0,0,0,0
"Z042","V713","00000",0,0,0,0,0
"Z043","V714","10000",1,0,0,0,0
"Z0441","V715","10000",1,0,0,0,0
"Z0442","V715","10000",1,0,0,0,0
"Z046","V701","00000",0,0,0,0,0
"Z0471","V7181","10000",1,0,0,0,0
"Z0472","V7181","10000",1,0,0,0,0
"Z048","V682","10000",1,0,0,0,0
"Z048","V716","10000",1,0,0,0,0
"Z049","V719","10000",1,0,0,0,0
"Z08","V6701","10000",1,0,0,0,0
"Z08","V671","10000",1,0,0,0,0
"Z08","V672","10000",1,0,0,0,0
"Z08","V6759","10000",1,0,0,0,0
"Z08","V676","10000",1,0,0,0,0
"Z08","V679","10000",1,0,0,0,0
"Z09","V6700","10000",1,0,0,0,0
"Z09","V6709","10000",1,0,0,0,0
"Z09","V671","10000",1,0,0,0,0
"Z09","V672","10000",1,0,0,0,0
"Z09","V673","10000",1,0,0,0,0
"Z09","V674","10000",1,0,0,0,0
"Z09","V6751","10000",1,0,0,0,0
"Z09","V6759","10000",1,0,0,0,0
"Z09","V676","10000",1,0,0,0,0
"Z09","V679","10000",1,0,0,0,0
"Z110","V740","10000",1,0,0,0,0
"Z110","V758","10000",1,0,0,0,0
"Z111","V741","00000",0,0,0,0,0
"Z112","V742","10000",1,0,0,0,0
"Z112","V743","10000",1,0,0,0,0
"Z112","V748","10000",1,0,0,0,0
"Z113","V745","00000",0,0,0,0,0
"Z114","V7389","10000",1,0,0,0,0
"Z1151","V7381","00000",0,0,0,0,0
"Z1159","V730","10000",1,0,0,0,0
"Z1159","V732","10000",1,0,0,0,0
"Z1159","V733","10000",1,0,0,0,0
"Z1159","V734","10000",1,0,0,0,0
"Z1159","V735","10000",1,0,0,0,0
"Z1159","V7389","10000",1,0,0,0,0
"Z116","V757","10000",1,0,0,0,0
"Z118","V7388","10000",1,0,0,0,0
"Z118","V7398","10000",1,0,0,0,0
"Z118","V748","10000",1,0,0,0,0
"Z118","V750","10000",1,0,0,0,0
"Z118","V751","10000",1,0,0,0,0
"Z118","V752","10000",1,0,0,0,0
"Z118","V753","10000",1,0,0,0,0
"Z118","V754","10000",1,0,0,0,0
"Z118","V755","10000",1,0,0,0,0
"Z118","V756","10000",1,0,0,0,0
"Z118","V758","10000",1,0,0,0,0
"Z119","V759","00000",0,0,0,0,0
"Z120","V7649","10000",1,0,0,0,0
"Z1210","V7650","00000",0,0,0,0,0
"Z1211","V7651","00000",0,0,0,0,0
"Z1212","V7641","00000",0,0,0,0,0
"Z1213","V7652","00000",0,0,0,0,0
"Z122","V760","00000",0,0,0,0,0
"Z1231","V7612","10000",1,0,0,0,0
"Z1239","V7610","10000",1,0,0,0,0
"Z1239","V7619","10000",1,0,0,0,0
"Z124","V762","00000",0,0,0,0,0
"Z125","V7644","00000",0,0,0,0,0
"Z126","V763","00000",0,0,0,0,0
"Z1271","V7645","00000",0,0,0,0,0
"Z1272","V7647","10000",1,0,0,0,0
"Z1273","V7646","00000",0,0,0,0,0
"Z1279","V7649","10000",1,0,0,0,0
"Z1281","V7642","00000",0,0,0,0,0
"Z1282","V7681","00000",0,0,0,0,0
"Z1283","V7643","00000",0,0,0,0,0
"Z1289","V7649","10000",1,0,0,0,0
"Z129","V769","00000",0,0,0,0,0
"Z130","V782","10000",1,0,0,0,0
"Z130","V783","10000",1,0,0,0,0
"Z130","V789","10000",1,0,0,0,0
"Z131","V771","00000",0,0,0,0,0
"Z1321","V7799","10000",1,0,0,0,0
"Z13220","V7791","00000",0,0,0,0,0
"Z13228","V773","10000",1,0,0,0,0
"Z13228","V774","10000",1,0,0,0,0
"Z13228","V776","10000",1,0,0,0,0
"Z13228","V777","10000",1,0,0,0,0
"Z13228","V7799","10000",1,0,0,0,0
"Z1329","V770","10000",1,0,0,0,0
"Z1329","V7799","10000",1,0,0,0,0
"Z134","V792","10000",1,0,0,0,0
"Z134","V793","10000",1,0,0,0,0
"Z134","V798","10000",1,0,0,0,0
"Z135","V801","10000",1,0,0,0,0
"Z135","V802","10000",1,0,0,0,0
"Z135","V803","10000",1,0,0,0,0
"Z136","V811","10000",1,0,0,0,0
"Z136","V812","10000",1,0,0,0,0
"Z1371","V8271","10000",1,0,0,0,0
"Z1379","V8279","10000",1,0,0,0,0
"Z13810","V8289","10000",1,0,0,0,0
"Z13811","V8289","10000",1,0,0,0,0
"Z13818","V8289","10000",1,0,0,0,0
"Z13820","V8281","00000",0,0,0,0,0
"Z13828","V821","10000",1,0,0,0,0
"Z13828","V8289","10000",1,0,0,0,0
"Z1383","V813","10000",1,0,0,0,0
"Z1383","V814","10000",1,0,0,0,0
"Z1384","V8289","10000",1,0,0,0,0
"Z13850","V8001","00000",0,0,0,0,0
"Z13858","V8009","00000",0,0,0,0,0
"Z1388","V825","00000",0,0,0,0,0
"Z1389","V790","10000",1,0,0,0,0
"Z1389","V791","10000",1,0,0,0,0
"Z1389","V799","10000",1,0,0,0,0
"Z1389","V815","10000",1,0,0,0,0
"Z1389","V816","10000",1,0,0,0,0
"Z1389","V820","10000",1,0,0,0,0
"Z1389","V824","10000",1,0,0,0,0
"Z1389","V826","10000",1,0,0,0,0
"Z1389","V8289","10000",1,0,0,0,0
"Z139","V829","10000",1,0,0,0,0
"Z1401","V8301","00000",0,0,0,0,0
"Z1402","V8302","00000",0,0,0,0,0
"Z141","V8381","00000",0,0,0,0,0
"Z148","V8389","00000",0,0,0,0,0
"Z1501","V8401","00000",0,0,0,0,0
"Z1502","V8402","00000",0,0,0,0,0
"Z1503","V8403","00000",0,0,0,0,0
"Z1504","V8404","00000",0,0,0,0,0
"Z1509","V8409","00000",0,0,0,0,0
"Z1581","V8481","00000",0,0,0,0,0
"Z1589","V8489","00000",0,0,0,0,0
"Z1610","V091","10000",1,0,0,0,0
"Z1611","V090","00000",0,0,0,0,0
"Z1612","V091","10000",1,0,0,0,0
"Z1619","V091","10000",1,0,0,0,0
"Z1620","V0980","10000",1,0,0,0,0
"Z1621","V0980","10000",1,0,0,0,0
"Z1622","V0980","10000",1,0,0,0,0
"Z1623","V0950","10000",1,0,0,0,0
"Z1623","V0951","10000",1,0,0,0,0
"Z1624","V0991","10000",1,0,0,0,0
"Z1629","V092","10000",1,0,0,0,0
"Z1629","V093","10000",1,0,0,0,0
"Z1629","V094","10000",1,0,0,0,0
"Z1629","V096","10000",1,0,0,0,0
"Z1630","V0990","10000",1,0,0,0,0
"Z1631","V0980","10000",1,0,0,0,0
"Z1632","V0980","10000",1,0,0,0,0
"Z1633","V0980","10000",1,0,0,0,0
"Z16341","V0970","00000",0,0,0,0,0
"Z16342","V0971","00000",0,0,0,0,0
"Z1635","V0981","10000",1,0,0,0,0
"Z1639","V0980","10000",1,0,0,0,0
"Z170","V860","00000",0,0,0,0,0
"Z171","V861","00000",0,0,0,0,0
"Z1801","V9001","00000",0,0,0,0,0
"Z1809","V9009","00000",0,0,0,0,0
"Z1810","V9010","00000",0,0,0,0,0
"Z1811","V9011","00000",0,0,0,0,0
"Z1812","V9012","00000",0,0,0,0,0
"Z182","V902","00000",0,0,0,0,0
"Z1831","V9031","00000",0,0,0,0,0
"Z1832","V9032","00000",0,0,0,0,0
"Z1833","V9033","00000",0,0,0,0,0
"Z1839","V9039","00000",0,0,0,0,0
"Z1881","V9081","00000",0,0,0,0,0
"Z1883","V9083","00000",0,0,0,0,0
"Z1889","V9089","00000",0,0,0,0,0
"Z189","V909","00000",0,0,0,0,0
"Z2001","V0183","00000",0,0,0,0,0
"Z2009","V010","10000",1,0,0,0,0
"Z2009","V0189","10000",1,0,0,0,0
"Z201","V011","00000",0,0,0,0,0
"Z202","V016","00000",0,0,0,0,0
"Z203","V015","00000",0,0,0,0,0
"Z204","V014","00000",0,0,0,0,0
"Z205","V0179","10000",1,0,0,0,0
"Z206","V0179","10000",1,0,0,0,0
"Z207","V0189","10000",1,0,0,0,0
"Z20810","V0181","00000",0,0,0,0,0
"Z20811","V0184","00000",0,0,0,0,0
"Z20818","V0189","10000",1,0,0,0,0
"Z20820","V0171","00000",0,0,0,0,0
"Z20828","V0179","10000",1,0,0,0,0
"Z2089","V012","10000",1,0,0,0,0
"Z2089","V013","10000",1,0,0,0,0
"Z2089","V0182","10000",1,0,0,0,0
"Z2089","V0189","10000",1,0,0,0,0
"Z209","V019","00000",0,0,0,0,0
"Z21","V08","00000",0,0,0,0,0
"Z220","V021","00000",0,0,0,0,0
"Z221","V020","10000",1,0,0,0,0
"Z221","V022","10000",1,0,0,0,0
"Z221","V023","10000",1,0,0,0,0
"Z222","V024","00000",0,0,0,0,0
"Z2231","V0259","10000",1,0,0,0,0
"Z22321","V0253","00000",0,0,0,0,0
"Z22322","V0254","00000",0,0,0,0,0
"Z22330","V0251","10000",1,0,0,0,0
"Z22338","V0252","00000",0,0,0,0,0
"Z2239","V0259","10000",1,0,0,0,0
"Z224","V027","10000",1,0,0,0,0
"Z224","V028","10000",1,0,0,0,0
"Z2250","V0260","00000",0,0,0,0,0
"Z2251","V0261","00000",0,0,0,0,0
"Z2252","V0262","00000",0,0,0,0,0
"Z2259","V0269","00000",0,0,0,0,0
"Z226","V029","10000",1,0,0,0,0
"Z228","V029","10000",1,0,0,0,0
"Z229","V029","10000",1,0,0,0,0
"Z23","V059","10000",1,0,0,0,0
"Z2801","V6401","00000",0,0,0,0,0
"Z2802","V6402","00000",0,0,0,0,0
"Z2803","V6403","00000",0,0,0,0,0
"Z2804","V6404","00000",0,0,0,0,0
"Z2809","V6409","10000",1,0,0,0,0
"Z281","V6407","00000",0,0,0,0,0
"Z2820","V6409","10000",1,0,0,0,0
"Z2821","V6406","10000",1,0,0,0,0
"Z2829","V6409","10000",1,0,0,0,0
"Z283","V1583","00000",0,0,0,0,0
"Z2881","V6408","00000",0,0,0,0,0
"Z2882","V6405","00000",0,0,0,0,0
"Z2889","V6409","10000",1,0,0,0,0
"Z289","V6400","00000",0,0,0,0,0
"Z30011","V2501","00000",0,0,0,0,0
"Z30012","V2503","00000",0,0,0,0,0
"Z30013","V2502","10000",1,0,0,0,0
"Z30014","V2502","10000",1,0,0,0,0
"Z30018","V2502","10000",1,0,0,0,0
"Z30019","V2502","10000",1,0,0,0,0
"Z3002","V2504","00000",0,0,0,0,0
"Z3009","V2509","00000",0,0,0,0,0
"Z302","V252","00000",0,0,0,0,0
"Z3040","V2540","00000",0,0,0,0,0
"Z3041","V2541","00000",0,0,0,0,0
"Z3042","V2549","10000",1,0,0,0,0
"Z30430","V2511","00000",0,0,0,0,0
"Z30431","V2542","00000",0,0,0,0,0
"Z30432","V2512","00000",0,0,0,0,0
"Z30433","V2513","00000",0,0,0,0,0
"Z3049","V2543","10000",1,0,0,0,0
"Z3049","V2549","10000",1,0,0,0,0
"Z3049","V255","10000",1,0,0,0,0
"Z308","V253","10000",1,0,0,0,0
"Z308","V258","10000",1,0,0,0,0
"Z309","V259","00000",0,0,0,0,0
"Z310","V260","00000",0,0,0,0,0
"Z3141","V2621","00000",0,0,0,0,0
"Z3142","V2622","00000",0,0,0,0,0
"Z31430","V2631","00000",0,0,0,0,0
"Z31438","V2632","10000",1,0,0,0,0
"Z31440","V2634","00000",0,0,0,0,0
"Z31441","V2635","00000",0,0,0,0,0
"Z31448","V2639","10000",1,0,0,0,0
"Z3149","V2629","00000",0,0,0,0,0
"Z315","V2633","10000",1,0,0,0,0
"Z3161","V2641","00000",0,0,0,0,0
"Z3162","V2642","00000",0,0,0,0,0
"Z3169","V2649","00000",0,0,0,0,0
"Z3181","V2689","10000",1,0,0,0,0
"Z3182","V2689","10000",1,0,0,0,0
"Z3183","V2681","00000",0,0,0,0,0
"Z3184","V2682","00000",0,0,0,0,0
"Z3189","V261","10000",1,0,0,0,0
"Z3189","V2689","10000",1,0,0,0,0
"Z319","V269","00000",0,0,0,0,0
"Z3200","V7240","00000",0,0,0,0,0
"Z3201","V7242","00000",0,0,0,0,0
"Z3202","V7241","00000",0,0,0,0,0
"Z322","V6549","10000",1,0,0,0,0
"Z323","V6549","10000",1,0,0,0,0
"Z331","V222","00000",0,0,0,0,0
"Z332","63590","10000",1,0,0,0,0
"Z3400","V220","10000",1,0,0,0,0
"Z3401","V220","10000",1,0,0,0,0
"Z3402","V220","10000",1,0,0,0,0
"Z3403","V220","10000",1,0,0,0,0
"Z3480","V221","10000",1,0,0,0,0
"Z3481","V221","10000",1,0,0,0,0
"Z3482","V221","10000",1,0,0,0,0
"Z3483","V221","10000",1,0,0,0,0
"Z3490","V221","10000",1,0,0,0,0
"Z3491","V221","10000",1,0,0,0,0
"Z3492","V221","10000",1,0,0,0,0
"Z3493","V221","10000",1,0,0,0,0
"Z36","V289","10000",1,0,0,0,0
"Z370","V270","00000",0,0,0,0,0
"Z371","V271","00000",0,0,0,0,0
"Z372","V272","00000",0,0,0,0,0
"Z373","V273","00000",0,0,0,0,0
"Z374","V274","00000",0,0,0,0,0
"Z3750","V275","10000",1,0,0,0,0
"Z3751","V275","10000",1,0,0,0,0
"Z3752","V275","10000",1,0,0,0,0
"Z3753","V275","10000",1,0,0,0,0
"Z3754","V275","10000",1,0,0,0,0
"Z3759","V275","10000",1,0,0,0,0
"Z3760","V276","10000",1,0,0,0,0
"Z3761","V276","10000",1,0,0,0,0
"Z3762","V276","10000",1,0,0,0,0
"Z3763","V276","10000",1,0,0,0,0
"Z3764","V276","10000",1,0,0,0,0
"Z3769","V276","10000",1,0,0,0,0
"Z377","V277","00000",0,0,0,0,0
"Z379","V279","00000",0,0,0,0,0
"Z3800","V3000","10000",1,0,0,0,0
"Z3800","V3900","10000",1,0,0,0,0
"Z3801","V3001","10000",1,0,0,0,0
"Z381","V301","10000",1,0,0,0,0
"Z381","V302","10000",1,0,0,0,0
"Z381","V391","10000",1,0,0,0,0
"Z381","V392","10000",1,0,0,0,0
"Z382","V3000","10000",1,0,0,0,0
"Z382","V3900","10000",1,0,0,0,0
"Z3830","V3100","10000",1,0,0,0,0
"Z3830","V3200","10000",1,0,0,0,0
"Z3830","V3300","10000",1,0,0,0,0
"Z3831","V3101","10000",1,0,0,0,0
"Z3831","V3201","10000",1,0,0,0,0
"Z3831","V3301","10000",1,0,0,0,0
"Z384","V311","10000",1,0,0,0,0
"Z384","V312","10000",1,0,0,0,0
"Z384","V321","10000",1,0,0,0,0
"Z384","V322","10000",1,0,0,0,0
"Z384","V331","10000",1,0,0,0,0
"Z384","V332","10000",1,0,0,0,0
"Z385","V3100","10000",1,0,0,0,0
"Z3861","V3400","10000",1,0,0,0,0
"Z3861","V3500","10000",1,0,0,0,0
"Z3861","V3600","10000",1,0,0,0,0
"Z3861","V3700","10000",1,0,0,0,0
"Z3862","V3401","10000",1,0,0,0,0
"Z3862","V3501","10000",1,0,0,0,0
"Z3862","V3601","10000",1,0,0,0,0
"Z3862","V3701","10000",1,0,0,0,0
"Z3863","V3400","10000",1,0,0,0,0
"Z3863","V3500","10000",1,0,0,0,0
"Z3863","V3600","10000",1,0,0,0,0
"Z3863","V3700","10000",1,0,0,0,0
"Z3864","V3401","10000",1,0,0,0,0
"Z3864","V3501","10000",1,0,0,0,0
"Z3864","V3601","10000",1,0,0,0,0
"Z3864","V3701","10000",1,0,0,0,0
"Z3865","V3400","10000",1,0,0,0,0
"Z3865","V3500","10000",1,0,0,0,0
"Z3865","V3600","10000",1,0,0,0,0
"Z3865","V3700","10000",1,0,0,0,0
"Z3866","V3401","10000",1,0,0,0,0
"Z3866","V3501","10000",1,0,0,0,0
"Z3866","V3601","10000",1,0,0,0,0
"Z3866","V3701","10000",1,0,0,0,0
"Z3868","V3400","10000",1,0,0,0,0
"Z3868","V3500","10000",1,0,0,0,0
"Z3868","V3600","10000",1,0,0,0,0
"Z3868","V3700","10000",1,0,0,0,0
"Z3869","V3401","10000",1,0,0,0,0
"Z3869","V3501","10000",1,0,0,0,0
"Z3869","V3601","10000",1,0,0,0,0
"Z3869","V3701","10000",1,0,0,0,0
"Z387","V341","10000",1,0,0,0,0
"Z387","V342","10000",1,0,0,0,0
"Z387","V351","10000",1,0,0,0,0
"Z387","V352","10000",1,0,0,0,0
"Z387","V361","10000",1,0,0,0,0
"Z387","V362","10000",1,0,0,0,0
"Z387","V371","10000",1,0,0,0,0
"Z387","V372","10000",1,0,0,0,0
"Z388","V3400","10000",1,0,0,0,0
"Z388","V3500","10000",1,0,0,0,0
"Z388","V3501","10000",1,0,0,0,0
"Z388","V3600","10000",1,0,0,0,0
"Z388","V3601","10000",1,0,0,0,0
"Z388","V3700","10000",1,0,0,0,0
"Z388","V3701","10000",1,0,0,0,0
"Z390","V240","00000",0,0,0,0,0
"Z391","V241","00000",0,0,0,0,0
"Z392","V242","00000",0,0,0,0,0
"Z3A00","NoDx","11000",1,1,0,0,0
"Z3A01","NoDx","11000",1,1,0,0,0
"Z3A08","NoDx","11000",1,1,0,0,0
"Z3A09","NoDx","11000",1,1,0,0,0
"Z3A10","NoDx","11000",1,1,0,0,0
"Z3A11","NoDx","11000",1,1,0,0,0
"Z3A12","NoDx","11000",1,1,0,0,0
"Z3A13","NoDx","11000",1,1,0,0,0
"Z3A14","NoDx","11000",1,1,0,0,0
"Z3A15","NoDx","11000",1,1,0,0,0
"Z3A16","NoDx","11000",1,1,0,0,0
"Z3A17","NoDx","11000",1,1,0,0,0
"Z3A18","NoDx","11000",1,1,0,0,0
"Z3A19","NoDx","11000",1,1,0,0,0
"Z3A20","NoDx","11000",1,1,0,0,0
"Z3A21","NoDx","11000",1,1,0,0,0
"Z3A22","NoDx","11000",1,1,0,0,0
"Z3A23","NoDx","11000",1,1,0,0,0
"Z3A24","NoDx","11000",1,1,0,0,0
"Z3A25","NoDx","11000",1,1,0,0,0
"Z3A26","NoDx","11000",1,1,0,0,0
"Z3A27","NoDx","11000",1,1,0,0,0
"Z3A28","NoDx","11000",1,1,0,0,0
"Z3A29","NoDx","11000",1,1,0,0,0
"Z3A30","NoDx","11000",1,1,0,0,0
"Z3A31","NoDx","11000",1,1,0,0,0
"Z3A32","NoDx","11000",1,1,0,0,0
"Z3A33","NoDx","11000",1,1,0,0,0
"Z3A34","NoDx","11000",1,1,0,0,0
"Z3A35","NoDx","11000",1,1,0,0,0
"Z3A36","NoDx","11000",1,1,0,0,0
"Z3A37","NoDx","11000",1,1,0,0,0
"Z3A38","NoDx","11000",1,1,0,0,0
"Z3A39","NoDx","11000",1,1,0,0,0
"Z3A40","NoDx","11000",1,1,0,0,0
"Z3A41","NoDx","11000",1,1,0,0,0
"Z3A42","NoDx","11000",1,1,0,0,0
"Z3A49","NoDx","11000",1,1,0,0,0
"Z4000","V5049","10000",1,0,0,0,0
"Z4001","V5041","00000",0,0,0,0,0
"Z4002","V5042","00000",0,0,0,0,0
"Z4009","V5049","10000",1,0,0,0,0
"Z408","V508","10000",1,0,0,0,0
"Z409","V508","10000",1,0,0,0,0
"Z411","V501","10000",1,0,0,0,0
"Z412","V502","00000",0,0,0,0,0
"Z413","V503","00000",0,0,0,0,0
"Z418","V508","10000",1,0,0,0,0
"Z419","V509","00000",0,0,0,0,0
"Z421","V510","00000",0,0,0,0,0
"Z428","V518","10000",1,0,0,0,0
"Z430","V550","00000",0,0,0,0,0
"Z431","V551","00000",0,0,0,0,0
"Z432","V552","00000",0,0,0,0,0
"Z433","V553","00000",0,0,0,0,0
"Z434","V554","00000",0,0,0,0,0
"Z435","V555","00000",0,0,0,0,0
"Z436","V556","00000",0,0,0,0,0
"Z437","V557","00000",0,0,0,0,0
"Z438","V558","00000",0,0,0,0,0
"Z439","V559","00000",0,0,0,0,0
"Z44001","V520","10000",1,0,0,0,0
"Z44002","V520","10000",1,0,0,0,0
"Z44009","V520","10000",1,0,0,0,0
"Z44011","V520","10000",1,0,0,0,0
"Z44012","V520","10000",1,0,0,0,0
"Z44019","V520","10000",1,0,0,0,0
"Z44021","V520","10000",1,0,0,0,0
"Z44022","V520","10000",1,0,0,0,0
"Z44029","V520","10000",1,0,0,0,0
"Z44101","V521","10000",1,0,0,0,0
"Z44102","V521","10000",1,0,0,0,0
"Z44109","V521","10000",1,0,0,0,0
"Z44111","V521","10000",1,0,0,0,0
"Z44112","V521","10000",1,0,0,0,0
"Z44119","V521","10000",1,0,0,0,0
"Z44121","V521","10000",1,0,0,0,0
"Z44122","V521","10000",1,0,0,0,0
"Z44129","V521","10000",1,0,0,0,0
"Z4420","V522","10000",1,0,0,0,0
"Z4421","V522","10000",1,0,0,0,0
"Z4422","V522","10000",1,0,0,0,0
"Z4430","V524","10000",1,0,0,0,0
"Z4431","V524","10000",1,0,0,0,0
"Z4432","V524","10000",1,0,0,0,0
"Z448","V528","10000",1,0,0,0,0
"Z449","V529","00000",0,0,0,0,0
"Z45010","V5331","10000",1,0,0,0,0
"Z45018","V5331","10000",1,0,0,0,0
"Z4502","V5332","00000",0,0,0,0,0
"Z4509","V5339","00000",0,0,0,0,0
"Z451","V5882","10000",1,0,0,0,0
"Z452","V5881","00000",0,0,0,0,0
"Z4531","V5309","10000",1,0,0,0,0
"Z45320","V5309","10000",1,0,0,0,0
"Z45321","V5309","10000",1,0,0,0,0
"Z45328","V5309","10000",1,0,0,0,0
"Z4541","V5301","00000",0,0,0,0,0
"Z4542","V5302","00000",0,0,0,0,0
"Z4549","V5309","10000",1,0,0,0,0
"Z45811","V524","10000",1,0,0,0,0
"Z45812","V524","10000",1,0,0,0,0
"Z45819","V524","10000",1,0,0,0,0
"Z4582","V5399","10000",1,0,0,0,0
"Z4589","V5399","10000",1,0,0,0,0
"Z459","V5390","10000",1,0,0,0,0
"Z460","V531","00000",0,0,0,0,0
"Z461","V532","00000",0,0,0,0,0
"Z462","V5309","10000",1,0,0,0,0
"Z463","V523","00000",0,0,0,0,0
"Z464","V534","10000",1,0,0,0,0
"Z464","V585","10000",1,0,0,0,0
"Z4651","V5351","00000",0,0,0,0,0
"Z4659","V5350","10000",1,0,0,0,0
"Z4659","V5359","10000",1,0,0,0,0
"Z466","V536","00000",0,0,0,0,0
"Z4681","V5391","10000",1,0,0,0,0
"Z4681","V6546","10000",1,0,0,0,0
"Z4682","V5882","10000",1,0,0,0,0
"Z4689","V537","10000",1,0,0,0,0
"Z4689","V538","10000",1,0,0,0,0
"Z4689","V5399","10000",1,0,0,0,0
"Z469","V5390","10000",1,0,0,0,0
"Z471","V5481","00000",0,0,0,0,0
"Z472","V5401","00000",0,0,0,0,0
"Z4731","V5482","10000",1,0,0,0,0
"Z4732","V5482","10000",1,0,0,0,0
"Z4733","V5482","10000",1,0,0,0,0
"Z4781","V5489","10000",1,0,0,0,0
"Z4782","V5489","10000",1,0,0,0,0
"Z4789","V5489","10000",1,0,0,0,0
"Z4800","V5830","00000",0,0,0,0,0
"Z4801","V5831","00000",0,0,0,0,0
"Z4802","V5832","00000",0,0,0,0,0
"Z4803","V5849","10000",1,0,0,0,0
"Z481","V5841","00000",0,0,0,0,0
"Z4821","V421","10112",1,0,1,1,2
"Z4821","V5844","10111",1,0,1,1,1
"Z4822","V420","10112",1,0,1,1,2
"Z4822","V5844","10111",1,0,1,1,1
"Z4823","V427","10112",1,0,1,1,2
"Z4823","V5844","10111",1,0,1,1,1
"Z4824","V426","10112",1,0,1,1,2
"Z4824","V5844","10111",1,0,1,1,1
"Z48280","V421","10112",1,0,1,1,2
"Z48280","V426","10113",1,0,1,1,3
"Z48280","V5844","10111",1,0,1,1,1
"Z48288","V429","10112",1,0,1,1,2
"Z48288","V5844","10111",1,0,1,1,1
"Z48290","V4281","10112",1,0,1,1,2
"Z48290","V5844","10111",1,0,1,1,1
"Z48298","V4289","10112",1,0,1,1,2
"Z48298","V5844","10111",1,0,1,1,1
"Z483","V5842","00000",0,0,0,0,0
"Z48810","V5871","00000",0,0,0,0,0
"Z48811","V5872","00000",0,0,0,0,0
"Z48812","V5873","00000",0,0,0,0,0
"Z48813","V5874","00000",0,0,0,0,0
"Z48814","V5875","10000",1,0,0,0,0
"Z48815","V5875","10000",1,0,0,0,0
"Z48816","V5876","00000",0,0,0,0,0
"Z48817","V5877","00000",0,0,0,0,0
"Z4889","V5849","10000",1,0,0,0,0
"Z4901","V561","00000",0,0,0,0,0
"Z4902","V562","00000",0,0,0,0,0
"Z4931","V5631","10000",1,0,0,0,0
"Z4932","V5632","10000",1,0,0,0,0
"Z510","V580","00000",0,0,0,0,0
"Z5111","V5811","00000",0,0,0,0,0
"Z5112","V5812","00000",0,0,0,0,0
"Z515","V667","00000",0,0,0,0,0
"Z5181","V5883","00000",0,0,0,0,0
"Z5189","V5889","10000",1,0,0,0,0
"Z5189","V589","10000",1,0,0,0,0
"Z52000","V5901","10000",1,0,0,0,0
"Z52001","V5902","10000",1,0,0,0,0
"Z52008","V5909","10000",1,0,0,0,0
"Z52010","V5901","10000",1,0,0,0,0
"Z52011","V5902","10000",1,0,0,0,0
"Z52018","V5909","10000",1,0,0,0,0
"Z52090","V5901","10000",1,0,0,0,0
"Z52091","V5902","10000",1,0,0,0,0
"Z52098","V5909","10000",1,0,0,0,0
"Z5210","V591","10000",1,0,0,0,0
"Z5211","V591","10000",1,0,0,0,0
"Z5219","V591","10000",1,0,0,0,0
"Z5220","V592","10000",1,0,0,0,0
"Z5221","V592","10000",1,0,0,0,0
"Z5229","V592","10000",1,0,0,0,0
"Z523","V593","00000",0,0,0,0,0
"Z524","V594","00000",0,0,0,0,0
"Z525","V595","00000",0,0,0,0,0
"Z526","V596","00000",0,0,0,0,0
"Z52810","V5971","00000",0,0,0,0,0
"Z52811","V5972","00000",0,0,0,0,0
"Z52812","V5973","00000",0,0,0,0,0
"Z52813","V5974","00000",0,0,0,0,0
"Z52819","V5970","00000",0,0,0,0,0
"Z5289","V598","00000",0,0,0,0,0
"Z529","V599","00000",0,0,0,0,0
"Z5301","V641","10000",1,0,0,0,0
"Z5309","V641","10000",1,0,0,0,0
"Z531","V626","10000",1,0,0,0,0
"Z531","V6406","10000",1,0,0,0,0
"Z531","V642","10000",1,0,0,0,0
"Z5320","V6406","10000",1,0,0,0,0
"Z5320","V642","10000",1,0,0,0,0
"Z5321","V6406","10000",1,0,0,0,0
"Z5321","V642","10000",1,0,0,0,0
"Z5329","V6406","10000",1,0,0,0,0
"Z5329","V642","10000",1,0,0,0,0
"Z538","V643","10000",1,0,0,0,0
"Z539","V643","10000",1,0,0,0,0
"Z550","V623","10000",1,0,0,0,0
"Z551","V623","10000",1,0,0,0,0
"Z552","V623","10000",1,0,0,0,0
"Z553","V623","10000",1,0,0,0,0
"Z554","V623","10000",1,0,0,0,0
"Z558","V623","10000",1,0,0,0,0
"Z559","V623","10000",1,0,0,0,0
"Z560","V620","10000",1,0,0,0,0
"Z561","V6229","10000",1,0,0,0,0
"Z562","V621","10000",1,0,0,0,0
"Z563","V621","10000",1,0,0,0,0
"Z564","V621","10000",1,0,0,0,0
"Z565","V621","10000",1,0,0,0,0
"Z566","V621","10000",1,0,0,0,0
"Z5681","V621","10000",1,0,0,0,0
"Z5682","V6089","10000",1,0,0,0,0
"Z5689","V621","10000",1,0,0,0,0
"Z569","V621","10000",1,0,0,0,0
"Z570","V621","10000",1,0,0,0,0
"Z571","V621","10000",1,0,0,0,0
"Z572","V621","10000",1,0,0,0,0
"Z5731","V621","10000",1,0,0,0,0
"Z5739","V621","10000",1,0,0,0,0
"Z574","V621","10000",1,0,0,0,0
"Z575","V621","10000",1,0,0,0,0
"Z576","V621","10000",1,0,0,0,0
"Z577","V621","10000",1,0,0,0,0
"Z578","V1585","10000",1,0,0,0,0
"Z578","V621","10000",1,0,0,0,0
"Z579","V621","10000",1,0,0,0,0
"Z590","V600","10000",1,0,0,0,0
"Z591","V601","00000",0,0,0,0,0
"Z592","V6089","10000",1,0,0,0,0
"Z593","V606","00000",0,0,0,0,0
"Z594","V602","10000",1,0,0,0,0
"Z595","V602","10000",1,0,0,0,0
"Z596","V602","10000",1,0,0,0,0
"Z597","V602","10000",1,0,0,0,0
"Z598","V6089","10000",1,0,0,0,0
"Z599","V609","10000",1,0,0,0,0
"Z600","V6289","10000",1,0,0,0,0
"Z602","V603","10000",1,0,0,0,0
"Z603","V624","10000",1,0,0,0,0
"Z604","V624","10000",1,0,0,0,0
"Z605","V624","10000",1,0,0,0,0
"Z608","V6289","10000",1,0,0,0,0
"Z609","V6289","10000",1,0,0,0,0
"Z620","V6129","10000",1,0,0,0,0
"Z621","V6129","10000",1,0,0,0,0
"Z6221","V6081","10000",1,0,0,0,0
"Z6222","V6106","10000",1,0,0,0,0
"Z6222","V618","10000",1,0,0,0,0
"Z6229","V6106","10000",1,0,0,0,0
"Z6229","V618","10000",1,0,0,0,0
"Z623","V6129","10000",1,0,0,0,0
"Z626","V6129","10000",1,0,0,0,0
"Z62810","V6129","10000",1,0,0,0,0
"Z62811","V6129","10000",1,0,0,0,0
"Z62812","V6129","10000",1,0,0,0,0
"Z62819","V6129","10000",1,0,0,0,0
"Z62820","V6129","10000",1,0,0,0,0
"Z62821","V6129","10000",1,0,0,0,0
"Z62822","V6129","10000",1,0,0,0,0
"Z62890","V6129","10000",1,0,0,0,0
"Z62891","V618","10000",1,0,0,0,0
"Z62898","V6129","10000",1,0,0,0,0
"Z629","V6129","10000",1,0,0,0,0
"Z630","V618","10000",1,0,0,0,0
"Z631","V618","10000",1,0,0,0,0
"Z6331","V618","10000",1,0,0,0,0
"Z6332","V6108","10000",1,0,0,0,0
"Z6332","V618","10000",1,0,0,0,0
"Z634","V6107","10000",1,0,0,0,0
"Z634","V618","10000",1,0,0,0,0
"Z634","V6282","10000",1,0,0,0,0
"Z635","V6103","10000",1,0,0,0,0
"Z636","V6149","10000",1,0,0,0,0
"Z6371","V618","10000",1,0,0,0,0
"Z6372","V6141","10000",1,0,0,0,0
"Z6379","V613","10000",1,0,0,0,0
"Z6379","V6149","10000",1,0,0,0,0
"Z638","V6109","10000",1,0,0,0,0
"Z638","V618","10000",1,0,0,0,0
"Z639","V619","10000",1,0,0,0,0
"Z640","V616","10000",1,0,0,0,0
"Z640","V617","10000",1,0,0,0,0
"Z641","V615","10000",1,0,0,0,0
"Z644","V6289","10000",1,0,0,0,0
"Z650","V625","10000",1,0,0,0,0
"Z651","V625","10000",1,0,0,0,0
"Z652","V625","10000",1,0,0,0,0
"Z653","V625","10000",1,0,0,0,0
"Z654","V6289","10000",1,0,0,0,0
"Z655","V6222","10000",1,0,0,0,0
"Z658","V6281","10000",1,0,0,0,0
"Z658","V6289","10000",1,0,0,0,0
"Z659","V629","10000",1,0,0,0,0
"Z66","V4986","00000",0,0,0,0,0
"Z6710","NoDx","11000",1,1,0,0,0
"Z6711","NoDx","11000",1,1,0,0,0
"Z6720","NoDx","11000",1,1,0,0,0
"Z6721","NoDx","11000",1,1,0,0,0
"Z6730","NoDx","11000",1,1,0,0,0
"Z6731","NoDx","11000",1,1,0,0,0
"Z6740","NoDx","11000",1,1,0,0,0
"Z6741","NoDx","11000",1,1,0,0,0
"Z6790","NoDx","11000",1,1,0,0,0
"Z6791","NoDx","11000",1,1,0,0,0
"Z681","V850","10000",1,0,0,0,0
"Z6820","V851","10000",1,0,0,0,0
"Z6821","V851","10000",1,0,0,0,0
"Z6822","V851","10000",1,0,0,0,0
"Z6823","V851","10000",1,0,0,0,0
"Z6824","V851","10000",1,0,0,0,0
"Z6825","V8521","00000",0,0,0,0,0
"Z6826","V8522","00000",0,0,0,0,0
"Z6827","V8523","00000",0,0,0,0,0
"Z6828","V8524","00000",0,0,0,0,0
"Z6829","V8525","00000",0,0,0,0,0
"Z6830","V8530","00000",0,0,0,0,0
"Z6831","V8531","00000",0,0,0,0,0
"Z6832","V8532","00000",0,0,0,0,0
"Z6833","V8533","00000",0,0,0,0,0
"Z6834","V8534","00000",0,0,0,0,0
"Z6835","V8535","00000",0,0,0,0,0
"Z6836","V8536","00000",0,0,0,0,0
"Z6837","V8537","00000",0,0,0,0,0
"Z6838","V8538","00000",0,0,0,0,0
"Z6839","V8539","00000",0,0,0,0,0
"Z6841","V8541","00000",0,0,0,0,0
"Z6842","V8542","00000",0,0,0,0,0
"Z6843","V8543","00000",0,0,0,0,0
"Z6844","V8544","00000",0,0,0,0,0
"Z6845","V8545","00000",0,0,0,0,0
"Z6851","V8551","00000",0,0,0,0,0
"Z6852","V8552","00000",0,0,0,0,0
"Z6853","V8553","00000",0,0,0,0,0
"Z6854","V8554","00000",0,0,0,0,0
"Z69010","V6121","10000",1,0,0,0,0
"Z69011","V6122","00000",0,0,0,0,0
"Z69020","V6121","10000",1,0,0,0,0
"Z69021","V6283","10000",1,0,0,0,0
"Z6911","V6111","00000",0,0,0,0,0
"Z6912","V6112","00000",0,0,0,0,0
"Z6981","V6549","10000",1,0,0,0,0
"Z6982","V6283","10000",1,0,0,0,0
"Z700","V6549","10000",1,0,0,0,0
"Z701","V6549","10000",1,0,0,0,0
"Z702","V6549","10000",1,0,0,0,0
"Z703","V6549","10000",1,0,0,0,0
"Z708","V6549","10000",1,0,0,0,0
"Z709","V6549","10000",1,0,0,0,0
"Z710","V6519","00000",0,0,0,0,0
"Z711","V655","00000",0,0,0,0,0
"Z712","V658","10000",1,0,0,0,0
"Z713","V653","00000",0,0,0,0,0
"Z7141","V6542","10000",1,0,0,0,0
"Z7142","V6542","10000",1,0,0,0,0
"Z7151","V6542","10000",1,0,0,0,0
"Z7152","V6542","10000",1,0,0,0,0
"Z716","V6542","10000",1,0,0,0,0
"Z717","V6544","00000",0,0,0,0,0
"Z7181","V6549","10000",1,0,0,0,0
"Z7189","V6549","10000",1,0,0,0,0
"Z719","V6540","10000",1,0,0,0,0
"Z719","V659","10000",1,0,0,0,0
"Z720","V698","10000",1,0,0,0,0
"Z723","V690","00000",0,0,0,0,0
"Z724","V691","00000",0,0,0,0,0
"Z7251","V692","10000",1,0,0,0,0
"Z7252","V692","10000",1,0,0,0,0
"Z7253","V692","10000",1,0,0,0,0
"Z726","V693","00000",0,0,0,0,0
"Z72810","V7102","10000",1,0,0,0,0
"Z72811","V7101","10000",1,0,0,0,0
"Z72820","V694","00000",0,0,0,0,0
"Z72821","V698","10000",1,0,0,0,0
"Z7289","V698","10000",1,0,0,0,0
"Z729","V699","10000",1,0,0,0,0
"Z730","V698","10000",1,0,0,0,0
"Z731","V698","10000",1,0,0,0,0
"Z732","V698","10000",1,0,0,0,0
"Z733","V698","10000",1,0,0,0,0
"Z734","V624","10000",1,0,0,0,0
"Z735","V624","10000",1,0,0,0,0
"Z736","V6289","10000",1,0,0,0,0
"Z73810","V695","10000",1,0,0,0,0
"Z73811","V695","10000",1,0,0,0,0
"Z73812","V695","10000",1,0,0,0,0
"Z73819","V695","10000",1,0,0,0,0
"Z7382","V4985","00000",0,0,0,0,0
"Z7389","V695","10000",1,0,0,0,0
"Z739","V699","10000",1,0,0,0,0
"Z7401","V4984","00000",0,0,0,0,0
"Z7409","V4989","10000",1,0,0,0,0
"Z741","V6089","10000",1,0,0,0,0
"Z742","V604","10000",1,0,0,0,0
"Z743","V6089","10000",1,0,0,0,0
"Z748","V6089","10000",1,0,0,0,0
"Z749","V609","10000",1,0,0,0,0
"Z750","V631","00000",0,0,0,0,0
"Z751","V632","00000",0,0,0,0,0
"Z752","V638","10000",1,0,0,0,0
"Z753","V639","10000",1,0,0,0,0
"Z754","V638","10000",1,0,0,0,0
"Z755","V605","00000",0,0,0,0,0
"Z758","V638","10000",1,0,0,0,0
"Z759","V639","10000",1,0,0,0,0
"Z760","V681","00000",0,0,0,0,0
"Z761","V200","00000",0,0,0,0,0
"Z762","V201","00000",0,0,0,0,0
"Z763","V650","10000",1,0,0,0,0
"Z764","V650","10000",1,0,0,0,0
"Z765","V652","00000",0,0,0,0,0
"Z7681","V6511","00000",0,0,0,0,0
"Z7682","V4983","00000",0,0,0,0,0
"Z7689","V6549","10000",1,0,0,0,0
"Z7689","V658","10000",1,0,0,0,0
"Z77010","V8701","00000",0,0,0,0,0
"Z77011","V1586","00000",0,0,0,0,0
"Z77012","V8702","00000",0,0,0,0,0
"Z77018","V8709","10000",1,0,0,0,0
"Z77020","V8711","00000",0,0,0,0,0
"Z77021","V8712","00000",0,0,0,0,0
"Z77028","V8719","10000",1,0,0,0,0
"Z77090","V1584","00000",0,0,0,0,0
"Z77098","V872","10000",1,0,0,0,0
"Z77110","V1589","10000",1,0,0,0,0
"Z77111","V1589","10000",1,0,0,0,0
"Z77112","V1589","10000",1,0,0,0,0
"Z77118","V1589","10000",1,0,0,0,0
"Z77120","V8731","00000",0,0,0,0,0
"Z77121","V8732","10000",1,0,0,0,0
"Z77122","V1589","10000",1,0,0,0,0
"Z77123","V1589","10000",1,0,0,0,0
"Z77128","V1589","10000",1,0,0,0,0
"Z7721","V1589","10000",1,0,0,0,0
"Z7722","V1589","10000",1,0,0,0,0
"Z7729","V8739","10000",1,0,0,0,0
"Z779","V1589","10000",1,0,0,0,0
"Z780","V4981","10000",1,0,0,0,0
"Z781","V4987","00000",0,0,0,0,0
"Z789","V4989","10000",1,0,0,0,0
"Z7901","V5861","00000",0,0,0,0,0
"Z7902","V5863","00000",0,0,0,0,0
"Z791","V5864","00000",0,0,0,0,0
"Z792","V5862","00000",0,0,0,0,0
"Z793","V5869","10000",1,0,0,0,0
"Z794","V5867","00000",0,0,0,0,0
"Z7951","V5865","10000",1,0,0,0,0
"Z7952","V5865","10000",1,0,0,0,0
"Z79810","V0751","00000",0,0,0,0,0
"Z79811","V0752","00000",0,0,0,0,0
"Z79818","V0759","00000",0,0,0,0,0
"Z7982","V5866","00000",0,0,0,0,0
"Z7983","V5868","00000",0,0,0,0,0
"Z79890","V074","00000",0,0,0,0,0
"Z79891","V5869","10000",1,0,0,0,0
"Z79899","V5869","10000",1,0,0,0,0
"Z800","V160","00000",0,0,0,0,0
"Z801","V161","00000",0,0,0,0,0
"Z802","V162","00000",0,0,0,0,0
"Z803","V163","00000",0,0,0,0,0
"Z8041","V1641","00000",0,0,0,0,0
"Z8042","V1642","00000",0,0,0,0,0
"Z8043","V1643","00000",0,0,0,0,0
"Z8049","V1640","10000",1,0,0,0,0
"Z8049","V1649","10000",1,0,0,0,0
"Z8051","V1651","00000",0,0,0,0,0
"Z8052","V1652","00000",0,0,0,0,0
"Z8059","V1659","00000",0,0,0,0,0
"Z806","V166","00000",0,0,0,0,0
"Z807","V167","00000",0,0,0,0,0
"Z808","V168","00000",0,0,0,0,0
"Z809","V169","00000",0,0,0,0,0
"Z810","V184","00000",0,0,0,0,0
"Z811","V198","10000",1,0,0,0,0
"Z812","V198","10000",1,0,0,0,0
"Z813","V198","10000",1,0,0,0,0
"Z814","V198","10000",1,0,0,0,0
"Z818","V170","00000",0,0,0,0,0
"Z820","V172","00000",0,0,0,0,0
"Z821","V190","00000",0,0,0,0,0
"Z822","V192","00000",0,0,0,0,0
"Z823","V171","00000",0,0,0,0,0
"Z8241","V1741","00000",0,0,0,0,0
"Z8249","V173","10000",1,0,0,0,0
"Z8249","V1749","10000",1,0,0,0,0
"Z825","V175","10000",1,0,0,0,0
"Z8261","V177","00000",0,0,0,0,0
"Z8262","V1781","00000",0,0,0,0,0
"Z8269","V1789","00000",0,0,0,0,0
"Z8271","V1861","00000",0,0,0,0,0
"Z8279","V195","00000",0,0,0,0,0
"Z828","V198","10000",1,0,0,0,0
"Z830","V198","10000",1,0,0,0,0
"Z831","V188","00000",0,0,0,0,0
"Z832","V182","10000",1,0,0,0,0
"Z832","V183","10000",1,0,0,0,0
"Z833","V180","00000",0,0,0,0,0
"Z8341","V1811","00000",0,0,0,0,0
"Z8349","V1819","00000",0,0,0,0,0
"Z83511","V1911","00000",0,0,0,0,0
"Z83518","V1919","00000",0,0,0,0,0
"Z8352","V193","10000",1,0,0,0,0
"Z836","V176","10000",1,0,0,0,0
"Z8371","V1851","00000",0,0,0,0,0
"Z8379","V1859","00000",0,0,0,0,0
"Z840","V194","10000",1,0,0,0,0
"Z841","V1869","10000",1,0,0,0,0
"Z842","V187","00000",0,0,0,0,0
"Z843","V197","00000",0,0,0,0,0
"Z8481","V189","10000",1,0,0,0,0
"Z8489","V196","10000",1,0,0,0,0
"Z8489","V198","10000",1,0,0,0,0
"Z8500","V1000","00000",0,0,0,0,0
"Z8501","V1003","00000",0,0,0,0,0
"Z85020","V1091","10000",1,0,0,0,0
"Z85028","V1004","10000",1,0,0,0,0
"Z85030","V1091","10000",1,0,0,0,0
"Z85038","V1005","10000",1,0,0,0,0
"Z85040","V1091","10000",1,0,0,0,0
"Z85048","V1006","10000",1,0,0,0,0
"Z8505","V1007","00000",0,0,0,0,0
"Z85060","V1091","10000",1,0,0,0,0
"Z85068","V1009","10000",1,0,0,0,0
"Z8507","V1009","10000",1,0,0,0,0
"Z8509","V1009","10000",1,0,0,0,0
"Z85110","V1091","10000",1,0,0,0,0
"Z85118","V1011","10000",1,0,0,0,0
"Z8512","V1012","00000",0,0,0,0,0
"Z8520","V1020","00000",0,0,0,0,0
"Z8521","V1021","00000",0,0,0,0,0
"Z8522","V1022","00000",0,0,0,0,0
"Z85230","V1091","10000",1,0,0,0,0
"Z85238","V1029","10000",1,0,0,0,0
"Z8529","V1029","10000",1,0,0,0,0
"Z853","V103","00000",0,0,0,0,0
"Z8540","V1040","00000",0,0,0,0,0
"Z8541","V1041","00000",0,0,0,0,0
"Z8542","V1042","00000",0,0,0,0,0
"Z8543","V1043","00000",0,0,0,0,0
"Z8544","V1044","00000",0,0,0,0,0
"Z8545","V1045","00000",0,0,0,0,0
"Z8546","V1046","00000",0,0,0,0,0
"Z8547","V1047","00000",0,0,0,0,0
"Z8548","V1048","00000",0,0,0,0,0
"Z8549","V1049","00000",0,0,0,0,0
"Z8550","V1050","00000",0,0,0,0,0
"Z8551","V1051","00000",0,0,0,0,0
"Z85520","V1091","10000",1,0,0,0,0
"Z85528","V1052","10000",1,0,0,0,0
"Z8553","V1053","00000",0,0,0,0,0
"Z8554","V1059","10000",1,0,0,0,0
"Z8559","V1059","10000",1,0,0,0,0
"Z856","V1060","10000",1,0,0,0,0
"Z8571","V1072","00000",0,0,0,0,0
"Z8572","V1079","10000",1,0,0,0,0
"Z8579","V1079","10000",1,0,0,0,0
"Z85810","V1001","00000",0,0,0,0,0
"Z85818","V1002","10000",1,0,0,0,0
"Z85819","V1002","10000",1,0,0,0,0
"Z85820","V1082","00000",0,0,0,0,0
"Z85821","V1091","10000",1,0,0,0,0
"Z85828","V1083","10000",1,0,0,0,0
"Z85830","V1081","00000",0,0,0,0,0
"Z85831","V1089","10000",1,0,0,0,0
"Z85840","V1084","00000",0,0,0,0,0
"Z85841","V1085","00000",0,0,0,0,0
"Z85848","V1086","00000",0,0,0,0,0
"Z85850","V1087","00000",0,0,0,0,0
"Z85858","V1088","00000",0,0,0,0,0
"Z8589","V1089","10000",1,0,0,0,0
"Z859","V1090","00000",0,0,0,0,0
"Z86000","V1389","10000",1,0,0,0,0
"Z86001","V1389","10000",1,0,0,0,0
"Z86008","V1389","10000",1,0,0,0,0
"Z86010","V1272","00000",0,0,0,0,0
"Z86011","V1241","00000",0,0,0,0,0
"Z86012","V1389","10000",1,0,0,0,0
"Z86018","V1389","10000",1,0,0,0,0
"Z8603","V1389","10000",1,0,0,0,0
"Z8611","V1201","00000",0,0,0,0,0
"Z8612","V1202","00000",0,0,0,0,0
"Z8613","V1203","00000",0,0,0,0,0
"Z8614","V1204","00000",0,0,0,0,0
"Z8619","V1200","10000",1,0,0,0,0
"Z8619","V1209","10000",1,0,0,0,0
"Z862","V1229","10000",1,0,0,0,0
"Z862","V123","10000",1,0,0,0,0
"Z8631","V1229","10000",1,0,0,0,0
"Z8632","V1221","00000",0,0,0,0,0
"Z8639","V121","10000",1,0,0,0,0
"Z8639","V1229","10000",1,0,0,0,0
"Z8651","V114","00000",0,0,0,0,0
"Z8659","V118","10000",1,0,0,0,0
"Z8661","V1242","00000",0,0,0,0,0
"Z8669","V1240","10000",1,0,0,0,0
"Z8669","V1249","10000",1,0,0,0,0
"Z86711","V1255","00000",0,0,0,0,0
"Z86718","V1251","00000",0,0,0,0,0
"Z8672","V1252","00000",0,0,0,0,0
"Z8673","V1254","00000",0,0,0,0,0
"Z8674","V1253","00000",0,0,0,0,0
"Z8679","V1250","10000",1,0,0,0,0
"Z8679","V1259","10000",1,0,0,0,0
"Z8701","V1261","00000",0,0,0,0,0
"Z8709","V1260","10000",1,0,0,0,0
"Z8709","V1269","10000",1,0,0,0,0
"Z8711","V1271","00000",0,0,0,0,0
"Z8719","V1270","10000",1,0,0,0,0
"Z8719","V1279","10000",1,0,0,0,0
"Z872","V133","00000",0,0,0,0,0
"Z87310","V1351","10000",1,0,0,0,0
"Z87311","V1351","10000",1,0,0,0,0
"Z87312","V1352","00000",0,0,0,0,0
"Z8739","V1359","10000",1,0,0,0,0
"Z87410","V1322","00000",0,0,0,0,0
"Z87411","V1323","00000",0,0,0,0,0
"Z87412","V1324","00000",0,0,0,0,0
"Z8742","V1329","10000",1,0,0,0,0
"Z87430","V1389","10000",1,0,0,0,0
"Z87438","V1389","10000",1,0,0,0,0
"Z87440","V1302","00000",0,0,0,0,0
"Z87441","V1303","00000",0,0,0,0,0
"Z87442","V1301","00000",0,0,0,0,0
"Z87448","V1300","10000",1,0,0,0,0
"Z87448","V1309","10000",1,0,0,0,0
"Z8751","V1321","00000",0,0,0,0,0
"Z8759","V131","10000",1,0,0,0,0
"Z8759","V1329","10000",1,0,0,0,0
"Z87710","V1361","00000",0,0,0,0,0
"Z87718","V1362","00000",0,0,0,0,0
"Z87720","V1364","10000",1,0,0,0,0
"Z87721","V1364","10000",1,0,0,0,0
"Z87728","V1363","10000",1,0,0,0,0
"Z87730","V1364","10000",1,0,0,0,0
"Z87738","V1367","10000",1,0,0,0,0
"Z8774","V1365","00000",0,0,0,0,0
"Z8775","V1366","00000",0,0,0,0,0
"Z8776","V1368","00000",0,0,0,0,0
"Z87790","V1364","10000",1,0,0,0,0
"Z87798","V1369","00000",0,0,0,0,0
"Z8781","V1551","00000",0,0,0,0,0
"Z87820","V1552","00000",0,0,0,0,0
"Z87821","V1553","00000",0,0,0,0,0
"Z87828","V1559","10000",1,0,0,0,0
"Z87890","30250","10000",1,0,0,0,0
"Z87891","V1582","10000",1,0,0,0,0
"Z87892","V1381","00000",0,0,0,0,0
"Z87898","V1389","10000",1,0,0,0,0
"Z880","V140","00000",0,0,0,0,0
"Z881","V141","00000",0,0,0,0,0
"Z882","V142","00000",0,0,0,0,0
"Z883","V143","00000",0,0,0,0,0
"Z884","V144","00000",0,0,0,0,0
"Z885","V145","00000",0,0,0,0,0
"Z886","V146","00000",0,0,0,0,0
"Z887","V147","00000",0,0,0,0,0
"Z888","V148","00000",0,0,0,0,0
"Z889","V149","00000",0,0,0,0,0
"Z89011","V4961","10000",1,0,0,0,0
"Z89012","V4961","10000",1,0,0,0,0
"Z89019","V4961","10000",1,0,0,0,0
"Z89021","V4962","10000",1,0,0,0,0
"Z89022","V4962","10000",1,0,0,0,0
"Z89029","V4962","10000",1,0,0,0,0
"Z89111","V4963","10000",1,0,0,0,0
"Z89112","V4963","10000",1,0,0,0,0
"Z89119","V4963","10000",1,0,0,0,0
"Z89121","V4964","10000",1,0,0,0,0
"Z89122","V4964","10000",1,0,0,0,0
"Z89129","V4964","10000",1,0,0,0,0
"Z89201","V4960","10000",1,0,0,0,0
"Z89202","V4960","10000",1,0,0,0,0
"Z89209","V4960","10000",1,0,0,0,0
"Z89211","V4965","10000",1,0,0,0,0
"Z89212","V4965","10000",1,0,0,0,0
"Z89219","V4965","10000",1,0,0,0,0
"Z89221","V4966","10000",1,0,0,0,0
"Z89222","V4966","10000",1,0,0,0,0
"Z89229","V4966","10000",1,0,0,0,0
"Z89231","V4967","10000",1,0,0,0,0
"Z89232","V4967","10000",1,0,0,0,0
"Z89239","V4967","10000",1,0,0,0,0
"Z89411","V4971","10000",1,0,0,0,0
"Z89412","V4971","10000",1,0,0,0,0
"Z89419","V4971","10000",1,0,0,0,0
"Z89421","V4972","10000",1,0,0,0,0
"Z89422","V4972","10000",1,0,0,0,0
"Z89429","V4972","10000",1,0,0,0,0
"Z89431","V4973","10000",1,0,0,0,0
"Z89432","V4973","10000",1,0,0,0,0
"Z89439","V4973","10000",1,0,0,0,0
"Z89441","V4974","10000",1,0,0,0,0
"Z89442","V4974","10000",1,0,0,0,0
"Z89449","V4974","10000",1,0,0,0,0
"Z89511","V4975","10000",1,0,0,0,0
"Z89512","V4975","10000",1,0,0,0,0
"Z89519","V4975","10000",1,0,0,0,0
"Z89521","V8822","10000",1,0,0,0,0
"Z89522","V8822","10000",1,0,0,0,0
"Z89529","V8822","10000",1,0,0,0,0
"Z89611","V4976","10000",1,0,0,0,0
"Z89612","V4976","10000",1,0,0,0,0
"Z89619","V4976","10000",1,0,0,0,0
"Z89621","V4977","10000",1,0,0,0,0
"Z89621","V8821","10000",1,0,0,0,0
"Z89622","V4977","10000",1,0,0,0,0
"Z89622","V8821","10000",1,0,0,0,0
"Z89629","V4977","10000",1,0,0,0,0
"Z89629","V8821","10000",1,0,0,0,0
"Z899","V4960","10000",1,0,0,0,0
"Z899","V4970","10000",1,0,0,0,0
"Z9001","V4578","00000",0,0,0,0,0
"Z9002","V4579","10000",1,0,0,0,0
"Z9009","V4579","10000",1,0,0,0,0
"Z9010","V4571","10000",1,0,0,0,0
"Z9011","V4571","10000",1,0,0,0,0
"Z9012","V4571","10000",1,0,0,0,0
"Z9013","V4571","10000",1,0,0,0,0
"Z902","V4576","00000",0,0,0,0,0
"Z903","V4575","00000",0,0,0,0,0
"Z90410","V8811","00000",0,0,0,0,0
"Z90411","V8812","00000",0,0,0,0,0
"Z9049","V4572","10000",1,0,0,0,0
"Z905","V4573","00000",0,0,0,0,0
"Z906","V4574","00000",0,0,0,0,0
"Z90710","V8801","00000",0,0,0,0,0
"Z90711","V8802","00000",0,0,0,0,0
"Z90712","V8803","00000",0,0,0,0,0
"Z90721","V4577","10000",1,0,0,0,0
"Z90722","V4577","10000",1,0,0,0,0
"Z9079","V4577","10000",1,0,0,0,0
"Z9081","V4579","10000",1,0,0,0,0
"Z9089","V4579","10000",1,0,0,0,0
"Z91010","V1501","00000",0,0,0,0,0
"Z91011","V1502","00000",0,0,0,0,0
"Z91012","V1503","00000",0,0,0,0,0
"Z91013","V1504","00000",0,0,0,0,0
"Z91018","V1505","10000",1,0,0,0,0
"Z9102","V1505","10000",1,0,0,0,0
"Z91030","V1506","10000",1,0,0,0,0
"Z91038","V1506","10000",1,0,0,0,0
"Z91040","V1507","00000",0,0,0,0,0
"Z91041","V1508","00000",0,0,0,0,0
"Z91048","V1509","10000",1,0,0,0,0
"Z9109","V1509","10000",1,0,0,0,0
"Z9111","V1581","10000",1,0,0,0,0
"Z91120","V1581","10000",1,0,0,0,0
"Z91128","V1581","10000",1,0,0,0,0
"Z91130","V1581","10000",1,0,0,0,0
"Z91138","V1581","10000",1,0,0,0,0
"Z9114","V1581","10000",1,0,0,0,0
"Z9115","V4512","00000",0,0,0,0,0
"Z9119","V1581","10000",1,0,0,0,0
"Z91410","V1541","10000",1,0,0,0,0
"Z91411","V1542","10000",1,0,0,0,0
"Z91412","V1542","10000",1,0,0,0,0
"Z91419","V1549","10000",1,0,0,0,0
"Z9149","V1549","10000",1,0,0,0,0
"Z915","V1559","10000",1,0,0,0,0
"Z9181","V1588","00000",0,0,0,0,0
"Z9182","V1589","10000",1,0,0,0,0
"Z9183","V4031","00000",0,0,0,0,0
"Z9189","V1589","10000",1,0,0,0,0
"Z920","V157","00000",0,0,0,0,0
"Z9221","V8741","00000",0,0,0,0,0
"Z9222","V8742","00000",0,0,0,0,0
"Z9223","V8743","00000",0,0,0,0,0
"Z92240","V8744","00000",0,0,0,0,0
"Z92241","V8745","00000",0,0,0,0,0
"Z9225","V8746","00000",0,0,0,0,0
"Z9229","V8749","00000",0,0,0,0,0
"Z923","V153","00000",0,0,0,0,0
"Z9281","V1587","00000",0,0,0,0,0
"Z9282","V4588","00000",0,0,0,0,0
"Z9283","V1580","00000",0,0,0,0,0
"Z9289","V1589","10000",1,0,0,0,0
"Z930","V440","00000",0,0,0,0,0
"Z931","V441","00000",0,0,0,0,0
"Z932","V442","00000",0,0,0,0,0
"Z933","V443","00000",0,0,0,0,0
"Z934","V444","00000",0,0,0,0,0
"Z9350","V4450","00000",0,0,0,0,0
"Z9351","V4451","00000",0,0,0,0,0
"Z9352","V4452","00000",0,0,0,0,0
"Z9359","V4459","00000",0,0,0,0,0
"Z936","V446","00000",0,0,0,0,0
"Z938","V447","10000",1,0,0,0,0
"Z938","V448","10000",1,0,0,0,0
"Z939","V449","00000",0,0,0,0,0
"Z940","V420","10000",1,0,0,0,0
"Z941","V421","10000",1,0,0,0,0
"Z942","V426","10000",1,0,0,0,0
"Z943","V421","10111",1,0,1,1,1
"Z943","V426","10112",1,0,1,1,2
"Z944","V427","10000",1,0,0,0,0
"Z945","V423","00000",0,0,0,0,0
"Z946","V424","00000",0,0,0,0,0
"Z947","V425","00000",0,0,0,0,0
"Z9481","V4281","10000",1,0,0,0,0
"Z9482","V4284","00000",0,0,0,0,0
"Z9483","V4283","00000",0,0,0,0,0
"Z9484","V4282","00000",0,0,0,0,0
"Z9489","V4289","10000",1,0,0,0,0
"Z949","V429","10000",1,0,0,0,0
"Z950","V4501","00000",0,0,0,0,0
"Z951","V4581","00000",0,0,0,0,0
"Z952","V433","10000",1,0,0,0,0
"Z953","V422","10000",1,0,0,0,0
"Z954","V422","10000",1,0,0,0,0
"Z955","V4582","10000",1,0,0,0,0
"Z95810","V4502","00000",0,0,0,0,0
"Z95811","V4321","00000",0,0,0,0,0
"Z95812","V4322","00000",0,0,0,0,0
"Z95818","V4509","10000",1,0,0,0,0
"Z95820","V434","10000",1,0,0,0,0
"Z95828","V434","10000",1,0,0,0,0
"Z959","V4500","10000",1,0,0,0,0
"Z960","V435","10000",1,0,0,0,0
"Z961","V431","00000",0,0,0,0,0
"Z9620","V4389","10000",1,0,0,0,0
"Z9621","V4389","10000",1,0,0,0,0
"Z9622","V4389","10000",1,0,0,0,0
"Z9629","V4389","10000",1,0,0,0,0
"Z963","V4381","00000",0,0,0,0,0
"Z9641","V4585","00000",0,0,0,0,0
"Z9649","V4389","10000",1,0,0,0,0
"Z965","V4389","10000",1,0,0,0,0
"Z9660","V4360","00000",0,0,0,0,0
"Z96611","V4361","10000",1,0,0,0,0
"Z96612","V4361","10000",1,0,0,0,0
"Z96619","V4361","10000",1,0,0,0,0
"Z96621","V4362","10000",1,0,0,0,0
"Z96622","V4362","10000",1,0,0,0,0
"Z96629","V4362","10000",1,0,0,0,0
"Z96631","V4363","10000",1,0,0,0,0
"Z96632","V4363","10000",1,0,0,0,0
"Z96639","V4363","10000",1,0,0,0,0
"Z96641","V4364","10000",1,0,0,0,0
"Z96642","V4364","10000",1,0,0,0,0
"Z96643","V4364","10000",1,0,0,0,0
"Z96649","V4364","10000",1,0,0,0,0
"Z96651","V4365","10000",1,0,0,0,0
"Z96652","V4365","10000",1,0,0,0,0
"Z96653","V4365","10000",1,0,0,0,0
"Z96659","V4365","10000",1,0,0,0,0
"Z96661","V4366","10000",1,0,0,0,0
"Z96662","V4366","10000",1,0,0,0,0
"Z96669","V4366","10000",1,0,0,0,0
"Z96691","V4369","10000",1,0,0,0,0
"Z96692","V4369","10000",1,0,0,0,0
"Z96693","V4369","10000",1,0,0,0,0
"Z96698","V4369","10000",1,0,0,0,0
"Z967","V4369","10000",1,0,0,0,0
"Z9681","V4383","00000",0,0,0,0,0
"Z9689","V4389","10000",1,0,0,0,0
"Z969","V4389","10000",1,0,0,0,0
"Z970","V430","00000",0,0,0,0,0
"Z9710","V437","10000",1,0,0,0,0
"Z9711","V437","10000",1,0,0,0,0
"Z9712","V437","10000",1,0,0,0,0
"Z9713","V437","10000",1,0,0,0,0
"Z9714","V437","10000",1,0,0,0,0
"Z9715","V437","10000",1,0,0,0,0
"Z9716","V437","10000",1,0,0,0,0
"Z972","V4584","10000",1,0,0,0,0
"Z973","V410","10000",1,0,0,0,0
"Z974","V412","10000",1,0,0,0,0
"Z975","V4551","10000",1,0,0,0,0
"Z975","V4559","10000",1,0,0,0,0
"Z978","V4589","10000",1,0,0,0,0
"Z980","V453","00000",0,0,0,0,0
"Z981","V454","10000",1,0,0,0,0
"Z982","V452","00000",0,0,0,0,0
"Z983","V4589","10000",1,0,0,0,0
"Z9841","V4561","10000",1,0,0,0,0
"Z9842","V4561","10000",1,0,0,0,0
"Z9849","V4561","10000",1,0,0,0,0
"Z9851","V2651","00000",0,0,0,0,0
"Z9852","V2652","00000",0,0,0,0,0
"Z9861","V4582","10000",1,0,0,0,0
"Z9862","V4589","10000",1,0,0,0,0
"Z98810","V4982","00000",0,0,0,0,0
"Z98811","V4584","10000",1,0,0,0,0
"Z98818","V4584","10000",1,0,0,0,0
"Z9882","V4382","10000",1,0,0,0,0
"Z9883","V4569","10000",1,0,0,0,0
"Z9884","V4586","00000",0,0,0,0,0
"Z9885","V4587","00000",0,0,0,0,0
"Z9886","V4583","00000",0,0,0,0,0
"Z98870","V1521","00000",0,0,0,0,0
"Z98871","V1522","00000",0,0,0,0,0
"Z9889","V4589","10000",1,0,0,0,0
"Z990","V460","00000",0,0,0,0,0
"Z9911","V4611","10000",1,0,0,0,0
"Z9912","V4612","00000",0,0,0,0,0
"Z992","V4511","00000",0,0,0,0,0
"Z993","V463","00000",0,0,0,0,0
"Z9981","V462","00000",0,0,0,0,0
"Z9989","V468","10000",1,0,0,0,0
"Z9989","V469","10000",1,0,0,0,0
